0 0.239357 0.128514 0.032129 0.080321
0 0.279518 0.128514 0.032129 0.080321
0 0.322088 0.128514 0.032129 0.080321
0 0.358233 0.128514 0.032129 0.080321
0 0.428916 0.128514 0.032129 0.080321
0 0.465060 0.128514 0.032129 0.080321
0 0.519679 0.128514 0.032129 0.080321
0 0.585542 0.128514 0.032129 0.080321
0 0.657028 0.128514 0.032129 0.080321
0 0.749398 0.128514 0.032129 0.080321
0 0.790361 0.128514 0.032129 0.080321
0 0.871486 0.198394 0.080321 0.032129
0 0.871486 0.239357 0.080321 0.032129
0 0.871486 0.281124 0.080321 0.032129
0 0.871486 0.365462 0.080321 0.032129
0 0.871486 0.409639 0.080321 0.032129
0 0.871486 0.444177 0.080321 0.032129
0 0.871486 0.473092 0.080321 0.032129
0 0.871486 0.523695 0.080321 0.032129
0 0.871486 0.567871 0.080321 0.032129
0 0.871486 0.600803 0.080321 0.032129
0 0.871486 0.637751 0.080321 0.032129
0 0.871486 0.675502 0.080321 0.032129
0 0.871486 0.724498 0.080321 0.032129
0 0.871486 0.764659 0.080321 0.032129
0 0.871486 0.807229 0.080321 0.032129
0 0.796787 0.871486 0.032129 0.080321
0 0.752610 0.871486 0.032129 0.080321
0 0.672289 0.871486 0.032129 0.080321
0 0.635341 0.871486 0.032129 0.080321
0 0.598394 0.871486 0.032129 0.080321
0 0.524498 0.871486 0.032129 0.080321
0 0.480321 0.871486 0.032129 0.080321
0 0.444177 0.871486 0.032129 0.080321
0 0.408835 0.871486 0.032129 0.080321
0 0.360643 0.871486 0.032129 0.080321
0 0.323695 0.871486 0.032129 0.080321
0 0.282731 0.871486 0.032129 0.080321
0 0.240161 0.871486 0.032129 0.080321
0 0.198394 0.871486 0.032129 0.080321
0 0.128514 0.805622 0.080321 0.032129
0 0.128514 0.763855 0.080321 0.032129
0 0.128514 0.713253 0.080321 0.032129
0 0.128514 0.671486 0.080321 0.032129
0 0.128514 0.632129 0.080321 0.032129
0 0.128514 0.595181 0.080321 0.032129
0 0.128514 0.554217 0.080321 0.032129
0 0.128514 0.518072 0.080321 0.032129
0 0.128514 0.477108 0.080321 0.032129
0 0.128514 0.442570 0.080321 0.032129
0 0.128514 0.408032 0.080321 0.032129
0 0.128514 0.371084 0.080321 0.032129
0 0.128514 0.332530 0.080321 0.032129
0 0.128514 0.289157 0.080321 0.032129
0 0.128514 0.238554 0.080321 0.032129
0 0.128514 0.197590 0.080321 0.032129
