0 0.204016 0.138153 0.032129 0.080321
0 0.245783 0.138153 0.032129 0.080321
0 0.428112 0.138153 0.032129 0.080321
0 0.463454 0.138153 0.032129 0.080321
0 0.519679 0.138153 0.032129 0.080321
0 0.550201 0.138153 0.032129 0.080321
0 0.614458 0.138153 0.032129 0.080321
0 0.699598 0.138153 0.032129 0.080321
0 0.738956 0.138153 0.032129 0.080321
0 0.777510 0.138153 0.032129 0.080321
0 0.861847 0.206426 0.080321 0.032129
0 0.861847 0.285944 0.080321 0.032129
0 0.861847 0.330120 0.080321 0.032129
0 0.861847 0.367871 0.080321 0.032129
0 0.861847 0.412851 0.080321 0.032129
0 0.861847 0.444980 0.080321 0.032129
0 0.861847 0.473092 0.080321 0.032129
0 0.861847 0.524498 0.080321 0.032129
0 0.861847 0.570281 0.080321 0.032129
0 0.861847 0.602410 0.080321 0.032129
0 0.861847 0.637751 0.080321 0.032129
0 0.861847 0.673092 0.080321 0.032129
0 0.861847 0.722892 0.080321 0.032129
0 0.861847 0.761446 0.080321 0.032129
0 0.861847 0.802410 0.080321 0.032129
0 0.786345 0.861847 0.032129 0.080321
0 0.742169 0.861847 0.032129 0.080321
0 0.702811 0.861847 0.032129 0.080321
0 0.666667 0.861847 0.032129 0.080321
0 0.595984 0.861847 0.032129 0.080321
0 0.563052 0.861847 0.032129 0.080321
0 0.522892 0.861847 0.032129 0.080321
0 0.480321 0.861847 0.032129 0.080321
0 0.443373 0.861847 0.032129 0.080321
0 0.411245 0.861847 0.032129 0.080321
0 0.361446 0.861847 0.032129 0.080321
0 0.326104 0.861847 0.032129 0.080321
0 0.285944 0.861847 0.032129 0.080321
0 0.243373 0.861847 0.032129 0.080321
0 0.205622 0.861847 0.032129 0.080321
0 0.138153 0.798394 0.080321 0.032129
0 0.138153 0.759036 0.080321 0.032129
0 0.138153 0.707631 0.080321 0.032129
0 0.138153 0.667470 0.080321 0.032129
0 0.138153 0.629719 0.080321 0.032129
0 0.138153 0.594378 0.080321 0.032129
0 0.138153 0.552610 0.080321 0.032129
0 0.138153 0.517269 0.080321 0.032129
0 0.138153 0.477108 0.080321 0.032129
0 0.138153 0.443373 0.080321 0.032129
0 0.138153 0.409639 0.080321 0.032129
0 0.138153 0.374297 0.080321 0.032129
0 0.138153 0.336546 0.080321 0.032129
0 0.138153 0.293976 0.080321 0.032129
0 0.138153 0.244177 0.080321 0.032129
0 0.138153 0.205622 0.080321 0.032129
