0 0.206426 0.142972 0.032129 0.080321
0 0.284337 0.142972 0.032129 0.080321
0 0.323695 0.142972 0.032129 0.080321
0 0.359036 0.142972 0.032129 0.080321
0 0.392771 0.142972 0.032129 0.080321
0 0.427309 0.142972 0.032129 0.080321
0 0.462651 0.142972 0.032129 0.080321
0 0.548594 0.142972 0.032129 0.080321
0 0.611245 0.142972 0.032129 0.080321
0 0.644980 0.142972 0.032129 0.080321
0 0.695582 0.142972 0.032129 0.080321
0 0.771084 0.142972 0.032129 0.080321
0 0.857028 0.248193 0.080321 0.032129
0 0.857028 0.287550 0.080321 0.032129
0 0.857028 0.332530 0.080321 0.032129
0 0.857028 0.368675 0.080321 0.032129
0 0.857028 0.414458 0.080321 0.032129
0 0.857028 0.445783 0.080321 0.032129
0 0.857028 0.472289 0.080321 0.032129
0 0.857028 0.526104 0.080321 0.032129
0 0.857028 0.571888 0.080321 0.032129
0 0.857028 0.602410 0.080321 0.032129
0 0.857028 0.636948 0.080321 0.032129
0 0.857028 0.672289 0.080321 0.032129
0 0.857028 0.722088 0.080321 0.032129
0 0.857028 0.759839 0.080321 0.032129
0 0.857028 0.800803 0.080321 0.032129
0 0.780723 0.857028 0.032129 0.080321
0 0.737349 0.857028 0.032129 0.080321
0 0.698795 0.857028 0.032129 0.080321
0 0.662651 0.857028 0.032129 0.080321
0 0.630522 0.857028 0.032129 0.080321
0 0.522892 0.857028 0.032129 0.080321
0 0.479518 0.857028 0.032129 0.080321
0 0.444177 0.857028 0.032129 0.080321
0 0.412048 0.857028 0.032129 0.080321
0 0.361446 0.857028 0.032129 0.080321
0 0.326104 0.857028 0.032129 0.080321
0 0.287550 0.857028 0.032129 0.080321
0 0.244980 0.857028 0.032129 0.080321
0 0.208835 0.857028 0.032129 0.080321
0 0.142972 0.795181 0.080321 0.032129
0 0.142972 0.757430 0.080321 0.032129
0 0.142972 0.704418 0.080321 0.032129
0 0.142972 0.628112 0.080321 0.032129
0 0.142972 0.593574 0.080321 0.032129
0 0.142972 0.551807 0.080321 0.032129
0 0.142972 0.517269 0.080321 0.032129
0 0.142972 0.477108 0.080321 0.032129
0 0.142972 0.444980 0.080321 0.032129
0 0.142972 0.411245 0.080321 0.032129
0 0.142972 0.376707 0.080321 0.032129
0 0.142972 0.338153 0.080321 0.032129
0 0.142972 0.296386 0.080321 0.032129
0 0.142972 0.247390 0.080321 0.032129
0 0.142972 0.208835 0.080321 0.032129
