0 0.209639 0.147791 0.032129 0.080321
0 0.248996 0.147791 0.032129 0.080321
0 0.285141 0.147791 0.032129 0.080321
0 0.391968 0.147791 0.032129 0.080321
0 0.427309 0.147791 0.032129 0.080321
0 0.462651 0.147791 0.032129 0.080321
0 0.547791 0.147791 0.032129 0.080321
0 0.577510 0.147791 0.032129 0.080321
0 0.609639 0.147791 0.032129 0.080321
0 0.730120 0.147791 0.032129 0.080321
0 0.766265 0.147791 0.032129 0.080321
0 0.852209 0.214458 0.080321 0.032129
0 0.852209 0.252209 0.080321 0.032129
0 0.852209 0.289960 0.080321 0.032129
0 0.852209 0.370281 0.080321 0.032129
0 0.852209 0.416064 0.080321 0.032129
0 0.852209 0.446586 0.080321 0.032129
0 0.852209 0.472289 0.080321 0.032129
0 0.852209 0.526908 0.080321 0.032129
0 0.852209 0.572691 0.080321 0.032129
0 0.852209 0.603213 0.080321 0.032129
0 0.852209 0.636145 0.080321 0.032129
0 0.852209 0.670683 0.080321 0.032129
0 0.852209 0.721285 0.080321 0.032129
0 0.852209 0.759036 0.080321 0.032129
0 0.852209 0.798394 0.080321 0.032129
0 0.774297 0.852209 0.032129 0.080321
0 0.733333 0.852209 0.032129 0.080321
0 0.660241 0.852209 0.032129 0.080321
0 0.628112 0.852209 0.032129 0.080321
0 0.594378 0.852209 0.032129 0.080321
0 0.563855 0.852209 0.032129 0.080321
0 0.517269 0.852209 0.032129 0.080321
0 0.444177 0.852209 0.032129 0.080321
0 0.361446 0.852209 0.032129 0.080321
0 0.326908 0.852209 0.032129 0.080321
0 0.288353 0.852209 0.032129 0.080321
0 0.247390 0.852209 0.032129 0.080321
0 0.212048 0.852209 0.032129 0.080321
0 0.147791 0.791968 0.080321 0.032129
0 0.147791 0.755020 0.080321 0.032129
0 0.147791 0.701205 0.080321 0.032129
0 0.147791 0.664257 0.080321 0.032129
0 0.147791 0.626506 0.080321 0.032129
0 0.147791 0.592771 0.080321 0.032129
0 0.147791 0.551004 0.080321 0.032129
0 0.147791 0.515663 0.080321 0.032129
0 0.147791 0.477108 0.080321 0.032129
0 0.147791 0.444980 0.080321 0.032129
0 0.147791 0.412851 0.080321 0.032129
0 0.147791 0.378313 0.080321 0.032129
0 0.147791 0.340562 0.080321 0.032129
0 0.147791 0.298795 0.080321 0.032129
0 0.147791 0.250602 0.080321 0.032129
0 0.147791 0.212851 0.080321 0.032129
