0 0.359036 0.157430 0.032129 0.080321
0 0.389558 0.157430 0.032129 0.080321
0 0.435341 0.157430 0.032129 0.080321
0 0.546185 0.157430 0.032129 0.080321
0 0.573494 0.157430 0.032129 0.080321
0 0.604016 0.157430 0.032129 0.080321
0 0.720482 0.157430 0.032129 0.080321
0 0.842570 0.221687 0.080321 0.032129
0 0.842570 0.257028 0.080321 0.032129
0 0.842570 0.293976 0.080321 0.032129
0 0.842570 0.338153 0.080321 0.032129
0 0.842570 0.371888 0.080321 0.032129
0 0.842570 0.419277 0.080321 0.032129
0 0.842570 0.448193 0.080321 0.032129
0 0.842570 0.473092 0.080321 0.032129
0 0.842570 0.528514 0.080321 0.032129
0 0.842570 0.574297 0.080321 0.032129
0 0.842570 0.604016 0.080321 0.032129
0 0.842570 0.636145 0.080321 0.032129
0 0.842570 0.669076 0.080321 0.032129
0 0.842570 0.720482 0.080321 0.032129
0 0.842570 0.755823 0.080321 0.032129
0 0.763855 0.842570 0.032129 0.080321
0 0.723695 0.842570 0.032129 0.080321
0 0.688353 0.842570 0.032129 0.080321
0 0.655422 0.842570 0.032129 0.080321
0 0.625703 0.842570 0.032129 0.080321
0 0.592771 0.842570 0.032129 0.080321
0 0.522088 0.842570 0.032129 0.080321
0 0.479518 0.842570 0.032129 0.080321
0 0.444980 0.842570 0.032129 0.080321
0 0.361446 0.842570 0.032129 0.080321
0 0.330120 0.842570 0.032129 0.080321
0 0.291566 0.842570 0.032129 0.080321
0 0.250602 0.842570 0.032129 0.080321
0 0.157430 0.786345 0.080321 0.032129
0 0.157430 0.751004 0.080321 0.032129
0 0.157430 0.695582 0.080321 0.032129
0 0.157430 0.660241 0.080321 0.032129
0 0.157430 0.624096 0.080321 0.032129
0 0.157430 0.591968 0.080321 0.032129
0 0.157430 0.549398 0.080321 0.032129
0 0.157430 0.514859 0.080321 0.032129
0 0.157430 0.477108 0.080321 0.032129
0 0.157430 0.445783 0.080321 0.032129
0 0.157430 0.382329 0.080321 0.032129
0 0.157430 0.343775 0.080321 0.032129
0 0.157430 0.303614 0.080321 0.032129
0 0.157430 0.255422 0.080321 0.032129
0 0.157430 0.220080 0.080321 0.032129
