0 0.212851 0.152610 0.032129 0.080321
0 0.251406 0.152610 0.032129 0.080321
0 0.359036 0.152610 0.032129 0.080321
0 0.518876 0.152610 0.032129 0.080321
0 0.546988 0.152610 0.032129 0.080321
0 0.575904 0.152610 0.032129 0.080321
0 0.638554 0.152610 0.032129 0.080321
0 0.724498 0.152610 0.032129 0.080321
0 0.759036 0.152610 0.032129 0.080321
0 0.847390 0.217671 0.080321 0.032129
0 0.847390 0.292369 0.080321 0.032129
0 0.847390 0.336546 0.080321 0.032129
0 0.847390 0.371084 0.080321 0.032129
0 0.847390 0.417671 0.080321 0.032129
0 0.847390 0.447390 0.080321 0.032129
0 0.847390 0.473092 0.080321 0.032129
0 0.847390 0.527711 0.080321 0.032129
0 0.847390 0.604016 0.080321 0.032129
0 0.847390 0.636145 0.080321 0.032129
0 0.847390 0.669880 0.080321 0.032129
0 0.847390 0.720482 0.080321 0.032129
0 0.847390 0.757430 0.080321 0.032129
0 0.847390 0.795984 0.080321 0.032129
0 0.769478 0.847390 0.032129 0.080321
0 0.727711 0.847390 0.032129 0.080321
0 0.691566 0.847390 0.032129 0.080321
0 0.658635 0.847390 0.032129 0.080321
0 0.626506 0.847390 0.032129 0.080321
0 0.594378 0.847390 0.032129 0.080321
0 0.517269 0.847390 0.032129 0.080321
0 0.479518 0.847390 0.032129 0.080321
0 0.413655 0.847390 0.032129 0.080321
0 0.360643 0.847390 0.032129 0.080321
0 0.289960 0.847390 0.032129 0.080321
0 0.248996 0.847390 0.032129 0.080321
0 0.216064 0.847390 0.032129 0.080321
0 0.152610 0.789558 0.080321 0.032129
0 0.152610 0.753414 0.080321 0.032129
0 0.152610 0.661847 0.080321 0.032129
0 0.152610 0.625703 0.080321 0.032129
0 0.152610 0.550201 0.080321 0.032129
0 0.152610 0.515663 0.080321 0.032129
0 0.152610 0.477108 0.080321 0.032129
0 0.152610 0.445783 0.080321 0.032129
0 0.152610 0.413655 0.080321 0.032129
0 0.152610 0.380723 0.080321 0.032129
0 0.152610 0.342169 0.080321 0.032129
0 0.152610 0.301205 0.080321 0.032129
0 0.152610 0.253012 0.080321 0.032129
0 0.152610 0.216064 0.080321 0.032129
