0 0.241767 0.133333 0.032129 0.080321
0 0.281124 0.133333 0.032129 0.080321
0 0.322088 0.133333 0.032129 0.080321
0 0.359036 0.133333 0.032129 0.080321
0 0.393574 0.133333 0.032129 0.080321
0 0.436145 0.133333 0.032129 0.080321
0 0.464257 0.133333 0.032129 0.080321
0 0.519679 0.133333 0.032129 0.080321
0 0.617671 0.133333 0.032129 0.080321
0 0.744578 0.133333 0.032129 0.080321
0 0.784739 0.133333 0.032129 0.080321
0 0.866667 0.201606 0.080321 0.032129
0 0.866667 0.242570 0.080321 0.032129
0 0.866667 0.283534 0.080321 0.032129
0 0.866667 0.328514 0.080321 0.032129
0 0.866667 0.366265 0.080321 0.032129
0 0.866667 0.411245 0.080321 0.032129
0 0.866667 0.444980 0.080321 0.032129
0 0.866667 0.472289 0.080321 0.032129
0 0.866667 0.524498 0.080321 0.032129
0 0.866667 0.569478 0.080321 0.032129
0 0.866667 0.601606 0.080321 0.032129
0 0.866667 0.637751 0.080321 0.032129
0 0.866667 0.673896 0.080321 0.032129
0 0.866667 0.723695 0.080321 0.032129
0 0.866667 0.763052 0.080321 0.032129
0 0.866667 0.804819 0.080321 0.032129
0 0.746988 0.866667 0.032129 0.080321
0 0.706827 0.866667 0.032129 0.080321
0 0.668273 0.866667 0.032129 0.080321
0 0.632129 0.866667 0.032129 0.080321
0 0.563052 0.866667 0.032129 0.080321
0 0.523695 0.866667 0.032129 0.080321
0 0.478715 0.866667 0.032129 0.080321
0 0.444980 0.866667 0.032129 0.080321
0 0.410442 0.866667 0.032129 0.080321
0 0.361446 0.866667 0.032129 0.080321
0 0.325301 0.866667 0.032129 0.080321
0 0.283534 0.866667 0.032129 0.080321
0 0.240964 0.866667 0.032129 0.080321
0 0.202410 0.866667 0.032129 0.080321
0 0.133333 0.801606 0.080321 0.032129
0 0.133333 0.761446 0.080321 0.032129
0 0.133333 0.710040 0.080321 0.032129
0 0.133333 0.669880 0.080321 0.032129
0 0.133333 0.630522 0.080321 0.032129
0 0.133333 0.594378 0.080321 0.032129
0 0.133333 0.554217 0.080321 0.032129
0 0.133333 0.518072 0.080321 0.032129
0 0.133333 0.476305 0.080321 0.032129
0 0.133333 0.443373 0.080321 0.032129
0 0.133333 0.408835 0.080321 0.032129
0 0.133333 0.372691 0.080321 0.032129
0 0.133333 0.334137 0.080321 0.032129
0 0.133333 0.290763 0.080321 0.032129
0 0.133333 0.241767 0.080321 0.032129
0 0.133333 0.200803 0.080321 0.032129
