0 0.203984 0.139442 0.031873 0.079681
0 0.244622 0.139442 0.031873 0.079681
0 0.283665 0.139442 0.031873 0.079681
0 0.322709 0.139442 0.031873 0.079681
0 0.359363 0.139442 0.031873 0.079681
0 0.393625 0.139442 0.031873 0.079681
0 0.428685 0.139442 0.031873 0.079681
0 0.463745 0.139442 0.031873 0.079681
0 0.518725 0.139442 0.031873 0.079681
0 0.549004 0.139442 0.031873 0.079681
0 0.582470 0.139442 0.031873 0.079681
0 0.615139 0.139442 0.031873 0.079681
0 0.649402 0.139442 0.031873 0.079681
0 0.698805 0.139442 0.031873 0.079681
0 0.738645 0.139442 0.031873 0.079681
0 0.778486 0.139442 0.031873 0.079681
0 0.860558 0.207171 0.079681 0.031873
0 0.860558 0.247012 0.079681 0.031873
0 0.860558 0.286056 0.079681 0.031873
0 0.860558 0.331474 0.079681 0.031873
0 0.860558 0.367331 0.079681 0.031873
0 0.860558 0.411952 0.079681 0.031873
0 0.860558 0.445418 0.079681 0.031873
0 0.860558 0.472510 0.079681 0.031873
0 0.860558 0.524303 0.079681 0.031873
0 0.860558 0.568924 0.079681 0.031873
0 0.860558 0.600797 0.079681 0.031873
0 0.860558 0.672510 0.079681 0.031873
0 0.860558 0.721912 0.079681 0.031873
0 0.860558 0.759363 0.079681 0.031873
0 0.860558 0.800797 0.079681 0.031873
0 0.785657 0.860558 0.031873 0.079681
0 0.742629 0.860558 0.031873 0.079681
0 0.702789 0.860558 0.031873 0.079681
0 0.666135 0.860558 0.031873 0.079681
0 0.631076 0.860558 0.031873 0.079681
0 0.597610 0.860558 0.031873 0.079681
0 0.563347 0.860558 0.031873 0.079681
0 0.523506 0.860558 0.031873 0.079681
0 0.480478 0.860558 0.031873 0.079681
0 0.445418 0.860558 0.031873 0.079681
0 0.411952 0.860558 0.031873 0.079681
0 0.364143 0.860558 0.031873 0.079681
0 0.326693 0.860558 0.031873 0.079681
0 0.286853 0.860558 0.031873 0.079681
0 0.246215 0.860558 0.031873 0.079681
0 0.207171 0.860558 0.031873 0.079681
0 0.139442 0.798406 0.079681 0.031873
0 0.139442 0.758566 0.079681 0.031873
0 0.139442 0.707570 0.079681 0.031873
0 0.139442 0.666932 0.079681 0.031873
0 0.139442 0.629482 0.079681 0.031873
0 0.139442 0.594422 0.079681 0.031873
0 0.139442 0.552988 0.079681 0.031873
0 0.139442 0.517131 0.079681 0.031873
0 0.139442 0.478884 0.079681 0.031873
0 0.139442 0.444622 0.079681 0.031873
0 0.139442 0.411155 0.079681 0.031873
0 0.139442 0.376096 0.079681 0.031873
0 0.139442 0.338645 0.079681 0.031873
0 0.139442 0.294821 0.079681 0.031873
0 0.139442 0.246215 0.079681 0.031873
0 0.139442 0.206375 0.079681 0.031873
