0 0.207171 0.144223 0.031873 0.079681
0 0.247012 0.144223 0.031873 0.079681
0 0.285259 0.144223 0.031873 0.079681
0 0.324303 0.144223 0.031873 0.079681
0 0.359363 0.144223 0.031873 0.079681
0 0.393625 0.144223 0.031873 0.079681
0 0.427888 0.144223 0.031873 0.079681
0 0.462948 0.144223 0.031873 0.079681
0 0.518725 0.144223 0.031873 0.079681
0 0.548207 0.144223 0.031873 0.079681
0 0.580080 0.144223 0.031873 0.079681
0 0.612749 0.144223 0.031873 0.079681
0 0.645418 0.144223 0.031873 0.079681
0 0.694821 0.144223 0.031873 0.079681
0 0.733865 0.144223 0.031873 0.079681
0 0.772112 0.144223 0.031873 0.079681
0 0.855777 0.211155 0.079681 0.031873
0 0.855777 0.250199 0.079681 0.031873
0 0.855777 0.288446 0.079681 0.031873
0 0.855777 0.333068 0.079681 0.031873
0 0.855777 0.368127 0.079681 0.031873
0 0.855777 0.413546 0.079681 0.031873
0 0.855777 0.445418 0.079681 0.031873
0 0.855777 0.471713 0.079681 0.031873
0 0.855777 0.525100 0.079681 0.031873
0 0.855777 0.570518 0.079681 0.031873
0 0.855777 0.600797 0.079681 0.031873
0 0.855777 0.635857 0.079681 0.031873
0 0.855777 0.670916 0.079681 0.031873
0 0.855777 0.721116 0.079681 0.031873
0 0.855777 0.758566 0.079681 0.031873
0 0.855777 0.798406 0.079681 0.031873
0 0.779283 0.855777 0.031873 0.079681
0 0.738645 0.855777 0.031873 0.079681
0 0.699602 0.855777 0.031873 0.079681
0 0.663745 0.855777 0.031873 0.079681
0 0.630279 0.855777 0.031873 0.079681
0 0.596813 0.855777 0.031873 0.079681
0 0.564143 0.855777 0.031873 0.079681
0 0.523506 0.855777 0.031873 0.079681
0 0.480478 0.855777 0.031873 0.079681
0 0.445418 0.855777 0.031873 0.079681
0 0.412749 0.855777 0.031873 0.079681
0 0.364143 0.855777 0.031873 0.079681
0 0.326693 0.855777 0.031873 0.079681
0 0.288446 0.855777 0.031873 0.079681
0 0.247809 0.855777 0.031873 0.079681
0 0.210359 0.855777 0.031873 0.079681
0 0.144223 0.794422 0.079681 0.031873
0 0.144223 0.705179 0.079681 0.031873
0 0.144223 0.665339 0.079681 0.031873
0 0.144223 0.627888 0.079681 0.031873
0 0.144223 0.594422 0.079681 0.031873
0 0.144223 0.552191 0.079681 0.031873
0 0.144223 0.516335 0.079681 0.031873
0 0.144223 0.478884 0.079681 0.031873
0 0.144223 0.445418 0.079681 0.031873
0 0.144223 0.411952 0.079681 0.031873
0 0.144223 0.377689 0.079681 0.031873
0 0.144223 0.341036 0.079681 0.031873
0 0.144223 0.298008 0.079681 0.031873
0 0.144223 0.248606 0.079681 0.031873
0 0.144223 0.209562 0.079681 0.031873
