0 0.197610 0.129880 0.031873 0.079681
0 0.239841 0.129880 0.031873 0.079681
0 0.279681 0.129880 0.031873 0.079681
0 0.321116 0.129880 0.031873 0.079681
0 0.358566 0.129880 0.031873 0.079681
0 0.395219 0.129880 0.031873 0.079681
0 0.428685 0.129880 0.031873 0.079681
0 0.464542 0.129880 0.031873 0.079681
0 0.519522 0.129880 0.031873 0.079681
0 0.551394 0.129880 0.031873 0.079681
0 0.585657 0.129880 0.031873 0.079681
0 0.620717 0.129880 0.031873 0.079681
0 0.657371 0.129880 0.031873 0.079681
0 0.706773 0.129880 0.031873 0.079681
0 0.748207 0.129880 0.031873 0.079681
0 0.870120 0.198406 0.079681 0.031873
0 0.870120 0.241434 0.079681 0.031873
0 0.870120 0.282072 0.079681 0.031873
0 0.870120 0.326693 0.079681 0.031873
0 0.870120 0.364940 0.079681 0.031873
0 0.870120 0.409562 0.079681 0.031873
0 0.870120 0.443028 0.079681 0.031873
0 0.870120 0.472510 0.079681 0.031873
0 0.870120 0.522709 0.079681 0.031873
0 0.870120 0.600000 0.079681 0.031873
0 0.870120 0.636653 0.079681 0.031873
0 0.870120 0.674104 0.079681 0.031873
0 0.870120 0.723506 0.079681 0.031873
0 0.870120 0.762550 0.079681 0.031873
0 0.796813 0.870120 0.031873 0.079681
0 0.752191 0.870120 0.031873 0.079681
0 0.709960 0.870120 0.031873 0.079681
0 0.670916 0.870120 0.031873 0.079681
0 0.634263 0.870120 0.031873 0.079681
0 0.598406 0.870120 0.031873 0.079681
0 0.563347 0.870120 0.031873 0.079681
0 0.525100 0.870120 0.031873 0.079681
0 0.479681 0.870120 0.031873 0.079681
0 0.444622 0.870120 0.031873 0.079681
0 0.410359 0.870120 0.031873 0.079681
0 0.363347 0.870120 0.031873 0.079681
0 0.324303 0.870120 0.031873 0.079681
0 0.283665 0.870120 0.031873 0.079681
0 0.242231 0.870120 0.031873 0.079681
0 0.200797 0.870120 0.031873 0.079681
0 0.129880 0.804781 0.079681 0.031873
0 0.129880 0.763347 0.079681 0.031873
0 0.129880 0.712351 0.079681 0.031873
0 0.129880 0.670916 0.079681 0.031873
0 0.129880 0.631873 0.079681 0.031873
0 0.129880 0.595219 0.079681 0.031873
0 0.129880 0.554582 0.079681 0.031873
0 0.129880 0.518725 0.079681 0.031873
0 0.129880 0.478088 0.079681 0.031873
0 0.129880 0.443825 0.079681 0.031873
0 0.129880 0.408765 0.079681 0.031873
0 0.129880 0.371315 0.079681 0.031873
0 0.129880 0.334661 0.079681 0.031873
0 0.129880 0.290040 0.079681 0.031873
0 0.129880 0.240637 0.079681 0.031873
0 0.129880 0.198406 0.079681 0.031873
