0 0.210359 0.149004 0.031873 0.079681
0 0.249402 0.149004 0.031873 0.079681
0 0.287649 0.149004 0.031873 0.079681
0 0.324303 0.149004 0.031873 0.079681
0 0.359363 0.149004 0.031873 0.079681
0 0.392829 0.149004 0.031873 0.079681
0 0.427888 0.149004 0.031873 0.079681
0 0.462151 0.149004 0.031873 0.079681
0 0.518725 0.149004 0.031873 0.079681
0 0.547410 0.149004 0.031873 0.079681
0 0.578486 0.149004 0.031873 0.079681
0 0.609562 0.149004 0.031873 0.079681
0 0.643028 0.149004 0.031873 0.079681
0 0.691633 0.149004 0.031873 0.079681
0 0.729084 0.149004 0.031873 0.079681
0 0.766534 0.149004 0.031873 0.079681
0 0.850996 0.215139 0.079681 0.031873
0 0.850996 0.253386 0.079681 0.031873
0 0.850996 0.290837 0.079681 0.031873
0 0.850996 0.334661 0.079681 0.031873
0 0.850996 0.369721 0.079681 0.031873
0 0.850996 0.414343 0.079681 0.031873
0 0.850996 0.446215 0.079681 0.031873
0 0.850996 0.471713 0.079681 0.031873
0 0.850996 0.525896 0.079681 0.031873
0 0.850996 0.571315 0.079681 0.031873
0 0.850996 0.600797 0.079681 0.031873
0 0.850996 0.635857 0.079681 0.031873
0 0.850996 0.670120 0.079681 0.031873
0 0.850996 0.720319 0.079681 0.031873
0 0.850996 0.756972 0.079681 0.031873
0 0.850996 0.796016 0.079681 0.031873
0 0.774502 0.850996 0.031873 0.079681
0 0.733865 0.850996 0.031873 0.079681
0 0.695618 0.850996 0.031873 0.079681
0 0.661355 0.850996 0.031873 0.079681
0 0.628685 0.850996 0.031873 0.079681
0 0.596016 0.850996 0.031873 0.079681
0 0.564143 0.850996 0.031873 0.079681
0 0.523506 0.850996 0.031873 0.079681
0 0.480478 0.850996 0.031873 0.079681
0 0.445418 0.850996 0.031873 0.079681
0 0.414343 0.850996 0.031873 0.079681
0 0.364940 0.850996 0.031873 0.079681
0 0.327490 0.850996 0.031873 0.079681
0 0.290040 0.850996 0.031873 0.079681
0 0.250199 0.850996 0.031873 0.079681
0 0.213546 0.850996 0.031873 0.079681
0 0.149004 0.792032 0.079681 0.031873
0 0.149004 0.754582 0.079681 0.031873
0 0.149004 0.701992 0.079681 0.031873
0 0.149004 0.627092 0.079681 0.031873
0 0.149004 0.593625 0.079681 0.031873
0 0.149004 0.551394 0.079681 0.031873
0 0.149004 0.513147 0.079681 0.031873
0 0.149004 0.474900 0.079681 0.031873
0 0.149004 0.445418 0.079681 0.031873
0 0.149004 0.412749 0.079681 0.031873
0 0.149004 0.379283 0.079681 0.031873
0 0.149004 0.337849 0.079681 0.031873
0 0.149004 0.294821 0.079681 0.031873
0 0.149004 0.251793 0.079681 0.031873
0 0.149004 0.213546 0.079681 0.031873
