0 0.213546 0.153785 0.031873 0.079681
0 0.251793 0.153785 0.031873 0.079681
0 0.289243 0.153785 0.031873 0.079681
0 0.325100 0.153785 0.031873 0.079681
0 0.359363 0.153785 0.031873 0.079681
0 0.392032 0.153785 0.031873 0.079681
0 0.427888 0.153785 0.031873 0.079681
0 0.462151 0.153785 0.031873 0.079681
0 0.546614 0.153785 0.031873 0.079681
0 0.576892 0.153785 0.031873 0.079681
0 0.607968 0.153785 0.031873 0.079681
0 0.639044 0.153785 0.031873 0.079681
0 0.688446 0.153785 0.031873 0.079681
0 0.725100 0.153785 0.031873 0.079681
0 0.846215 0.218327 0.079681 0.031873
0 0.846215 0.256574 0.079681 0.031873
0 0.846215 0.292430 0.079681 0.031873
0 0.846215 0.336255 0.079681 0.031873
0 0.846215 0.370518 0.079681 0.031873
0 0.846215 0.415936 0.079681 0.031873
0 0.846215 0.446215 0.079681 0.031873
0 0.846215 0.471713 0.079681 0.031873
0 0.846215 0.526693 0.079681 0.031873
0 0.846215 0.572112 0.079681 0.031873
0 0.846215 0.601594 0.079681 0.031873
0 0.846215 0.635060 0.079681 0.031873
0 0.846215 0.668526 0.079681 0.031873
0 0.846215 0.719522 0.079681 0.031873
0 0.846215 0.755378 0.079681 0.031873
0 0.846215 0.794422 0.079681 0.031873
0 0.768924 0.846215 0.031873 0.079681
0 0.728287 0.846215 0.031873 0.079681
0 0.691633 0.846215 0.031873 0.079681
0 0.658964 0.846215 0.031873 0.079681
0 0.627092 0.846215 0.031873 0.079681
0 0.595219 0.846215 0.031873 0.079681
0 0.564143 0.846215 0.031873 0.079681
0 0.523506 0.846215 0.031873 0.079681
0 0.480478 0.846215 0.031873 0.079681
0 0.446215 0.846215 0.031873 0.079681
0 0.415139 0.846215 0.031873 0.079681
0 0.364940 0.846215 0.031873 0.079681
0 0.328287 0.846215 0.031873 0.079681
0 0.292430 0.846215 0.031873 0.079681
0 0.251793 0.846215 0.031873 0.079681
0 0.216733 0.846215 0.031873 0.079681
0 0.153785 0.788845 0.079681 0.031873
0 0.153785 0.752988 0.079681 0.031873
0 0.153785 0.698805 0.079681 0.031873
0 0.153785 0.661355 0.079681 0.031873
0 0.153785 0.626295 0.079681 0.031873
0 0.153785 0.593625 0.079681 0.031873
0 0.153785 0.550598 0.079681 0.031873
0 0.153785 0.515538 0.079681 0.031873
0 0.153785 0.478884 0.079681 0.031873
0 0.153785 0.446215 0.079681 0.031873
0 0.153785 0.414343 0.079681 0.031873
0 0.153785 0.380876 0.079681 0.031873
0 0.153785 0.345020 0.079681 0.031873
0 0.153785 0.301992 0.079681 0.031873
0 0.153785 0.254183 0.079681 0.031873
