0 0.254183 0.158566 0.031873 0.079681
0 0.290837 0.158566 0.031873 0.079681
0 0.326693 0.158566 0.031873 0.079681
0 0.359363 0.158566 0.031873 0.079681
0 0.427092 0.158566 0.031873 0.079681
0 0.461355 0.158566 0.031873 0.079681
0 0.518725 0.158566 0.031873 0.079681
0 0.575299 0.158566 0.031873 0.079681
0 0.604781 0.158566 0.031873 0.079681
0 0.635060 0.158566 0.031873 0.079681
0 0.685259 0.158566 0.031873 0.079681
0 0.721116 0.158566 0.031873 0.079681
0 0.755378 0.158566 0.031873 0.079681
0 0.841434 0.222311 0.079681 0.031873
0 0.841434 0.258167 0.079681 0.031873
0 0.841434 0.294024 0.079681 0.031873
0 0.841434 0.337849 0.079681 0.031873
0 0.841434 0.416733 0.079681 0.031873
0 0.841434 0.447012 0.079681 0.031873
0 0.841434 0.476494 0.079681 0.031873
0 0.841434 0.527490 0.079681 0.031873
0 0.841434 0.572908 0.079681 0.031873
0 0.841434 0.601594 0.079681 0.031873
0 0.841434 0.634263 0.079681 0.031873
0 0.841434 0.667729 0.079681 0.031873
0 0.841434 0.718725 0.079681 0.031873
0 0.841434 0.753785 0.079681 0.031873
0 0.841434 0.792032 0.079681 0.031873
0 0.763347 0.841434 0.031873 0.079681
0 0.724303 0.841434 0.031873 0.079681
0 0.688446 0.841434 0.031873 0.079681
0 0.656574 0.841434 0.031873 0.079681
0 0.626295 0.841434 0.031873 0.079681
0 0.595219 0.841434 0.031873 0.079681
0 0.564143 0.841434 0.031873 0.079681
0 0.522709 0.841434 0.031873 0.079681
0 0.480478 0.841434 0.031873 0.079681
0 0.447012 0.841434 0.031873 0.079681
0 0.415936 0.841434 0.031873 0.079681
0 0.365737 0.841434 0.031873 0.079681
0 0.329880 0.841434 0.031873 0.079681
0 0.294024 0.841434 0.031873 0.079681
0 0.254980 0.841434 0.031873 0.079681
0 0.219920 0.841434 0.031873 0.079681
0 0.158566 0.785657 0.079681 0.031873
0 0.158566 0.751394 0.079681 0.031873
0 0.158566 0.695618 0.079681 0.031873
0 0.158566 0.592032 0.079681 0.031873
0 0.158566 0.549004 0.079681 0.031873
0 0.158566 0.513944 0.079681 0.031873
0 0.158566 0.474900 0.079681 0.031873
0 0.158566 0.447012 0.079681 0.031873
0 0.158566 0.415139 0.079681 0.031873
0 0.158566 0.382470 0.079681 0.031873
0 0.158566 0.346614 0.079681 0.031873
0 0.158566 0.305179 0.079681 0.031873
0 0.158566 0.256574 0.079681 0.031873
0 0.158566 0.220717 0.079681 0.031873
