0 0.200797 0.134661 0.031873 0.079681
0 0.242231 0.134661 0.031873 0.079681
0 0.282072 0.134661 0.031873 0.079681
0 0.321912 0.134661 0.031873 0.079681
0 0.358566 0.134661 0.031873 0.079681
0 0.394422 0.134661 0.031873 0.079681
0 0.428685 0.134661 0.031873 0.079681
0 0.463745 0.134661 0.031873 0.079681
0 0.519522 0.134661 0.031873 0.079681
0 0.549801 0.134661 0.031873 0.079681
0 0.583267 0.134661 0.031873 0.079681
0 0.618327 0.134661 0.031873 0.079681
0 0.653386 0.134661 0.031873 0.079681
0 0.702789 0.134661 0.031873 0.079681
0 0.743426 0.134661 0.031873 0.079681
0 0.784064 0.134661 0.031873 0.079681
0 0.865339 0.243825 0.079681 0.031873
0 0.865339 0.284462 0.079681 0.031873
0 0.865339 0.329084 0.079681 0.031873
0 0.865339 0.366534 0.079681 0.031873
0 0.865339 0.410359 0.079681 0.031873
0 0.865339 0.443825 0.079681 0.031873
0 0.865339 0.471713 0.079681 0.031873
0 0.865339 0.523506 0.079681 0.031873
0 0.865339 0.568127 0.079681 0.031873
0 0.865339 0.600000 0.079681 0.031873
0 0.865339 0.636653 0.079681 0.031873
0 0.865339 0.673307 0.079681 0.031873
0 0.865339 0.722709 0.079681 0.031873
0 0.865339 0.761753 0.079681 0.031873
0 0.865339 0.802390 0.079681 0.031873
0 0.791235 0.865339 0.031873 0.079681
0 0.746614 0.865339 0.031873 0.079681
0 0.706773 0.865339 0.031873 0.079681
0 0.668526 0.865339 0.031873 0.079681
0 0.632669 0.865339 0.031873 0.079681
0 0.597610 0.865339 0.031873 0.079681
0 0.563347 0.865339 0.031873 0.079681
0 0.524303 0.865339 0.031873 0.079681
0 0.479681 0.865339 0.031873 0.079681
0 0.444622 0.865339 0.031873 0.079681
0 0.411155 0.865339 0.031873 0.079681
0 0.363347 0.865339 0.031873 0.079681
0 0.325100 0.865339 0.031873 0.079681
0 0.285259 0.865339 0.031873 0.079681
0 0.243825 0.865339 0.031873 0.079681
0 0.203984 0.865339 0.031873 0.079681
0 0.134661 0.801594 0.079681 0.031873
0 0.134661 0.760956 0.079681 0.031873
0 0.134661 0.710757 0.079681 0.031873
0 0.134661 0.668526 0.079681 0.031873
0 0.134661 0.631076 0.079681 0.031873
0 0.134661 0.594422 0.079681 0.031873
0 0.134661 0.554582 0.079681 0.031873
0 0.134661 0.517928 0.079681 0.031873
0 0.134661 0.478884 0.079681 0.031873
0 0.134661 0.444622 0.079681 0.031873
0 0.134661 0.409562 0.079681 0.031873
0 0.134661 0.373705 0.079681 0.031873
0 0.134661 0.336255 0.079681 0.031873
0 0.134661 0.292430 0.079681 0.031873
0 0.134661 0.243028 0.079681 0.031873
0 0.134661 0.202390 0.079681 0.031873
