0 0.206144 0.140663 0.032336 0.080841
0 0.246564 0.140663 0.032336 0.080841
0 0.284559 0.140663 0.032336 0.080841
0 0.324171 0.140663 0.032336 0.080841
0 0.359741 0.140663 0.032336 0.080841
0 0.393694 0.140663 0.032336 0.080841
0 0.427648 0.140663 0.032336 0.080841
0 0.464026 0.140663 0.032336 0.080841
0 0.521423 0.140663 0.032336 0.080841
0 0.550525 0.140663 0.032336 0.080841
0 0.582862 0.140663 0.032336 0.080841
0 0.615198 0.140663 0.032336 0.080841
0 0.648343 0.140663 0.032336 0.080841
0 0.698464 0.140663 0.032336 0.080841
0 0.738076 0.140663 0.032336 0.080841
0 0.777688 0.140663 0.032336 0.080841
0 0.859337 0.247373 0.080841 0.032336
0 0.859337 0.332255 0.080841 0.032336
0 0.859337 0.413096 0.080841 0.032336
0 0.859337 0.476960 0.080841 0.032336
0 0.859337 0.570736 0.080841 0.032336
0 0.859337 0.601455 0.080841 0.032336
0 0.859337 0.637025 0.080841 0.032336
0 0.859337 0.672595 0.080841 0.032336
0 0.859337 0.721908 0.080841 0.032336
0 0.859337 0.760711 0.080841 0.032336
0 0.859337 0.801940 0.080841 0.032336
0 0.784155 0.859337 0.032336 0.080841
0 0.740501 0.859337 0.032336 0.080841
0 0.701698 0.859337 0.032336 0.080841
0 0.665319 0.859337 0.032336 0.080841
0 0.630558 0.859337 0.032336 0.080841
0 0.596605 0.859337 0.032336 0.080841
0 0.563460 0.859337 0.032336 0.080841
0 0.522231 0.859337 0.032336 0.080841
0 0.479386 0.859337 0.032336 0.080841
0 0.444624 0.859337 0.032336 0.080841
0 0.412288 0.859337 0.032336 0.080841
0 0.362975 0.859337 0.032336 0.080841
0 0.324980 0.859337 0.032336 0.080841
0 0.286176 0.859337 0.032336 0.080841
0 0.244947 0.859337 0.032336 0.080841
0 0.206144 0.859337 0.032336 0.080841
0 0.140663 0.797090 0.080841 0.032336
0 0.140663 0.757478 0.080841 0.032336
0 0.140663 0.704931 0.080841 0.032336
0 0.140663 0.666128 0.080841 0.032336
0 0.140663 0.628133 0.080841 0.032336
0 0.140663 0.593371 0.080841 0.032336
0 0.140663 0.551334 0.080841 0.032336
0 0.140663 0.515764 0.080841 0.032336
0 0.140663 0.476960 0.080841 0.032336
0 0.140663 0.443007 0.080841 0.032336
0 0.140663 0.409863 0.080841 0.032336
0 0.140663 0.375101 0.080841 0.032336
0 0.140663 0.337914 0.080841 0.032336
0 0.140663 0.294260 0.080841 0.032336
0 0.140663 0.244139 0.080841 0.032336
0 0.140663 0.204527 0.080841 0.032336
