0 0.202910 0.135812 0.032336 0.080841
0 0.244139 0.135812 0.032336 0.080841
0 0.283751 0.135812 0.032336 0.080841
0 0.323363 0.135812 0.032336 0.080841
0 0.358933 0.135812 0.032336 0.080841
0 0.394503 0.135812 0.032336 0.080841
0 0.428456 0.135812 0.032336 0.080841
0 0.465643 0.135812 0.032336 0.080841
0 0.522231 0.135812 0.032336 0.080841
0 0.551334 0.135812 0.032336 0.080841
0 0.584479 0.135812 0.032336 0.080841
0 0.617623 0.135812 0.032336 0.080841
0 0.652385 0.135812 0.032336 0.080841
0 0.703314 0.135812 0.032336 0.080841
0 0.742926 0.135812 0.032336 0.080841
0 0.783347 0.135812 0.032336 0.080841
0 0.864188 0.204527 0.080841 0.032336
0 0.864188 0.244139 0.080841 0.032336
0 0.864188 0.284559 0.080841 0.032336
0 0.864188 0.330639 0.080841 0.032336
0 0.864188 0.366209 0.080841 0.032336
0 0.864188 0.411479 0.080841 0.032336
0 0.864188 0.472110 0.080841 0.032336
0 0.864188 0.523848 0.080841 0.032336
0 0.864188 0.569119 0.080841 0.032336
0 0.864188 0.601455 0.080841 0.032336
0 0.864188 0.637025 0.080841 0.032336
0 0.864188 0.674212 0.080841 0.032336
0 0.864188 0.722716 0.080841 0.032336
0 0.864188 0.762328 0.080841 0.032336
0 0.864188 0.803557 0.080841 0.032336
0 0.789814 0.864188 0.032336 0.080841
0 0.745352 0.864188 0.032336 0.080841
0 0.705740 0.864188 0.032336 0.080841
0 0.666936 0.864188 0.032336 0.080841
0 0.632175 0.864188 0.032336 0.080841
0 0.597413 0.864188 0.032336 0.080841
0 0.562652 0.864188 0.032336 0.080841
0 0.523040 0.864188 0.032336 0.080841
0 0.479386 0.864188 0.032336 0.080841
0 0.443816 0.864188 0.032336 0.080841
0 0.411479 0.864188 0.032336 0.080841
0 0.362167 0.864188 0.032336 0.080841
0 0.324171 0.864188 0.032336 0.080841
0 0.283751 0.864188 0.032336 0.080841
0 0.242522 0.864188 0.032336 0.080841
0 0.202910 0.864188 0.032336 0.080841
0 0.135812 0.799515 0.080841 0.032336
0 0.135812 0.759903 0.080841 0.032336
0 0.135812 0.707357 0.080841 0.032336
0 0.135812 0.667745 0.080841 0.032336
0 0.135812 0.629749 0.080841 0.032336
0 0.135812 0.594179 0.080841 0.032336
0 0.135812 0.552142 0.080841 0.032336
0 0.135812 0.516572 0.080841 0.032336
0 0.135812 0.476960 0.080841 0.032336
0 0.135812 0.443007 0.080841 0.032336
0 0.135812 0.409054 0.080841 0.032336
0 0.135812 0.372676 0.080841 0.032336
0 0.135812 0.335489 0.080841 0.032336
0 0.135812 0.291835 0.080841 0.032336
0 0.135812 0.241714 0.080841 0.032336
0 0.135812 0.200485 0.080841 0.032336
