0 0.197251 0.126112 0.032336 0.080841
0 0.239289 0.126112 0.032336 0.080841
0 0.280517 0.126112 0.032336 0.080841
0 0.312854 0.126112 0.032336 0.080841
0 0.358933 0.126112 0.032336 0.080841
0 0.396120 0.126112 0.032336 0.080841
0 0.429264 0.126112 0.032336 0.080841
0 0.466451 0.126112 0.032336 0.080841
0 0.522231 0.126112 0.032336 0.080841
0 0.554568 0.126112 0.032336 0.080841
0 0.588521 0.126112 0.032336 0.080841
0 0.624899 0.126112 0.032336 0.080841
0 0.660469 0.126112 0.032336 0.080841
0 0.710590 0.126112 0.032336 0.080841
0 0.751819 0.126112 0.032336 0.080841
0 0.795473 0.126112 0.032336 0.080841
0 0.873888 0.196443 0.080841 0.032336
0 0.873888 0.238480 0.080841 0.032336
0 0.873888 0.279709 0.080841 0.032336
0 0.873888 0.325788 0.080841 0.032336
0 0.873888 0.363783 0.080841 0.032336
0 0.873888 0.409054 0.080841 0.032336
0 0.873888 0.443816 0.080841 0.032336
0 0.873888 0.472918 0.080841 0.032336
0 0.873888 0.523040 0.080841 0.032336
0 0.873888 0.567502 0.080841 0.032336
0 0.873888 0.600647 0.080841 0.032336
0 0.873888 0.637833 0.080841 0.032336
0 0.873888 0.675829 0.080841 0.032336
0 0.873888 0.724333 0.080841 0.032336
0 0.873888 0.765562 0.080841 0.032336
0 0.873888 0.808407 0.080841 0.032336
0 0.801132 0.873888 0.032336 0.080841
0 0.755053 0.873888 0.032336 0.080841
0 0.713015 0.873888 0.032336 0.080841
0 0.672595 0.873888 0.032336 0.080841
0 0.635408 0.873888 0.032336 0.080841
0 0.598222 0.873888 0.032336 0.080841
0 0.562652 0.873888 0.032336 0.080841
0 0.523848 0.873888 0.032336 0.080841
0 0.478577 0.873888 0.032336 0.080841
0 0.443816 0.873888 0.032336 0.080841
0 0.409863 0.873888 0.032336 0.080841
0 0.362167 0.873888 0.032336 0.080841
0 0.322555 0.873888 0.032336 0.080841
0 0.283751 0.873888 0.032336 0.080841
0 0.238480 0.873888 0.032336 0.080841
0 0.196443 0.873888 0.032336 0.080841
0 0.126112 0.806791 0.080841 0.032336
0 0.126112 0.763945 0.080841 0.032336
0 0.126112 0.713824 0.080841 0.032336
0 0.126112 0.671787 0.080841 0.032336
0 0.126112 0.632983 0.080841 0.032336
0 0.126112 0.594988 0.080841 0.032336
0 0.126112 0.553759 0.080841 0.032336
0 0.126112 0.518189 0.080841 0.032336
0 0.126112 0.476960 0.080841 0.032336
0 0.126112 0.441390 0.080841 0.032336
0 0.126112 0.406629 0.080841 0.032336
0 0.126112 0.368634 0.080841 0.032336
0 0.126112 0.331447 0.080841 0.032336
0 0.126112 0.286176 0.080841 0.032336
0 0.126112 0.236055 0.080841 0.032336
0 0.126112 0.193209 0.080841 0.032336
