0 0.209378 0.145513 0.032336 0.080841
0 0.286985 0.145513 0.032336 0.080841
0 0.324980 0.145513 0.032336 0.080841
0 0.359741 0.145513 0.032336 0.080841
0 0.392886 0.145513 0.032336 0.080841
0 0.428456 0.145513 0.032336 0.080841
0 0.464026 0.145513 0.032336 0.080841
0 0.521423 0.145513 0.032336 0.080841
0 0.549717 0.145513 0.032336 0.080841
0 0.581245 0.145513 0.032336 0.080841
0 0.612773 0.145513 0.032336 0.080841
0 0.644301 0.145513 0.032336 0.080841
0 0.695230 0.145513 0.032336 0.080841
0 0.733226 0.145513 0.032336 0.080841
0 0.772029 0.145513 0.032336 0.080841
0 0.854487 0.210994 0.080841 0.032336
0 0.854487 0.249798 0.080841 0.032336
0 0.854487 0.288601 0.080841 0.032336
0 0.854487 0.334681 0.080841 0.032336
0 0.854487 0.414713 0.080841 0.032336
0 0.854487 0.472110 0.080841 0.032336
0 0.854487 0.525465 0.080841 0.032336
0 0.854487 0.571544 0.080841 0.032336
0 0.854487 0.601455 0.080841 0.032336
0 0.854487 0.671787 0.080841 0.032336
0 0.854487 0.759095 0.080841 0.032336
0 0.776880 0.854487 0.032336 0.080841
0 0.735651 0.854487 0.032336 0.080841
0 0.697656 0.854487 0.032336 0.080841
0 0.662086 0.854487 0.032336 0.080841
0 0.628941 0.854487 0.032336 0.080841
0 0.595796 0.854487 0.032336 0.080841
0 0.563460 0.854487 0.032336 0.080841
0 0.521423 0.854487 0.032336 0.080841
0 0.478577 0.854487 0.032336 0.080841
0 0.444624 0.854487 0.032336 0.080841
0 0.413096 0.854487 0.032336 0.080841
0 0.362975 0.854487 0.032336 0.080841
0 0.326597 0.854487 0.032336 0.080841
0 0.286985 0.854487 0.032336 0.080841
0 0.246564 0.854487 0.032336 0.080841
0 0.209378 0.854487 0.032336 0.080841
0 0.145513 0.793856 0.080841 0.032336
0 0.145513 0.755861 0.080841 0.032336
0 0.145513 0.701698 0.080841 0.032336
0 0.145513 0.663703 0.080841 0.032336
0 0.145513 0.627324 0.080841 0.032336
0 0.145513 0.592563 0.080841 0.032336
0 0.145513 0.549717 0.080841 0.032336
0 0.145513 0.514956 0.080841 0.032336
0 0.145513 0.476960 0.080841 0.032336
0 0.145513 0.443816 0.080841 0.032336
0 0.145513 0.411479 0.080841 0.032336
0 0.145513 0.376718 0.080841 0.032336
0 0.145513 0.339531 0.080841 0.032336
0 0.145513 0.296686 0.080841 0.032336
0 0.145513 0.246564 0.080841 0.032336
0 0.145513 0.208569 0.080841 0.032336
