0 0.212611 0.150364 0.032336 0.080841
0 0.251415 0.150364 0.032336 0.080841
0 0.288601 0.150364 0.032336 0.080841
0 0.325788 0.150364 0.032336 0.080841
0 0.359741 0.150364 0.032336 0.080841
0 0.392078 0.150364 0.032336 0.080841
0 0.427648 0.150364 0.032336 0.080841
0 0.464026 0.150364 0.032336 0.080841
0 0.521423 0.150364 0.032336 0.080841
0 0.549717 0.150364 0.032336 0.080841
0 0.579628 0.150364 0.032336 0.080841
0 0.610348 0.150364 0.032336 0.080841
0 0.640259 0.150364 0.032336 0.080841
0 0.691188 0.150364 0.032336 0.080841
0 0.728375 0.150364 0.032336 0.080841
0 0.766370 0.150364 0.032336 0.080841
0 0.849636 0.214228 0.080841 0.032336
0 0.849636 0.252223 0.080841 0.032336
0 0.849636 0.291027 0.080841 0.032336
0 0.849636 0.369442 0.080841 0.032336
0 0.849636 0.415521 0.080841 0.032336
0 0.849636 0.447049 0.080841 0.032336
0 0.849636 0.476960 0.080841 0.032336
0 0.849636 0.526273 0.080841 0.032336
0 0.849636 0.572352 0.080841 0.032336
0 0.849636 0.602264 0.080841 0.032336
0 0.849636 0.636217 0.080841 0.032336
0 0.849636 0.721099 0.080841 0.032336
0 0.849636 0.757478 0.080841 0.032336
0 0.771221 0.849636 0.032336 0.080841
0 0.729992 0.849636 0.032336 0.080841
0 0.693614 0.849636 0.032336 0.080841
0 0.659660 0.849636 0.032336 0.080841
0 0.627324 0.849636 0.032336 0.080841
0 0.594988 0.849636 0.032336 0.080841
0 0.563460 0.849636 0.032336 0.080841
0 0.520614 0.849636 0.032336 0.080841
0 0.478577 0.849636 0.032336 0.080841
0 0.445432 0.849636 0.032336 0.080841
0 0.414713 0.849636 0.032336 0.080841
0 0.364592 0.849636 0.032336 0.080841
0 0.327405 0.849636 0.032336 0.080841
0 0.289410 0.849636 0.032336 0.080841
0 0.248989 0.849636 0.032336 0.080841
0 0.212611 0.849636 0.032336 0.080841
0 0.150364 0.790622 0.080841 0.032336
0 0.150364 0.753436 0.080841 0.032336
0 0.150364 0.698464 0.080841 0.032336
0 0.150364 0.661277 0.080841 0.032336
0 0.150364 0.625707 0.080841 0.032336
0 0.150364 0.592563 0.080841 0.032336
0 0.150364 0.548909 0.080841 0.032336
0 0.150364 0.514147 0.080841 0.032336
0 0.150364 0.476960 0.080841 0.032336
0 0.150364 0.443816 0.080841 0.032336
0 0.150364 0.412288 0.080841 0.032336
0 0.150364 0.378335 0.080841 0.032336
0 0.150364 0.341956 0.080841 0.032336
0 0.150364 0.299111 0.080841 0.032336
0 0.150364 0.249798 0.080841 0.032336
0 0.150364 0.212611 0.080841 0.032336
