0 0.215036 0.155214 0.032336 0.080841
0 0.253840 0.155214 0.032336 0.080841
0 0.289410 0.155214 0.032336 0.080841
0 0.326597 0.155214 0.032336 0.080841
0 0.359741 0.155214 0.032336 0.080841
0 0.392078 0.155214 0.032336 0.080841
0 0.426839 0.155214 0.032336 0.080841
0 0.463217 0.155214 0.032336 0.080841
0 0.521423 0.155214 0.032336 0.080841
0 0.548100 0.155214 0.032336 0.080841
0 0.578011 0.155214 0.032336 0.080841
0 0.607114 0.155214 0.032336 0.080841
0 0.637025 0.155214 0.032336 0.080841
0 0.687955 0.155214 0.032336 0.080841
0 0.724333 0.155214 0.032336 0.080841
0 0.844786 0.218270 0.080841 0.032336
0 0.844786 0.254648 0.080841 0.032336
0 0.844786 0.292643 0.080841 0.032336
0 0.844786 0.337106 0.080841 0.032336
0 0.844786 0.417138 0.080841 0.032336
0 0.844786 0.471302 0.080841 0.032336
0 0.844786 0.516572 0.080841 0.032336
0 0.844786 0.573969 0.080841 0.032336
0 0.844786 0.602264 0.080841 0.032336
0 0.844786 0.636217 0.080841 0.032336
0 0.844786 0.720291 0.080841 0.032336
0 0.844786 0.795473 0.080841 0.032336
0 0.765562 0.844786 0.032336 0.080841
0 0.725141 0.844786 0.032336 0.080841
0 0.690380 0.844786 0.032336 0.080841
0 0.657235 0.844786 0.032336 0.080841
0 0.625707 0.844786 0.032336 0.080841
0 0.594179 0.844786 0.032336 0.080841
0 0.563460 0.844786 0.032336 0.080841
0 0.519806 0.844786 0.032336 0.080841
0 0.478577 0.844786 0.032336 0.080841
0 0.445432 0.844786 0.032336 0.080841
0 0.415521 0.844786 0.032336 0.080841
0 0.364592 0.844786 0.032336 0.080841
0 0.328213 0.844786 0.032336 0.080841
0 0.291027 0.844786 0.032336 0.080841
0 0.250606 0.844786 0.032336 0.080841
0 0.215845 0.844786 0.032336 0.080841
0 0.155214 0.786580 0.080841 0.032336
0 0.155214 0.751011 0.080841 0.032336
0 0.155214 0.696039 0.080841 0.032336
0 0.155214 0.659660 0.080841 0.032336
0 0.155214 0.624899 0.080841 0.032336
0 0.155214 0.590946 0.080841 0.032336
0 0.155214 0.548100 0.080841 0.032336
0 0.155214 0.513339 0.080841 0.032336
0 0.155214 0.476960 0.080841 0.032336
0 0.155214 0.444624 0.080841 0.032336
0 0.155214 0.413905 0.080841 0.032336
0 0.155214 0.380760 0.080841 0.032336
0 0.155214 0.343573 0.080841 0.032336
0 0.155214 0.302344 0.080841 0.032336
0 0.155214 0.252223 0.080841 0.032336
0 0.155214 0.216653 0.080841 0.032336
