0 0.199677 0.130962 0.032336 0.080841
0 0.240097 0.130962 0.032336 0.080841
0 0.281326 0.130962 0.032336 0.080841
0 0.322555 0.130962 0.032336 0.080841
0 0.358933 0.130962 0.032336 0.080841
0 0.394503 0.130962 0.032336 0.080841
0 0.429264 0.130962 0.032336 0.080841
0 0.466451 0.130962 0.032336 0.080841
0 0.522231 0.130962 0.032336 0.080841
0 0.552951 0.130962 0.032336 0.080841
0 0.586904 0.130962 0.032336 0.080841
0 0.620857 0.130962 0.032336 0.080841
0 0.657235 0.130962 0.032336 0.080841
0 0.707357 0.130962 0.032336 0.080841
0 0.747777 0.130962 0.032336 0.080841
0 0.789814 0.130962 0.032336 0.080841
0 0.869038 0.200485 0.080841 0.032336
0 0.869038 0.240905 0.080841 0.032336
0 0.869038 0.282134 0.080841 0.032336
0 0.869038 0.328213 0.080841 0.032336
0 0.869038 0.364592 0.080841 0.032336
0 0.869038 0.410671 0.080841 0.032336
0 0.869038 0.472110 0.080841 0.032336
0 0.869038 0.523040 0.080841 0.032336
0 0.869038 0.568310 0.080841 0.032336
0 0.869038 0.601455 0.080841 0.032336
0 0.869038 0.637833 0.080841 0.032336
0 0.869038 0.675020 0.080841 0.032336
0 0.869038 0.724333 0.080841 0.032336
0 0.869038 0.763945 0.080841 0.032336
0 0.869038 0.806791 0.080841 0.032336
0 0.795473 0.869038 0.032336 0.080841
0 0.749394 0.869038 0.032336 0.080841
0 0.708973 0.869038 0.032336 0.080841
0 0.670170 0.869038 0.032336 0.080841
0 0.633791 0.869038 0.032336 0.080841
0 0.598222 0.869038 0.032336 0.080841
0 0.562652 0.869038 0.032336 0.080841
0 0.523040 0.869038 0.032336 0.080841
0 0.478577 0.869038 0.032336 0.080841
0 0.443816 0.869038 0.032336 0.080841
0 0.412288 0.869038 0.032336 0.080841
0 0.362167 0.869038 0.032336 0.080841
0 0.323363 0.869038 0.032336 0.080841
0 0.282134 0.869038 0.032336 0.080841
0 0.240097 0.869038 0.032336 0.080841
0 0.199677 0.869038 0.032336 0.080841
0 0.130962 0.802749 0.080841 0.032336
0 0.130962 0.762328 0.080841 0.032336
0 0.130962 0.710590 0.080841 0.032336
0 0.130962 0.670170 0.080841 0.032336
0 0.130962 0.631366 0.080841 0.032336
0 0.130962 0.594988 0.080841 0.032336
0 0.130962 0.552951 0.080841 0.032336
0 0.130962 0.517381 0.080841 0.032336
0 0.130962 0.476960 0.080841 0.032336
0 0.130962 0.442199 0.080841 0.032336
0 0.130962 0.407437 0.080841 0.032336
0 0.130962 0.371059 0.080841 0.032336
0 0.130962 0.333872 0.080841 0.032336
0 0.130962 0.289410 0.080841 0.032336
0 0.130962 0.237672 0.080841 0.032336
0 0.130962 0.197251 0.080841 0.032336
