0 0.210277 0.148617 0.031621 0.079051
0 0.249012 0.148617 0.031621 0.079051
0 0.286166 0.148617 0.031621 0.079051
0 0.324901 0.148617 0.031621 0.079051
0 0.359684 0.148617 0.031621 0.079051
0 0.392885 0.148617 0.031621 0.079051
0 0.426877 0.148617 0.031621 0.079051
0 0.460079 0.148617 0.031621 0.079051
0 0.513043 0.148617 0.031621 0.079051
0 0.543083 0.148617 0.031621 0.079051
0 0.574704 0.148617 0.031621 0.079051
0 0.607905 0.148617 0.031621 0.079051
0 0.639526 0.148617 0.031621 0.079051
0 0.690909 0.148617 0.031621 0.079051
0 0.728063 0.148617 0.031621 0.079051
0 0.767589 0.148617 0.031621 0.079051
0 0.851383 0.217391 0.079051 0.031621
0 0.851383 0.256126 0.079051 0.031621
0 0.851383 0.294862 0.079051 0.031621
0 0.851383 0.339921 0.079051 0.031621
0 0.851383 0.419763 0.079051 0.031621
0 0.851383 0.451383 0.079051 0.031621
0 0.851383 0.476680 0.079051 0.031621
0 0.851383 0.528063 0.079051 0.031621
0 0.851383 0.573123 0.079051 0.031621
0 0.851383 0.603162 0.079051 0.031621
0 0.851383 0.636364 0.079051 0.031621
0 0.851383 0.671146 0.079051 0.031621
0 0.851383 0.720158 0.079051 0.031621
0 0.851383 0.758103 0.079051 0.031621
0 0.851383 0.797628 0.079051 0.031621
0 0.775494 0.851383 0.031621 0.079051
0 0.733597 0.851383 0.031621 0.079051
0 0.696443 0.851383 0.031621 0.079051
0 0.661660 0.851383 0.031621 0.079051
0 0.627668 0.851383 0.031621 0.079051
0 0.596047 0.851383 0.031621 0.079051
0 0.563636 0.851383 0.031621 0.079051
0 0.524111 0.851383 0.031621 0.079051
0 0.480632 0.851383 0.031621 0.079051
0 0.446640 0.851383 0.031621 0.079051
0 0.415020 0.851383 0.031621 0.079051
0 0.364427 0.851383 0.031621 0.079051
0 0.329644 0.851383 0.031621 0.079051
0 0.291700 0.851383 0.031621 0.079051
0 0.252174 0.851383 0.031621 0.079051
0 0.215020 0.851383 0.031621 0.079051
0 0.148617 0.792885 0.079051 0.031621
0 0.148617 0.755731 0.079051 0.031621
0 0.148617 0.703557 0.079051 0.031621
0 0.148617 0.664032 0.079051 0.031621
0 0.148617 0.627668 0.079051 0.031621
0 0.148617 0.593676 0.079051 0.031621
0 0.148617 0.551779 0.079051 0.031621
0 0.148617 0.516996 0.079051 0.031621
0 0.148617 0.478261 0.079051 0.031621
0 0.148617 0.446640 0.079051 0.031621
0 0.148617 0.413439 0.079051 0.031621
0 0.148617 0.379447 0.079051 0.031621
0 0.148617 0.343083 0.079051 0.031621
0 0.148617 0.299605 0.079051 0.031621
0 0.148617 0.249802 0.079051 0.031621
0 0.148617 0.212648 0.079051 0.031621
