0 0.207115 0.143874 0.031621 0.079051
0 0.247431 0.143874 0.031621 0.079051
0 0.284585 0.143874 0.031621 0.079051
0 0.324111 0.143874 0.031621 0.079051
0 0.359684 0.143874 0.031621 0.079051
0 0.393676 0.143874 0.031621 0.079051
0 0.426877 0.143874 0.031621 0.079051
0 0.460870 0.143874 0.031621 0.079051
0 0.513834 0.143874 0.031621 0.079051
0 0.544664 0.143874 0.031621 0.079051
0 0.577075 0.143874 0.031621 0.079051
0 0.610277 0.143874 0.031621 0.079051
0 0.644269 0.143874 0.031621 0.079051
0 0.694862 0.143874 0.031621 0.079051
0 0.732806 0.143874 0.031621 0.079051
0 0.774704 0.143874 0.031621 0.079051
0 0.856126 0.213439 0.079051 0.031621
0 0.856126 0.252964 0.079051 0.031621
0 0.856126 0.292490 0.079051 0.031621
0 0.856126 0.337549 0.079051 0.031621
0 0.856126 0.373913 0.079051 0.031621
0 0.856126 0.418182 0.079051 0.031621
0 0.856126 0.449802 0.079051 0.031621
0 0.856126 0.475889 0.079051 0.031621
0 0.856126 0.527273 0.079051 0.031621
0 0.856126 0.571542 0.079051 0.031621
0 0.856126 0.602372 0.079051 0.031621
0 0.856126 0.636364 0.079051 0.031621
0 0.856126 0.672727 0.079051 0.031621
0 0.856126 0.720949 0.079051 0.031621
0 0.856126 0.758893 0.079051 0.031621
0 0.856126 0.800000 0.079051 0.031621
0 0.781028 0.856126 0.031621 0.079051
0 0.738340 0.856126 0.031621 0.079051
0 0.699605 0.856126 0.031621 0.079051
0 0.664032 0.856126 0.031621 0.079051
0 0.629249 0.856126 0.031621 0.079051
0 0.596838 0.856126 0.031621 0.079051
0 0.563636 0.856126 0.031621 0.079051
0 0.524901 0.856126 0.031621 0.079051
0 0.480632 0.856126 0.031621 0.079051
0 0.445850 0.856126 0.031621 0.079051
0 0.413439 0.856126 0.031621 0.079051
0 0.365217 0.856126 0.031621 0.079051
0 0.328854 0.856126 0.031621 0.079051
0 0.290119 0.856126 0.031621 0.079051
0 0.250593 0.856126 0.031621 0.079051
0 0.211067 0.856126 0.031621 0.079051
0 0.143874 0.796047 0.079051 0.031621
0 0.143874 0.757312 0.079051 0.031621
0 0.143874 0.705929 0.079051 0.031621
0 0.143874 0.666403 0.079051 0.031621
0 0.143874 0.629249 0.079051 0.031621
0 0.143874 0.594466 0.079051 0.031621
0 0.143874 0.552569 0.079051 0.031621
0 0.143874 0.516996 0.079051 0.031621
0 0.143874 0.477470 0.079051 0.031621
0 0.143874 0.445850 0.079051 0.031621
0 0.143874 0.411858 0.079051 0.031621
0 0.143874 0.377075 0.079051 0.031621
0 0.143874 0.341502 0.079051 0.031621
0 0.143874 0.297233 0.079051 0.031621
0 0.143874 0.247431 0.079051 0.031621
0 0.143874 0.208696 0.079051 0.031621
