0 0.200791 0.134387 0.031621 0.079051
0 0.242688 0.134387 0.031621 0.079051
0 0.282213 0.134387 0.031621 0.079051
0 0.322530 0.134387 0.031621 0.079051
0 0.358893 0.134387 0.031621 0.079051
0 0.395257 0.134387 0.031621 0.079051
0 0.427668 0.134387 0.031621 0.079051
0 0.462451 0.134387 0.031621 0.079051
0 0.514625 0.134387 0.031621 0.079051
0 0.547826 0.134387 0.031621 0.079051
0 0.581028 0.134387 0.031621 0.079051
0 0.616601 0.134387 0.031621 0.079051
0 0.652964 0.134387 0.031621 0.079051
0 0.701976 0.134387 0.031621 0.079051
0 0.743083 0.134387 0.031621 0.079051
0 0.785771 0.134387 0.031621 0.079051
0 0.865613 0.204743 0.079051 0.031621
0 0.865613 0.246640 0.079051 0.031621
0 0.865613 0.286957 0.079051 0.031621
0 0.865613 0.332806 0.079051 0.031621
0 0.865613 0.370751 0.079051 0.031621
0 0.865613 0.415020 0.079051 0.031621
0 0.865613 0.448221 0.079051 0.031621
0 0.865613 0.475889 0.079051 0.031621
0 0.865613 0.524901 0.079051 0.031621
0 0.865613 0.569170 0.079051 0.031621
0 0.865613 0.601581 0.079051 0.031621
0 0.865613 0.637154 0.079051 0.031621
0 0.865613 0.674308 0.079051 0.031621
0 0.865613 0.721739 0.079051 0.031621
0 0.865613 0.761265 0.079051 0.031621
0 0.865613 0.803953 0.079051 0.031621
0 0.792095 0.865613 0.031621 0.079051
0 0.747826 0.865613 0.031621 0.079051
0 0.706719 0.865613 0.031621 0.079051
0 0.668775 0.865613 0.031621 0.079051
0 0.632411 0.865613 0.031621 0.079051
0 0.597628 0.865613 0.031621 0.079051
0 0.562055 0.865613 0.031621 0.079051
0 0.525692 0.865613 0.031621 0.079051
0 0.480632 0.865613 0.031621 0.079051
0 0.445850 0.865613 0.031621 0.079051
0 0.411858 0.865613 0.031621 0.079051
0 0.363636 0.865613 0.031621 0.079051
0 0.327273 0.865613 0.031621 0.079051
0 0.286957 0.865613 0.031621 0.079051
0 0.245850 0.865613 0.031621 0.079051
0 0.205534 0.865613 0.031621 0.079051
0 0.134387 0.802372 0.079051 0.031621
0 0.134387 0.761265 0.079051 0.031621
0 0.134387 0.711462 0.079051 0.031621
0 0.134387 0.670356 0.079051 0.031621
0 0.134387 0.631621 0.079051 0.031621
0 0.134387 0.595257 0.079051 0.031621
0 0.134387 0.554941 0.079051 0.031621
0 0.134387 0.519368 0.079051 0.031621
0 0.134387 0.478261 0.079051 0.031621
0 0.134387 0.445059 0.079051 0.031621
0 0.134387 0.410277 0.079051 0.031621
0 0.134387 0.373123 0.079051 0.031621
0 0.134387 0.336759 0.079051 0.031621
0 0.134387 0.292490 0.079051 0.031621
0 0.134387 0.241897 0.079051 0.031621
0 0.134387 0.201581 0.079051 0.031621
