0 0.251383 0.153360 0.031621 0.079051
0 0.287747 0.153360 0.031621 0.079051
0 0.325692 0.153360 0.031621 0.079051
0 0.358893 0.153360 0.031621 0.079051
0 0.392095 0.153360 0.031621 0.079051
0 0.426087 0.153360 0.031621 0.079051
0 0.459289 0.153360 0.031621 0.079051
0 0.513043 0.153360 0.031621 0.079051
0 0.542292 0.153360 0.031621 0.079051
0 0.573123 0.153360 0.031621 0.079051
0 0.603953 0.153360 0.031621 0.079051
0 0.636364 0.153360 0.031621 0.079051
0 0.686957 0.153360 0.031621 0.079051
0 0.723320 0.153360 0.031621 0.079051
0 0.762055 0.153360 0.031621 0.079051
0 0.846640 0.221344 0.079051 0.031621
0 0.846640 0.259289 0.079051 0.031621
0 0.846640 0.297233 0.079051 0.031621
0 0.846640 0.342292 0.079051 0.031621
0 0.846640 0.421344 0.079051 0.031621
0 0.846640 0.452174 0.079051 0.031621
0 0.846640 0.476680 0.079051 0.031621
0 0.846640 0.528854 0.079051 0.031621
0 0.846640 0.574704 0.079051 0.031621
0 0.846640 0.603953 0.079051 0.031621
0 0.846640 0.636364 0.079051 0.031621
0 0.846640 0.670356 0.079051 0.031621
0 0.846640 0.720158 0.079051 0.031621
0 0.846640 0.756522 0.079051 0.031621
0 0.846640 0.795257 0.079051 0.031621
0 0.769960 0.846640 0.031621 0.079051
0 0.729644 0.846640 0.031621 0.079051
0 0.693281 0.846640 0.031621 0.079051
0 0.660079 0.846640 0.031621 0.079051
0 0.626877 0.846640 0.031621 0.079051
0 0.595257 0.846640 0.031621 0.079051
0 0.563636 0.846640 0.031621 0.079051
0 0.523320 0.846640 0.031621 0.079051
0 0.481423 0.846640 0.031621 0.079051
0 0.446640 0.846640 0.031621 0.079051
0 0.415810 0.846640 0.031621 0.079051
0 0.330435 0.846640 0.031621 0.079051
0 0.294071 0.846640 0.031621 0.079051
0 0.254545 0.846640 0.031621 0.079051
0 0.218972 0.846640 0.031621 0.079051
0 0.153360 0.789723 0.079051 0.031621
0 0.153360 0.753360 0.079051 0.031621
0 0.153360 0.701186 0.079051 0.031621
0 0.153360 0.662451 0.079051 0.031621
0 0.153360 0.626877 0.079051 0.031621
0 0.153360 0.593676 0.079051 0.031621
0 0.153360 0.550988 0.079051 0.031621
0 0.153360 0.516206 0.079051 0.031621
0 0.153360 0.478261 0.079051 0.031621
0 0.153360 0.446640 0.079051 0.031621
0 0.153360 0.415020 0.079051 0.031621
0 0.153360 0.381818 0.079051 0.031621
0 0.153360 0.345455 0.079051 0.031621
0 0.153360 0.302767 0.079051 0.031621
0 0.153360 0.252964 0.079051 0.031621
0 0.153360 0.215020 0.079051 0.031621
