0 0.219763 0.162846 0.031621 0.079051
0 0.256917 0.162846 0.031621 0.079051
0 0.290909 0.162846 0.031621 0.079051
0 0.328063 0.162846 0.031621 0.079051
0 0.359684 0.162846 0.031621 0.079051
0 0.391304 0.162846 0.031621 0.079051
0 0.436364 0.162846 0.031621 0.079051
0 0.465613 0.162846 0.031621 0.079051
0 0.512253 0.162846 0.031621 0.079051
0 0.539921 0.162846 0.031621 0.079051
0 0.569170 0.162846 0.031621 0.079051
0 0.599209 0.162846 0.031621 0.079051
0 0.750198 0.162846 0.031621 0.079051
0 0.837154 0.229249 0.079051 0.031621
0 0.837154 0.265613 0.079051 0.031621
0 0.837154 0.301186 0.079051 0.031621
0 0.837154 0.346245 0.079051 0.031621
0 0.837154 0.379447 0.079051 0.031621
0 0.837154 0.453755 0.079051 0.031621
0 0.837154 0.481423 0.079051 0.031621
0 0.837154 0.530435 0.079051 0.031621
0 0.837154 0.604743 0.079051 0.031621
0 0.837154 0.635573 0.079051 0.031621
0 0.837154 0.667984 0.079051 0.031621
0 0.837154 0.718577 0.079051 0.031621
0 0.837154 0.753360 0.079051 0.031621
0 0.837154 0.790514 0.079051 0.031621
0 0.759684 0.837154 0.031621 0.079051
0 0.720158 0.837154 0.031621 0.079051
0 0.686166 0.837154 0.031621 0.079051
0 0.654545 0.837154 0.031621 0.079051
0 0.623715 0.837154 0.031621 0.079051
0 0.594466 0.837154 0.031621 0.079051
0 0.564427 0.837154 0.031621 0.079051
0 0.516996 0.837154 0.031621 0.079051
0 0.481423 0.837154 0.031621 0.079051
0 0.448221 0.837154 0.031621 0.079051
0 0.418182 0.837154 0.031621 0.079051
0 0.366008 0.837154 0.031621 0.079051
0 0.333597 0.837154 0.031621 0.079051
0 0.297233 0.837154 0.031621 0.079051
0 0.259289 0.837154 0.031621 0.079051
0 0.225296 0.837154 0.031621 0.079051
0 0.162846 0.784980 0.079051 0.031621
0 0.162846 0.749407 0.079051 0.031621
0 0.162846 0.695652 0.079051 0.031621
0 0.162846 0.658498 0.079051 0.031621
0 0.162846 0.624506 0.079051 0.031621
0 0.162846 0.592885 0.079051 0.031621
0 0.162846 0.549407 0.079051 0.031621
0 0.162846 0.515415 0.079051 0.031621
0 0.162846 0.478261 0.079051 0.031621
0 0.162846 0.448221 0.079051 0.031621
0 0.162846 0.416601 0.079051 0.031621
0 0.162846 0.384980 0.079051 0.031621
0 0.162846 0.349407 0.079051 0.031621
0 0.162846 0.307510 0.079051 0.031621
0 0.162846 0.258498 0.079051 0.031621
0 0.162846 0.222925 0.079051 0.031621
