0 0.216601 0.158103 0.031621 0.079051
0 0.254545 0.158103 0.031621 0.079051
0 0.289328 0.158103 0.031621 0.079051
0 0.326482 0.158103 0.031621 0.079051
0 0.359684 0.158103 0.031621 0.079051
0 0.391304 0.158103 0.031621 0.079051
0 0.426087 0.158103 0.031621 0.079051
0 0.458498 0.158103 0.031621 0.079051
0 0.512253 0.158103 0.031621 0.079051
0 0.540711 0.158103 0.031621 0.079051
0 0.570751 0.158103 0.031621 0.079051
0 0.601581 0.158103 0.031621 0.079051
0 0.632411 0.158103 0.031621 0.079051
0 0.683794 0.158103 0.031621 0.079051
0 0.718577 0.158103 0.031621 0.079051
0 0.755731 0.158103 0.031621 0.079051
0 0.841897 0.225296 0.079051 0.031621
0 0.841897 0.262451 0.079051 0.031621
0 0.841897 0.299605 0.079051 0.031621
0 0.841897 0.343874 0.079051 0.031621
0 0.841897 0.378656 0.079051 0.031621
0 0.841897 0.422925 0.079051 0.031621
0 0.841897 0.452964 0.079051 0.031621
0 0.841897 0.481423 0.079051 0.031621
0 0.841897 0.530435 0.079051 0.031621
0 0.841897 0.575494 0.079051 0.031621
0 0.841897 0.604743 0.079051 0.031621
0 0.841897 0.635573 0.079051 0.031621
0 0.841897 0.669565 0.079051 0.031621
0 0.841897 0.719368 0.079051 0.031621
0 0.841897 0.754941 0.079051 0.031621
0 0.841897 0.792885 0.079051 0.031621
0 0.765217 0.841897 0.031621 0.079051
0 0.724111 0.841897 0.031621 0.079051
0 0.690119 0.841897 0.031621 0.079051
0 0.657708 0.841897 0.031621 0.079051
0 0.625296 0.841897 0.031621 0.079051
0 0.595257 0.841897 0.031621 0.079051
0 0.563636 0.841897 0.031621 0.079051
0 0.523320 0.841897 0.031621 0.079051
0 0.481423 0.841897 0.031621 0.079051
0 0.447431 0.841897 0.031621 0.079051
0 0.416601 0.841897 0.031621 0.079051
0 0.366008 0.841897 0.031621 0.079051
0 0.332016 0.841897 0.031621 0.079051
0 0.295652 0.841897 0.031621 0.079051
0 0.256917 0.841897 0.031621 0.079051
0 0.222134 0.841897 0.031621 0.079051
0 0.158103 0.787352 0.079051 0.031621
0 0.158103 0.751779 0.079051 0.031621
0 0.158103 0.698814 0.079051 0.031621
0 0.158103 0.660870 0.079051 0.031621
0 0.158103 0.625296 0.079051 0.031621
0 0.158103 0.593676 0.079051 0.031621
0 0.158103 0.550198 0.079051 0.031621
0 0.158103 0.515415 0.079051 0.031621
0 0.158103 0.478261 0.079051 0.031621
0 0.158103 0.448221 0.079051 0.031621
0 0.158103 0.415810 0.079051 0.031621
0 0.158103 0.383399 0.079051 0.031621
0 0.158103 0.347826 0.079051 0.031621
0 0.158103 0.305138 0.079051 0.031621
0 0.158103 0.256126 0.079051 0.031621
0 0.158103 0.218972 0.079051 0.031621
