0 0.203953 0.139130 0.031621 0.079051
0 0.245059 0.139130 0.031621 0.079051
0 0.283794 0.139130 0.031621 0.079051
0 0.323320 0.139130 0.031621 0.079051
0 0.359684 0.139130 0.031621 0.079051
0 0.394466 0.139130 0.031621 0.079051
0 0.427668 0.139130 0.031621 0.079051
0 0.461660 0.139130 0.031621 0.079051
0 0.513834 0.139130 0.031621 0.079051
0 0.545455 0.139130 0.031621 0.079051
0 0.578656 0.139130 0.031621 0.079051
0 0.613439 0.139130 0.031621 0.079051
0 0.648221 0.139130 0.031621 0.079051
0 0.698024 0.139130 0.031621 0.079051
0 0.737549 0.139130 0.031621 0.079051
0 0.779447 0.139130 0.031621 0.079051
0 0.860870 0.209486 0.079051 0.031621
0 0.860870 0.249802 0.079051 0.031621
0 0.860870 0.290119 0.079051 0.031621
0 0.860870 0.335178 0.079051 0.031621
0 0.860870 0.372332 0.079051 0.031621
0 0.860870 0.416601 0.079051 0.031621
0 0.860870 0.449012 0.079051 0.031621
0 0.860870 0.476680 0.079051 0.031621
0 0.860870 0.525692 0.079051 0.031621
0 0.860870 0.570751 0.079051 0.031621
0 0.860870 0.602372 0.079051 0.031621
0 0.860870 0.637154 0.079051 0.031621
0 0.860870 0.673518 0.079051 0.031621
0 0.860870 0.720949 0.079051 0.031621
0 0.860870 0.760474 0.079051 0.031621
0 0.860870 0.801581 0.079051 0.031621
0 0.786561 0.860870 0.031621 0.079051
0 0.743083 0.860870 0.031621 0.079051
0 0.703557 0.860870 0.031621 0.079051
0 0.666403 0.860870 0.031621 0.079051
0 0.630830 0.860870 0.031621 0.079051
0 0.596838 0.860870 0.031621 0.079051
0 0.524901 0.860870 0.031621 0.079051
0 0.480632 0.860870 0.031621 0.079051
0 0.445850 0.860870 0.031621 0.079051
0 0.412648 0.860870 0.031621 0.079051
0 0.364427 0.860870 0.031621 0.079051
0 0.328063 0.860870 0.031621 0.079051
0 0.288538 0.860870 0.031621 0.079051
0 0.248221 0.860870 0.031621 0.079051
0 0.208696 0.860870 0.031621 0.079051
0 0.139130 0.798419 0.079051 0.031621
0 0.139130 0.758893 0.079051 0.031621
0 0.139130 0.709091 0.079051 0.031621
0 0.139130 0.667984 0.079051 0.031621
0 0.139130 0.630040 0.079051 0.031621
0 0.139130 0.594466 0.079051 0.031621
0 0.139130 0.553360 0.079051 0.031621
0 0.139130 0.517787 0.079051 0.031621
0 0.139130 0.478261 0.079051 0.031621
0 0.139130 0.445850 0.079051 0.031621
0 0.139130 0.411067 0.079051 0.031621
0 0.139130 0.375494 0.079051 0.031621
0 0.139130 0.339130 0.079051 0.031621
0 0.139130 0.294862 0.079051 0.031621
0 0.139130 0.245059 0.079051 0.031621
0 0.139130 0.205534 0.079051 0.031621
