0 0.212073 0.146942 0.031771 0.079428
0 0.250199 0.146942 0.031771 0.079428
0 0.286736 0.146942 0.031771 0.079428
0 0.324067 0.146942 0.031771 0.079428
0 0.390786 0.146942 0.031771 0.079428
0 0.428118 0.146942 0.031771 0.079428
0 0.464654 0.146942 0.031771 0.079428
0 0.520254 0.146942 0.031771 0.079428
0 0.580620 0.146942 0.031771 0.079428
0 0.613185 0.146942 0.031771 0.079428
0 0.645751 0.146942 0.031771 0.079428
0 0.696585 0.146942 0.031771 0.079428
0 0.732327 0.146942 0.031771 0.079428
0 0.767276 0.146942 0.031771 0.079428
0 0.853058 0.200159 0.079428 0.031771
0 0.853058 0.320095 0.079428 0.031771
0 0.853058 0.353455 0.079428 0.031771
0 0.853058 0.429706 0.079428 0.031771
0 0.853058 0.463860 0.079428 0.031771
0 0.853058 0.516283 0.079428 0.031771
0 0.853058 0.617156 0.079428 0.031771
0 0.853058 0.653693 0.079428 0.031771
0 0.853058 0.702939 0.079428 0.031771
0 0.853058 0.779984 0.079428 0.031771
0 0.773630 0.853058 0.031771 0.079428
0 0.731533 0.853058 0.031771 0.079428
0 0.690230 0.853058 0.031771 0.079428
0 0.654488 0.853058 0.031771 0.079428
0 0.623511 0.853058 0.031771 0.079428
0 0.589357 0.853058 0.031771 0.079428
0 0.521048 0.853058 0.031771 0.079428
0 0.479746 0.853058 0.031771 0.079428
0 0.445592 0.853058 0.031771 0.079428
0 0.413026 0.853058 0.031771 0.079428
0 0.329627 0.853058 0.031771 0.079428
0 0.290707 0.853058 0.031771 0.079428
0 0.250199 0.853058 0.031771 0.079428
0 0.212073 0.853058 0.031771 0.079428
0 0.146942 0.785544 0.079428 0.031771
0 0.146942 0.745036 0.079428 0.031771
0 0.146942 0.690230 0.079428 0.031771
0 0.146942 0.651311 0.079428 0.031771
0 0.146942 0.614774 0.079428 0.031771
0 0.146942 0.579031 0.079428 0.031771
0 0.146942 0.542494 0.079428 0.031771
0 0.146942 0.508340 0.079428 0.031771
0 0.146942 0.467832 0.079428 0.031771
0 0.146942 0.432089 0.079428 0.031771
0 0.146942 0.399523 0.079428 0.031771
0 0.146942 0.366164 0.079428 0.031771
0 0.146942 0.335187 0.079428 0.031771
0 0.146942 0.293090 0.079428 0.031771
0 0.146942 0.241461 0.079428 0.031771
0 0.146942 0.203336 0.079428 0.031771
