0 0.242256 0.132645 0.031771 0.079428
0 0.281970 0.132645 0.031771 0.079428
0 0.322478 0.132645 0.031771 0.079428
0 0.358221 0.132645 0.031771 0.079428
0 0.393963 0.132645 0.031771 0.079428
0 0.428912 0.132645 0.031771 0.079428
0 0.467037 0.132645 0.031771 0.079428
0 0.521048 0.132645 0.031771 0.079428
0 0.552820 0.132645 0.031771 0.079428
0 0.586180 0.132645 0.031771 0.079428
0 0.621128 0.132645 0.031771 0.079428
0 0.658459 0.132645 0.031771 0.079428
0 0.707705 0.132645 0.031771 0.079428
0 0.745036 0.132645 0.031771 0.079428
0 0.786338 0.132645 0.031771 0.079428
0 0.867355 0.193805 0.079428 0.031771
0 0.867355 0.235107 0.079428 0.031771
0 0.867355 0.274821 0.079428 0.031771
0 0.867355 0.319301 0.079428 0.031771
0 0.867355 0.398729 0.079428 0.031771
0 0.867355 0.463860 0.079428 0.031771
0 0.867355 0.513900 0.079428 0.031771
0 0.867355 0.586180 0.079428 0.031771
0 0.867355 0.624305 0.079428 0.031771
0 0.867355 0.662431 0.079428 0.031771
0 0.867355 0.711676 0.079428 0.031771
0 0.867355 0.793487 0.079428 0.031771
0 0.792693 0.867355 0.031771 0.079428
0 0.746624 0.867355 0.031771 0.079428
0 0.702939 0.867355 0.031771 0.079428
0 0.664813 0.867355 0.031771 0.079428
0 0.629071 0.867355 0.031771 0.079428
0 0.592534 0.867355 0.031771 0.079428
0 0.523431 0.867355 0.031771 0.079428
0 0.478952 0.867355 0.031771 0.079428
0 0.444797 0.867355 0.031771 0.079428
0 0.411438 0.867355 0.031771 0.079428
0 0.364575 0.867355 0.031771 0.079428
0 0.326450 0.867355 0.031771 0.079428
0 0.286736 0.867355 0.031771 0.079428
0 0.243844 0.867355 0.031771 0.079428
0 0.202542 0.867355 0.031771 0.079428
0 0.132645 0.797458 0.079428 0.031771
0 0.132645 0.755361 0.079428 0.031771
0 0.132645 0.704527 0.079428 0.031771
0 0.132645 0.662431 0.079428 0.031771
0 0.132645 0.622716 0.079428 0.031771
0 0.132645 0.585385 0.079428 0.031771
0 0.132645 0.549643 0.079428 0.031771
0 0.132645 0.513900 0.079428 0.031771
0 0.132645 0.471803 0.079428 0.031771
0 0.132645 0.435266 0.079428 0.031771
0 0.132645 0.401112 0.079428 0.031771
0 0.132645 0.365369 0.079428 0.031771
0 0.132645 0.332010 0.079428 0.031771
0 0.132645 0.288324 0.079428 0.031771
0 0.132645 0.236696 0.079428 0.031771
0 0.132645 0.196187 0.079428 0.031771
