0 0.208102 0.142176 0.031771 0.079428
0 0.247816 0.142176 0.031771 0.079428
0 0.285147 0.142176 0.031771 0.079428
0 0.323272 0.142176 0.031771 0.079428
0 0.357427 0.142176 0.031771 0.079428
0 0.391581 0.142176 0.031771 0.079428
0 0.428912 0.142176 0.031771 0.079428
0 0.465449 0.142176 0.031771 0.079428
0 0.521048 0.142176 0.031771 0.079428
0 0.550437 0.142176 0.031771 0.079428
0 0.583002 0.142176 0.031771 0.079428
0 0.614774 0.142176 0.031771 0.079428
0 0.650516 0.142176 0.031771 0.079428
0 0.700556 0.142176 0.031771 0.079428
0 0.737093 0.142176 0.031771 0.079428
0 0.774424 0.142176 0.031771 0.079428
0 0.857824 0.197776 0.079428 0.031771
0 0.857824 0.237490 0.079428 0.031771
0 0.857824 0.275616 0.079428 0.031771
0 0.857824 0.319301 0.079428 0.031771
0 0.857824 0.353455 0.079428 0.031771
0 0.857824 0.398729 0.079428 0.031771
0 0.857824 0.460683 0.079428 0.031771
0 0.857824 0.516283 0.079428 0.031771
0 0.857824 0.550437 0.079428 0.031771
0 0.857824 0.583002 0.079428 0.031771
0 0.857824 0.618745 0.079428 0.031771
0 0.857824 0.656871 0.079428 0.031771
0 0.857824 0.706116 0.079428 0.031771
0 0.857824 0.745036 0.079428 0.031771
0 0.779984 0.857824 0.031771 0.079428
0 0.736299 0.857824 0.031771 0.079428
0 0.694202 0.857824 0.031771 0.079428
0 0.657665 0.857824 0.031771 0.079428
0 0.623511 0.857824 0.031771 0.079428
0 0.590945 0.857824 0.031771 0.079428
0 0.555997 0.857824 0.031771 0.079428
0 0.521843 0.857824 0.031771 0.079428
0 0.478952 0.857824 0.031771 0.079428
0 0.445592 0.857824 0.031771 0.079428
0 0.365369 0.857824 0.031771 0.079428
0 0.328038 0.857824 0.031771 0.079428
0 0.289118 0.857824 0.031771 0.079428
0 0.247816 0.857824 0.031771 0.079428
0 0.208896 0.857824 0.031771 0.079428
0 0.142176 0.788721 0.079428 0.031771
0 0.142176 0.749007 0.079428 0.031771
0 0.142176 0.694996 0.079428 0.031771
0 0.142176 0.656076 0.079428 0.031771
0 0.142176 0.617156 0.079428 0.031771
0 0.142176 0.581414 0.079428 0.031771
0 0.142176 0.545671 0.079428 0.031771
0 0.142176 0.509929 0.079428 0.031771
0 0.142176 0.469420 0.079428 0.031771
0 0.142176 0.432883 0.079428 0.031771
0 0.142176 0.400318 0.079428 0.031771
0 0.142176 0.365369 0.079428 0.031771
0 0.142176 0.334392 0.079428 0.031771
0 0.142176 0.291501 0.079428 0.031771
0 0.142176 0.239873 0.079428 0.031771
0 0.142176 0.200953 0.079428 0.031771
