0 0.215250 0.151708 0.031771 0.079428
0 0.251787 0.151708 0.031771 0.079428
0 0.288324 0.151708 0.031771 0.079428
0 0.324861 0.151708 0.031771 0.079428
0 0.356632 0.151708 0.031771 0.079428
0 0.389198 0.151708 0.031771 0.079428
0 0.428118 0.151708 0.031771 0.079428
0 0.464654 0.151708 0.031771 0.079428
0 0.579031 0.151708 0.031771 0.079428
0 0.610008 0.151708 0.031771 0.079428
0 0.642573 0.151708 0.031771 0.079428
0 0.693407 0.151708 0.031771 0.079428
0 0.727562 0.151708 0.031771 0.079428
0 0.761716 0.151708 0.031771 0.079428
0 0.848292 0.276410 0.079428 0.031771
0 0.848292 0.352661 0.079428 0.031771
0 0.848292 0.397935 0.079428 0.031771
0 0.848292 0.515488 0.079428 0.031771
0 0.848292 0.548848 0.079428 0.031771
0 0.848292 0.614774 0.079428 0.031771
0 0.848292 0.650516 0.079428 0.031771
0 0.848292 0.700556 0.079428 0.031771
0 0.848292 0.737887 0.079428 0.031771
0 0.768070 0.848292 0.031771 0.079428
0 0.725973 0.848292 0.031771 0.079428
0 0.686259 0.848292 0.031771 0.079428
0 0.652105 0.848292 0.031771 0.079428
0 0.621922 0.848292 0.031771 0.079428
0 0.589357 0.848292 0.031771 0.079428
0 0.555997 0.848292 0.031771 0.079428
0 0.445592 0.848292 0.031771 0.079428
0 0.415409 0.848292 0.031771 0.079428
0 0.366958 0.848292 0.031771 0.079428
0 0.293090 0.848292 0.031771 0.079428
0 0.252581 0.848292 0.031771 0.079428
0 0.215250 0.848292 0.031771 0.079428
0 0.151708 0.780778 0.079428 0.031771
0 0.151708 0.741859 0.079428 0.031771
0 0.151708 0.686259 0.079428 0.031771
0 0.151708 0.648133 0.079428 0.031771
0 0.151708 0.611597 0.079428 0.031771
0 0.151708 0.577442 0.079428 0.031771
0 0.151708 0.540905 0.079428 0.031771
0 0.151708 0.506751 0.079428 0.031771
0 0.151708 0.467037 0.079428 0.031771
0 0.151708 0.431295 0.079428 0.031771
0 0.151708 0.399523 0.079428 0.031771
0 0.151708 0.336775 0.079428 0.031771
0 0.151708 0.294678 0.079428 0.031771
0 0.151708 0.242256 0.079428 0.031771
0 0.151708 0.205719 0.079428 0.031771
