0 0.221604 0.161239 0.031771 0.079428
0 0.257347 0.161239 0.031771 0.079428
0 0.292295 0.161239 0.031771 0.079428
0 0.325655 0.161239 0.031771 0.079428
0 0.356632 0.161239 0.031771 0.079428
0 0.387609 0.161239 0.031771 0.079428
0 0.427323 0.161239 0.031771 0.079428
0 0.463066 0.161239 0.031771 0.079428
0 0.520254 0.161239 0.031771 0.079428
0 0.547260 0.161239 0.031771 0.079428
0 0.576648 0.161239 0.031771 0.079428
0 0.635425 0.161239 0.031771 0.079428
0 0.749801 0.161239 0.031771 0.079428
0 0.838761 0.397935 0.079428 0.031771
0 0.838761 0.427323 0.079428 0.031771
0 0.838761 0.455123 0.079428 0.031771
0 0.838761 0.514694 0.079428 0.031771
0 0.838761 0.610802 0.079428 0.031771
0 0.838761 0.732327 0.079428 0.031771
0 0.717236 0.838761 0.031771 0.079428
0 0.679110 0.838761 0.031771 0.079428
0 0.555997 0.838761 0.031771 0.079428
0 0.519460 0.838761 0.031771 0.079428
0 0.480540 0.838761 0.031771 0.079428
0 0.417792 0.838761 0.031771 0.079428
0 0.333598 0.838761 0.031771 0.079428
0 0.296267 0.838761 0.031771 0.079428
0 0.257347 0.838761 0.031771 0.079428
0 0.220810 0.838761 0.031771 0.079428
0 0.161239 0.772041 0.079428 0.031771
0 0.161239 0.734710 0.079428 0.031771
0 0.161239 0.677522 0.079428 0.031771
0 0.161239 0.640985 0.079428 0.031771
0 0.161239 0.606831 0.079428 0.031771
0 0.161239 0.573471 0.079428 0.031771
0 0.161239 0.536934 0.079428 0.031771
0 0.161239 0.502780 0.079428 0.031771
0 0.161239 0.463860 0.079428 0.031771
0 0.161239 0.429706 0.079428 0.031771
0 0.161239 0.399523 0.079428 0.031771
0 0.161239 0.367752 0.079428 0.031771
0 0.161239 0.339158 0.079428 0.031771
0 0.161239 0.297855 0.079428 0.031771
0 0.161239 0.245433 0.079428 0.031771
0 0.161239 0.210485 0.079428 0.031771
