0 0.219222 0.156473 0.031771 0.079428
0 0.289913 0.156473 0.031771 0.079428
0 0.324861 0.156473 0.031771 0.079428
0 0.355838 0.156473 0.031771 0.079428
0 0.389198 0.156473 0.031771 0.079428
0 0.427323 0.156473 0.031771 0.079428
0 0.578237 0.156473 0.031771 0.079428
0 0.607625 0.156473 0.031771 0.079428
0 0.639396 0.156473 0.031771 0.079428
0 0.690230 0.156473 0.031771 0.079428
0 0.755361 0.156473 0.031771 0.079428
0 0.843527 0.204130 0.079428 0.031771
0 0.843527 0.320095 0.079428 0.031771
0 0.843527 0.352661 0.079428 0.031771
0 0.843527 0.455917 0.079428 0.031771
0 0.843527 0.510723 0.079428 0.031771
0 0.843527 0.648133 0.079428 0.031771
0 0.843527 0.698173 0.079428 0.031771
0 0.843527 0.734710 0.079428 0.031771
0 0.763304 0.843527 0.031771 0.079428
0 0.619539 0.843527 0.031771 0.079428
0 0.587768 0.843527 0.031771 0.079428
0 0.520254 0.843527 0.031771 0.079428
0 0.416203 0.843527 0.031771 0.079428
0 0.366958 0.843527 0.031771 0.079428
0 0.332010 0.843527 0.031771 0.079428
0 0.254170 0.843527 0.031771 0.079428
0 0.217633 0.843527 0.031771 0.079428
0 0.156473 0.776013 0.079428 0.031771
0 0.156473 0.738681 0.079428 0.031771
0 0.156473 0.680699 0.079428 0.031771
0 0.156473 0.644956 0.079428 0.031771
0 0.156473 0.609214 0.079428 0.031771
0 0.156473 0.575060 0.079428 0.031771
0 0.156473 0.538523 0.079428 0.031771
0 0.156473 0.505163 0.079428 0.031771
0 0.156473 0.465449 0.079428 0.031771
0 0.156473 0.430500 0.079428 0.031771
0 0.156473 0.399523 0.079428 0.031771
0 0.156473 0.366958 0.079428 0.031771
0 0.156473 0.337569 0.079428 0.031771
0 0.156473 0.296267 0.079428 0.031771
0 0.156473 0.243844 0.079428 0.031771
0 0.156473 0.208102 0.079428 0.031771
