0 0.204925 0.137411 0.031771 0.079428
0 0.245433 0.137411 0.031771 0.079428
0 0.283558 0.137411 0.031771 0.079428
0 0.322478 0.137411 0.031771 0.079428
0 0.357427 0.137411 0.031771 0.079428
0 0.392375 0.137411 0.031771 0.079428
0 0.428912 0.137411 0.031771 0.079428
0 0.466243 0.137411 0.031771 0.079428
0 0.521843 0.137411 0.031771 0.079428
0 0.552025 0.137411 0.031771 0.079428
0 0.584591 0.137411 0.031771 0.079428
0 0.617951 0.137411 0.031771 0.079428
0 0.653693 0.137411 0.031771 0.079428
0 0.703733 0.137411 0.031771 0.079428
0 0.741064 0.137411 0.031771 0.079428
0 0.780778 0.137411 0.031771 0.079428
0 0.862589 0.196187 0.079428 0.031771
0 0.862589 0.235902 0.079428 0.031771
0 0.862589 0.275616 0.079428 0.031771
0 0.862589 0.319301 0.079428 0.031771
0 0.862589 0.355044 0.079428 0.031771
0 0.862589 0.398729 0.079428 0.031771
0 0.862589 0.431295 0.079428 0.031771
0 0.862589 0.462272 0.079428 0.031771
0 0.862589 0.513900 0.079428 0.031771
0 0.862589 0.551231 0.079428 0.031771
0 0.862589 0.584591 0.079428 0.031771
0 0.862589 0.621922 0.079428 0.031771
0 0.862589 0.660048 0.079428 0.031771
0 0.862589 0.748213 0.079428 0.031771
0 0.862589 0.789515 0.079428 0.031771
0 0.785544 0.862589 0.031771 0.079428
0 0.741064 0.862589 0.031771 0.079428
0 0.698967 0.862589 0.031771 0.079428
0 0.661636 0.862589 0.031771 0.079428
0 0.626688 0.862589 0.031771 0.079428
0 0.556791 0.862589 0.031771 0.079428
0 0.521843 0.862589 0.031771 0.079428
0 0.479746 0.862589 0.031771 0.079428
0 0.445592 0.862589 0.031771 0.079428
0 0.411438 0.862589 0.031771 0.079428
0 0.365369 0.862589 0.031771 0.079428
0 0.327244 0.862589 0.031771 0.079428
0 0.287530 0.862589 0.031771 0.079428
0 0.205719 0.862589 0.031771 0.079428
0 0.137411 0.793487 0.079428 0.031771
0 0.137411 0.752184 0.079428 0.031771
0 0.137411 0.700556 0.079428 0.031771
0 0.137411 0.659253 0.079428 0.031771
0 0.137411 0.620334 0.079428 0.031771
0 0.137411 0.583797 0.079428 0.031771
0 0.137411 0.547260 0.079428 0.031771
0 0.137411 0.512311 0.079428 0.031771
0 0.137411 0.470214 0.079428 0.031771
0 0.137411 0.433678 0.079428 0.031771
0 0.137411 0.400318 0.079428 0.031771
0 0.137411 0.365369 0.079428 0.031771
0 0.137411 0.332804 0.079428 0.031771
0 0.137411 0.289913 0.079428 0.031771
0 0.137411 0.198570 0.079428 0.031771
