0 0.211279 0.149325 0.031771 0.079428
0 0.249404 0.149325 0.031771 0.079428
0 0.287530 0.149325 0.031771 0.079428
0 0.325655 0.149325 0.031771 0.079428
0 0.392375 0.149325 0.031771 0.079428
0 0.427323 0.149325 0.031771 0.079428
0 0.463860 0.149325 0.031771 0.079428
0 0.520254 0.149325 0.031771 0.079428
0 0.549643 0.149325 0.031771 0.079428
0 0.579825 0.149325 0.031771 0.079428
0 0.612391 0.149325 0.031771 0.079428
0 0.643368 0.149325 0.031771 0.079428
0 0.693407 0.149325 0.031771 0.079428
0 0.729944 0.149325 0.031771 0.079428
0 0.766481 0.149325 0.031771 0.079428
0 0.850675 0.202542 0.079428 0.031771
0 0.850675 0.241461 0.079428 0.031771
0 0.850675 0.277204 0.079428 0.031771
0 0.850675 0.320890 0.079428 0.031771
0 0.850675 0.355044 0.079428 0.031771
0 0.850675 0.400318 0.079428 0.031771
0 0.850675 0.432089 0.079428 0.031771
0 0.850675 0.461477 0.079428 0.031771
0 0.850675 0.516283 0.079428 0.031771
0 0.850675 0.556791 0.079428 0.031771
0 0.850675 0.586974 0.079428 0.031771
0 0.850675 0.620334 0.079428 0.031771
0 0.850675 0.656076 0.079428 0.031771
0 0.850675 0.705322 0.079428 0.031771
0 0.850675 0.742653 0.079428 0.031771
0 0.850675 0.779984 0.079428 0.031771
0 0.776013 0.850675 0.031771 0.079428
0 0.733916 0.850675 0.031771 0.079428
0 0.694996 0.850675 0.031771 0.079428
0 0.659253 0.850675 0.031771 0.079428
0 0.626688 0.850675 0.031771 0.079428
0 0.593328 0.850675 0.031771 0.079428
0 0.561557 0.850675 0.031771 0.079428
0 0.522637 0.850675 0.031771 0.079428
0 0.480540 0.850675 0.031771 0.079428
0 0.446386 0.850675 0.031771 0.079428
0 0.414615 0.850675 0.031771 0.079428
0 0.366958 0.850675 0.031771 0.079428
0 0.330421 0.850675 0.031771 0.079428
0 0.292295 0.850675 0.031771 0.079428
0 0.252581 0.850675 0.031771 0.079428
0 0.212867 0.850675 0.031771 0.079428
0 0.149325 0.783161 0.079428 0.031771
0 0.149325 0.743447 0.079428 0.031771
0 0.149325 0.688642 0.079428 0.031771
0 0.149325 0.650516 0.079428 0.031771
0 0.149325 0.614774 0.079428 0.031771
0 0.149325 0.579031 0.079428 0.031771
0 0.149325 0.542494 0.079428 0.031771
0 0.149325 0.507546 0.079428 0.031771
0 0.149325 0.468626 0.079428 0.031771
0 0.149325 0.432883 0.079428 0.031771
0 0.149325 0.400318 0.079428 0.031771
0 0.149325 0.366958 0.079428 0.031771
0 0.149325 0.335981 0.079428 0.031771
0 0.149325 0.293090 0.079428 0.031771
0 0.149325 0.240667 0.079428 0.031771
0 0.149325 0.204130 0.079428 0.031771
