0 0.201747 0.135028 0.031771 0.079428
0 0.243844 0.135028 0.031771 0.079428
0 0.282764 0.135028 0.031771 0.079428
0 0.323272 0.135028 0.031771 0.079428
0 0.359809 0.135028 0.031771 0.079428
0 0.395552 0.135028 0.031771 0.079428
0 0.428912 0.135028 0.031771 0.079428
0 0.466243 0.135028 0.031771 0.079428
0 0.521048 0.135028 0.031771 0.079428
0 0.552025 0.135028 0.031771 0.079428
0 0.584591 0.135028 0.031771 0.079428
0 0.620334 0.135028 0.031771 0.079428
0 0.655282 0.135028 0.031771 0.079428
0 0.704527 0.135028 0.031771 0.079428
0 0.744241 0.135028 0.031771 0.079428
0 0.784750 0.135028 0.031771 0.079428
0 0.864972 0.196982 0.079428 0.031771
0 0.864972 0.276410 0.079428 0.031771
0 0.864972 0.320890 0.079428 0.031771
0 0.864972 0.356632 0.079428 0.031771
0 0.864972 0.400318 0.079428 0.031771
0 0.864972 0.433678 0.079428 0.031771
0 0.864972 0.464654 0.079428 0.031771
0 0.864972 0.517077 0.079428 0.031771
0 0.864972 0.557585 0.079428 0.031771
0 0.864972 0.589357 0.079428 0.031771
0 0.864972 0.625894 0.079428 0.031771
0 0.864972 0.664019 0.079428 0.031771
0 0.864972 0.712470 0.079428 0.031771
0 0.864972 0.752184 0.079428 0.031771
0 0.864972 0.792693 0.079428 0.031771
0 0.791898 0.864972 0.031771 0.079428
0 0.748213 0.864972 0.031771 0.079428
0 0.706116 0.864972 0.031771 0.079428
0 0.667990 0.864972 0.031771 0.079428
0 0.631454 0.864972 0.031771 0.079428
0 0.595711 0.864972 0.031771 0.079428
0 0.560763 0.864972 0.031771 0.079428
0 0.524226 0.864972 0.031771 0.079428
0 0.480540 0.864972 0.031771 0.079428
0 0.445592 0.864972 0.031771 0.079428
0 0.412232 0.864972 0.031771 0.079428
0 0.365369 0.864972 0.031771 0.079428
0 0.327244 0.864972 0.031771 0.079428
0 0.287530 0.864972 0.031771 0.079428
0 0.247021 0.864972 0.031771 0.079428
0 0.204130 0.864972 0.031771 0.079428
0 0.135028 0.795075 0.079428 0.031771
0 0.135028 0.753773 0.079428 0.031771
0 0.135028 0.702939 0.079428 0.031771
0 0.135028 0.660842 0.079428 0.031771
0 0.135028 0.623511 0.079428 0.031771
0 0.135028 0.584591 0.079428 0.031771
0 0.135028 0.548848 0.079428 0.031771
0 0.135028 0.513106 0.079428 0.031771
0 0.135028 0.471803 0.079428 0.031771
0 0.135028 0.435266 0.079428 0.031771
0 0.135028 0.401112 0.079428 0.031771
0 0.135028 0.366164 0.079428 0.031771
0 0.135028 0.332804 0.079428 0.031771
0 0.135028 0.289118 0.079428 0.031771
0 0.135028 0.237490 0.079428 0.031771
0 0.135028 0.196982 0.079428 0.031771
