0 0.208102 0.144559 0.031771 0.079428
0 0.247816 0.144559 0.031771 0.079428
0 0.285941 0.144559 0.031771 0.079428
0 0.324861 0.144559 0.031771 0.079428
0 0.359809 0.144559 0.031771 0.079428
0 0.392375 0.144559 0.031771 0.079428
0 0.427323 0.144559 0.031771 0.079428
0 0.464654 0.144559 0.031771 0.079428
0 0.520254 0.144559 0.031771 0.079428
0 0.550437 0.144559 0.031771 0.079428
0 0.581414 0.144559 0.031771 0.079428
0 0.614774 0.144559 0.031771 0.079428
0 0.647339 0.144559 0.031771 0.079428
0 0.697379 0.144559 0.031771 0.079428
0 0.735504 0.144559 0.031771 0.079428
0 0.772041 0.144559 0.031771 0.079428
0 0.855441 0.200953 0.079428 0.031771
0 0.855441 0.239873 0.079428 0.031771
0 0.855441 0.277204 0.079428 0.031771
0 0.855441 0.320890 0.079428 0.031771
0 0.855441 0.355838 0.079428 0.031771
0 0.855441 0.400318 0.079428 0.031771
0 0.855441 0.463066 0.079428 0.031771
0 0.855441 0.516283 0.079428 0.031771
0 0.855441 0.557585 0.079428 0.031771
0 0.855441 0.587768 0.079428 0.031771
0 0.855441 0.621922 0.079428 0.031771
0 0.855441 0.659253 0.079428 0.031771
0 0.855441 0.707705 0.079428 0.031771
0 0.855441 0.745830 0.079428 0.031771
0 0.855441 0.783956 0.079428 0.031771
0 0.780778 0.855441 0.031771 0.079428
0 0.739476 0.855441 0.031771 0.079428
0 0.698967 0.855441 0.031771 0.079428
0 0.661636 0.855441 0.031771 0.079428
0 0.628276 0.855441 0.031771 0.079428
0 0.594122 0.855441 0.031771 0.079428
0 0.560763 0.855441 0.031771 0.079428
0 0.522637 0.855441 0.031771 0.079428
0 0.480540 0.855441 0.031771 0.079428
0 0.446386 0.855441 0.031771 0.079428
0 0.413820 0.855441 0.031771 0.079428
0 0.366958 0.855441 0.031771 0.079428
0 0.329627 0.855441 0.031771 0.079428
0 0.290707 0.855441 0.031771 0.079428
0 0.250993 0.855441 0.031771 0.079428
0 0.209690 0.855441 0.031771 0.079428
0 0.144559 0.787133 0.079428 0.031771
0 0.144559 0.747419 0.079428 0.031771
0 0.144559 0.693407 0.079428 0.031771
0 0.144559 0.653693 0.079428 0.031771
0 0.144559 0.617951 0.079428 0.031771
0 0.144559 0.580620 0.079428 0.031771
0 0.144559 0.544877 0.079428 0.031771
0 0.144559 0.509134 0.079428 0.031771
0 0.144559 0.469420 0.079428 0.031771
0 0.144559 0.433678 0.079428 0.031771
0 0.144559 0.400318 0.079428 0.031771
0 0.144559 0.366958 0.079428 0.031771
0 0.144559 0.334392 0.079428 0.031771
0 0.144559 0.291501 0.079428 0.031771
0 0.144559 0.239873 0.079428 0.031771
0 0.144559 0.201747 0.079428 0.031771
