0 0.214456 0.154091 0.031771 0.079428
0 0.251787 0.154091 0.031771 0.079428
0 0.288324 0.154091 0.031771 0.079428
0 0.325655 0.154091 0.031771 0.079428
0 0.358221 0.154091 0.031771 0.079428
0 0.390786 0.154091 0.031771 0.079428
0 0.427323 0.154091 0.031771 0.079428
0 0.463066 0.154091 0.031771 0.079428
0 0.520254 0.154091 0.031771 0.079428
0 0.548848 0.154091 0.031771 0.079428
0 0.578237 0.154091 0.031771 0.079428
0 0.609214 0.154091 0.031771 0.079428
0 0.639396 0.154091 0.031771 0.079428
0 0.690230 0.154091 0.031771 0.079428
0 0.725973 0.154091 0.031771 0.079428
0 0.845909 0.204925 0.079428 0.031771
0 0.845909 0.321684 0.079428 0.031771
0 0.845909 0.355044 0.079428 0.031771
0 0.845909 0.400318 0.079428 0.031771
0 0.845909 0.431295 0.079428 0.031771
0 0.845909 0.459889 0.079428 0.031771
0 0.845909 0.515488 0.079428 0.031771
0 0.845909 0.586180 0.079428 0.031771
0 0.845909 0.618745 0.079428 0.031771
0 0.845909 0.654488 0.079428 0.031771
0 0.845909 0.739476 0.079428 0.031771
0 0.845909 0.776013 0.079428 0.031771
0 0.770453 0.845909 0.031771 0.079428
0 0.729944 0.845909 0.031771 0.079428
0 0.691819 0.845909 0.031771 0.079428
0 0.656871 0.845909 0.031771 0.079428
0 0.625099 0.845909 0.031771 0.079428
0 0.592534 0.845909 0.031771 0.079428
0 0.561557 0.845909 0.031771 0.079428
0 0.522637 0.845909 0.031771 0.079428
0 0.480540 0.845909 0.031771 0.079428
0 0.447180 0.845909 0.031771 0.079428
0 0.416203 0.845909 0.031771 0.079428
0 0.367752 0.845909 0.031771 0.079428
0 0.332010 0.845909 0.031771 0.079428
0 0.293884 0.845909 0.031771 0.079428
0 0.254964 0.845909 0.031771 0.079428
0 0.216044 0.845909 0.031771 0.079428
0 0.154091 0.778396 0.079428 0.031771
0 0.154091 0.740270 0.079428 0.031771
0 0.154091 0.684670 0.079428 0.031771
0 0.154091 0.646545 0.079428 0.031771
0 0.154091 0.612391 0.079428 0.031771
0 0.154091 0.576648 0.079428 0.031771
0 0.154091 0.540905 0.079428 0.031771
0 0.154091 0.505957 0.079428 0.031771
0 0.154091 0.467832 0.079428 0.031771
0 0.154091 0.431295 0.079428 0.031771
0 0.154091 0.399523 0.079428 0.031771
0 0.154091 0.367752 0.079428 0.031771
0 0.154091 0.336775 0.079428 0.031771
0 0.154091 0.294678 0.079428 0.031771
0 0.154091 0.242256 0.079428 0.031771
0 0.154091 0.205719 0.079428 0.031771
