0 0.216839 0.158856 0.031771 0.079428
0 0.253376 0.158856 0.031771 0.079428
0 0.290707 0.158856 0.031771 0.079428
0 0.325655 0.158856 0.031771 0.079428
0 0.358221 0.158856 0.031771 0.079428
0 0.389992 0.158856 0.031771 0.079428
0 0.426529 0.158856 0.031771 0.079428
0 0.462272 0.158856 0.031771 0.079428
0 0.520254 0.158856 0.031771 0.079428
0 0.548054 0.158856 0.031771 0.079428
0 0.576648 0.158856 0.031771 0.079428
0 0.607625 0.158856 0.031771 0.079428
0 0.636219 0.158856 0.031771 0.079428
0 0.721207 0.158856 0.031771 0.079428
0 0.753773 0.158856 0.031771 0.079428
0 0.841144 0.206513 0.079428 0.031771
0 0.841144 0.243844 0.079428 0.031771
0 0.841144 0.278793 0.079428 0.031771
0 0.841144 0.321684 0.079428 0.031771
0 0.841144 0.355044 0.079428 0.031771
0 0.841144 0.400318 0.079428 0.031771
0 0.841144 0.430500 0.079428 0.031771
0 0.841144 0.459095 0.079428 0.031771
0 0.841144 0.521843 0.079428 0.031771
0 0.841144 0.585385 0.079428 0.031771
0 0.841144 0.617156 0.079428 0.031771
0 0.841144 0.652105 0.079428 0.031771
0 0.841144 0.737093 0.079428 0.031771
0 0.765687 0.841144 0.031771 0.079428
0 0.725973 0.841144 0.031771 0.079428
0 0.688642 0.841144 0.031771 0.079428
0 0.654488 0.841144 0.031771 0.079428
0 0.623511 0.841144 0.031771 0.079428
0 0.592534 0.841144 0.031771 0.079428
0 0.561557 0.841144 0.031771 0.079428
0 0.521843 0.841144 0.031771 0.079428
0 0.481334 0.841144 0.031771 0.079428
0 0.447975 0.841144 0.031771 0.079428
0 0.417792 0.841144 0.031771 0.079428
0 0.368546 0.841144 0.031771 0.079428
0 0.332804 0.841144 0.031771 0.079428
0 0.256553 0.841144 0.031771 0.079428
0 0.219222 0.841144 0.031771 0.079428
0 0.158856 0.774424 0.079428 0.031771
0 0.158856 0.737093 0.079428 0.031771
0 0.158856 0.680699 0.079428 0.031771
0 0.158856 0.643368 0.079428 0.031771
0 0.158856 0.609214 0.079428 0.031771
0 0.158856 0.575060 0.079428 0.031771
0 0.158856 0.538523 0.079428 0.031771
0 0.158856 0.503574 0.079428 0.031771
0 0.158856 0.466243 0.079428 0.031771
0 0.158856 0.430500 0.079428 0.031771
0 0.158856 0.399523 0.079428 0.031771
0 0.158856 0.368546 0.079428 0.031771
0 0.158856 0.338364 0.079428 0.031771
0 0.158856 0.296267 0.079428 0.031771
0 0.158856 0.243050 0.079428 0.031771
0 0.158856 0.208102 0.079428 0.031771
