0 0.220016 0.163622 0.031771 0.079428
0 0.256553 0.163622 0.031771 0.079428
0 0.291501 0.163622 0.031771 0.079428
0 0.326450 0.163622 0.031771 0.079428
0 0.358221 0.163622 0.031771 0.079428
0 0.389198 0.163622 0.031771 0.079428
0 0.425735 0.163622 0.031771 0.079428
0 0.461477 0.163622 0.031771 0.079428
0 0.519460 0.163622 0.031771 0.079428
0 0.547260 0.163622 0.031771 0.079428
0 0.575060 0.163622 0.031771 0.079428
0 0.632248 0.163622 0.031771 0.079428
0 0.683082 0.163622 0.031771 0.079428
0 0.747419 0.163622 0.031771 0.079428
0 0.836378 0.245433 0.079428 0.031771
0 0.836378 0.322478 0.079428 0.031771
0 0.836378 0.400318 0.079428 0.031771
0 0.836378 0.458300 0.079428 0.031771
0 0.836378 0.521048 0.079428 0.031771
0 0.836378 0.556791 0.079428 0.031771
0 0.836378 0.584591 0.079428 0.031771
0 0.836378 0.615568 0.079428 0.031771
0 0.836378 0.648928 0.079428 0.031771
0 0.836378 0.698967 0.079428 0.031771
0 0.836378 0.733916 0.079428 0.031771
0 0.836378 0.768070 0.079428 0.031771
0 0.760921 0.836378 0.031771 0.079428
0 0.721207 0.836378 0.031771 0.079428
0 0.684670 0.836378 0.031771 0.079428
0 0.652105 0.836378 0.031771 0.079428
0 0.621922 0.836378 0.031771 0.079428
0 0.591739 0.836378 0.031771 0.079428
0 0.521843 0.836378 0.031771 0.079428
0 0.481334 0.836378 0.031771 0.079428
0 0.447975 0.836378 0.031771 0.079428
0 0.419380 0.836378 0.031771 0.079428
0 0.368546 0.836378 0.031771 0.079428
0 0.334392 0.836378 0.031771 0.079428
0 0.298650 0.836378 0.031771 0.079428
0 0.258936 0.836378 0.031771 0.079428
0 0.222399 0.836378 0.031771 0.079428
0 0.163622 0.769658 0.079428 0.031771
0 0.163622 0.733916 0.079428 0.031771
0 0.163622 0.675139 0.079428 0.031771
0 0.163622 0.639396 0.079428 0.031771
0 0.163622 0.606831 0.079428 0.031771
0 0.163622 0.572677 0.079428 0.031771
0 0.163622 0.536934 0.079428 0.031771
0 0.163622 0.501986 0.079428 0.031771
0 0.163622 0.465449 0.079428 0.031771
0 0.163622 0.429706 0.079428 0.031771
0 0.163622 0.399523 0.079428 0.031771
0 0.163622 0.369341 0.079428 0.031771
0 0.163622 0.339158 0.079428 0.031771
0 0.163622 0.297855 0.079428 0.031771
0 0.163622 0.244639 0.079428 0.031771
0 0.163622 0.210485 0.079428 0.031771
