0 0.204925 0.139793 0.031771 0.079428
0 0.245433 0.139793 0.031771 0.079428
0 0.284353 0.139793 0.031771 0.079428
0 0.324067 0.139793 0.031771 0.079428
0 0.359809 0.139793 0.031771 0.079428
0 0.393963 0.139793 0.031771 0.079428
0 0.428118 0.139793 0.031771 0.079428
0 0.464654 0.139793 0.031771 0.079428
0 0.520254 0.139793 0.031771 0.079428
0 0.551231 0.139793 0.031771 0.079428
0 0.583002 0.139793 0.031771 0.079428
0 0.617951 0.139793 0.031771 0.079428
0 0.651311 0.139793 0.031771 0.079428
0 0.700556 0.139793 0.031771 0.079428
0 0.779190 0.139793 0.031771 0.079428
0 0.860207 0.198570 0.079428 0.031771
0 0.860207 0.238284 0.079428 0.031771
0 0.860207 0.276410 0.079428 0.031771
0 0.860207 0.320890 0.079428 0.031771
0 0.860207 0.356632 0.079428 0.031771
0 0.860207 0.400318 0.079428 0.031771
0 0.860207 0.433678 0.079428 0.031771
0 0.860207 0.463860 0.079428 0.031771
0 0.860207 0.517077 0.079428 0.031771
0 0.860207 0.557585 0.079428 0.031771
0 0.860207 0.588562 0.079428 0.031771
0 0.860207 0.623511 0.079428 0.031771
0 0.860207 0.661636 0.079428 0.031771
0 0.860207 0.709293 0.079428 0.031771
0 0.860207 0.748213 0.079428 0.031771
0 0.860207 0.787927 0.079428 0.031771
0 0.786338 0.860207 0.031771 0.079428
0 0.744241 0.860207 0.031771 0.079428
0 0.702939 0.860207 0.031771 0.079428
0 0.664813 0.860207 0.031771 0.079428
0 0.629865 0.860207 0.031771 0.079428
0 0.594917 0.860207 0.031771 0.079428
0 0.560763 0.860207 0.031771 0.079428
0 0.523431 0.860207 0.031771 0.079428
0 0.480540 0.860207 0.031771 0.079428
0 0.445592 0.860207 0.031771 0.079428
0 0.413026 0.860207 0.031771 0.079428
0 0.366164 0.860207 0.031771 0.079428
0 0.328832 0.860207 0.031771 0.079428
0 0.289118 0.860207 0.031771 0.079428
0 0.248610 0.860207 0.031771 0.079428
0 0.207307 0.860207 0.031771 0.079428
0 0.139793 0.791104 0.079428 0.031771
0 0.139793 0.750596 0.079428 0.031771
0 0.139793 0.698173 0.079428 0.031771
0 0.139793 0.657665 0.079428 0.031771
0 0.139793 0.620334 0.079428 0.031771
0 0.139793 0.583002 0.079428 0.031771
0 0.139793 0.546465 0.079428 0.031771
0 0.139793 0.511517 0.079428 0.031771
0 0.139793 0.471009 0.079428 0.031771
0 0.139793 0.434472 0.079428 0.031771
0 0.139793 0.400318 0.079428 0.031771
0 0.139793 0.366164 0.079428 0.031771
0 0.139793 0.333598 0.079428 0.031771
0 0.139793 0.289913 0.079428 0.031771
0 0.139793 0.238284 0.079428 0.031771
0 0.139793 0.199365 0.079428 0.031771
