0 0.210277 0.147036 0.031621 0.079051
0 0.249012 0.147036 0.031621 0.079051
0 0.286166 0.147036 0.031621 0.079051
0 0.325692 0.147036 0.031621 0.079051
0 0.359684 0.147036 0.031621 0.079051
0 0.393676 0.147036 0.031621 0.079051
0 0.429249 0.147036 0.031621 0.079051
0 0.464822 0.147036 0.031621 0.079051
0 0.520158 0.147036 0.031621 0.079051
0 0.550198 0.147036 0.031621 0.079051
0 0.581818 0.147036 0.031621 0.079051
0 0.615020 0.147036 0.031621 0.079051
0 0.648221 0.147036 0.031621 0.079051
0 0.698024 0.147036 0.031621 0.079051
0 0.735968 0.147036 0.031621 0.079051
0 0.772332 0.147036 0.031621 0.079051
0 0.852964 0.203953 0.079051 0.031621
0 0.852964 0.241897 0.079051 0.031621
0 0.852964 0.279051 0.079051 0.031621
0 0.852964 0.323320 0.079051 0.031621
0 0.852964 0.357312 0.079051 0.031621
0 0.852964 0.402372 0.079051 0.031621
0 0.852964 0.433202 0.079051 0.031621
0 0.852964 0.463241 0.079051 0.031621
0 0.852964 0.516996 0.079051 0.031621
0 0.852964 0.555731 0.079051 0.031621
0 0.852964 0.587352 0.079051 0.031621
0 0.852964 0.621344 0.079051 0.031621
0 0.852964 0.656126 0.079051 0.031621
0 0.852964 0.705929 0.079051 0.031621
0 0.852964 0.743874 0.079051 0.031621
0 0.852964 0.781028 0.079051 0.031621
0 0.777866 0.852964 0.031621 0.079051
0 0.735178 0.852964 0.031621 0.079051
0 0.695652 0.852964 0.031621 0.079051
0 0.660079 0.852964 0.031621 0.079051
0 0.626087 0.852964 0.031621 0.079051
0 0.593676 0.852964 0.031621 0.079051
0 0.561265 0.852964 0.031621 0.079051
0 0.521739 0.852964 0.031621 0.079051
0 0.479842 0.852964 0.031621 0.079051
0 0.447431 0.852964 0.031621 0.079051
0 0.415020 0.852964 0.031621 0.079051
0 0.367589 0.852964 0.031621 0.079051
0 0.331225 0.852964 0.031621 0.079051
0 0.292490 0.852964 0.031621 0.079051
0 0.251383 0.852964 0.031621 0.079051
0 0.211858 0.852964 0.031621 0.079051
0 0.147036 0.784980 0.079051 0.031621
0 0.147036 0.745455 0.079051 0.031621
0 0.147036 0.691700 0.079051 0.031621
0 0.147036 0.653755 0.079051 0.031621
0 0.147036 0.581818 0.079051 0.031621
0 0.147036 0.545455 0.079051 0.031621
0 0.147036 0.510672 0.079051 0.031621
0 0.147036 0.471146 0.079051 0.031621
0 0.147036 0.433992 0.079051 0.031621
0 0.147036 0.400000 0.079051 0.031621
0 0.147036 0.368379 0.079051 0.031621
0 0.147036 0.335968 0.079051 0.031621
0 0.147036 0.294071 0.079051 0.031621
0 0.147036 0.242688 0.079051 0.031621
0 0.147036 0.205534 0.079051 0.031621
