0 0.203953 0.137549 0.031621 0.079051
0 0.245059 0.137549 0.031621 0.079051
0 0.283794 0.137549 0.031621 0.079051
0 0.324901 0.137549 0.031621 0.079051
0 0.360474 0.137549 0.031621 0.079051
0 0.395257 0.137549 0.031621 0.079051
0 0.430040 0.137549 0.031621 0.079051
0 0.465613 0.137549 0.031621 0.079051
0 0.520158 0.137549 0.031621 0.079051
0 0.551779 0.137549 0.031621 0.079051
0 0.585771 0.137549 0.031621 0.079051
0 0.620553 0.137549 0.031621 0.079051
0 0.656126 0.137549 0.031621 0.079051
0 0.704348 0.137549 0.031621 0.079051
0 0.744664 0.137549 0.031621 0.079051
0 0.784190 0.137549 0.031621 0.079051
0 0.862451 0.199209 0.079051 0.031621
0 0.862451 0.239526 0.079051 0.031621
0 0.862451 0.278261 0.079051 0.031621
0 0.862451 0.323320 0.079051 0.031621
0 0.862451 0.358103 0.079051 0.031621
0 0.862451 0.402372 0.079051 0.031621
0 0.862451 0.434783 0.079051 0.031621
0 0.862451 0.465613 0.079051 0.031621
0 0.862451 0.517787 0.079051 0.031621
0 0.862451 0.556522 0.079051 0.031621
0 0.862451 0.589723 0.079051 0.031621
0 0.862451 0.626087 0.079051 0.031621
0 0.862451 0.661660 0.079051 0.031621
0 0.862451 0.710672 0.079051 0.031621
0 0.862451 0.750988 0.079051 0.031621
0 0.862451 0.790514 0.079051 0.031621
0 0.788933 0.862451 0.031621 0.079051
0 0.744664 0.862451 0.031621 0.079051
0 0.703557 0.862451 0.031621 0.079051
0 0.665613 0.862451 0.031621 0.079051
0 0.630040 0.862451 0.031621 0.079051
0 0.594466 0.862451 0.031621 0.079051
0 0.561265 0.862451 0.031621 0.079051
0 0.522530 0.862451 0.031621 0.079051
0 0.479842 0.862451 0.031621 0.079051
0 0.446640 0.862451 0.031621 0.079051
0 0.412648 0.862451 0.031621 0.079051
0 0.366798 0.862451 0.031621 0.079051
0 0.328854 0.862451 0.031621 0.079051
0 0.288538 0.862451 0.031621 0.079051
0 0.247431 0.862451 0.031621 0.079051
0 0.207115 0.862451 0.031621 0.079051
0 0.137549 0.794466 0.079051 0.031621
0 0.137549 0.753360 0.079051 0.031621
0 0.137549 0.701976 0.079051 0.031621
0 0.137549 0.660870 0.079051 0.031621
0 0.137549 0.622925 0.079051 0.031621
0 0.137549 0.585771 0.079051 0.031621
0 0.137549 0.550198 0.079051 0.031621
0 0.137549 0.513834 0.079051 0.031621
0 0.137549 0.487747 0.079051 0.031621
0 0.137549 0.437154 0.079051 0.031621
0 0.137549 0.401581 0.079051 0.031621
0 0.137549 0.367589 0.079051 0.031621
0 0.137549 0.334387 0.079051 0.031621
0 0.137549 0.291700 0.079051 0.031621
0 0.137549 0.241107 0.079051 0.031621
0 0.137549 0.200791 0.079051 0.031621
