0 0.214229 0.151779 0.031621 0.079051
0 0.252174 0.151779 0.031621 0.079051
0 0.287747 0.151779 0.031621 0.079051
0 0.326482 0.151779 0.031621 0.079051
0 0.359684 0.151779 0.031621 0.079051
0 0.392885 0.151779 0.031621 0.079051
0 0.428458 0.151779 0.031621 0.079051
0 0.463241 0.151779 0.031621 0.079051
0 0.581028 0.151779 0.031621 0.079051
0 0.612648 0.151779 0.031621 0.079051
0 0.644269 0.151779 0.031621 0.079051
0 0.694071 0.151779 0.031621 0.079051
0 0.731225 0.151779 0.031621 0.079051
0 0.766008 0.151779 0.031621 0.079051
0 0.848221 0.205534 0.079051 0.031621
0 0.848221 0.243478 0.079051 0.031621
0 0.848221 0.279842 0.079051 0.031621
0 0.848221 0.323320 0.079051 0.031621
0 0.848221 0.356522 0.079051 0.031621
0 0.848221 0.402372 0.079051 0.031621
0 0.848221 0.432411 0.079051 0.031621
0 0.848221 0.461660 0.079051 0.031621
0 0.848221 0.516996 0.079051 0.031621
0 0.848221 0.554941 0.079051 0.031621
0 0.848221 0.586561 0.079051 0.031621
0 0.848221 0.619763 0.079051 0.031621
0 0.848221 0.653755 0.079051 0.031621
0 0.848221 0.702767 0.079051 0.031621
0 0.848221 0.739921 0.079051 0.031621
0 0.848221 0.777075 0.079051 0.031621
0 0.771542 0.848221 0.031621 0.079051
0 0.731225 0.848221 0.031621 0.079051
0 0.691700 0.848221 0.031621 0.079051
0 0.657708 0.848221 0.031621 0.079051
0 0.624506 0.848221 0.031621 0.079051
0 0.592885 0.848221 0.031621 0.079051
0 0.561265 0.848221 0.031621 0.079051
0 0.521739 0.848221 0.031621 0.079051
0 0.479842 0.848221 0.031621 0.079051
0 0.447431 0.848221 0.031621 0.079051
0 0.415810 0.848221 0.031621 0.079051
0 0.368379 0.848221 0.031621 0.079051
0 0.332806 0.848221 0.031621 0.079051
0 0.294071 0.848221 0.031621 0.079051
0 0.253755 0.848221 0.031621 0.079051
0 0.215020 0.848221 0.031621 0.079051
0 0.151779 0.781028 0.079051 0.031621
0 0.151779 0.742292 0.079051 0.031621
0 0.151779 0.687747 0.079051 0.031621
0 0.151779 0.649802 0.079051 0.031621
0 0.151779 0.614229 0.079051 0.031621
0 0.151779 0.579447 0.079051 0.031621
0 0.151779 0.543083 0.079051 0.031621
0 0.151779 0.508300 0.079051 0.031621
0 0.151779 0.469565 0.079051 0.031621
0 0.151779 0.433202 0.079051 0.031621
0 0.151779 0.400000 0.079051 0.031621
0 0.151779 0.368379 0.079051 0.031621
0 0.151779 0.337549 0.079051 0.031621
0 0.151779 0.295652 0.079051 0.031621
0 0.151779 0.244269 0.079051 0.031621
0 0.151779 0.207905 0.079051 0.031621
