0 0.217391 0.156522 0.031621 0.079051
0 0.254545 0.156522 0.031621 0.079051
0 0.289328 0.156522 0.031621 0.079051
0 0.327273 0.156522 0.031621 0.079051
0 0.359684 0.156522 0.031621 0.079051
0 0.391304 0.156522 0.031621 0.079051
0 0.428458 0.156522 0.031621 0.079051
0 0.463241 0.156522 0.031621 0.079051
0 0.578656 0.156522 0.031621 0.079051
0 0.610277 0.156522 0.031621 0.079051
0 0.641107 0.156522 0.031621 0.079051
0 0.690909 0.156522 0.031621 0.079051
0 0.726482 0.156522 0.031621 0.079051
0 0.760474 0.156522 0.031621 0.079051
0 0.843478 0.207905 0.079051 0.031621
0 0.843478 0.245059 0.079051 0.031621
0 0.843478 0.279842 0.079051 0.031621
0 0.843478 0.324111 0.079051 0.031621
0 0.843478 0.356522 0.079051 0.031621
0 0.843478 0.402372 0.079051 0.031621
0 0.843478 0.432411 0.079051 0.031621
0 0.843478 0.460079 0.079051 0.031621
0 0.843478 0.516206 0.079051 0.031621
0 0.843478 0.554941 0.079051 0.031621
0 0.843478 0.584980 0.079051 0.031621
0 0.843478 0.617391 0.079051 0.031621
0 0.843478 0.650593 0.079051 0.031621
0 0.843478 0.700395 0.079051 0.031621
0 0.843478 0.736759 0.079051 0.031621
0 0.843478 0.773123 0.079051 0.031621
0 0.766798 0.843478 0.031621 0.079051
0 0.726482 0.843478 0.031621 0.079051
0 0.687747 0.843478 0.031621 0.079051
0 0.655336 0.843478 0.031621 0.079051
0 0.623715 0.843478 0.031621 0.079051
0 0.592095 0.843478 0.031621 0.079051
0 0.560474 0.843478 0.031621 0.079051
0 0.521739 0.843478 0.031621 0.079051
0 0.479842 0.843478 0.031621 0.079051
0 0.448221 0.843478 0.031621 0.079051
0 0.417391 0.843478 0.031621 0.079051
0 0.368379 0.843478 0.031621 0.079051
0 0.333597 0.843478 0.031621 0.079051
0 0.295652 0.843478 0.031621 0.079051
0 0.256126 0.843478 0.031621 0.079051
0 0.218182 0.843478 0.031621 0.079051
0 0.156522 0.776285 0.079051 0.031621
0 0.156522 0.738340 0.079051 0.031621
0 0.156522 0.683004 0.079051 0.031621
0 0.156522 0.645850 0.079051 0.031621
0 0.156522 0.611858 0.079051 0.031621
0 0.156522 0.577866 0.079051 0.031621
0 0.156522 0.540711 0.079051 0.031621
0 0.156522 0.506719 0.079051 0.031621
0 0.156522 0.467984 0.079051 0.031621
0 0.156522 0.431621 0.079051 0.031621
0 0.156522 0.400000 0.079051 0.031621
0 0.156522 0.369170 0.079051 0.031621
0 0.156522 0.338340 0.079051 0.031621
0 0.156522 0.297233 0.079051 0.031621
0 0.156522 0.245850 0.079051 0.031621
