0 0.223715 0.166008 0.031621 0.079051
0 0.258498 0.166008 0.031621 0.079051
0 0.291700 0.166008 0.031621 0.079051
0 0.328854 0.166008 0.031621 0.079051
0 0.358893 0.166008 0.031621 0.079051
0 0.389723 0.166008 0.031621 0.079051
0 0.428458 0.166008 0.031621 0.079051
0 0.462451 0.166008 0.031621 0.079051
0 0.519368 0.166008 0.031621 0.079051
0 0.547826 0.166008 0.031621 0.079051
0 0.576285 0.166008 0.031621 0.079051
0 0.604743 0.166008 0.031621 0.079051
0 0.633992 0.166008 0.031621 0.079051
0 0.684585 0.166008 0.031621 0.079051
0 0.717787 0.166008 0.031621 0.079051
0 0.748617 0.166008 0.031621 0.079051
0 0.833992 0.247431 0.079051 0.031621
0 0.833992 0.280632 0.079051 0.031621
0 0.833992 0.324901 0.079051 0.031621
0 0.833992 0.355731 0.079051 0.031621
0 0.833992 0.402372 0.079051 0.031621
0 0.833992 0.430830 0.079051 0.031621
0 0.833992 0.458498 0.079051 0.031621
0 0.833992 0.516206 0.079051 0.031621
0 0.833992 0.554150 0.079051 0.031621
0 0.833992 0.583399 0.079051 0.031621
0 0.833992 0.614229 0.079051 0.031621
0 0.833992 0.645059 0.079051 0.031621
0 0.833992 0.696443 0.079051 0.031621
0 0.833992 0.731225 0.079051 0.031621
0 0.833992 0.765217 0.079051 0.031621
0 0.756522 0.833992 0.031621 0.079051
0 0.717787 0.833992 0.031621 0.079051
0 0.680632 0.833992 0.031621 0.079051
0 0.649802 0.833992 0.031621 0.079051
0 0.620553 0.833992 0.031621 0.079051
0 0.590514 0.833992 0.031621 0.079051
0 0.561265 0.833992 0.031621 0.079051
0 0.520158 0.833992 0.031621 0.079051
0 0.480632 0.833992 0.031621 0.079051
0 0.449012 0.833992 0.031621 0.079051
0 0.418972 0.833992 0.031621 0.079051
0 0.370751 0.833992 0.031621 0.079051
0 0.335968 0.833992 0.031621 0.079051
0 0.299605 0.833992 0.031621 0.079051
0 0.260870 0.833992 0.031621 0.079051
0 0.224506 0.833992 0.031621 0.079051
0 0.166008 0.768379 0.079051 0.031621
0 0.166008 0.732016 0.079051 0.031621
0 0.166008 0.674308 0.079051 0.031621
0 0.166008 0.639526 0.079051 0.031621
0 0.166008 0.606324 0.079051 0.031621
0 0.166008 0.573913 0.079051 0.031621
0 0.166008 0.537549 0.079051 0.031621
0 0.166008 0.502767 0.079051 0.031621
0 0.166008 0.465613 0.079051 0.031621
0 0.166008 0.430040 0.079051 0.031621
0 0.166008 0.399209 0.079051 0.031621
0 0.166008 0.369960 0.079051 0.031621
0 0.166008 0.340711 0.079051 0.031621
0 0.166008 0.300395 0.079051 0.031621
0 0.166008 0.249012 0.079051 0.031621
0 0.166008 0.215810 0.079051 0.031621
