0 0.220553 0.161265 0.031621 0.079051
0 0.256126 0.161265 0.031621 0.079051
0 0.290909 0.161265 0.031621 0.079051
0 0.358893 0.161265 0.031621 0.079051
0 0.390514 0.161265 0.031621 0.079051
0 0.428458 0.161265 0.031621 0.079051
0 0.469565 0.161265 0.031621 0.079051
0 0.520158 0.161265 0.031621 0.079051
0 0.577866 0.161265 0.031621 0.079051
0 0.637945 0.161265 0.031621 0.079051
0 0.687747 0.161265 0.031621 0.079051
0 0.722530 0.161265 0.031621 0.079051
0 0.754941 0.161265 0.031621 0.079051
0 0.838735 0.209486 0.079051 0.031621
0 0.838735 0.245850 0.079051 0.031621
0 0.838735 0.280632 0.079051 0.031621
0 0.838735 0.324111 0.079051 0.031621
0 0.838735 0.355731 0.079051 0.031621
0 0.838735 0.402372 0.079051 0.031621
0 0.838735 0.430830 0.079051 0.031621
0 0.838735 0.459289 0.079051 0.031621
0 0.838735 0.516206 0.079051 0.031621
0 0.838735 0.554150 0.079051 0.031621
0 0.838735 0.584190 0.079051 0.031621
0 0.838735 0.615810 0.079051 0.031621
0 0.838735 0.648221 0.079051 0.031621
0 0.838735 0.698814 0.079051 0.031621
0 0.838735 0.734387 0.079051 0.031621
0 0.838735 0.769170 0.079051 0.031621
0 0.761265 0.838735 0.031621 0.079051
0 0.722530 0.838735 0.031621 0.079051
0 0.684585 0.838735 0.031621 0.079051
0 0.652174 0.838735 0.031621 0.079051
0 0.622134 0.838735 0.031621 0.079051
0 0.591304 0.838735 0.031621 0.079051
0 0.561265 0.838735 0.031621 0.079051
0 0.520949 0.838735 0.031621 0.079051
0 0.480632 0.838735 0.031621 0.079051
0 0.448221 0.838735 0.031621 0.079051
0 0.418182 0.838735 0.031621 0.079051
0 0.369170 0.838735 0.031621 0.079051
0 0.334387 0.838735 0.031621 0.079051
0 0.297233 0.838735 0.031621 0.079051
0 0.258498 0.838735 0.031621 0.079051
0 0.221344 0.838735 0.031621 0.079051
0 0.161265 0.772332 0.079051 0.031621
0 0.161265 0.735178 0.079051 0.031621
0 0.161265 0.679051 0.079051 0.031621
0 0.161265 0.643478 0.079051 0.031621
0 0.161265 0.608696 0.079051 0.031621
0 0.161265 0.576285 0.079051 0.031621
0 0.161265 0.539130 0.079051 0.031621
0 0.161265 0.505138 0.079051 0.031621
0 0.161265 0.460870 0.079051 0.031621
0 0.161265 0.430830 0.079051 0.031621
0 0.161265 0.399209 0.079051 0.031621
0 0.161265 0.369170 0.079051 0.031621
0 0.161265 0.339130 0.079051 0.031621
0 0.161265 0.298814 0.079051 0.031621
0 0.161265 0.247431 0.079051 0.031621
0 0.161265 0.213439 0.079051 0.031621
