0 0.207115 0.142292 0.031621 0.079051
0 0.246640 0.142292 0.031621 0.079051
0 0.284585 0.142292 0.031621 0.079051
0 0.325692 0.142292 0.031621 0.079051
0 0.359684 0.142292 0.031621 0.079051
0 0.394466 0.142292 0.031621 0.079051
0 0.429249 0.142292 0.031621 0.079051
0 0.464822 0.142292 0.031621 0.079051
0 0.520158 0.142292 0.031621 0.079051
0 0.550988 0.142292 0.031621 0.079051
0 0.583399 0.142292 0.031621 0.079051
0 0.617391 0.142292 0.031621 0.079051
0 0.652174 0.142292 0.031621 0.079051
0 0.701186 0.142292 0.031621 0.079051
0 0.739921 0.142292 0.031621 0.079051
0 0.777866 0.142292 0.031621 0.079051
0 0.857708 0.201581 0.079051 0.031621
0 0.857708 0.241107 0.079051 0.031621
0 0.857708 0.279051 0.079051 0.031621
0 0.857708 0.323320 0.079051 0.031621
0 0.857708 0.358103 0.079051 0.031621
0 0.857708 0.401581 0.079051 0.031621
0 0.857708 0.464032 0.079051 0.031621
0 0.857708 0.516996 0.079051 0.031621
0 0.857708 0.556522 0.079051 0.031621
0 0.857708 0.588142 0.079051 0.031621
0 0.857708 0.623715 0.079051 0.031621
0 0.857708 0.659289 0.079051 0.031621
0 0.857708 0.707510 0.079051 0.031621
0 0.857708 0.747036 0.079051 0.031621
0 0.857708 0.785771 0.079051 0.031621
0 0.783399 0.857708 0.031621 0.079051
0 0.740711 0.857708 0.031621 0.079051
0 0.699605 0.857708 0.031621 0.079051
0 0.662451 0.857708 0.031621 0.079051
0 0.628458 0.857708 0.031621 0.079051
0 0.594466 0.857708 0.031621 0.079051
0 0.561265 0.857708 0.031621 0.079051
0 0.522530 0.857708 0.031621 0.079051
0 0.479842 0.857708 0.031621 0.079051
0 0.446640 0.857708 0.031621 0.079051
0 0.413439 0.857708 0.031621 0.079051
0 0.367589 0.857708 0.031621 0.079051
0 0.329644 0.857708 0.031621 0.079051
0 0.290909 0.857708 0.031621 0.079051
0 0.249802 0.857708 0.031621 0.079051
0 0.209486 0.857708 0.031621 0.079051
0 0.142292 0.749407 0.079051 0.031621
0 0.142292 0.705929 0.079051 0.031621
0 0.142292 0.676680 0.079051 0.031621
0 0.142292 0.618972 0.079051 0.031621
0 0.142292 0.583399 0.079051 0.031621
0 0.142292 0.547036 0.079051 0.031621
0 0.142292 0.512253 0.079051 0.031621
0 0.142292 0.471937 0.079051 0.031621
0 0.142292 0.434783 0.079051 0.031621
0 0.142292 0.400791 0.079051 0.031621
0 0.142292 0.367589 0.079051 0.031621
0 0.142292 0.335178 0.079051 0.031621
0 0.142292 0.292490 0.079051 0.031621
0 0.142292 0.241107 0.079051 0.031621
0 0.142292 0.203162 0.079051 0.031621
