0 0.204415 0.139820 0.032706 0.081766
0 0.244481 0.139820 0.032706 0.081766
0 0.282911 0.139820 0.032706 0.081766
0 0.309894 0.139820 0.032706 0.081766
0 0.356500 0.139820 0.032706 0.081766
0 0.390842 0.139820 0.032706 0.081766
0 0.426819 0.139820 0.032706 0.081766
0 0.463614 0.139820 0.032706 0.081766
0 0.520033 0.139820 0.032706 0.081766
0 0.549469 0.139820 0.032706 0.081766
0 0.580540 0.139820 0.032706 0.081766
0 0.612428 0.139820 0.032706 0.081766
0 0.646770 0.139820 0.032706 0.081766
0 0.696648 0.139820 0.032706 0.081766
0 0.735078 0.139820 0.032706 0.081766
0 0.775143 0.139820 0.032706 0.081766
0 0.860180 0.204415 0.081766 0.032706
0 0.860180 0.244481 0.081766 0.032706
0 0.860180 0.283729 0.081766 0.032706
0 0.860180 0.328700 0.081766 0.032706
0 0.860180 0.364677 0.081766 0.032706
0 0.860180 0.411284 0.081766 0.032706
0 0.860180 0.441537 0.081766 0.032706
0 0.860180 0.470973 0.081766 0.032706
0 0.860180 0.524121 0.081766 0.032706
0 0.860180 0.569910 0.081766 0.032706
0 0.860180 0.601799 0.081766 0.032706
0 0.860180 0.636958 0.081766 0.032706
0 0.860180 0.672935 0.081766 0.032706
0 0.860180 0.722813 0.081766 0.032706
0 0.860180 0.761243 0.081766 0.032706
0 0.860180 0.802944 0.081766 0.032706
0 0.783320 0.860180 0.032706 0.081766
0 0.741619 0.860180 0.032706 0.081766
0 0.702371 0.860180 0.032706 0.081766
0 0.664759 0.860180 0.032706 0.081766
0 0.631235 0.860180 0.032706 0.081766
0 0.596893 0.860180 0.032706 0.081766
0 0.564186 0.860180 0.032706 0.081766
0 0.522486 0.860180 0.032706 0.081766
0 0.479967 0.860180 0.032706 0.081766
0 0.443990 0.860180 0.032706 0.081766
0 0.410466 0.860180 0.032706 0.081766
0 0.362224 0.860180 0.032706 0.081766
0 0.325429 0.860180 0.032706 0.081766
0 0.286182 0.860180 0.032706 0.081766
0 0.245298 0.860180 0.032706 0.081766
0 0.206051 0.860180 0.032706 0.081766
0 0.139820 0.798038 0.081766 0.032706
0 0.139820 0.758790 0.081766 0.032706
0 0.139820 0.705642 0.081766 0.032706
0 0.139820 0.666394 0.081766 0.032706
0 0.139820 0.628782 0.081766 0.032706
0 0.139820 0.593622 0.081766 0.032706
0 0.139820 0.551922 0.081766 0.032706
0 0.139820 0.515944 0.081766 0.032706
0 0.139820 0.476697 0.081766 0.032706
0 0.139820 0.443173 0.081766 0.032706
0 0.139820 0.409648 0.081766 0.032706
0 0.139820 0.375307 0.081766 0.032706
0 0.139820 0.337694 0.081766 0.032706
0 0.139820 0.295176 0.081766 0.032706
0 0.139820 0.244481 0.081766 0.032706
0 0.139820 0.205233 0.081766 0.032706
