0 0.188880 0.125102 0.032706 0.081766
0 0.237122 0.125102 0.032706 0.081766
0 0.278005 0.125102 0.032706 0.081766
0 0.318070 0.125102 0.032706 0.081766
0 0.356500 0.125102 0.032706 0.081766
0 0.393295 0.125102 0.032706 0.081766
0 0.427637 0.125102 0.032706 0.081766
0 0.465249 0.125102 0.032706 0.081766
0 0.520850 0.125102 0.032706 0.081766
0 0.552739 0.125102 0.032706 0.081766
0 0.586263 0.125102 0.032706 0.081766
0 0.621423 0.125102 0.032706 0.081766
0 0.659035 0.125102 0.032706 0.081766
0 0.708913 0.125102 0.032706 0.081766
0 0.749796 0.125102 0.032706 0.081766
0 0.793132 0.125102 0.032706 0.081766
0 0.874898 0.192968 0.081766 0.032706
0 0.874898 0.235487 0.081766 0.032706
0 0.874898 0.277187 0.081766 0.032706
0 0.874898 0.322976 0.081766 0.032706
0 0.874898 0.361406 0.081766 0.032706
0 0.874898 0.407195 0.081766 0.032706
0 0.874898 0.439902 0.081766 0.032706
0 0.874898 0.470973 0.081766 0.032706
0 0.874898 0.522486 0.081766 0.032706
0 0.874898 0.566639 0.081766 0.032706
0 0.874898 0.600981 0.081766 0.032706
0 0.874898 0.637776 0.081766 0.032706
0 0.874898 0.676206 0.081766 0.032706
0 0.874898 0.724448 0.081766 0.032706
0 0.874898 0.765331 0.081766 0.032706
0 0.874898 0.809485 0.081766 0.032706
0 0.800491 0.874898 0.032706 0.081766
0 0.756337 0.874898 0.032706 0.081766
0 0.713001 0.874898 0.032706 0.081766
0 0.672118 0.874898 0.032706 0.081766
0 0.636141 0.874898 0.032706 0.081766
0 0.598528 0.874898 0.032706 0.081766
0 0.563369 0.874898 0.032706 0.081766
0 0.524121 0.874898 0.032706 0.081766
0 0.479150 0.874898 0.032706 0.081766
0 0.443173 0.874898 0.032706 0.081766
0 0.408013 0.874898 0.032706 0.081766
0 0.360589 0.874898 0.032706 0.081766
0 0.322159 0.874898 0.032706 0.081766
0 0.281276 0.874898 0.032706 0.081766
0 0.238757 0.874898 0.032706 0.081766
0 0.197056 0.874898 0.032706 0.081766
0 0.125102 0.807850 0.081766 0.032706
0 0.125102 0.765331 0.081766 0.032706
0 0.125102 0.714636 0.081766 0.032706
0 0.125102 0.672935 0.081766 0.032706
0 0.125102 0.632870 0.081766 0.032706
0 0.125102 0.595258 0.081766 0.032706
0 0.125102 0.554374 0.081766 0.032706
0 0.125102 0.520033 0.081766 0.032706
0 0.125102 0.476697 0.081766 0.032706
0 0.125102 0.441537 0.081766 0.032706
0 0.125102 0.406378 0.081766 0.032706
0 0.125102 0.369583 0.081766 0.032706
0 0.125102 0.331971 0.081766 0.032706
0 0.125102 0.286999 0.081766 0.032706
0 0.125102 0.238757 0.081766 0.032706
0 0.125102 0.193786 0.081766 0.032706
