0 0.201145 0.134914 0.032706 0.081766
0 0.242028 0.134914 0.032706 0.081766
0 0.281276 0.134914 0.032706 0.081766
0 0.319706 0.134914 0.032706 0.081766
0 0.356500 0.134914 0.032706 0.081766
0 0.391660 0.134914 0.032706 0.081766
0 0.426819 0.134914 0.032706 0.081766
0 0.463614 0.134914 0.032706 0.081766
0 0.520033 0.134914 0.032706 0.081766
0 0.551104 0.134914 0.032706 0.081766
0 0.582175 0.134914 0.032706 0.081766
0 0.615699 0.134914 0.032706 0.081766
0 0.650041 0.134914 0.032706 0.081766
0 0.700736 0.134914 0.032706 0.081766
0 0.739984 0.134914 0.032706 0.081766
0 0.780867 0.134914 0.032706 0.081766
0 0.865086 0.200327 0.081766 0.032706
0 0.865086 0.241210 0.081766 0.032706
0 0.865086 0.281276 0.081766 0.032706
0 0.865086 0.327065 0.081766 0.032706
0 0.865086 0.363859 0.081766 0.032706
0 0.865086 0.409648 0.081766 0.032706
0 0.865086 0.440720 0.081766 0.032706
0 0.865086 0.470973 0.081766 0.032706
0 0.865086 0.523303 0.081766 0.032706
0 0.865086 0.569092 0.081766 0.032706
0 0.865086 0.600981 0.081766 0.032706
0 0.865086 0.636141 0.081766 0.032706
0 0.865086 0.673753 0.081766 0.032706
0 0.865086 0.723630 0.081766 0.032706
0 0.865086 0.762878 0.081766 0.032706
0 0.865086 0.805397 0.081766 0.032706
0 0.789043 0.865086 0.032706 0.081766
0 0.746525 0.865086 0.032706 0.081766
0 0.706460 0.865086 0.032706 0.081766
0 0.667212 0.865086 0.032706 0.081766
0 0.632870 0.865086 0.032706 0.081766
0 0.597711 0.865086 0.032706 0.081766
0 0.563369 0.865086 0.032706 0.081766
0 0.523303 0.865086 0.032706 0.081766
0 0.479150 0.865086 0.032706 0.081766
0 0.443173 0.865086 0.032706 0.081766
0 0.409648 0.865086 0.032706 0.081766
0 0.362224 0.865086 0.032706 0.081766
0 0.323794 0.865086 0.032706 0.081766
0 0.284546 0.865086 0.032706 0.081766
0 0.242845 0.865086 0.032706 0.081766
0 0.202780 0.865086 0.032706 0.081766
0 0.134914 0.801308 0.081766 0.032706
0 0.134914 0.761243 0.081766 0.032706
0 0.134914 0.708913 0.081766 0.032706
0 0.134914 0.668847 0.081766 0.032706
0 0.134914 0.630417 0.081766 0.032706
0 0.134914 0.594440 0.081766 0.032706
0 0.134914 0.552739 0.081766 0.032706
0 0.134914 0.516762 0.081766 0.032706
0 0.134914 0.476697 0.081766 0.032706
0 0.134914 0.442355 0.081766 0.032706
0 0.134914 0.408831 0.081766 0.032706
0 0.134914 0.374489 0.081766 0.032706
0 0.134914 0.336059 0.081766 0.032706
0 0.134914 0.291905 0.081766 0.032706
0 0.134914 0.242028 0.081766 0.032706
0 0.134914 0.201962 0.081766 0.032706
