0 0.206868 0.144726 0.032706 0.081766
0 0.246934 0.144726 0.032706 0.081766
0 0.284546 0.144726 0.032706 0.081766
0 0.321341 0.144726 0.032706 0.081766
0 0.347506 0.144726 0.032706 0.081766
0 0.390025 0.144726 0.032706 0.081766
0 0.426002 0.144726 0.032706 0.081766
0 0.462796 0.144726 0.032706 0.081766
0 0.520033 0.144726 0.032706 0.081766
0 0.548651 0.144726 0.032706 0.081766
0 0.578087 0.144726 0.032706 0.081766
0 0.609975 0.144726 0.032706 0.081766
0 0.642682 0.144726 0.032706 0.081766
0 0.692559 0.144726 0.032706 0.081766
0 0.730989 0.144726 0.032706 0.081766
0 0.768602 0.144726 0.032706 0.081766
0 0.855274 0.207686 0.081766 0.032706
0 0.855274 0.246934 0.081766 0.032706
0 0.855274 0.285364 0.081766 0.032706
0 0.855274 0.330335 0.081766 0.032706
0 0.855274 0.365495 0.081766 0.032706
0 0.855274 0.412101 0.081766 0.032706
0 0.855274 0.441537 0.081766 0.032706
0 0.855274 0.470155 0.081766 0.032706
0 0.855274 0.524939 0.081766 0.032706
0 0.855274 0.570728 0.081766 0.032706
0 0.855274 0.601799 0.081766 0.032706
0 0.855274 0.636141 0.081766 0.032706
0 0.855274 0.671300 0.081766 0.032706
0 0.855274 0.721995 0.081766 0.032706
0 0.855274 0.759608 0.081766 0.032706
0 0.855274 0.800491 0.081766 0.032706
0 0.778414 0.855274 0.032706 0.081766
0 0.736713 0.855274 0.032706 0.081766
0 0.697465 0.855274 0.032706 0.081766
0 0.662306 0.855274 0.032706 0.081766
0 0.630417 0.855274 0.032706 0.081766
0 0.596075 0.855274 0.032706 0.081766
0 0.564186 0.855274 0.032706 0.081766
0 0.521668 0.855274 0.032706 0.081766
0 0.479967 0.855274 0.032706 0.081766
0 0.443990 0.855274 0.032706 0.081766
0 0.411284 0.855274 0.032706 0.081766
0 0.363042 0.855274 0.032706 0.081766
0 0.326247 0.855274 0.032706 0.081766
0 0.287817 0.855274 0.032706 0.081766
0 0.246934 0.855274 0.032706 0.081766
0 0.209321 0.855274 0.032706 0.081766
0 0.144726 0.793949 0.081766 0.032706
0 0.144726 0.756337 0.081766 0.032706
0 0.144726 0.702371 0.081766 0.032706
0 0.144726 0.664759 0.081766 0.032706
0 0.144726 0.627964 0.081766 0.032706
0 0.144726 0.592805 0.081766 0.032706
0 0.144726 0.550286 0.081766 0.032706
0 0.144726 0.515127 0.081766 0.032706
0 0.144726 0.476697 0.081766 0.032706
0 0.144726 0.443990 0.081766 0.032706
0 0.144726 0.411284 0.081766 0.032706
0 0.144726 0.377760 0.081766 0.032706
0 0.144726 0.340147 0.081766 0.032706
0 0.144726 0.297629 0.081766 0.032706
0 0.144726 0.247751 0.081766 0.032706
0 0.144726 0.209321 0.081766 0.032706
