0 0.210139 0.149632 0.032706 0.081766
0 0.249387 0.149632 0.032706 0.081766
0 0.286182 0.149632 0.032706 0.081766
0 0.322159 0.149632 0.032706 0.081766
0 0.356500 0.149632 0.032706 0.081766
0 0.390025 0.149632 0.032706 0.081766
0 0.426002 0.149632 0.032706 0.081766
0 0.461979 0.149632 0.032706 0.081766
0 0.519215 0.149632 0.032706 0.081766
0 0.547833 0.149632 0.032706 0.081766
0 0.576451 0.149632 0.032706 0.081766
0 0.607522 0.149632 0.032706 0.081766
0 0.639411 0.149632 0.032706 0.081766
0 0.690106 0.149632 0.032706 0.081766
0 0.726083 0.149632 0.032706 0.081766
0 0.762878 0.149632 0.032706 0.081766
0 0.850368 0.211774 0.081766 0.032706
0 0.850368 0.249387 0.081766 0.032706
0 0.850368 0.287817 0.081766 0.032706
0 0.850368 0.331971 0.081766 0.032706
0 0.850368 0.366312 0.081766 0.032706
0 0.850368 0.413737 0.081766 0.032706
0 0.850368 0.442355 0.081766 0.032706
0 0.850368 0.470155 0.081766 0.032706
0 0.850368 0.525756 0.081766 0.032706
0 0.850368 0.572363 0.081766 0.032706
0 0.850368 0.601799 0.081766 0.032706
0 0.850368 0.635323 0.081766 0.032706
0 0.850368 0.670482 0.081766 0.032706
0 0.850368 0.721177 0.081766 0.032706
0 0.850368 0.757972 0.081766 0.032706
0 0.850368 0.798038 0.081766 0.032706
0 0.771872 0.850368 0.032706 0.081766
0 0.731807 0.850368 0.032706 0.081766
0 0.694195 0.850368 0.032706 0.081766
0 0.659853 0.850368 0.032706 0.081766
0 0.627964 0.850368 0.032706 0.081766
0 0.595258 0.850368 0.032706 0.081766
0 0.564186 0.850368 0.032706 0.081766
0 0.520850 0.850368 0.032706 0.081766
0 0.479150 0.850368 0.032706 0.081766
0 0.444808 0.850368 0.032706 0.081766
0 0.412919 0.850368 0.032706 0.081766
0 0.363042 0.850368 0.032706 0.081766
0 0.327065 0.850368 0.032706 0.081766
0 0.290270 0.850368 0.032706 0.081766
0 0.249387 0.850368 0.032706 0.081766
0 0.213410 0.850368 0.032706 0.081766
0 0.149632 0.791496 0.081766 0.032706
0 0.149632 0.753884 0.081766 0.032706
0 0.149632 0.699918 0.081766 0.032706
0 0.149632 0.662306 0.081766 0.032706
0 0.149632 0.626329 0.081766 0.032706
0 0.149632 0.591987 0.081766 0.032706
0 0.149632 0.549469 0.081766 0.032706
0 0.149632 0.514309 0.081766 0.032706
0 0.149632 0.476697 0.081766 0.032706
0 0.149632 0.443990 0.081766 0.032706
0 0.149632 0.412101 0.081766 0.032706
0 0.149632 0.379395 0.081766 0.032706
0 0.149632 0.341783 0.081766 0.032706
0 0.149632 0.300082 0.081766 0.032706
0 0.149632 0.250204 0.081766 0.032706
0 0.149632 0.213410 0.081766 0.032706
