0 0.213410 0.154538 0.032706 0.081766
0 0.251840 0.154538 0.032706 0.081766
0 0.287817 0.154538 0.032706 0.081766
0 0.322976 0.154538 0.032706 0.081766
0 0.356500 0.154538 0.032706 0.081766
0 0.388389 0.154538 0.032706 0.081766
0 0.425184 0.154538 0.032706 0.081766
0 0.461979 0.154538 0.032706 0.081766
0 0.519215 0.154538 0.032706 0.081766
0 0.547016 0.154538 0.032706 0.081766
0 0.574816 0.154538 0.032706 0.081766
0 0.604252 0.154538 0.032706 0.081766
0 0.634505 0.154538 0.032706 0.081766
0 0.686018 0.154538 0.032706 0.081766
0 0.721995 0.154538 0.032706 0.081766
0 0.757155 0.154538 0.032706 0.081766
0 0.845462 0.215045 0.081766 0.032706
0 0.845462 0.252657 0.081766 0.032706
0 0.845462 0.289452 0.081766 0.032706
0 0.845462 0.333606 0.081766 0.032706
0 0.845462 0.367130 0.081766 0.032706
0 0.845462 0.414554 0.081766 0.032706
0 0.845462 0.442355 0.081766 0.032706
0 0.845462 0.470155 0.081766 0.032706
0 0.845462 0.525756 0.081766 0.032706
0 0.845462 0.573181 0.081766 0.032706
0 0.845462 0.601799 0.081766 0.032706
0 0.845462 0.634505 0.081766 0.032706
0 0.845462 0.669665 0.081766 0.032706
0 0.845462 0.720360 0.081766 0.032706
0 0.845462 0.756337 0.081766 0.032706
0 0.845462 0.795585 0.081766 0.032706
0 0.766966 0.845462 0.032706 0.081766
0 0.726901 0.845462 0.032706 0.081766
0 0.690924 0.845462 0.032706 0.081766
0 0.627146 0.845462 0.032706 0.081766
0 0.595258 0.845462 0.032706 0.081766
0 0.564186 0.845462 0.032706 0.081766
0 0.520850 0.845462 0.032706 0.081766
0 0.479967 0.845462 0.032706 0.081766
0 0.444808 0.845462 0.032706 0.081766
0 0.413737 0.845462 0.032706 0.081766
0 0.363859 0.845462 0.032706 0.081766
0 0.327882 0.845462 0.032706 0.081766
0 0.291905 0.845462 0.032706 0.081766
0 0.251840 0.845462 0.032706 0.081766
0 0.216680 0.845462 0.032706 0.081766
0 0.154538 0.787408 0.081766 0.032706
0 0.154538 0.751431 0.081766 0.032706
0 0.154538 0.696648 0.081766 0.032706
0 0.154538 0.660670 0.081766 0.032706
0 0.154538 0.624693 0.081766 0.032706
0 0.154538 0.591987 0.081766 0.032706
0 0.154538 0.548651 0.081766 0.032706
0 0.154538 0.513491 0.081766 0.032706
0 0.154538 0.475879 0.081766 0.032706
0 0.154538 0.444808 0.081766 0.032706
0 0.154538 0.412919 0.081766 0.032706
0 0.154538 0.381030 0.081766 0.032706
0 0.154538 0.344235 0.081766 0.032706
0 0.154538 0.302535 0.081766 0.032706
0 0.154538 0.252657 0.081766 0.032706
0 0.154538 0.216680 0.081766 0.032706
