0 0.197874 0.130008 0.032706 0.081766
0 0.239575 0.130008 0.032706 0.081766
0 0.279640 0.130008 0.032706 0.081766
0 0.318888 0.130008 0.032706 0.081766
0 0.356500 0.130008 0.032706 0.081766
0 0.392478 0.130008 0.032706 0.081766
0 0.427637 0.130008 0.032706 0.081766
0 0.464432 0.130008 0.032706 0.081766
0 0.520033 0.130008 0.032706 0.081766
0 0.551104 0.130008 0.032706 0.081766
0 0.583810 0.130008 0.032706 0.081766
0 0.618152 0.130008 0.032706 0.081766
0 0.654947 0.130008 0.032706 0.081766
0 0.704824 0.130008 0.032706 0.081766
0 0.744890 0.130008 0.032706 0.081766
0 0.787408 0.130008 0.032706 0.081766
0 0.869992 0.197056 0.081766 0.032706
0 0.869992 0.238757 0.081766 0.032706
0 0.869992 0.279640 0.081766 0.032706
0 0.869992 0.324612 0.081766 0.032706
0 0.869992 0.362224 0.081766 0.032706
0 0.869992 0.408013 0.081766 0.032706
0 0.869992 0.440720 0.081766 0.032706
0 0.869992 0.470973 0.081766 0.032706
0 0.869992 0.522486 0.081766 0.032706
0 0.869992 0.568275 0.081766 0.032706
0 0.869992 0.600981 0.081766 0.032706
0 0.869992 0.636958 0.081766 0.032706
0 0.869992 0.675388 0.081766 0.032706
0 0.869992 0.724448 0.081766 0.032706
0 0.869992 0.764513 0.081766 0.032706
0 0.869992 0.807032 0.081766 0.032706
0 0.795585 0.869992 0.032706 0.081766
0 0.751431 0.869992 0.032706 0.081766
0 0.710548 0.869992 0.032706 0.081766
0 0.669665 0.869992 0.032706 0.081766
0 0.634505 0.869992 0.032706 0.081766
0 0.597711 0.869992 0.032706 0.081766
0 0.563369 0.869992 0.032706 0.081766
0 0.523303 0.869992 0.032706 0.081766
0 0.479150 0.869992 0.032706 0.081766
0 0.443173 0.869992 0.032706 0.081766
0 0.408831 0.869992 0.032706 0.081766
0 0.361406 0.869992 0.032706 0.081766
0 0.322976 0.869992 0.032706 0.081766
0 0.282911 0.869992 0.032706 0.081766
0 0.240392 0.869992 0.032706 0.081766
0 0.199509 0.869992 0.032706 0.081766
0 0.130008 0.803761 0.081766 0.032706
0 0.130008 0.762878 0.081766 0.032706
0 0.130008 0.711365 0.081766 0.032706
0 0.130008 0.670482 0.081766 0.032706
0 0.130008 0.631235 0.081766 0.032706
0 0.130008 0.595258 0.081766 0.032706
0 0.130008 0.553557 0.081766 0.032706
0 0.130008 0.517580 0.081766 0.032706
0 0.130008 0.476697 0.081766 0.032706
0 0.130008 0.447261 0.081766 0.032706
0 0.130008 0.408013 0.081766 0.032706
0 0.130008 0.371218 0.081766 0.032706
0 0.130008 0.333606 0.081766 0.032706
0 0.130008 0.289452 0.081766 0.032706
0 0.130008 0.259199 0.081766 0.032706
0 0.130008 0.197874 0.081766 0.032706
