0 0.201633 0.135510 0.032653 0.081633
0 0.242449 0.135510 0.032653 0.081633
0 0.281633 0.135510 0.032653 0.081633
0 0.320000 0.135510 0.032653 0.081633
0 0.356735 0.135510 0.032653 0.081633
0 0.391837 0.135510 0.032653 0.081633
0 0.426939 0.135510 0.032653 0.081633
0 0.463673 0.135510 0.032653 0.081633
0 0.519184 0.135510 0.032653 0.081633
0 0.550204 0.135510 0.032653 0.081633
0 0.582041 0.135510 0.032653 0.081633
0 0.614694 0.135510 0.032653 0.081633
0 0.649796 0.135510 0.032653 0.081633
0 0.700408 0.135510 0.032653 0.081633
0 0.738776 0.135510 0.032653 0.081633
0 0.780408 0.135510 0.032653 0.081633
0 0.864490 0.200816 0.081633 0.032653
0 0.864490 0.241633 0.081633 0.032653
0 0.864490 0.280816 0.081633 0.032653
0 0.864490 0.326531 0.081633 0.032653
0 0.864490 0.364082 0.081633 0.032653
0 0.864490 0.409796 0.081633 0.032653
0 0.864490 0.441633 0.081633 0.032653
0 0.864490 0.470204 0.081633 0.032653
0 0.864490 0.523265 0.081633 0.032653
0 0.864490 0.568980 0.081633 0.032653
0 0.864490 0.600816 0.081633 0.032653
0 0.864490 0.635918 0.081633 0.032653
0 0.864490 0.673469 0.081633 0.032653
0 0.864490 0.722449 0.081633 0.032653
0 0.864490 0.762449 0.081633 0.032653
0 0.864490 0.804082 0.081633 0.032653
0 0.788571 0.864490 0.032653 0.081633
0 0.745306 0.864490 0.032653 0.081633
0 0.706122 0.864490 0.032653 0.081633
0 0.666939 0.864490 0.032653 0.081633
0 0.632653 0.864490 0.032653 0.081633
0 0.596735 0.864490 0.032653 0.081633
0 0.563265 0.864490 0.032653 0.081633
0 0.522449 0.864490 0.032653 0.081633
0 0.479184 0.864490 0.032653 0.081633
0 0.443265 0.864490 0.032653 0.081633
0 0.409796 0.864490 0.032653 0.081633
0 0.361633 0.864490 0.032653 0.081633
0 0.324082 0.864490 0.032653 0.081633
0 0.284898 0.864490 0.032653 0.081633
0 0.242449 0.864490 0.032653 0.081633
0 0.203265 0.864490 0.032653 0.081633
0 0.135510 0.800000 0.081633 0.032653
0 0.135510 0.760000 0.081633 0.032653
0 0.135510 0.706939 0.081633 0.032653
0 0.135510 0.667755 0.081633 0.032653
0 0.135510 0.629388 0.081633 0.032653
0 0.135510 0.593469 0.081633 0.032653
0 0.135510 0.551837 0.081633 0.032653
0 0.135510 0.515918 0.081633 0.032653
0 0.135510 0.476735 0.081633 0.032653
0 0.135510 0.442449 0.081633 0.032653
0 0.135510 0.408163 0.081633 0.032653
0 0.135510 0.373878 0.081633 0.032653
0 0.135510 0.335510 0.081633 0.032653
0 0.135510 0.292245 0.081633 0.032653
0 0.135510 0.242449 0.081633 0.032653
0 0.135510 0.203265 0.081633 0.032653
