0 0.204898 0.140408 0.032653 0.081633
0 0.244898 0.140408 0.032653 0.081633
0 0.283265 0.140408 0.032653 0.081633
0 0.320816 0.140408 0.032653 0.081633
0 0.356735 0.140408 0.032653 0.081633
0 0.391837 0.140408 0.032653 0.081633
0 0.426939 0.140408 0.032653 0.081633
0 0.462857 0.140408 0.032653 0.081633
0 0.519184 0.140408 0.032653 0.081633
0 0.549388 0.140408 0.032653 0.081633
0 0.580408 0.140408 0.032653 0.081633
0 0.612245 0.140408 0.032653 0.081633
0 0.645714 0.140408 0.032653 0.081633
0 0.696327 0.140408 0.032653 0.081633
0 0.734694 0.140408 0.032653 0.081633
0 0.773878 0.140408 0.032653 0.081633
0 0.859592 0.204082 0.081633 0.032653
0 0.859592 0.244082 0.081633 0.032653
0 0.859592 0.283265 0.081633 0.032653
0 0.859592 0.328980 0.081633 0.032653
0 0.859592 0.364898 0.081633 0.032653
0 0.859592 0.410612 0.081633 0.032653
0 0.859592 0.441633 0.081633 0.032653
0 0.859592 0.471020 0.081633 0.032653
0 0.859592 0.524082 0.081633 0.032653
0 0.859592 0.569796 0.081633 0.032653
0 0.859592 0.600816 0.081633 0.032653
0 0.859592 0.635918 0.081633 0.032653
0 0.859592 0.671837 0.081633 0.032653
0 0.859592 0.722449 0.081633 0.032653
0 0.859592 0.760816 0.081633 0.032653
0 0.859592 0.802449 0.081633 0.032653
0 0.783673 0.859592 0.032653 0.081633
0 0.741224 0.859592 0.032653 0.081633
0 0.702041 0.859592 0.032653 0.081633
0 0.664490 0.859592 0.032653 0.081633
0 0.630204 0.859592 0.032653 0.081633
0 0.595918 0.859592 0.032653 0.081633
0 0.563265 0.859592 0.032653 0.081633
0 0.522449 0.859592 0.032653 0.081633
0 0.479184 0.859592 0.032653 0.081633
0 0.444082 0.859592 0.032653 0.081633
0 0.410612 0.859592 0.032653 0.081633
0 0.362449 0.859592 0.032653 0.081633
0 0.324898 0.859592 0.032653 0.081633
0 0.286531 0.859592 0.032653 0.081633
0 0.244898 0.859592 0.032653 0.081633
0 0.206531 0.859592 0.032653 0.081633
0 0.140408 0.796735 0.081633 0.032653
0 0.140408 0.757551 0.081633 0.032653
0 0.140408 0.704490 0.081633 0.032653
0 0.140408 0.666122 0.081633 0.032653
0 0.140408 0.628571 0.081633 0.032653
0 0.140408 0.592653 0.081633 0.032653
0 0.140408 0.551020 0.081633 0.032653
0 0.140408 0.515102 0.081633 0.032653
0 0.140408 0.475918 0.081633 0.032653
0 0.140408 0.443265 0.081633 0.032653
0 0.140408 0.409796 0.081633 0.032653
0 0.140408 0.375510 0.081633 0.032653
0 0.140408 0.337959 0.081633 0.032653
0 0.140408 0.294694 0.081633 0.032653
0 0.140408 0.244082 0.081633 0.032653
0 0.140408 0.205714 0.081633 0.032653
