0 0.194286 0.125714 0.032653 0.081633
0 0.237551 0.125714 0.032653 0.081633
0 0.271837 0.125714 0.032653 0.081633
0 0.317551 0.125714 0.032653 0.081633
0 0.356735 0.125714 0.032653 0.081633
0 0.393469 0.125714 0.032653 0.081633
0 0.426939 0.125714 0.032653 0.081633
0 0.465306 0.125714 0.032653 0.081633
0 0.520000 0.125714 0.032653 0.081633
0 0.552653 0.125714 0.032653 0.081633
0 0.585306 0.125714 0.032653 0.081633
0 0.621224 0.125714 0.032653 0.081633
0 0.657959 0.125714 0.032653 0.081633
0 0.707755 0.125714 0.032653 0.081633
0 0.749388 0.125714 0.032653 0.081633
0 0.791837 0.125714 0.032653 0.081633
0 0.874286 0.193469 0.081633 0.032653
0 0.874286 0.235918 0.081633 0.032653
0 0.874286 0.277551 0.081633 0.032653
0 0.874286 0.323265 0.081633 0.032653
0 0.874286 0.361633 0.081633 0.032653
0 0.874286 0.406531 0.081633 0.032653
0 0.874286 0.440000 0.081633 0.032653
0 0.874286 0.471020 0.081633 0.032653
0 0.874286 0.521633 0.081633 0.032653
0 0.874286 0.566531 0.081633 0.032653
0 0.874286 0.600000 0.081633 0.032653
0 0.874286 0.637551 0.081633 0.032653
0 0.874286 0.675102 0.081633 0.032653
0 0.874286 0.724082 0.081633 0.032653
0 0.874286 0.764898 0.081633 0.032653
0 0.874286 0.808980 0.081633 0.032653
0 0.800000 0.874286 0.032653 0.081633
0 0.755918 0.874286 0.032653 0.081633
0 0.713469 0.874286 0.032653 0.081633
0 0.671837 0.874286 0.032653 0.081633
0 0.635918 0.874286 0.032653 0.081633
0 0.598367 0.874286 0.032653 0.081633
0 0.562449 0.874286 0.032653 0.081633
0 0.524082 0.874286 0.032653 0.081633
0 0.479184 0.874286 0.032653 0.081633
0 0.443265 0.874286 0.032653 0.081633
0 0.407347 0.874286 0.032653 0.081633
0 0.360816 0.874286 0.032653 0.081633
0 0.321633 0.874286 0.032653 0.081633
0 0.280816 0.874286 0.032653 0.081633
0 0.238367 0.874286 0.032653 0.081633
0 0.196735 0.874286 0.032653 0.081633
0 0.125714 0.822857 0.081633 0.032653
0 0.125714 0.792653 0.081633 0.032653
0 0.125714 0.764898 0.081633 0.032653
0 0.125714 0.714286 0.081633 0.032653
0 0.125714 0.672653 0.081633 0.032653
0 0.125714 0.631837 0.081633 0.032653
0 0.125714 0.595102 0.081633 0.032653
0 0.125714 0.554286 0.081633 0.032653
0 0.125714 0.517551 0.081633 0.032653
0 0.125714 0.476735 0.081633 0.032653
0 0.125714 0.441633 0.081633 0.032653
0 0.125714 0.406531 0.081633 0.032653
0 0.125714 0.369796 0.081633 0.032653
0 0.125714 0.332245 0.081633 0.032653
0 0.125714 0.286531 0.081633 0.032653
0 0.125714 0.235918 0.081633 0.032653
0 0.125714 0.194286 0.081633 0.032653
