0 0.207347 0.145306 0.032653 0.081633
0 0.247347 0.145306 0.032653 0.081633
0 0.284898 0.145306 0.032653 0.081633
0 0.321633 0.145306 0.032653 0.081633
0 0.356735 0.145306 0.032653 0.081633
0 0.390204 0.145306 0.032653 0.081633
0 0.426122 0.145306 0.032653 0.081633
0 0.462857 0.145306 0.032653 0.081633
0 0.519184 0.145306 0.032653 0.081633
0 0.548571 0.145306 0.032653 0.081633
0 0.577959 0.145306 0.032653 0.081633
0 0.608980 0.145306 0.032653 0.081633
0 0.641633 0.145306 0.032653 0.081633
0 0.693061 0.145306 0.032653 0.081633
0 0.729796 0.145306 0.032653 0.081633
0 0.768163 0.145306 0.032653 0.081633
0 0.854694 0.208163 0.081633 0.032653
0 0.854694 0.246531 0.081633 0.032653
0 0.854694 0.285714 0.081633 0.032653
0 0.854694 0.330612 0.081633 0.032653
0 0.854694 0.364898 0.081633 0.032653
0 0.854694 0.412245 0.081633 0.032653
0 0.854694 0.441633 0.081633 0.032653
0 0.854694 0.470204 0.081633 0.032653
0 0.854694 0.524082 0.081633 0.032653
0 0.854694 0.570612 0.081633 0.032653
0 0.854694 0.600816 0.081633 0.032653
0 0.854694 0.635102 0.081633 0.032653
0 0.854694 0.671020 0.081633 0.032653
0 0.854694 0.721633 0.081633 0.032653
0 0.854694 0.759184 0.081633 0.032653
0 0.854694 0.799184 0.081633 0.032653
0 0.776327 0.854694 0.032653 0.081633
0 0.736327 0.854694 0.032653 0.081633
0 0.662041 0.854694 0.032653 0.081633
0 0.629388 0.854694 0.032653 0.081633
0 0.595918 0.854694 0.032653 0.081633
0 0.563265 0.854694 0.032653 0.081633
0 0.521633 0.854694 0.032653 0.081633
0 0.479184 0.854694 0.032653 0.081633
0 0.444898 0.854694 0.032653 0.081633
0 0.411429 0.854694 0.032653 0.081633
0 0.362449 0.854694 0.032653 0.081633
0 0.325714 0.854694 0.032653 0.081633
0 0.288163 0.854694 0.032653 0.081633
0 0.209796 0.854694 0.032653 0.081633
0 0.145306 0.793469 0.081633 0.032653
0 0.145306 0.755918 0.081633 0.032653
0 0.145306 0.702041 0.081633 0.032653
0 0.145306 0.663673 0.081633 0.032653
0 0.145306 0.626939 0.081633 0.032653
0 0.145306 0.592653 0.081633 0.032653
0 0.145306 0.550204 0.081633 0.032653
0 0.145306 0.515102 0.081633 0.032653
0 0.145306 0.475918 0.081633 0.032653
0 0.145306 0.443265 0.081633 0.032653
0 0.145306 0.410612 0.081633 0.032653
0 0.145306 0.377143 0.081633 0.032653
0 0.145306 0.339592 0.081633 0.032653
0 0.145306 0.297143 0.081633 0.032653
0 0.145306 0.247347 0.081633 0.032653
0 0.145306 0.208980 0.081633 0.032653
