0 0.210612 0.150204 0.032653 0.081633
0 0.249796 0.150204 0.032653 0.081633
0 0.286531 0.150204 0.032653 0.081633
0 0.322449 0.150204 0.032653 0.081633
0 0.356735 0.150204 0.032653 0.081633
0 0.389388 0.150204 0.032653 0.081633
0 0.425306 0.150204 0.032653 0.081633
0 0.462041 0.150204 0.032653 0.081633
0 0.519184 0.150204 0.032653 0.081633
0 0.547755 0.150204 0.032653 0.081633
0 0.577143 0.150204 0.032653 0.081633
0 0.606531 0.150204 0.032653 0.081633
0 0.638367 0.150204 0.032653 0.081633
0 0.689796 0.150204 0.032653 0.081633
0 0.725714 0.150204 0.032653 0.081633
0 0.762449 0.150204 0.032653 0.081633
0 0.849796 0.211429 0.081633 0.032653
0 0.849796 0.248980 0.081633 0.032653
0 0.849796 0.287347 0.081633 0.032653
0 0.849796 0.332245 0.081633 0.032653
0 0.849796 0.366531 0.081633 0.032653
0 0.849796 0.441633 0.081633 0.032653
0 0.849796 0.470204 0.081633 0.032653
0 0.849796 0.525714 0.081633 0.032653
0 0.849796 0.571429 0.081633 0.032653
0 0.849796 0.601633 0.081633 0.032653
0 0.849796 0.635102 0.081633 0.032653
0 0.849796 0.670204 0.081633 0.032653
0 0.849796 0.720816 0.081633 0.032653
0 0.849796 0.757551 0.081633 0.032653
0 0.849796 0.797551 0.081633 0.032653
0 0.772245 0.849796 0.032653 0.081633
0 0.732245 0.849796 0.032653 0.081633
0 0.694694 0.849796 0.032653 0.081633
0 0.659592 0.849796 0.032653 0.081633
0 0.628571 0.849796 0.032653 0.081633
0 0.595102 0.849796 0.032653 0.081633
0 0.564082 0.849796 0.032653 0.081633
0 0.520816 0.849796 0.032653 0.081633
0 0.480000 0.849796 0.032653 0.081633
0 0.444898 0.849796 0.032653 0.081633
0 0.413061 0.849796 0.032653 0.081633
0 0.363265 0.849796 0.032653 0.081633
0 0.327347 0.849796 0.032653 0.081633
0 0.289796 0.849796 0.032653 0.081633
0 0.249796 0.849796 0.032653 0.081633
0 0.212245 0.849796 0.032653 0.081633
0 0.150204 0.790204 0.081633 0.032653
0 0.150204 0.752653 0.081633 0.032653
0 0.150204 0.698776 0.081633 0.032653
0 0.150204 0.661224 0.081633 0.032653
0 0.150204 0.625306 0.081633 0.032653
0 0.150204 0.591020 0.081633 0.032653
0 0.150204 0.549388 0.081633 0.032653
0 0.150204 0.513469 0.081633 0.032653
0 0.150204 0.475918 0.081633 0.032653
0 0.150204 0.444082 0.081633 0.032653
0 0.150204 0.412245 0.081633 0.032653
0 0.150204 0.379592 0.081633 0.032653
0 0.150204 0.342041 0.081633 0.032653
0 0.150204 0.300408 0.081633 0.032653
0 0.150204 0.249796 0.081633 0.032653
0 0.150204 0.213061 0.081633 0.032653
