0 0.214694 0.155102 0.032653 0.081633
0 0.252245 0.155102 0.032653 0.081633
0 0.288163 0.155102 0.032653 0.081633
0 0.323265 0.155102 0.032653 0.081633
0 0.356735 0.155102 0.032653 0.081633
0 0.389388 0.155102 0.032653 0.081633
0 0.426122 0.155102 0.032653 0.081633
0 0.461224 0.155102 0.032653 0.081633
0 0.519184 0.155102 0.032653 0.081633
0 0.546939 0.155102 0.032653 0.081633
0 0.574694 0.155102 0.032653 0.081633
0 0.604082 0.155102 0.032653 0.081633
0 0.634286 0.155102 0.032653 0.081633
0 0.684898 0.155102 0.032653 0.081633
0 0.720816 0.155102 0.032653 0.081633
0 0.756735 0.155102 0.032653 0.081633
0 0.844898 0.214694 0.081633 0.032653
0 0.844898 0.253061 0.081633 0.032653
0 0.844898 0.288980 0.081633 0.032653
0 0.844898 0.333878 0.081633 0.032653
0 0.844898 0.367347 0.081633 0.032653
0 0.844898 0.413878 0.081633 0.032653
0 0.844898 0.470204 0.081633 0.032653
0 0.844898 0.525714 0.081633 0.032653
0 0.844898 0.573061 0.081633 0.032653
0 0.844898 0.601633 0.081633 0.032653
0 0.844898 0.633469 0.081633 0.032653
0 0.844898 0.668571 0.081633 0.032653
0 0.844898 0.720000 0.081633 0.032653
0 0.844898 0.755918 0.081633 0.032653
0 0.766531 0.844898 0.032653 0.081633
0 0.691429 0.844898 0.032653 0.081633
0 0.626939 0.844898 0.032653 0.081633
0 0.594286 0.844898 0.032653 0.081633
0 0.564082 0.844898 0.032653 0.081633
0 0.520816 0.844898 0.032653 0.081633
0 0.480000 0.844898 0.032653 0.081633
0 0.445714 0.844898 0.032653 0.081633
0 0.413878 0.844898 0.032653 0.081633
0 0.363265 0.844898 0.032653 0.081633
0 0.328163 0.844898 0.032653 0.081633
0 0.251429 0.844898 0.032653 0.081633
0 0.216327 0.844898 0.032653 0.081633
0 0.155102 0.786939 0.081633 0.032653
0 0.155102 0.750204 0.081633 0.032653
0 0.155102 0.695510 0.081633 0.032653
0 0.155102 0.659592 0.081633 0.032653
0 0.155102 0.624490 0.081633 0.032653
0 0.155102 0.591020 0.081633 0.032653
0 0.155102 0.547755 0.081633 0.032653
0 0.155102 0.512653 0.081633 0.032653
0 0.155102 0.475918 0.081633 0.032653
0 0.155102 0.444082 0.081633 0.032653
0 0.155102 0.413061 0.081633 0.032653
0 0.155102 0.381224 0.081633 0.032653
0 0.155102 0.343673 0.081633 0.032653
0 0.155102 0.302857 0.081633 0.032653
0 0.155102 0.253061 0.081633 0.032653
0 0.155102 0.216327 0.081633 0.032653
