0 0.198367 0.130612 0.032653 0.081633
0 0.239184 0.130612 0.032653 0.081633
0 0.280000 0.130612 0.032653 0.081633
0 0.319184 0.130612 0.032653 0.081633
0 0.356735 0.130612 0.032653 0.081633
0 0.392653 0.130612 0.032653 0.081633
0 0.426939 0.130612 0.032653 0.081633
0 0.464490 0.130612 0.032653 0.081633
0 0.520000 0.130612 0.032653 0.081633
0 0.551020 0.130612 0.032653 0.081633
0 0.583673 0.130612 0.032653 0.081633
0 0.617959 0.130612 0.032653 0.081633
0 0.653878 0.130612 0.032653 0.081633
0 0.703673 0.130612 0.032653 0.081633
0 0.743673 0.130612 0.032653 0.081633
0 0.786122 0.130612 0.032653 0.081633
0 0.869388 0.196735 0.081633 0.032653
0 0.869388 0.238367 0.081633 0.032653
0 0.869388 0.279184 0.081633 0.032653
0 0.869388 0.324898 0.081633 0.032653
0 0.869388 0.362449 0.081633 0.032653
0 0.869388 0.408163 0.081633 0.032653
0 0.869388 0.440000 0.081633 0.032653
0 0.869388 0.471020 0.081633 0.032653
0 0.869388 0.522449 0.081633 0.032653
0 0.869388 0.568163 0.081633 0.032653
0 0.869388 0.600000 0.081633 0.032653
0 0.869388 0.636735 0.081633 0.032653
0 0.869388 0.674286 0.081633 0.032653
0 0.869388 0.723265 0.081633 0.032653
0 0.869388 0.763265 0.081633 0.032653
0 0.869388 0.806531 0.081633 0.032653
0 0.794286 0.869388 0.032653 0.081633
0 0.751020 0.869388 0.032653 0.081633
0 0.709388 0.869388 0.032653 0.081633
0 0.669388 0.869388 0.032653 0.081633
0 0.634286 0.869388 0.032653 0.081633
0 0.597551 0.869388 0.032653 0.081633
0 0.563265 0.869388 0.032653 0.081633
0 0.523265 0.869388 0.032653 0.081633
0 0.480000 0.869388 0.032653 0.081633
0 0.443265 0.869388 0.032653 0.081633
0 0.408980 0.869388 0.032653 0.081633
0 0.360816 0.869388 0.032653 0.081633
0 0.323265 0.869388 0.032653 0.081633
0 0.283265 0.869388 0.032653 0.081633
0 0.240000 0.869388 0.032653 0.081633
0 0.200000 0.869388 0.032653 0.081633
0 0.130612 0.803265 0.081633 0.032653
0 0.130612 0.762449 0.081633 0.032653
0 0.130612 0.711020 0.081633 0.032653
0 0.130612 0.670204 0.081633 0.032653
0 0.130612 0.631020 0.081633 0.032653
0 0.130612 0.594286 0.081633 0.032653
0 0.130612 0.554286 0.081633 0.032653
0 0.130612 0.516735 0.081633 0.032653
0 0.130612 0.476735 0.081633 0.032653
0 0.130612 0.442449 0.081633 0.032653
0 0.130612 0.407347 0.081633 0.032653
0 0.130612 0.372245 0.081633 0.032653
0 0.130612 0.334694 0.081633 0.032653
0 0.130612 0.289796 0.081633 0.032653
0 0.130612 0.239184 0.081633 0.032653
0 0.130612 0.198367 0.081633 0.032653
