0 0.192276 0.122432 0.032868 0.082169
0 0.235004 0.122432 0.032868 0.082169
0 0.275267 0.122432 0.032868 0.082169
0 0.317173 0.122432 0.032868 0.082169
0 0.355793 0.122432 0.032868 0.082169
0 0.391947 0.122432 0.032868 0.082169
0 0.426459 0.122432 0.032868 0.082169
0 0.463435 0.122432 0.032868 0.082169
0 0.520131 0.122432 0.032868 0.082169
0 0.552177 0.122432 0.032868 0.082169
0 0.586689 0.122432 0.032868 0.082169
0 0.622021 0.122432 0.032868 0.082169
0 0.658998 0.122432 0.032868 0.082169
0 0.709942 0.122432 0.032868 0.082169
0 0.751027 0.122432 0.032868 0.082169
0 0.794577 0.122432 0.032868 0.082169
0 0.877568 0.191454 0.082169 0.032868
0 0.877568 0.234182 0.082169 0.032868
0 0.877568 0.276089 0.082169 0.032868
0 0.877568 0.322104 0.082169 0.032868
0 0.877568 0.360723 0.082169 0.032868
0 0.877568 0.407560 0.082169 0.032868
0 0.877568 0.441249 0.082169 0.032868
0 0.877568 0.471652 0.082169 0.032868
0 0.877568 0.521775 0.082169 0.032868
0 0.877568 0.566968 0.082169 0.032868
0 0.877568 0.601479 0.082169 0.032868
0 0.877568 0.638455 0.082169 0.032868
0 0.877568 0.677075 0.082169 0.032868
0 0.877568 0.726376 0.082169 0.032868
0 0.877568 0.767461 0.082169 0.032868
0 0.877568 0.811011 0.082169 0.032868
0 0.803615 0.877568 0.032868 0.082169
0 0.758422 0.877568 0.032868 0.082169
0 0.715694 0.877568 0.032868 0.082169
0 0.674610 0.877568 0.032868 0.082169
0 0.637634 0.877568 0.032868 0.082169
0 0.600657 0.877568 0.032868 0.082169
0 0.563681 0.877568 0.032868 0.082169
0 0.525062 0.877568 0.032868 0.082169
0 0.479869 0.877568 0.032868 0.082169
0 0.442892 0.877568 0.032868 0.082169
0 0.408381 0.877568 0.032868 0.082169
0 0.359901 0.877568 0.032868 0.082169
0 0.320460 0.877568 0.032868 0.082169
0 0.278554 0.877568 0.032868 0.082169
0 0.235004 0.877568 0.032868 0.082169
0 0.193919 0.877568 0.032868 0.082169
0 0.122432 0.809367 0.082169 0.032868
0 0.122432 0.770748 0.082169 0.032868
0 0.122432 0.715694 0.082169 0.032868
0 0.122432 0.672966 0.082169 0.032868
0 0.122432 0.633525 0.082169 0.032868
0 0.122432 0.596549 0.082169 0.032868
0 0.122432 0.554643 0.082169 0.032868
0 0.122432 0.516845 0.082169 0.032868
0 0.122432 0.476582 0.082169 0.032868
0 0.122432 0.440427 0.082169 0.032868
0 0.122432 0.405094 0.082169 0.032868
0 0.122432 0.367297 0.082169 0.032868
0 0.122432 0.330320 0.082169 0.032868
0 0.122432 0.285127 0.082169 0.032868
0 0.122432 0.233361 0.082169 0.032868
0 0.122432 0.191454 0.082169 0.032868
