0 0.198850 0.132293 0.032868 0.082169
0 0.239934 0.132293 0.032868 0.082169
0 0.278554 0.132293 0.032868 0.082169
0 0.318817 0.132293 0.032868 0.082169
0 0.355793 0.132293 0.032868 0.082169
0 0.391126 0.132293 0.032868 0.082169
0 0.425637 0.132293 0.032868 0.082169
0 0.461791 0.132293 0.032868 0.082169
0 0.519310 0.132293 0.032868 0.082169
0 0.549712 0.132293 0.032868 0.082169
0 0.582580 0.132293 0.032868 0.082169
0 0.616270 0.132293 0.032868 0.082169
0 0.650781 0.132293 0.032868 0.082169
0 0.702547 0.132293 0.032868 0.082169
0 0.741167 0.132293 0.032868 0.082169
0 0.781430 0.132293 0.032868 0.082169
0 0.867707 0.199671 0.082169 0.032868
0 0.867707 0.239934 0.082169 0.032868
0 0.867707 0.281019 0.082169 0.032868
0 0.867707 0.326212 0.082169 0.032868
0 0.867707 0.363188 0.082169 0.032868
0 0.867707 0.410025 0.082169 0.032868
0 0.867707 0.442892 0.082169 0.032868
0 0.867707 0.470830 0.082169 0.032868
0 0.867707 0.523418 0.082169 0.032868
0 0.867707 0.568611 0.082169 0.032868
0 0.867707 0.602301 0.082169 0.032868
0 0.867707 0.637634 0.082169 0.032868
0 0.867707 0.674610 0.082169 0.032868
0 0.867707 0.724733 0.082169 0.032868
0 0.867707 0.764174 0.082169 0.032868
0 0.867707 0.806081 0.082169 0.032868
0 0.793755 0.867707 0.032868 0.082169
0 0.750205 0.867707 0.032868 0.082169
0 0.708299 0.867707 0.032868 0.082169
0 0.669680 0.867707 0.032868 0.082169
0 0.635168 0.867707 0.032868 0.082169
0 0.599836 0.867707 0.032868 0.082169
0 0.564503 0.867707 0.032868 0.082169
0 0.523418 0.867707 0.032868 0.082169
0 0.480690 0.867707 0.032868 0.082169
0 0.443714 0.867707 0.032868 0.082169
0 0.410025 0.867707 0.032868 0.082169
0 0.360723 0.867707 0.032868 0.082169
0 0.322104 0.867707 0.032868 0.082169
0 0.281841 0.867707 0.032868 0.082169
0 0.239934 0.867707 0.032868 0.082169
0 0.200493 0.867707 0.032868 0.082169
0 0.132293 0.803615 0.082169 0.032868
0 0.132293 0.763353 0.082169 0.032868
0 0.132293 0.709942 0.082169 0.032868
0 0.132293 0.668858 0.082169 0.032868
0 0.132293 0.630238 0.082169 0.032868
0 0.132293 0.595727 0.082169 0.032868
0 0.132293 0.552177 0.082169 0.032868
0 0.132293 0.515201 0.082169 0.032868
0 0.132293 0.476582 0.082169 0.032868
0 0.132293 0.441249 0.082169 0.032868
0 0.132293 0.407560 0.082169 0.032868
0 0.132293 0.371405 0.082169 0.032868
0 0.132293 0.334429 0.082169 0.032868
0 0.132293 0.290058 0.082169 0.032868
0 0.132293 0.239113 0.082169 0.032868
0 0.132293 0.198028 0.082169 0.032868
