0 0.202136 0.137223 0.032868 0.082169
0 0.242399 0.137223 0.032868 0.082169
0 0.280197 0.137223 0.032868 0.082169
0 0.319638 0.137223 0.032868 0.082169
0 0.355793 0.137223 0.032868 0.082169
0 0.390304 0.137223 0.032868 0.082169
0 0.424815 0.137223 0.032868 0.082169
0 0.460970 0.137223 0.032868 0.082169
0 0.519310 0.137223 0.032868 0.082169
0 0.548891 0.137223 0.032868 0.082169
0 0.580937 0.137223 0.032868 0.082169
0 0.612983 0.137223 0.032868 0.082169
0 0.646672 0.137223 0.032868 0.082169
0 0.698439 0.137223 0.032868 0.082169
0 0.737058 0.137223 0.032868 0.082169
0 0.774856 0.137223 0.032868 0.082169
0 0.862777 0.203780 0.082169 0.032868
0 0.862777 0.242399 0.082169 0.032868
0 0.862777 0.282662 0.082169 0.032868
0 0.862777 0.328677 0.082169 0.032868
0 0.862777 0.364832 0.082169 0.032868
0 0.862777 0.442892 0.082169 0.032868
0 0.862777 0.470830 0.082169 0.032868
0 0.862777 0.524240 0.082169 0.032868
0 0.862777 0.569433 0.082169 0.032868
0 0.862777 0.602301 0.082169 0.032868
0 0.862777 0.637634 0.082169 0.032868
0 0.862777 0.673788 0.082169 0.032868
0 0.862777 0.723911 0.082169 0.032868
0 0.862777 0.762531 0.082169 0.032868
0 0.862777 0.803615 0.082169 0.032868
0 0.788003 0.862777 0.032868 0.082169
0 0.745275 0.862777 0.032868 0.082169
0 0.704191 0.862777 0.032868 0.082169
0 0.668036 0.862777 0.032868 0.082169
0 0.633525 0.862777 0.032868 0.082169
0 0.599014 0.862777 0.032868 0.082169
0 0.564503 0.862777 0.032868 0.082169
0 0.522597 0.862777 0.032868 0.082169
0 0.480690 0.862777 0.032868 0.082169
0 0.443714 0.862777 0.032868 0.082169
0 0.410846 0.862777 0.032868 0.082169
0 0.361545 0.862777 0.032868 0.082169
0 0.322104 0.862777 0.032868 0.082169
0 0.283484 0.862777 0.032868 0.082169
0 0.241578 0.862777 0.032868 0.082169
0 0.203780 0.862777 0.032868 0.082169
0 0.137223 0.799507 0.082169 0.032868
0 0.137223 0.760887 0.082169 0.032868
0 0.137223 0.706656 0.082169 0.032868
0 0.137223 0.667214 0.082169 0.032868
0 0.137223 0.629417 0.082169 0.032868
0 0.137223 0.594906 0.082169 0.032868
0 0.137223 0.551356 0.082169 0.032868
0 0.137223 0.515201 0.082169 0.032868
0 0.137223 0.475760 0.082169 0.032868
0 0.137223 0.442071 0.082169 0.032868
0 0.137223 0.408381 0.082169 0.032868
0 0.137223 0.373048 0.082169 0.032868
0 0.137223 0.336072 0.082169 0.032868
0 0.137223 0.292523 0.082169 0.032868
0 0.137223 0.241578 0.082169 0.032868
0 0.137223 0.202136 0.082169 0.032868
