0 0.204601 0.142153 0.032868 0.082169
0 0.244864 0.142153 0.032868 0.082169
0 0.281841 0.142153 0.032868 0.082169
0 0.320460 0.142153 0.032868 0.082169
0 0.348398 0.142153 0.032868 0.082169
0 0.390304 0.142153 0.032868 0.082169
0 0.424815 0.142153 0.032868 0.082169
0 0.460970 0.142153 0.032868 0.082169
0 0.518488 0.142153 0.032868 0.082169
0 0.548069 0.142153 0.032868 0.082169
0 0.579293 0.142153 0.032868 0.082169
0 0.609696 0.142153 0.032868 0.082169
0 0.642564 0.142153 0.032868 0.082169
0 0.694330 0.142153 0.032868 0.082169
0 0.732128 0.142153 0.032868 0.082169
0 0.769104 0.142153 0.032868 0.082169
0 0.857847 0.207067 0.082169 0.032868
0 0.857847 0.245686 0.082169 0.032868
0 0.857847 0.284306 0.082169 0.032868
0 0.857847 0.330320 0.082169 0.032868
0 0.857847 0.365653 0.082169 0.032868
0 0.857847 0.412490 0.082169 0.032868
0 0.857847 0.443714 0.082169 0.032868
0 0.857847 0.470830 0.082169 0.032868
0 0.857847 0.525062 0.082169 0.032868
0 0.857847 0.570255 0.082169 0.032868
0 0.857847 0.602301 0.082169 0.032868
0 0.857847 0.636812 0.082169 0.032868
0 0.857847 0.723911 0.082169 0.032868
0 0.857847 0.760887 0.082169 0.032868
0 0.857847 0.801150 0.082169 0.032868
0 0.782251 0.857847 0.032868 0.082169
0 0.740345 0.857847 0.032868 0.082169
0 0.700904 0.857847 0.032868 0.082169
0 0.665571 0.857847 0.032868 0.082169
0 0.631882 0.857847 0.032868 0.082169
0 0.599014 0.857847 0.032868 0.082169
0 0.564503 0.857847 0.032868 0.082169
0 0.522597 0.857847 0.032868 0.082169
0 0.443714 0.857847 0.032868 0.082169
0 0.411668 0.857847 0.032868 0.082169
0 0.362366 0.857847 0.032868 0.082169
0 0.323747 0.857847 0.032868 0.082169
0 0.285127 0.857847 0.032868 0.082169
0 0.244043 0.857847 0.032868 0.082169
0 0.206245 0.857847 0.032868 0.082169
0 0.142153 0.797042 0.082169 0.032868
0 0.142153 0.759244 0.082169 0.032868
0 0.142153 0.704191 0.082169 0.032868
0 0.142153 0.664749 0.082169 0.032868
0 0.142153 0.627773 0.082169 0.032868
0 0.142153 0.594084 0.082169 0.032868
0 0.142153 0.549712 0.082169 0.032868
0 0.142153 0.514380 0.082169 0.032868
0 0.142153 0.475760 0.082169 0.032868
0 0.142153 0.442071 0.082169 0.032868
0 0.142153 0.409203 0.082169 0.032868
0 0.142153 0.374692 0.082169 0.032868
0 0.142153 0.337716 0.082169 0.032868
0 0.142153 0.294988 0.082169 0.032868
0 0.142153 0.244043 0.082169 0.032868
0 0.142153 0.205423 0.082169 0.032868
