0 0.211997 0.152013 0.032868 0.082169
0 0.249795 0.152013 0.032868 0.082169
0 0.285127 0.152013 0.032868 0.082169
0 0.322104 0.152013 0.032868 0.082169
0 0.355793 0.152013 0.032868 0.082169
0 0.388661 0.152013 0.032868 0.082169
0 0.423993 0.152013 0.032868 0.082169
0 0.460148 0.152013 0.032868 0.082169
0 0.518488 0.152013 0.032868 0.082169
0 0.546426 0.152013 0.032868 0.082169
0 0.575185 0.152013 0.032868 0.082169
0 0.604766 0.152013 0.032868 0.082169
0 0.635168 0.152013 0.032868 0.082169
0 0.686935 0.152013 0.032868 0.082169
0 0.722268 0.152013 0.032868 0.082169
0 0.755957 0.152013 0.032868 0.082169
0 0.847987 0.214462 0.082169 0.032868
0 0.847987 0.250616 0.082169 0.032868
0 0.847987 0.333607 0.082169 0.032868
0 0.847987 0.367297 0.082169 0.032868
0 0.847987 0.414133 0.082169 0.032868
0 0.847987 0.444536 0.082169 0.032868
0 0.847987 0.470008 0.082169 0.032868
0 0.847987 0.525883 0.082169 0.032868
0 0.847987 0.571898 0.082169 0.032868
0 0.847987 0.603122 0.082169 0.032868
0 0.847987 0.669680 0.082169 0.032868
0 0.847987 0.721446 0.082169 0.032868
0 0.847987 0.757601 0.082169 0.032868
0 0.847987 0.797042 0.082169 0.032868
0 0.771569 0.847987 0.032868 0.082169
0 0.731306 0.847987 0.032868 0.082169
0 0.693509 0.847987 0.032868 0.082169
0 0.629417 0.847987 0.032868 0.082169
0 0.597371 0.847987 0.032868 0.082169
0 0.565325 0.847987 0.032868 0.082169
0 0.521775 0.847987 0.032868 0.082169
0 0.481512 0.847987 0.032868 0.082169
0 0.445357 0.847987 0.032868 0.082169
0 0.413311 0.847987 0.032868 0.082169
0 0.362366 0.847987 0.032868 0.082169
0 0.325390 0.847987 0.032868 0.082169
0 0.288414 0.847987 0.032868 0.082169
0 0.248151 0.847987 0.032868 0.082169
0 0.213640 0.847987 0.032868 0.082169
0 0.152013 0.790468 0.082169 0.032868
0 0.152013 0.755136 0.082169 0.032868
0 0.152013 0.698439 0.082169 0.032868
0 0.152013 0.661463 0.082169 0.032868
0 0.152013 0.625308 0.082169 0.032868
0 0.152013 0.592440 0.082169 0.032868
0 0.152013 0.547247 0.082169 0.032868
0 0.152013 0.512736 0.082169 0.032868
0 0.152013 0.475760 0.082169 0.032868
0 0.152013 0.442892 0.082169 0.032868
0 0.152013 0.411668 0.082169 0.032868
0 0.152013 0.378800 0.082169 0.032868
0 0.152013 0.341824 0.082169 0.032868
0 0.152013 0.299918 0.082169 0.032868
0 0.152013 0.249795 0.082169 0.032868
0 0.152013 0.212818 0.082169 0.032868
