0 0.208710 0.147083 0.032868 0.082169
0 0.247329 0.147083 0.032868 0.082169
0 0.283484 0.147083 0.032868 0.082169
0 0.321282 0.147083 0.032868 0.082169
0 0.355793 0.147083 0.032868 0.082169
0 0.381265 0.147083 0.032868 0.082169
0 0.423993 0.147083 0.032868 0.082169
0 0.460148 0.147083 0.032868 0.082169
0 0.519310 0.147083 0.032868 0.082169
0 0.547247 0.147083 0.032868 0.082169
0 0.576828 0.147083 0.032868 0.082169
0 0.607231 0.147083 0.032868 0.082169
0 0.638455 0.147083 0.032868 0.082169
0 0.691044 0.147083 0.032868 0.082169
0 0.727198 0.147083 0.032868 0.082169
0 0.762531 0.147083 0.032868 0.082169
0 0.852917 0.211175 0.082169 0.032868
0 0.852917 0.248151 0.082169 0.032868
0 0.852917 0.285949 0.082169 0.032868
0 0.852917 0.331964 0.082169 0.032868
0 0.852917 0.367297 0.082169 0.032868
0 0.852917 0.413311 0.082169 0.032868
0 0.852917 0.444536 0.082169 0.032868
0 0.852917 0.470830 0.082169 0.032868
0 0.852917 0.525062 0.082169 0.032868
0 0.852917 0.571076 0.082169 0.032868
0 0.852917 0.602301 0.082169 0.032868
0 0.852917 0.635990 0.082169 0.032868
0 0.852917 0.671323 0.082169 0.032868
0 0.852917 0.722268 0.082169 0.032868
0 0.852917 0.759244 0.082169 0.032868
0 0.852917 0.798685 0.082169 0.032868
0 0.777321 0.852917 0.032868 0.082169
0 0.736237 0.852917 0.032868 0.082169
0 0.663106 0.852917 0.032868 0.082169
0 0.631060 0.852917 0.032868 0.082169
0 0.598192 0.852917 0.032868 0.082169
0 0.565325 0.852917 0.032868 0.082169
0 0.522597 0.852917 0.032868 0.082169
0 0.481512 0.852917 0.032868 0.082169
0 0.444536 0.852917 0.032868 0.082169
0 0.412490 0.852917 0.032868 0.082169
0 0.362366 0.852917 0.032868 0.082169
0 0.324569 0.852917 0.032868 0.082169
0 0.286771 0.852917 0.032868 0.082169
0 0.245686 0.852917 0.032868 0.082169
0 0.209532 0.852917 0.032868 0.082169
0 0.147083 0.794577 0.082169 0.032868
0 0.147083 0.756779 0.082169 0.032868
0 0.147083 0.700904 0.082169 0.032868
0 0.147083 0.663106 0.082169 0.032868
0 0.147083 0.626130 0.082169 0.032868
0 0.147083 0.594084 0.082169 0.032868
0 0.147083 0.548069 0.082169 0.032868
0 0.147083 0.513558 0.082169 0.032868
0 0.147083 0.475760 0.082169 0.032868
0 0.147083 0.442071 0.082169 0.032868
0 0.147083 0.410846 0.082169 0.032868
0 0.147083 0.376335 0.082169 0.032868
0 0.147083 0.340181 0.082169 0.032868
0 0.147083 0.297453 0.082169 0.032868
0 0.147083 0.247329 0.082169 0.032868
0 0.147083 0.208710 0.082169 0.032868
