0 0.195563 0.127362 0.032868 0.082169
0 0.237469 0.127362 0.032868 0.082169
0 0.276910 0.127362 0.032868 0.082169
0 0.317995 0.127362 0.032868 0.082169
0 0.354971 0.127362 0.032868 0.082169
0 0.391947 0.127362 0.032868 0.082169
0 0.425637 0.127362 0.032868 0.082169
0 0.462613 0.127362 0.032868 0.082169
0 0.520131 0.127362 0.032868 0.082169
0 0.551356 0.127362 0.032868 0.082169
0 0.584224 0.127362 0.032868 0.082169
0 0.618735 0.127362 0.032868 0.082169
0 0.654889 0.127362 0.032868 0.082169
0 0.705834 0.127362 0.032868 0.082169
0 0.746919 0.127362 0.032868 0.082169
0 0.788003 0.127362 0.032868 0.082169
0 0.872638 0.195563 0.082169 0.032868
0 0.872638 0.237469 0.082169 0.032868
0 0.872638 0.278554 0.082169 0.032868
0 0.872638 0.324569 0.082169 0.032868
0 0.872638 0.362366 0.082169 0.032868
0 0.872638 0.407560 0.082169 0.032868
0 0.872638 0.441249 0.082169 0.032868
0 0.872638 0.470830 0.082169 0.032868
0 0.872638 0.522597 0.082169 0.032868
0 0.872638 0.567790 0.082169 0.032868
0 0.872638 0.601479 0.082169 0.032868
0 0.872638 0.638455 0.082169 0.032868
0 0.872638 0.675431 0.082169 0.032868
0 0.872638 0.725555 0.082169 0.032868
0 0.872638 0.765818 0.082169 0.032868
0 0.872638 0.808546 0.082169 0.032868
0 0.754314 0.872638 0.032868 0.082169
0 0.711586 0.872638 0.032868 0.082169
0 0.672966 0.872638 0.032868 0.082169
0 0.635990 0.872638 0.032868 0.082169
0 0.599836 0.872638 0.032868 0.082169
0 0.564503 0.872638 0.032868 0.082169
0 0.524240 0.872638 0.032868 0.082169
0 0.479869 0.872638 0.032868 0.082169
0 0.442892 0.872638 0.032868 0.082169
0 0.408381 0.872638 0.032868 0.082169
0 0.360723 0.872638 0.032868 0.082169
0 0.321282 0.872638 0.032868 0.082169
0 0.280197 0.872638 0.032868 0.082169
0 0.237469 0.872638 0.032868 0.082169
0 0.197206 0.872638 0.032868 0.082169
0 0.127362 0.806081 0.082169 0.032868
0 0.127362 0.764996 0.082169 0.032868
0 0.127362 0.713229 0.082169 0.032868
0 0.127362 0.671323 0.082169 0.032868
0 0.127362 0.631882 0.082169 0.032868
0 0.127362 0.595727 0.082169 0.032868
0 0.127362 0.552999 0.082169 0.032868
0 0.127362 0.516023 0.082169 0.032868
0 0.127362 0.476582 0.082169 0.032868
0 0.127362 0.441249 0.082169 0.032868
0 0.127362 0.406738 0.082169 0.032868
0 0.127362 0.369762 0.082169 0.032868
0 0.127362 0.331964 0.082169 0.032868
0 0.127362 0.287592 0.082169 0.032868
0 0.127362 0.236647 0.082169 0.032868
0 0.127362 0.193919 0.082169 0.032868
