0 0.192771 0.128514 0.032129 0.080321
0 0.234538 0.128514 0.032129 0.080321
0 0.274699 0.128514 0.032129 0.080321
0 0.315663 0.128514 0.032129 0.080321
0 0.353414 0.128514 0.032129 0.080321
0 0.389558 0.128514 0.032129 0.080321
0 0.422490 0.128514 0.032129 0.080321
0 0.458635 0.128514 0.032129 0.080321
0 0.514859 0.128514 0.032129 0.080321
0 0.547791 0.128514 0.032129 0.080321
0 0.579920 0.128514 0.032129 0.080321
0 0.614458 0.128514 0.032129 0.080321
0 0.649799 0.128514 0.032129 0.080321
0 0.701205 0.128514 0.032129 0.080321
0 0.742972 0.128514 0.032129 0.080321
0 0.784739 0.128514 0.032129 0.080321
0 0.871486 0.198394 0.080321 0.032129
0 0.871486 0.240964 0.080321 0.032129
0 0.871486 0.281928 0.080321 0.032129
0 0.871486 0.328514 0.080321 0.032129
0 0.871486 0.366265 0.080321 0.032129
0 0.871486 0.411245 0.080321 0.032129
0 0.871486 0.474699 0.080321 0.032129
0 0.871486 0.528514 0.080321 0.032129
0 0.871486 0.570281 0.080321 0.032129
0 0.871486 0.604016 0.080321 0.032129
0 0.871486 0.678715 0.080321 0.032129
0 0.871486 0.726908 0.080321 0.032129
0 0.871486 0.767068 0.080321 0.032129
0 0.871486 0.811245 0.080321 0.032129
0 0.790361 0.871486 0.032129 0.080321
0 0.702811 0.871486 0.032129 0.080321
0 0.664257 0.871486 0.032129 0.080321
0 0.628112 0.871486 0.032129 0.080321
0 0.591165 0.871486 0.032129 0.080321
0 0.556627 0.871486 0.032129 0.080321
0 0.518072 0.871486 0.032129 0.080321
0 0.472289 0.871486 0.032129 0.080321
0 0.437751 0.871486 0.032129 0.080321
0 0.402410 0.871486 0.032129 0.080321
0 0.354217 0.871486 0.032129 0.080321
0 0.316466 0.871486 0.032129 0.080321
0 0.275502 0.871486 0.032129 0.080321
0 0.233735 0.871486 0.032129 0.080321
0 0.191968 0.871486 0.032129 0.080321
0 0.128514 0.810442 0.080321 0.032129
0 0.128514 0.767871 0.080321 0.032129
0 0.128514 0.675502 0.080321 0.032129
0 0.128514 0.636948 0.080321 0.032129
0 0.128514 0.600803 0.080321 0.032129
0 0.128514 0.559036 0.080321 0.032129
0 0.128514 0.522088 0.080321 0.032129
0 0.128514 0.481124 0.080321 0.032129
0 0.128514 0.446586 0.080321 0.032129
0 0.128514 0.412851 0.080321 0.032129
0 0.128514 0.375904 0.080321 0.032129
0 0.128514 0.336546 0.080321 0.032129
0 0.128514 0.293173 0.080321 0.032129
0 0.128514 0.242570 0.080321 0.032129
0 0.128514 0.200803 0.080321 0.032129
