0 0.197590 0.138153 0.032129 0.080321
0 0.237751 0.138153 0.032129 0.080321
0 0.277108 0.138153 0.032129 0.080321
0 0.315663 0.138153 0.032129 0.080321
0 0.351807 0.138153 0.032129 0.080321
0 0.387149 0.138153 0.032129 0.080321
0 0.420080 0.138153 0.032129 0.080321
0 0.456225 0.138153 0.032129 0.080321
0 0.514056 0.138153 0.032129 0.080321
0 0.544578 0.138153 0.032129 0.080321
0 0.575100 0.138153 0.032129 0.080321
0 0.607229 0.138153 0.032129 0.080321
0 0.640161 0.138153 0.032129 0.080321
0 0.692369 0.138153 0.032129 0.080321
0 0.731727 0.138153 0.032129 0.080321
0 0.771084 0.138153 0.032129 0.080321
0 0.861847 0.207229 0.080321 0.032129
0 0.861847 0.248193 0.080321 0.032129
0 0.861847 0.287550 0.080321 0.032129
0 0.861847 0.333333 0.080321 0.032129
0 0.861847 0.370281 0.080321 0.032129
0 0.861847 0.415261 0.080321 0.032129
0 0.861847 0.474699 0.080321 0.032129
0 0.861847 0.528514 0.080321 0.032129
0 0.861847 0.573494 0.080321 0.032129
0 0.861847 0.605622 0.080321 0.032129
0 0.861847 0.641767 0.080321 0.032129
0 0.861847 0.677108 0.080321 0.032129
0 0.861847 0.765462 0.080321 0.032129
0 0.861847 0.808032 0.080321 0.032129
0 0.776707 0.861847 0.032129 0.080321
0 0.734137 0.861847 0.032129 0.080321
0 0.693173 0.861847 0.032129 0.080321
0 0.657028 0.861847 0.032129 0.080321
0 0.624096 0.861847 0.032129 0.080321
0 0.588755 0.861847 0.032129 0.080321
0 0.555823 0.861847 0.032129 0.080321
0 0.515663 0.861847 0.032129 0.080321
0 0.471486 0.861847 0.032129 0.080321
0 0.437751 0.861847 0.032129 0.080321
0 0.403213 0.861847 0.032129 0.080321
0 0.353414 0.861847 0.032129 0.080321
0 0.317269 0.861847 0.032129 0.080321
0 0.277912 0.861847 0.032129 0.080321
0 0.235341 0.861847 0.032129 0.080321
0 0.196787 0.861847 0.032129 0.080321
0 0.138153 0.805622 0.080321 0.032129
0 0.138153 0.766265 0.080321 0.032129
0 0.138153 0.714056 0.080321 0.032129
0 0.138153 0.673092 0.080321 0.032129
0 0.138153 0.635341 0.080321 0.032129
0 0.138153 0.601606 0.080321 0.032129
0 0.138153 0.559036 0.080321 0.032129
0 0.138153 0.522088 0.080321 0.032129
0 0.138153 0.482731 0.080321 0.032129
0 0.138153 0.448996 0.080321 0.032129
0 0.138153 0.416867 0.080321 0.032129
0 0.138153 0.381526 0.080321 0.032129
0 0.138153 0.342972 0.080321 0.032129
0 0.138153 0.299598 0.080321 0.032129
0 0.138153 0.249799 0.080321 0.032129
0 0.138153 0.209639 0.080321 0.032129
