0 0.200000 0.142972 0.032129 0.080321
0 0.239357 0.142972 0.032129 0.080321
0 0.277912 0.142972 0.032129 0.080321
0 0.315663 0.142972 0.032129 0.080321
0 0.351807 0.142972 0.032129 0.080321
0 0.385542 0.142972 0.032129 0.080321
0 0.419277 0.142972 0.032129 0.080321
0 0.454618 0.142972 0.032129 0.080321
0 0.513253 0.142972 0.032129 0.080321
0 0.543775 0.142972 0.032129 0.080321
0 0.572691 0.142972 0.032129 0.080321
0 0.603213 0.142972 0.032129 0.080321
0 0.635341 0.142972 0.032129 0.080321
0 0.687550 0.142972 0.032129 0.080321
0 0.726908 0.142972 0.032129 0.080321
0 0.763855 0.142972 0.032129 0.080321
0 0.857028 0.251406 0.080321 0.032129
0 0.857028 0.289960 0.080321 0.032129
0 0.857028 0.335743 0.080321 0.032129
0 0.857028 0.371888 0.080321 0.032129
0 0.857028 0.417671 0.080321 0.032129
0 0.857028 0.475502 0.080321 0.032129
0 0.857028 0.529317 0.080321 0.032129
0 0.857028 0.575100 0.080321 0.032129
0 0.857028 0.606426 0.080321 0.032129
0 0.857028 0.641767 0.080321 0.032129
0 0.857028 0.676305 0.080321 0.032129
0 0.857028 0.763855 0.080321 0.032129
0 0.857028 0.807229 0.080321 0.032129
0 0.770281 0.857028 0.032129 0.080321
0 0.728514 0.857028 0.032129 0.080321
0 0.688353 0.857028 0.032129 0.080321
0 0.654618 0.857028 0.032129 0.080321
0 0.621687 0.857028 0.032129 0.080321
0 0.587952 0.857028 0.032129 0.080321
0 0.555823 0.857028 0.032129 0.080321
0 0.515663 0.857028 0.032129 0.080321
0 0.471486 0.857028 0.032129 0.080321
0 0.437751 0.857028 0.032129 0.080321
0 0.404016 0.857028 0.032129 0.080321
0 0.353414 0.857028 0.032129 0.080321
0 0.317269 0.857028 0.032129 0.080321
0 0.278715 0.857028 0.032129 0.080321
0 0.236948 0.857028 0.032129 0.080321
0 0.199197 0.857028 0.032129 0.080321
0 0.142972 0.803213 0.080321 0.032129
0 0.142972 0.764659 0.080321 0.032129
0 0.142972 0.711647 0.080321 0.032129
0 0.142972 0.671486 0.080321 0.032129
0 0.142972 0.601606 0.080321 0.032129
0 0.142972 0.551807 0.080321 0.032129
0 0.142972 0.522088 0.080321 0.032129
0 0.142972 0.482731 0.080321 0.032129
0 0.142972 0.449799 0.080321 0.032129
0 0.142972 0.418474 0.080321 0.032129
0 0.142972 0.384739 0.080321 0.032129
0 0.142972 0.345382 0.080321 0.032129
0 0.142972 0.302811 0.080321 0.032129
0 0.142972 0.254618 0.080321 0.032129
0 0.142972 0.214458 0.080321 0.032129
