0 0.201606 0.147791 0.032129 0.080321
0 0.240964 0.147791 0.032129 0.080321
0 0.278715 0.147791 0.032129 0.080321
0 0.316466 0.147791 0.032129 0.080321
0 0.351004 0.147791 0.032129 0.080321
0 0.384739 0.147791 0.032129 0.080321
0 0.417671 0.147791 0.032129 0.080321
0 0.453815 0.147791 0.032129 0.080321
0 0.512450 0.147791 0.032129 0.080321
0 0.541365 0.147791 0.032129 0.080321
0 0.570281 0.147791 0.032129 0.080321
0 0.600000 0.147791 0.032129 0.080321
0 0.630522 0.147791 0.032129 0.080321
0 0.721285 0.147791 0.032129 0.080321
0 0.757430 0.147791 0.032129 0.080321
0 0.852209 0.293173 0.080321 0.032129
0 0.852209 0.338153 0.080321 0.032129
0 0.852209 0.372691 0.080321 0.032129
0 0.852209 0.419277 0.080321 0.032129
0 0.852209 0.449799 0.080321 0.032129
0 0.852209 0.475502 0.080321 0.032129
0 0.852209 0.530924 0.080321 0.032129
0 0.852209 0.576707 0.080321 0.032129
0 0.852209 0.607229 0.080321 0.032129
0 0.852209 0.641767 0.080321 0.032129
0 0.852209 0.726104 0.080321 0.032129
0 0.852209 0.763052 0.080321 0.032129
0 0.763855 0.852209 0.032129 0.080321
0 0.723695 0.852209 0.032129 0.080321
0 0.684337 0.852209 0.032129 0.080321
0 0.651406 0.852209 0.032129 0.080321
0 0.620080 0.852209 0.032129 0.080321
0 0.587149 0.852209 0.032129 0.080321
0 0.555823 0.852209 0.032129 0.080321
0 0.514056 0.852209 0.032129 0.080321
0 0.471486 0.852209 0.032129 0.080321
0 0.437751 0.852209 0.032129 0.080321
0 0.404819 0.852209 0.032129 0.080321
0 0.353414 0.852209 0.032129 0.080321
0 0.318072 0.852209 0.032129 0.080321
0 0.279518 0.852209 0.032129 0.080321
0 0.238554 0.852209 0.032129 0.080321
0 0.201606 0.852209 0.032129 0.080321
0 0.147791 0.710040 0.080321 0.032129
0 0.147791 0.633735 0.080321 0.032129
0 0.147791 0.601606 0.080321 0.032129
0 0.147791 0.558233 0.080321 0.032129
0 0.147791 0.522088 0.080321 0.032129
0 0.147791 0.483534 0.080321 0.032129
0 0.147791 0.419277 0.080321 0.032129
0 0.147791 0.342169 0.080321 0.032129
0 0.147791 0.306827 0.080321 0.032129
0 0.147791 0.257831 0.080321 0.032129
0 0.147791 0.219277 0.080321 0.032129
