0 0.204819 0.152610 0.032129 0.080321
0 0.242570 0.152610 0.032129 0.080321
0 0.279518 0.152610 0.032129 0.080321
0 0.316466 0.152610 0.032129 0.080321
0 0.351004 0.152610 0.032129 0.080321
0 0.383133 0.152610 0.032129 0.080321
0 0.417671 0.152610 0.032129 0.080321
0 0.452209 0.152610 0.032129 0.080321
0 0.511647 0.152610 0.032129 0.080321
0 0.539759 0.152610 0.032129 0.080321
0 0.567068 0.152610 0.032129 0.080321
0 0.596787 0.152610 0.032129 0.080321
0 0.626506 0.152610 0.032129 0.080321
0 0.679518 0.152610 0.032129 0.080321
0 0.715663 0.152610 0.032129 0.080321
0 0.750201 0.152610 0.032129 0.080321
0 0.847390 0.220080 0.080321 0.032129
0 0.847390 0.257831 0.080321 0.032129
0 0.847390 0.294779 0.080321 0.032129
0 0.847390 0.339759 0.080321 0.032129
0 0.847390 0.374297 0.080321 0.032129
0 0.847390 0.420884 0.080321 0.032129
0 0.847390 0.451406 0.080321 0.032129
0 0.847390 0.481928 0.080321 0.032129
0 0.847390 0.532530 0.080321 0.032129
0 0.847390 0.608032 0.080321 0.032129
0 0.847390 0.641767 0.080321 0.032129
0 0.847390 0.726908 0.080321 0.032129
0 0.757430 0.847390 0.032129 0.080321
0 0.718072 0.847390 0.032129 0.080321
0 0.679518 0.847390 0.032129 0.080321
0 0.648996 0.847390 0.032129 0.080321
0 0.618474 0.847390 0.032129 0.080321
0 0.586345 0.847390 0.032129 0.080321
0 0.555020 0.847390 0.032129 0.080321
0 0.514056 0.847390 0.032129 0.080321
0 0.470683 0.847390 0.032129 0.080321
0 0.437751 0.847390 0.032129 0.080321
0 0.406426 0.847390 0.032129 0.080321
0 0.352610 0.847390 0.032129 0.080321
0 0.318876 0.847390 0.032129 0.080321
0 0.281124 0.847390 0.032129 0.080321
0 0.240161 0.847390 0.032129 0.080321
0 0.204016 0.847390 0.032129 0.080321
0 0.152610 0.797590 0.080321 0.032129
0 0.152610 0.762249 0.080321 0.032129
0 0.152610 0.707631 0.080321 0.032129
0 0.152610 0.669076 0.080321 0.032129
0 0.152610 0.601606 0.080321 0.032129
0 0.152610 0.557430 0.080321 0.032129
0 0.152610 0.484337 0.080321 0.032129
0 0.152610 0.420884 0.080321 0.032129
0 0.152610 0.345382 0.080321 0.032129
0 0.152610 0.310040 0.080321 0.032129
0 0.152610 0.261847 0.080321 0.032129
0 0.152610 0.224096 0.080321 0.032129
