0 0.195181 0.133333 0.032129 0.080321
0 0.236145 0.133333 0.032129 0.080321
0 0.275502 0.133333 0.032129 0.080321
0 0.315663 0.133333 0.032129 0.080321
0 0.353414 0.133333 0.032129 0.080321
0 0.387952 0.133333 0.032129 0.080321
0 0.420884 0.133333 0.032129 0.080321
0 0.457028 0.133333 0.032129 0.080321
0 0.514056 0.133333 0.032129 0.080321
0 0.546185 0.133333 0.032129 0.080321
0 0.577510 0.133333 0.032129 0.080321
0 0.611245 0.133333 0.032129 0.080321
0 0.644980 0.133333 0.032129 0.080321
0 0.737349 0.133333 0.032129 0.080321
0 0.778313 0.133333 0.032129 0.080321
0 0.866667 0.203213 0.080321 0.032129
0 0.866667 0.244177 0.080321 0.032129
0 0.866667 0.285141 0.080321 0.032129
0 0.866667 0.330924 0.080321 0.032129
0 0.866667 0.368675 0.080321 0.032129
0 0.866667 0.413655 0.080321 0.032129
0 0.866667 0.447390 0.080321 0.032129
0 0.866667 0.474699 0.080321 0.032129
0 0.866667 0.526908 0.080321 0.032129
0 0.866667 0.571888 0.080321 0.032129
0 0.866667 0.604819 0.080321 0.032129
0 0.866667 0.640964 0.080321 0.032129
0 0.866667 0.677912 0.080321 0.032129
0 0.866667 0.726908 0.080321 0.032129
0 0.866667 0.809639 0.080321 0.032129
0 0.783133 0.866667 0.032129 0.080321
0 0.740562 0.866667 0.032129 0.080321
0 0.697992 0.866667 0.032129 0.080321
0 0.661044 0.866667 0.032129 0.080321
0 0.625703 0.866667 0.032129 0.080321
0 0.590361 0.866667 0.032129 0.080321
0 0.556627 0.866667 0.032129 0.080321
0 0.517269 0.866667 0.032129 0.080321
0 0.472289 0.866667 0.032129 0.080321
0 0.437751 0.866667 0.032129 0.080321
0 0.403213 0.866667 0.032129 0.080321
0 0.354217 0.866667 0.032129 0.080321
0 0.316466 0.866667 0.032129 0.080321
0 0.277108 0.866667 0.032129 0.080321
0 0.234538 0.866667 0.032129 0.080321
0 0.193574 0.866667 0.032129 0.080321
0 0.133333 0.808032 0.080321 0.032129
0 0.133333 0.767068 0.080321 0.032129
0 0.133333 0.715663 0.080321 0.032129
0 0.133333 0.674699 0.080321 0.032129
0 0.133333 0.636145 0.080321 0.032129
0 0.133333 0.600803 0.080321 0.032129
0 0.133333 0.559036 0.080321 0.032129
0 0.133333 0.522088 0.080321 0.032129
0 0.133333 0.481928 0.080321 0.032129
0 0.133333 0.447390 0.080321 0.032129
0 0.133333 0.414458 0.080321 0.032129
0 0.133333 0.379116 0.080321 0.032129
0 0.133333 0.339759 0.080321 0.032129
0 0.133333 0.295582 0.080321 0.032129
0 0.133333 0.246586 0.080321 0.032129
0 0.133333 0.204819 0.080321 0.032129
