0 0.192593 0.121811 0.032922 0.082305
0 0.235391 0.121811 0.032922 0.082305
0 0.275720 0.121811 0.032922 0.082305
0 0.316872 0.121811 0.032922 0.082305
0 0.353909 0.121811 0.032922 0.082305
0 0.390947 0.121811 0.032922 0.082305
0 0.422222 0.121811 0.032922 0.082305
0 0.463374 0.121811 0.032922 0.082305
0 0.519342 0.121811 0.032922 0.082305
0 0.550617 0.121811 0.032922 0.082305
0 0.584362 0.121811 0.032922 0.082305
0 0.621399 0.121811 0.032922 0.082305
0 0.656790 0.121811 0.032922 0.082305
0 0.707819 0.121811 0.032922 0.082305
0 0.748148 0.121811 0.032922 0.082305
0 0.790947 0.121811 0.032922 0.082305
0 0.878189 0.186831 0.082305 0.032922
0 0.878189 0.229630 0.082305 0.032922
0 0.878189 0.277366 0.082305 0.032922
0 0.878189 0.317695 0.082305 0.032922
0 0.878189 0.357202 0.082305 0.032922
0 0.878189 0.402469 0.082305 0.032922
0 0.878189 0.437860 0.082305 0.032922
0 0.878189 0.466667 0.082305 0.032922
0 0.878189 0.519342 0.082305 0.032922
0 0.878189 0.564609 0.082305 0.032922
0 0.878189 0.599177 0.082305 0.032922
0 0.878189 0.636214 0.082305 0.032922
0 0.878189 0.674897 0.082305 0.032922
0 0.878189 0.724280 0.082305 0.032922
0 0.878189 0.765432 0.082305 0.032922
0 0.878189 0.808230 0.082305 0.032922
0 0.806584 0.878189 0.032922 0.082305
0 0.761317 0.878189 0.032922 0.082305
0 0.717695 0.878189 0.032922 0.082305
0 0.675720 0.878189 0.032922 0.082305
0 0.638683 0.878189 0.032922 0.082305
0 0.600000 0.878189 0.032922 0.082305
0 0.562963 0.878189 0.032922 0.082305
0 0.525103 0.878189 0.032922 0.082305
0 0.479012 0.878189 0.032922 0.082305
0 0.442798 0.878189 0.032922 0.082305
0 0.406584 0.878189 0.032922 0.082305
0 0.358848 0.878189 0.032922 0.082305
0 0.319342 0.878189 0.032922 0.082305
0 0.277366 0.878189 0.032922 0.082305
0 0.234568 0.878189 0.032922 0.082305
0 0.190947 0.878189 0.032922 0.082305
0 0.121811 0.807407 0.082305 0.032922
0 0.121811 0.764609 0.082305 0.032922
0 0.121811 0.729218 0.082305 0.032922
0 0.121811 0.670782 0.082305 0.032922
0 0.121811 0.630453 0.082305 0.032922
0 0.121811 0.594239 0.082305 0.032922
0 0.121811 0.551440 0.082305 0.032922
0 0.121811 0.515226 0.082305 0.032922
0 0.121811 0.474074 0.082305 0.032922
0 0.121811 0.438683 0.082305 0.032922
0 0.121811 0.408230 0.082305 0.032922
0 0.121811 0.364609 0.082305 0.032922
0 0.121811 0.327572 0.082305 0.032922
0 0.121811 0.282305 0.082305 0.032922
0 0.121811 0.255144 0.082305 0.032922
0 0.121811 0.229630 0.082305 0.032922
0 0.121811 0.188477 0.082305 0.032922
