0 0.199177 0.131687 0.032922 0.082305
0 0.240329 0.131687 0.032922 0.082305
0 0.279012 0.131687 0.032922 0.082305
0 0.318519 0.131687 0.032922 0.082305
0 0.353909 0.131687 0.032922 0.082305
0 0.389300 0.131687 0.032922 0.082305
0 0.424691 0.131687 0.032922 0.082305
0 0.461728 0.131687 0.032922 0.082305
0 0.519342 0.131687 0.032922 0.082305
0 0.548971 0.131687 0.032922 0.082305
0 0.581070 0.131687 0.032922 0.082305
0 0.615638 0.131687 0.032922 0.082305
0 0.649383 0.131687 0.032922 0.082305
0 0.700412 0.131687 0.032922 0.082305
0 0.739095 0.131687 0.032922 0.082305
0 0.778601 0.131687 0.032922 0.082305
0 0.868313 0.195062 0.082305 0.032922
0 0.868313 0.235391 0.082305 0.032922
0 0.868313 0.283951 0.082305 0.032922
0 0.868313 0.321811 0.082305 0.032922
0 0.868313 0.358848 0.082305 0.032922
0 0.868313 0.404938 0.082305 0.032922
0 0.868313 0.438683 0.082305 0.032922
0 0.868313 0.466667 0.082305 0.032922
0 0.868313 0.520165 0.082305 0.032922
0 0.868313 0.566255 0.082305 0.032922
0 0.868313 0.600000 0.082305 0.032922
0 0.868313 0.636214 0.082305 0.032922
0 0.868313 0.672428 0.082305 0.032922
0 0.868313 0.722634 0.082305 0.032922
0 0.868313 0.762140 0.082305 0.032922
0 0.868313 0.804115 0.082305 0.032922
0 0.795885 0.868313 0.032922 0.082305
0 0.752263 0.868313 0.032922 0.082305
0 0.671605 0.868313 0.032922 0.082305
0 0.635391 0.868313 0.032922 0.082305
0 0.598354 0.868313 0.032922 0.082305
0 0.562963 0.868313 0.032922 0.082305
0 0.519342 0.868313 0.032922 0.082305
0 0.479012 0.868313 0.032922 0.082305
0 0.443621 0.868313 0.032922 0.082305
0 0.409053 0.868313 0.032922 0.082305
0 0.360494 0.868313 0.032922 0.082305
0 0.320988 0.868313 0.032922 0.082305
0 0.281481 0.868313 0.032922 0.082305
0 0.238683 0.868313 0.032922 0.082305
0 0.198354 0.868313 0.032922 0.082305
0 0.131687 0.818107 0.082305 0.032922
0 0.131687 0.760494 0.082305 0.032922
0 0.131687 0.706996 0.082305 0.032922
0 0.131687 0.677366 0.082305 0.032922
0 0.131687 0.630453 0.082305 0.032922
0 0.131687 0.592593 0.082305 0.032922
0 0.131687 0.548971 0.082305 0.032922
0 0.131687 0.513580 0.082305 0.032922
0 0.131687 0.474074 0.082305 0.032922
0 0.131687 0.439506 0.082305 0.032922
0 0.131687 0.404938 0.082305 0.032922
0 0.131687 0.368724 0.082305 0.032922
0 0.131687 0.332510 0.082305 0.032922
0 0.131687 0.287243 0.082305 0.032922
0 0.131687 0.237860 0.082305 0.032922
0 0.131687 0.195885 0.082305 0.032922
