0 0.202469 0.136626 0.032922 0.082305
0 0.242798 0.136626 0.032922 0.082305
0 0.280658 0.136626 0.032922 0.082305
0 0.319342 0.136626 0.032922 0.082305
0 0.353909 0.136626 0.032922 0.082305
0 0.388477 0.136626 0.032922 0.082305
0 0.424691 0.136626 0.032922 0.082305
0 0.461728 0.136626 0.032922 0.082305
0 0.518519 0.136626 0.032922 0.082305
0 0.548148 0.136626 0.032922 0.082305
0 0.579424 0.136626 0.032922 0.082305
0 0.613169 0.136626 0.032922 0.082305
0 0.645267 0.136626 0.032922 0.082305
0 0.696296 0.136626 0.032922 0.082305
0 0.734156 0.136626 0.032922 0.082305
0 0.772840 0.136626 0.032922 0.082305
0 0.863374 0.199177 0.082305 0.032922
0 0.863374 0.238683 0.082305 0.032922
0 0.863374 0.286420 0.082305 0.032922
0 0.863374 0.323457 0.082305 0.032922
0 0.863374 0.360494 0.082305 0.032922
0 0.863374 0.406584 0.082305 0.032922
0 0.863374 0.438683 0.082305 0.032922
0 0.863374 0.465844 0.082305 0.032922
0 0.863374 0.520988 0.082305 0.032922
0 0.863374 0.567901 0.082305 0.032922
0 0.863374 0.600000 0.082305 0.032922
0 0.863374 0.635391 0.082305 0.032922
0 0.863374 0.670782 0.082305 0.032922
0 0.863374 0.721811 0.082305 0.032922
0 0.863374 0.760494 0.082305 0.032922
0 0.863374 0.800823 0.082305 0.032922
0 0.790123 0.863374 0.032922 0.082305
0 0.746502 0.863374 0.032922 0.082305
0 0.706173 0.863374 0.032922 0.082305
0 0.668313 0.863374 0.032922 0.082305
0 0.633745 0.863374 0.032922 0.082305
0 0.598354 0.863374 0.032922 0.082305
0 0.524280 0.863374 0.032922 0.082305
0 0.479012 0.863374 0.032922 0.082305
0 0.443621 0.863374 0.032922 0.082305
0 0.409877 0.863374 0.032922 0.082305
0 0.360494 0.863374 0.032922 0.082305
0 0.322634 0.863374 0.032922 0.082305
0 0.283128 0.863374 0.032922 0.082305
0 0.240329 0.863374 0.032922 0.082305
0 0.201646 0.863374 0.032922 0.082305
0 0.136626 0.803292 0.082305 0.032922
0 0.136626 0.758848 0.082305 0.032922
0 0.136626 0.704527 0.082305 0.032922
0 0.136626 0.669136 0.082305 0.032922
0 0.136626 0.634568 0.082305 0.032922
0 0.136626 0.593416 0.082305 0.032922
0 0.136626 0.548148 0.082305 0.032922
0 0.136626 0.514403 0.082305 0.032922
0 0.136626 0.474074 0.082305 0.032922
0 0.136626 0.440329 0.082305 0.032922
0 0.136626 0.406584 0.082305 0.032922
0 0.136626 0.370370 0.082305 0.032922
0 0.136626 0.342387 0.082305 0.032922
0 0.136626 0.289712 0.082305 0.032922
0 0.136626 0.239506 0.082305 0.032922
0 0.136626 0.200000 0.082305 0.032922
