0 0.205761 0.141564 0.032922 0.082305
0 0.245267 0.141564 0.032922 0.082305
0 0.282305 0.141564 0.032922 0.082305
0 0.320165 0.141564 0.032922 0.082305
0 0.353909 0.141564 0.032922 0.082305
0 0.379424 0.141564 0.032922 0.082305
0 0.423868 0.141564 0.032922 0.082305
0 0.460905 0.141564 0.032922 0.082305
0 0.518519 0.141564 0.032922 0.082305
0 0.547325 0.141564 0.032922 0.082305
0 0.577778 0.141564 0.032922 0.082305
0 0.609877 0.141564 0.032922 0.082305
0 0.641152 0.141564 0.032922 0.082305
0 0.693004 0.141564 0.032922 0.082305
0 0.729218 0.141564 0.032922 0.082305
0 0.767078 0.141564 0.032922 0.082305
0 0.858436 0.202469 0.082305 0.032922
0 0.858436 0.241152 0.082305 0.032922
0 0.858436 0.288889 0.082305 0.032922
0 0.858436 0.325926 0.082305 0.032922
0 0.858436 0.361317 0.082305 0.032922
0 0.858436 0.407407 0.082305 0.032922
0 0.858436 0.439506 0.082305 0.032922
0 0.858436 0.465844 0.082305 0.032922
0 0.858436 0.520988 0.082305 0.032922
0 0.858436 0.568724 0.082305 0.032922
0 0.858436 0.600000 0.082305 0.032922
0 0.858436 0.635391 0.082305 0.032922
0 0.858436 0.669959 0.082305 0.032922
0 0.858436 0.720988 0.082305 0.032922
0 0.858436 0.758025 0.082305 0.032922
0 0.858436 0.799177 0.082305 0.032922
0 0.784362 0.858436 0.032922 0.082305
0 0.742387 0.858436 0.032922 0.082305
0 0.702058 0.858436 0.032922 0.082305
0 0.666667 0.858436 0.032922 0.082305
0 0.632922 0.858436 0.032922 0.082305
0 0.597531 0.858436 0.032922 0.082305
0 0.562963 0.858436 0.032922 0.082305
0 0.523457 0.858436 0.032922 0.082305
0 0.479012 0.858436 0.032922 0.082305
0 0.444444 0.858436 0.032922 0.082305
0 0.411523 0.858436 0.032922 0.082305
0 0.361317 0.858436 0.032922 0.082305
0 0.323457 0.858436 0.032922 0.082305
0 0.284774 0.858436 0.032922 0.082305
0 0.242798 0.858436 0.032922 0.082305
0 0.205761 0.858436 0.032922 0.082305
0 0.141564 0.795062 0.082305 0.032922
0 0.141564 0.755556 0.082305 0.032922
0 0.141564 0.701235 0.082305 0.032922
0 0.141564 0.662551 0.082305 0.032922
0 0.141564 0.624691 0.082305 0.032922
0 0.141564 0.590947 0.082305 0.032922
0 0.141564 0.546502 0.082305 0.032922
0 0.141564 0.511934 0.082305 0.032922
0 0.141564 0.479012 0.082305 0.032922
0 0.141564 0.440329 0.082305 0.032922
0 0.141564 0.406584 0.082305 0.032922
0 0.141564 0.372016 0.082305 0.032922
0 0.141564 0.335802 0.082305 0.032922
0 0.141564 0.292181 0.082305 0.032922
0 0.141564 0.241975 0.082305 0.032922
0 0.141564 0.203292 0.082305 0.032922
