0 0.209053 0.146502 0.032922 0.082305
0 0.246914 0.146502 0.032922 0.082305
0 0.283951 0.146502 0.032922 0.082305
0 0.320988 0.146502 0.032922 0.082305
0 0.353909 0.146502 0.032922 0.082305
0 0.386831 0.146502 0.032922 0.082305
0 0.423868 0.146502 0.032922 0.082305
0 0.460082 0.146502 0.032922 0.082305
0 0.518519 0.146502 0.032922 0.082305
0 0.546502 0.146502 0.032922 0.082305
0 0.575309 0.146502 0.032922 0.082305
0 0.607407 0.146502 0.032922 0.082305
0 0.638683 0.146502 0.032922 0.082305
0 0.689712 0.146502 0.032922 0.082305
0 0.725103 0.146502 0.032922 0.082305
0 0.760494 0.146502 0.032922 0.082305
0 0.853498 0.206584 0.082305 0.032922
0 0.853498 0.244444 0.082305 0.032922
0 0.853498 0.289712 0.082305 0.032922
0 0.853498 0.327572 0.082305 0.032922
0 0.853498 0.362140 0.082305 0.032922
0 0.853498 0.409053 0.082305 0.032922
0 0.853498 0.440329 0.082305 0.032922
0 0.853498 0.465844 0.082305 0.032922
0 0.853498 0.522634 0.082305 0.032922
0 0.853498 0.569547 0.082305 0.032922
0 0.853498 0.600000 0.082305 0.032922
0 0.853498 0.634568 0.082305 0.032922
0 0.853498 0.720988 0.082305 0.032922
0 0.853498 0.795885 0.082305 0.032922
0 0.778601 0.853498 0.032922 0.082305
0 0.738272 0.853498 0.032922 0.082305
0 0.699588 0.853498 0.032922 0.082305
0 0.664198 0.853498 0.032922 0.082305
0 0.631276 0.853498 0.032922 0.082305
0 0.596708 0.853498 0.032922 0.082305
0 0.563786 0.853498 0.032922 0.082305
0 0.523457 0.853498 0.032922 0.082305
0 0.479835 0.853498 0.032922 0.082305
0 0.445267 0.853498 0.032922 0.082305
0 0.412346 0.853498 0.032922 0.082305
0 0.361317 0.853498 0.032922 0.082305
0 0.324280 0.853498 0.032922 0.082305
0 0.286420 0.853498 0.032922 0.082305
0 0.245267 0.853498 0.032922 0.082305
0 0.146502 0.791770 0.082305 0.032922
0 0.146502 0.753909 0.082305 0.032922
0 0.146502 0.697942 0.082305 0.032922
0 0.146502 0.660082 0.082305 0.032922
0 0.146502 0.623045 0.082305 0.032922
0 0.146502 0.590123 0.082305 0.032922
0 0.146502 0.544856 0.082305 0.032922
0 0.146502 0.510288 0.082305 0.032922
0 0.146502 0.473251 0.082305 0.032922
0 0.146502 0.440329 0.082305 0.032922
0 0.146502 0.408230 0.082305 0.032922
0 0.146502 0.373663 0.082305 0.032922
0 0.146502 0.338272 0.082305 0.032922
0 0.146502 0.294650 0.082305 0.032922
0 0.146502 0.244444 0.082305 0.032922
0 0.146502 0.206584 0.082305 0.032922
