0 0.195885 0.126749 0.032922 0.082305
0 0.237037 0.126749 0.032922 0.082305
0 0.277366 0.126749 0.032922 0.082305
0 0.317695 0.126749 0.032922 0.082305
0 0.353909 0.126749 0.032922 0.082305
0 0.389300 0.126749 0.032922 0.082305
0 0.424691 0.126749 0.032922 0.082305
0 0.462551 0.126749 0.032922 0.082305
0 0.519342 0.126749 0.032922 0.082305
0 0.549794 0.126749 0.032922 0.082305
0 0.582716 0.126749 0.032922 0.082305
0 0.618107 0.126749 0.032922 0.082305
0 0.652675 0.126749 0.032922 0.082305
0 0.703704 0.126749 0.032922 0.082305
0 0.744033 0.126749 0.032922 0.082305
0 0.784362 0.126749 0.032922 0.082305
0 0.873251 0.190947 0.082305 0.032922
0 0.873251 0.232922 0.082305 0.032922
0 0.873251 0.280658 0.082305 0.032922
0 0.873251 0.320165 0.082305 0.032922
0 0.873251 0.358025 0.082305 0.032922
0 0.873251 0.404115 0.082305 0.032922
0 0.873251 0.437860 0.082305 0.032922
0 0.873251 0.466667 0.082305 0.032922
0 0.873251 0.519342 0.082305 0.032922
0 0.873251 0.566255 0.082305 0.032922
0 0.873251 0.599177 0.082305 0.032922
0 0.873251 0.636214 0.082305 0.032922
0 0.873251 0.673251 0.082305 0.032922
0 0.873251 0.723457 0.082305 0.032922
0 0.873251 0.805761 0.082305 0.032922
0 0.800823 0.873251 0.032922 0.082305
0 0.757202 0.873251 0.032922 0.082305
0 0.713580 0.873251 0.032922 0.082305
0 0.674074 0.873251 0.032922 0.082305
0 0.636214 0.873251 0.032922 0.082305
0 0.599177 0.873251 0.032922 0.082305
0 0.562963 0.873251 0.032922 0.082305
0 0.525103 0.873251 0.032922 0.082305
0 0.479012 0.873251 0.032922 0.082305
0 0.442798 0.873251 0.032922 0.082305
0 0.408230 0.873251 0.032922 0.082305
0 0.360494 0.873251 0.032922 0.082305
0 0.320165 0.873251 0.032922 0.082305
0 0.279835 0.873251 0.032922 0.082305
0 0.236214 0.873251 0.032922 0.082305
0 0.195062 0.873251 0.032922 0.082305
0 0.126749 0.804938 0.082305 0.032922
0 0.126749 0.762140 0.082305 0.032922
0 0.126749 0.710288 0.082305 0.032922
0 0.126749 0.669136 0.082305 0.032922
0 0.126749 0.629630 0.082305 0.032922
0 0.126749 0.593416 0.082305 0.032922
0 0.126749 0.550617 0.082305 0.032922
0 0.126749 0.513580 0.082305 0.032922
0 0.126749 0.474074 0.082305 0.032922
0 0.126749 0.441975 0.082305 0.032922
0 0.126749 0.404115 0.082305 0.032922
0 0.126749 0.377778 0.082305 0.032922
0 0.126749 0.334156 0.082305 0.032922
0 0.126749 0.284774 0.082305 0.032922
0 0.126749 0.233745 0.082305 0.032922
0 0.126749 0.192593 0.082305 0.032922
