0 0.203964 0.135425 0.033031 0.082576
0 0.243600 0.135425 0.033031 0.082576
0 0.280760 0.135425 0.033031 0.082576
0 0.318745 0.135425 0.033031 0.082576
0 0.353427 0.135425 0.033031 0.082576
0 0.387283 0.135425 0.033031 0.082576
0 0.423617 0.135425 0.033031 0.082576
0 0.460776 0.135425 0.033031 0.082576
0 0.519405 0.135425 0.033031 0.082576
0 0.548307 0.135425 0.033031 0.082576
0 0.579686 0.135425 0.033031 0.082576
0 0.611065 0.135425 0.033031 0.082576
0 0.643270 0.135425 0.033031 0.082576
0 0.695293 0.135425 0.033031 0.082576
0 0.732453 0.135425 0.033031 0.082576
0 0.772089 0.135425 0.033031 0.082576
0 0.864575 0.195706 0.082576 0.033031
0 0.864575 0.236994 0.082576 0.033031
0 0.864575 0.275805 0.082576 0.033031
0 0.864575 0.322048 0.082576 0.033031
0 0.864575 0.358382 0.082576 0.033031
0 0.864575 0.405450 0.082576 0.033031
0 0.864575 0.438481 0.082576 0.033031
0 0.864575 0.465731 0.082576 0.033031
0 0.864575 0.521057 0.082576 0.033031
0 0.864575 0.567300 0.082576 0.033031
0 0.864575 0.599505 0.082576 0.033031
0 0.864575 0.635012 0.082576 0.033031
0 0.864575 0.671346 0.082576 0.033031
0 0.864575 0.722543 0.082576 0.033031
0 0.864575 0.760528 0.082576 0.033031
0 0.864575 0.802642 0.082576 0.033031
0 0.793559 0.864575 0.033031 0.082576
0 0.748142 0.864575 0.033031 0.082576
0 0.707680 0.864575 0.033031 0.082576
0 0.670520 0.864575 0.033031 0.082576
0 0.635012 0.864575 0.033031 0.082576
0 0.600330 0.864575 0.033031 0.082576
0 0.564822 0.864575 0.033031 0.082576
0 0.524360 0.864575 0.033031 0.082576
0 0.478943 0.864575 0.033031 0.082576
0 0.443435 0.864575 0.033031 0.082576
0 0.409579 0.864575 0.033031 0.082576
0 0.320396 0.864575 0.033031 0.082576
0 0.281585 0.864575 0.033031 0.082576
0 0.239472 0.864575 0.033031 0.082576
0 0.200661 0.864575 0.033031 0.082576
0 0.135425 0.799339 0.082576 0.033031
0 0.135425 0.758051 0.082576 0.033031
0 0.135425 0.704377 0.082576 0.033031
0 0.135425 0.663088 0.082576 0.033031
0 0.135425 0.625103 0.082576 0.033031
0 0.135425 0.589595 0.082576 0.033031
0 0.135425 0.547481 0.082576 0.033031
0 0.135425 0.511148 0.082576 0.033031
0 0.135425 0.470685 0.082576 0.033031
0 0.135425 0.436829 0.082576 0.033031
0 0.135425 0.402973 0.082576 0.033031
0 0.135425 0.367465 0.082576 0.033031
0 0.135425 0.330306 0.082576 0.033031
0 0.135425 0.285714 0.082576 0.033031
0 0.135425 0.235343 0.082576 0.033031
0 0.135425 0.195706 0.082576 0.033031
