0 0.184971 0.130471 0.033031 0.082576
0 0.240297 0.130471 0.033031 0.082576
0 0.278282 0.130471 0.033031 0.082576
0 0.317919 0.130471 0.033031 0.082576
0 0.353427 0.130471 0.033031 0.082576
0 0.388109 0.130471 0.033031 0.082576
0 0.423617 0.130471 0.033031 0.082576
0 0.461602 0.130471 0.033031 0.082576
0 0.519405 0.130471 0.033031 0.082576
0 0.548307 0.130471 0.033031 0.082576
0 0.581338 0.130471 0.033031 0.082576
0 0.613543 0.130471 0.033031 0.082576
0 0.646573 0.130471 0.033031 0.082576
0 0.699422 0.130471 0.033031 0.082576
0 0.737407 0.130471 0.033031 0.082576
0 0.777870 0.130471 0.033031 0.082576
0 0.869529 0.192403 0.082576 0.033031
0 0.869529 0.234517 0.082576 0.033031
0 0.869529 0.274154 0.082576 0.033031
0 0.869529 0.320396 0.082576 0.033031
0 0.869529 0.357556 0.082576 0.033031
0 0.869529 0.404624 0.082576 0.033031
0 0.869529 0.438481 0.082576 0.033031
0 0.869529 0.465731 0.082576 0.033031
0 0.869529 0.520231 0.082576 0.033031
0 0.869529 0.566474 0.082576 0.033031
0 0.869529 0.599505 0.082576 0.033031
0 0.869529 0.635838 0.082576 0.033031
0 0.869529 0.672998 0.082576 0.033031
0 0.869529 0.723369 0.082576 0.033031
0 0.869529 0.763006 0.082576 0.033031
0 0.869529 0.805120 0.082576 0.033031
0 0.798514 0.869529 0.033031 0.082576
0 0.753097 0.869529 0.033031 0.082576
0 0.711808 0.869529 0.033031 0.082576
0 0.672998 0.869529 0.033031 0.082576
0 0.636664 0.869529 0.033031 0.082576
0 0.600330 0.869529 0.033031 0.082576
0 0.565648 0.869529 0.033031 0.082576
0 0.524360 0.869529 0.033031 0.082576
0 0.478943 0.869529 0.033031 0.082576
0 0.443435 0.869529 0.033031 0.082576
0 0.408753 0.869529 0.033031 0.082576
0 0.358382 0.869529 0.033031 0.082576
0 0.319571 0.869529 0.033031 0.082576
0 0.279934 0.869529 0.033031 0.082576
0 0.236994 0.869529 0.033031 0.082576
0 0.197358 0.869529 0.033031 0.082576
0 0.130471 0.800991 0.082576 0.033031
0 0.130471 0.760528 0.082576 0.033031
0 0.130471 0.706854 0.082576 0.033031
0 0.130471 0.664740 0.082576 0.033031
0 0.130471 0.626755 0.082576 0.033031
0 0.130471 0.590421 0.082576 0.033031
0 0.130471 0.548307 0.082576 0.033031
0 0.130471 0.511148 0.082576 0.033031
0 0.130471 0.470685 0.082576 0.033031
0 0.130471 0.436003 0.082576 0.033031
0 0.130471 0.402147 0.082576 0.033031
0 0.130471 0.365813 0.082576 0.033031
0 0.130471 0.328654 0.082576 0.033031
0 0.130471 0.283237 0.082576 0.033031
0 0.130471 0.232040 0.082576 0.033031
0 0.130471 0.192403 0.082576 0.033031
