0 0.193229 0.120562 0.033031 0.082576
0 0.235343 0.120562 0.033031 0.082576
0 0.274979 0.120562 0.033031 0.082576
0 0.316268 0.120562 0.033031 0.082576
0 0.352601 0.120562 0.033031 0.082576
0 0.389761 0.120562 0.033031 0.082576
0 0.424443 0.120562 0.033031 0.082576
0 0.462428 0.120562 0.033031 0.082576
0 0.519405 0.120562 0.033031 0.082576
0 0.550784 0.120562 0.033031 0.082576
0 0.585467 0.120562 0.033031 0.082576
0 0.619323 0.120562 0.033031 0.082576
0 0.654831 0.120562 0.033031 0.082576
0 0.706854 0.120562 0.033031 0.082576
0 0.747316 0.120562 0.033031 0.082576
0 0.789430 0.120562 0.033031 0.082576
0 0.879438 0.184971 0.082576 0.033031
0 0.879438 0.228737 0.082576 0.033031
0 0.879438 0.270025 0.082576 0.033031
0 0.879438 0.316268 0.082576 0.033031
0 0.879438 0.355078 0.082576 0.033031
0 0.879438 0.402147 0.082576 0.033031
0 0.879438 0.436003 0.082576 0.033031
0 0.879438 0.466557 0.082576 0.033031
0 0.879438 0.518580 0.082576 0.033031
0 0.879438 0.564822 0.082576 0.033031
0 0.879438 0.598679 0.082576 0.033031
0 0.879438 0.636664 0.082576 0.033031
0 0.879438 0.674649 0.082576 0.033031
0 0.879438 0.725021 0.082576 0.033031
0 0.879438 0.766309 0.082576 0.033031
0 0.879438 0.810074 0.082576 0.033031
0 0.809249 0.879438 0.033031 0.082576
0 0.762180 0.879438 0.033031 0.082576
0 0.718415 0.879438 0.033031 0.082576
0 0.677952 0.879438 0.033031 0.082576
0 0.639141 0.879438 0.033031 0.082576
0 0.601156 0.879438 0.033031 0.082576
0 0.563997 0.879438 0.033031 0.082576
0 0.525186 0.879438 0.033031 0.082576
0 0.478943 0.879438 0.033031 0.082576
0 0.442609 0.879438 0.033031 0.082576
0 0.407102 0.879438 0.033031 0.082576
0 0.358382 0.879438 0.033031 0.082576
0 0.318745 0.879438 0.033031 0.082576
0 0.276631 0.879438 0.033031 0.082576
0 0.232865 0.879438 0.033031 0.082576
0 0.189926 0.879438 0.033031 0.082576
0 0.120562 0.810074 0.082576 0.033031
0 0.120562 0.764657 0.082576 0.033031
0 0.120562 0.723369 0.082576 0.033031
0 0.120562 0.668869 0.082576 0.033031
0 0.120562 0.629232 0.082576 0.033031
0 0.120562 0.591247 0.082576 0.033031
0 0.120562 0.550784 0.082576 0.033031
0 0.120562 0.513625 0.082576 0.033031
0 0.120562 0.471511 0.082576 0.033031
0 0.120562 0.435178 0.082576 0.033031
0 0.120562 0.399670 0.082576 0.033031
0 0.120562 0.362510 0.082576 0.033031
0 0.120562 0.324525 0.082576 0.033031
0 0.120562 0.278282 0.082576 0.033031
0 0.120562 0.227085 0.082576 0.033031
0 0.120562 0.184971 0.082576 0.033031
