0 0.206441 0.140380 0.033031 0.082576
0 0.246078 0.140380 0.033031 0.082576
0 0.282411 0.140380 0.033031 0.082576
0 0.319571 0.140380 0.033031 0.082576
0 0.353427 0.140380 0.033031 0.082576
0 0.387283 0.140380 0.033031 0.082576
0 0.423617 0.140380 0.033031 0.082576
0 0.460776 0.140380 0.033031 0.082576
0 0.519405 0.140380 0.033031 0.082576
0 0.547481 0.140380 0.033031 0.082576
0 0.578035 0.140380 0.033031 0.082576
0 0.607762 0.140380 0.033031 0.082576
0 0.639141 0.140380 0.033031 0.082576
0 0.691990 0.140380 0.033031 0.082576
0 0.728324 0.140380 0.033031 0.082576
0 0.766309 0.140380 0.033031 0.082576
0 0.859620 0.199835 0.082576 0.033031
0 0.859620 0.240297 0.082576 0.033031
0 0.859620 0.278282 0.082576 0.033031
0 0.859620 0.323699 0.082576 0.033031
0 0.859620 0.359207 0.082576 0.033031
0 0.859620 0.407927 0.082576 0.033031
0 0.859620 0.438481 0.082576 0.033031
0 0.859620 0.465731 0.082576 0.033031
0 0.859620 0.521883 0.082576 0.033031
0 0.859620 0.568951 0.082576 0.033031
0 0.859620 0.600330 0.082576 0.033031
0 0.859620 0.635012 0.082576 0.033031
0 0.859620 0.669694 0.082576 0.033031
0 0.859620 0.721718 0.082576 0.033031
0 0.859620 0.758877 0.082576 0.033031
0 0.859620 0.800165 0.082576 0.033031
0 0.787779 0.859620 0.033031 0.082576
0 0.744013 0.859620 0.033031 0.082576
0 0.668043 0.859620 0.033031 0.082576
0 0.634187 0.859620 0.033031 0.082576
0 0.599505 0.859620 0.033031 0.082576
0 0.564822 0.859620 0.033031 0.082576
0 0.523534 0.859620 0.033031 0.082576
0 0.478943 0.859620 0.033031 0.082576
0 0.444261 0.859620 0.033031 0.082576
0 0.411230 0.859620 0.033031 0.082576
0 0.360033 0.859620 0.033031 0.082576
0 0.322048 0.859620 0.033031 0.082576
0 0.284063 0.859620 0.033031 0.082576
0 0.242775 0.859620 0.033031 0.082576
0 0.204789 0.859620 0.033031 0.082576
0 0.140380 0.795211 0.082576 0.033031
0 0.140380 0.756400 0.082576 0.033031
0 0.140380 0.701073 0.082576 0.033031
0 0.140380 0.660611 0.082576 0.033031
0 0.140380 0.623452 0.082576 0.033031
0 0.140380 0.589595 0.082576 0.033031
0 0.140380 0.546656 0.082576 0.033031
0 0.140380 0.510322 0.082576 0.033031
0 0.140380 0.470685 0.082576 0.033031
0 0.140380 0.436829 0.082576 0.033031
0 0.140380 0.403799 0.082576 0.033031
0 0.140380 0.369942 0.082576 0.033031
0 0.140380 0.331957 0.082576 0.033031
0 0.140380 0.288192 0.082576 0.033031
0 0.140380 0.236994 0.082576 0.033031
0 0.140380 0.199835 0.082576 0.033031
