0 0.197358 0.125516 0.033031 0.082576
0 0.237820 0.125516 0.033031 0.082576
0 0.276631 0.125516 0.033031 0.082576
0 0.317093 0.125516 0.033031 0.082576
0 0.353427 0.125516 0.033031 0.082576
0 0.388935 0.125516 0.033031 0.082576
0 0.424443 0.125516 0.033031 0.082576
0 0.462428 0.125516 0.033031 0.082576
0 0.519405 0.125516 0.033031 0.082576
0 0.549959 0.125516 0.033031 0.082576
0 0.582989 0.125516 0.033031 0.082576
0 0.616020 0.125516 0.033031 0.082576
0 0.650702 0.125516 0.033031 0.082576
0 0.702725 0.125516 0.033031 0.082576
0 0.742362 0.125516 0.033031 0.082576
0 0.782824 0.125516 0.033031 0.082576
0 0.874484 0.188274 0.082576 0.033031
0 0.874484 0.231214 0.082576 0.033031
0 0.874484 0.272502 0.082576 0.033031
0 0.874484 0.318745 0.082576 0.033031
0 0.874484 0.355904 0.082576 0.033031
0 0.874484 0.403799 0.082576 0.033031
0 0.874484 0.436829 0.082576 0.033031
0 0.874484 0.466557 0.082576 0.033031
0 0.874484 0.519405 0.082576 0.033031
0 0.874484 0.565648 0.082576 0.033031
0 0.874484 0.599505 0.082576 0.033031
0 0.874484 0.635838 0.082576 0.033031
0 0.874484 0.673823 0.082576 0.033031
0 0.874484 0.724195 0.082576 0.033031
0 0.874484 0.763832 0.082576 0.033031
0 0.874484 0.807597 0.082576 0.033031
0 0.804294 0.874484 0.033031 0.082576
0 0.757225 0.874484 0.033031 0.082576
0 0.715111 0.874484 0.033031 0.082576
0 0.675475 0.874484 0.033031 0.082576
0 0.638315 0.874484 0.033031 0.082576
0 0.601156 0.874484 0.033031 0.082576
0 0.564822 0.874484 0.033031 0.082576
0 0.525186 0.874484 0.033031 0.082576
0 0.478943 0.874484 0.033031 0.082576
0 0.442609 0.874484 0.033031 0.082576
0 0.407927 0.874484 0.033031 0.082576
0 0.359207 0.874484 0.033031 0.082576
0 0.319571 0.874484 0.033031 0.082576
0 0.278282 0.874484 0.033031 0.082576
0 0.235343 0.874484 0.033031 0.082576
0 0.193229 0.874484 0.033031 0.082576
0 0.125516 0.812552 0.082576 0.033031
0 0.125516 0.763006 0.082576 0.033031
0 0.125516 0.710157 0.082576 0.033031
0 0.125516 0.667217 0.082576 0.033031
0 0.125516 0.627581 0.082576 0.033031
0 0.125516 0.590421 0.082576 0.033031
0 0.125516 0.549959 0.082576 0.033031
0 0.125516 0.514451 0.082576 0.033031
0 0.125516 0.471511 0.082576 0.033031
0 0.125516 0.436003 0.082576 0.033031
0 0.125516 0.401321 0.082576 0.033031
0 0.125516 0.364162 0.082576 0.033031
0 0.125516 0.326177 0.082576 0.033031
0 0.125516 0.280760 0.082576 0.033031
0 0.125516 0.230388 0.082576 0.033031
0 0.125516 0.188274 0.082576 0.033031
