0 0.210485 0.142971 0.031771 0.079428
0 0.247816 0.142971 0.031771 0.079428
0 0.285147 0.142971 0.031771 0.079428
0 0.324067 0.142971 0.031771 0.079428
0 0.358221 0.142971 0.031771 0.079428
0 0.393169 0.142971 0.031771 0.079428
0 0.427323 0.142971 0.031771 0.079428
0 0.463066 0.142971 0.031771 0.079428
0 0.520254 0.142971 0.031771 0.079428
0 0.550437 0.142971 0.031771 0.079428
0 0.583002 0.142971 0.031771 0.079428
0 0.616362 0.142971 0.031771 0.079428
0 0.649722 0.142971 0.031771 0.079428
0 0.701350 0.142971 0.031771 0.079428
0 0.737887 0.142971 0.031771 0.079428
0 0.774424 0.142971 0.031771 0.079428
0 0.857029 0.198570 0.079428 0.031771
0 0.857029 0.238284 0.079428 0.031771
0 0.857029 0.277204 0.079428 0.031771
0 0.857029 0.320890 0.079428 0.031771
0 0.857029 0.355044 0.079428 0.031771
0 0.857029 0.400318 0.079428 0.031771
0 0.857029 0.431295 0.079428 0.031771
0 0.857029 0.461477 0.079428 0.031771
0 0.857029 0.516283 0.079428 0.031771
0 0.857029 0.555997 0.079428 0.031771
0 0.857029 0.588562 0.079428 0.031771
0 0.857029 0.622716 0.079428 0.031771
0 0.857029 0.659253 0.079428 0.031771
0 0.857029 0.708499 0.079428 0.031771
0 0.857029 0.747419 0.079428 0.031771
0 0.857029 0.787133 0.079428 0.031771
0 0.781573 0.857029 0.031771 0.079428
0 0.737887 0.857029 0.031771 0.079428
0 0.699762 0.857029 0.031771 0.079428
0 0.661636 0.857029 0.031771 0.079428
0 0.627482 0.857029 0.031771 0.079428
0 0.594122 0.857029 0.031771 0.079428
0 0.560763 0.857029 0.031771 0.079428
0 0.522637 0.857029 0.031771 0.079428
0 0.478952 0.857029 0.031771 0.079428
0 0.445592 0.857029 0.031771 0.079428
0 0.413026 0.857029 0.031771 0.079428
0 0.365369 0.857029 0.031771 0.079428
0 0.328832 0.857029 0.031771 0.079428
0 0.289913 0.857029 0.031771 0.079428
0 0.248610 0.857029 0.031771 0.079428
0 0.209690 0.857029 0.031771 0.079428
0 0.142971 0.789515 0.079428 0.031771
0 0.142971 0.749007 0.079428 0.031771
0 0.142971 0.694996 0.079428 0.031771
0 0.142971 0.655282 0.079428 0.031771
0 0.142971 0.618745 0.079428 0.031771
0 0.142971 0.582208 0.079428 0.031771
0 0.142971 0.546465 0.079428 0.031771
0 0.142971 0.510723 0.079428 0.031771
0 0.142971 0.470214 0.079428 0.031771
0 0.142971 0.433678 0.079428 0.031771
0 0.142971 0.400318 0.079428 0.031771
0 0.142971 0.366164 0.079428 0.031771
0 0.142971 0.334392 0.079428 0.031771
0 0.142971 0.291501 0.079428 0.031771
0 0.142971 0.239079 0.079428 0.031771
0 0.142971 0.200159 0.079428 0.031771
