0 0.214456 0.147736 0.031771 0.079428
0 0.250199 0.147736 0.031771 0.079428
0 0.287530 0.147736 0.031771 0.079428
0 0.324861 0.147736 0.031771 0.079428
0 0.358221 0.147736 0.031771 0.079428
0 0.392375 0.147736 0.031771 0.079428
0 0.427323 0.147736 0.031771 0.079428
0 0.463066 0.147736 0.031771 0.079428
0 0.520254 0.147736 0.031771 0.079428
0 0.549643 0.147736 0.031771 0.079428
0 0.581414 0.147736 0.031771 0.079428
0 0.613979 0.147736 0.031771 0.079428
0 0.697379 0.147736 0.031771 0.079428
0 0.733916 0.147736 0.031771 0.079428
0 0.768070 0.147736 0.031771 0.079428
0 0.852264 0.239873 0.079428 0.031771
0 0.852264 0.320890 0.079428 0.031771
0 0.852264 0.354249 0.079428 0.031771
0 0.852264 0.430500 0.079428 0.031771
0 0.852264 0.460683 0.079428 0.031771
0 0.852264 0.520254 0.079428 0.031771
0 0.852264 0.587768 0.079428 0.031771
0 0.852264 0.621128 0.079428 0.031771
0 0.852264 0.656076 0.079428 0.031771
0 0.852264 0.744241 0.079428 0.031771
0 0.852264 0.783161 0.079428 0.031771
0 0.776013 0.852264 0.031771 0.079428
0 0.733916 0.852264 0.031771 0.079428
0 0.695790 0.852264 0.031771 0.079428
0 0.659253 0.852264 0.031771 0.079428
0 0.625894 0.852264 0.031771 0.079428
0 0.593328 0.852264 0.031771 0.079428
0 0.560763 0.852264 0.031771 0.079428
0 0.521843 0.852264 0.031771 0.079428
0 0.478952 0.852264 0.031771 0.079428
0 0.445592 0.852264 0.031771 0.079428
0 0.414615 0.852264 0.031771 0.079428
0 0.366164 0.852264 0.031771 0.079428
0 0.330421 0.852264 0.031771 0.079428
0 0.291501 0.852264 0.031771 0.079428
0 0.250993 0.852264 0.031771 0.079428
0 0.212867 0.852264 0.031771 0.079428
0 0.147736 0.785544 0.079428 0.031771
0 0.147736 0.746624 0.079428 0.031771
0 0.147736 0.691025 0.079428 0.031771
0 0.147736 0.652105 0.079428 0.031771
0 0.147736 0.616362 0.079428 0.031771
0 0.147736 0.580620 0.079428 0.031771
0 0.147736 0.544083 0.079428 0.031771
0 0.147736 0.509134 0.079428 0.031771
0 0.147736 0.469420 0.079428 0.031771
0 0.147736 0.432883 0.079428 0.031771
0 0.147736 0.400318 0.079428 0.031771
0 0.147736 0.366958 0.079428 0.031771
0 0.147736 0.335187 0.079428 0.031771
0 0.147736 0.293090 0.079428 0.031771
0 0.147736 0.239873 0.079428 0.031771
0 0.147736 0.202542 0.079428 0.031771
