0 0.202542 0.133439 0.031771 0.079428
0 0.243050 0.133439 0.031771 0.079428
0 0.281970 0.133439 0.031771 0.079428
0 0.322478 0.133439 0.031771 0.079428
0 0.394758 0.133439 0.031771 0.079428
0 0.428912 0.133439 0.031771 0.079428
0 0.465449 0.133439 0.031771 0.079428
0 0.520254 0.133439 0.031771 0.079428
0 0.552820 0.133439 0.031771 0.079428
0 0.586180 0.133439 0.031771 0.079428
0 0.621128 0.133439 0.031771 0.079428
0 0.658459 0.133439 0.031771 0.079428
0 0.707705 0.133439 0.031771 0.079428
0 0.746624 0.133439 0.031771 0.079428
0 0.785544 0.133439 0.031771 0.079428
0 0.866561 0.194599 0.079428 0.031771
0 0.866561 0.235902 0.079428 0.031771
0 0.866561 0.276410 0.079428 0.031771
0 0.866561 0.319301 0.079428 0.031771
0 0.866561 0.355838 0.079428 0.031771
0 0.866561 0.400318 0.079428 0.031771
0 0.866561 0.433678 0.079428 0.031771
0 0.866561 0.464654 0.079428 0.031771
0 0.866561 0.516283 0.079428 0.031771
0 0.866561 0.556791 0.079428 0.031771
0 0.866561 0.590945 0.079428 0.031771
0 0.866561 0.626688 0.079428 0.031771
0 0.866561 0.664813 0.079428 0.031771
0 0.866561 0.713264 0.079428 0.031771
0 0.866561 0.754567 0.079428 0.031771
0 0.866561 0.795075 0.079428 0.031771
0 0.791898 0.866561 0.031771 0.079428
0 0.748213 0.866561 0.031771 0.079428
0 0.706910 0.866561 0.031771 0.079428
0 0.666402 0.866561 0.031771 0.079428
0 0.630659 0.866561 0.031771 0.079428
0 0.594917 0.866561 0.031771 0.079428
0 0.561557 0.866561 0.031771 0.079428
0 0.523431 0.866561 0.031771 0.079428
0 0.478952 0.866561 0.031771 0.079428
0 0.444797 0.866561 0.031771 0.079428
0 0.411438 0.866561 0.031771 0.079428
0 0.364575 0.866561 0.031771 0.079428
0 0.326450 0.866561 0.031771 0.079428
0 0.286736 0.866561 0.031771 0.079428
0 0.243844 0.866561 0.031771 0.079428
0 0.203336 0.866561 0.031771 0.079428
0 0.133439 0.797458 0.079428 0.031771
0 0.133439 0.756156 0.079428 0.031771
0 0.133439 0.703733 0.079428 0.031771
0 0.133439 0.662431 0.079428 0.031771
0 0.133439 0.623511 0.079428 0.031771
0 0.133439 0.586180 0.079428 0.031771
0 0.133439 0.549643 0.079428 0.031771
0 0.133439 0.513900 0.079428 0.031771
0 0.133439 0.472597 0.079428 0.031771
0 0.133439 0.436060 0.079428 0.031771
0 0.133439 0.401112 0.079428 0.031771
0 0.133439 0.365369 0.079428 0.031771
0 0.133439 0.332010 0.079428 0.031771
0 0.133439 0.288324 0.079428 0.031771
0 0.133439 0.235902 0.079428 0.031771
0 0.133439 0.195393 0.079428 0.031771
