0 0.217633 0.152502 0.031771 0.079428
0 0.252581 0.152502 0.031771 0.079428
0 0.289118 0.152502 0.031771 0.079428
0 0.325655 0.152502 0.031771 0.079428
0 0.358221 0.152502 0.031771 0.079428
0 0.391581 0.152502 0.031771 0.079428
0 0.426529 0.152502 0.031771 0.079428
0 0.462272 0.152502 0.031771 0.079428
0 0.548848 0.152502 0.031771 0.079428
0 0.579825 0.152502 0.031771 0.079428
0 0.610802 0.152502 0.031771 0.079428
0 0.642573 0.152502 0.031771 0.079428
0 0.694202 0.152502 0.031771 0.079428
0 0.729944 0.152502 0.031771 0.079428
0 0.762510 0.152502 0.031771 0.079428
0 0.847498 0.202542 0.079428 0.031771
0 0.847498 0.277998 0.079428 0.031771
0 0.847498 0.321684 0.079428 0.031771
0 0.847498 0.354249 0.079428 0.031771
0 0.847498 0.459095 0.079428 0.031771
0 0.847498 0.515488 0.079428 0.031771
0 0.847498 0.555203 0.079428 0.031771
0 0.847498 0.586974 0.079428 0.031771
0 0.847498 0.703733 0.079428 0.031771
0 0.847498 0.741859 0.079428 0.031771
0 0.847498 0.778396 0.079428 0.031771
0 0.770453 0.847498 0.031771 0.079428
0 0.729150 0.847498 0.031771 0.079428
0 0.692613 0.847498 0.031771 0.079428
0 0.624305 0.847498 0.031771 0.079428
0 0.592534 0.847498 0.031771 0.079428
0 0.560763 0.847498 0.031771 0.079428
0 0.521843 0.847498 0.031771 0.079428
0 0.478952 0.847498 0.031771 0.079428
0 0.446386 0.847498 0.031771 0.079428
0 0.415409 0.847498 0.031771 0.079428
0 0.366958 0.847498 0.031771 0.079428
0 0.331215 0.847498 0.031771 0.079428
0 0.293884 0.847498 0.031771 0.079428
0 0.253376 0.847498 0.031771 0.079428
0 0.215250 0.847498 0.031771 0.079428
0 0.152502 0.781573 0.079428 0.031771
0 0.152502 0.742653 0.079428 0.031771
0 0.152502 0.685465 0.079428 0.031771
0 0.152502 0.648133 0.079428 0.031771
0 0.152502 0.613185 0.079428 0.031771
0 0.152502 0.578237 0.079428 0.031771
0 0.152502 0.542494 0.079428 0.031771
0 0.152502 0.507546 0.079428 0.031771
0 0.152502 0.468626 0.079428 0.031771
0 0.152502 0.432089 0.079428 0.031771
0 0.152502 0.400318 0.079428 0.031771
0 0.152502 0.366958 0.079428 0.031771
0 0.152502 0.336775 0.079428 0.031771
0 0.152502 0.294678 0.079428 0.031771
0 0.152502 0.240667 0.079428 0.031771
0 0.152502 0.204925 0.079428 0.031771
