0 0.221604 0.157268 0.031771 0.079428
0 0.254964 0.157268 0.031771 0.079428
0 0.289913 0.157268 0.031771 0.079428
0 0.326450 0.157268 0.031771 0.079428
0 0.358221 0.157268 0.031771 0.079428
0 0.390786 0.157268 0.031771 0.079428
0 0.426529 0.157268 0.031771 0.079428
0 0.462272 0.157268 0.031771 0.079428
0 0.519460 0.157268 0.031771 0.079428
0 0.548054 0.157268 0.031771 0.079428
0 0.578237 0.157268 0.031771 0.079428
0 0.639396 0.157268 0.031771 0.079428
0 0.691819 0.157268 0.031771 0.079428
0 0.725179 0.157268 0.031771 0.079428
0 0.842732 0.204925 0.079428 0.031771
0 0.842732 0.242256 0.079428 0.031771
0 0.842732 0.278793 0.079428 0.031771
0 0.842732 0.321684 0.079428 0.031771
0 0.842732 0.353455 0.079428 0.031771
0 0.842732 0.429706 0.079428 0.031771
0 0.842732 0.458300 0.079428 0.031771
0 0.842732 0.515488 0.079428 0.031771
0 0.842732 0.555203 0.079428 0.031771
0 0.842732 0.586180 0.079428 0.031771
0 0.842732 0.702145 0.079428 0.031771
0 0.842732 0.738681 0.079428 0.031771
0 0.842732 0.775218 0.079428 0.031771
0 0.765687 0.842732 0.031771 0.079428
0 0.725179 0.842732 0.031771 0.079428
0 0.688642 0.842732 0.031771 0.079428
0 0.654488 0.842732 0.031771 0.079428
0 0.622716 0.842732 0.031771 0.079428
0 0.591739 0.842732 0.031771 0.079428
0 0.561557 0.842732 0.031771 0.079428
0 0.516283 0.842732 0.031771 0.079428
0 0.479746 0.842732 0.031771 0.079428
0 0.447180 0.842732 0.031771 0.079428
0 0.416203 0.842732 0.031771 0.079428
0 0.366958 0.842732 0.031771 0.079428
0 0.332804 0.842732 0.031771 0.079428
0 0.295473 0.842732 0.031771 0.079428
0 0.255759 0.842732 0.031771 0.079428
0 0.219222 0.842732 0.031771 0.079428
0 0.157268 0.776807 0.079428 0.031771
0 0.157268 0.739476 0.079428 0.031771
0 0.157268 0.681493 0.079428 0.031771
0 0.157268 0.645751 0.079428 0.031771
0 0.157268 0.610802 0.079428 0.031771
0 0.157268 0.576648 0.079428 0.031771
0 0.157268 0.540111 0.079428 0.031771
0 0.157268 0.505957 0.079428 0.031771
0 0.157268 0.467037 0.079428 0.031771
0 0.157268 0.432089 0.079428 0.031771
0 0.157268 0.399523 0.079428 0.031771
0 0.157268 0.367752 0.079428 0.031771
0 0.157268 0.337569 0.079428 0.031771
0 0.157268 0.295473 0.079428 0.031771
0 0.157268 0.242256 0.079428 0.031771
