0 0.225576 0.162033 0.031771 0.079428
0 0.257347 0.162033 0.031771 0.079428
0 0.292295 0.162033 0.031771 0.079428
0 0.327244 0.162033 0.031771 0.079428
0 0.358221 0.162033 0.031771 0.079428
0 0.389992 0.162033 0.031771 0.079428
0 0.426529 0.162033 0.031771 0.079428
0 0.461477 0.162033 0.031771 0.079428
0 0.519460 0.162033 0.031771 0.079428
0 0.547260 0.162033 0.031771 0.079428
0 0.576648 0.162033 0.031771 0.079428
0 0.606831 0.162033 0.031771 0.079428
0 0.636219 0.162033 0.031771 0.079428
0 0.687847 0.162033 0.031771 0.079428
0 0.721207 0.162033 0.031771 0.079428
0 0.751390 0.162033 0.031771 0.079428
0 0.837967 0.243844 0.079428 0.031771
0 0.837967 0.278793 0.079428 0.031771
0 0.837967 0.322478 0.079428 0.031771
0 0.837967 0.353455 0.079428 0.031771
0 0.837967 0.400318 0.079428 0.031771
0 0.837967 0.428912 0.079428 0.031771
0 0.837967 0.463860 0.079428 0.031771
0 0.837967 0.520254 0.079428 0.031771
0 0.837967 0.555203 0.079428 0.031771
0 0.837967 0.584591 0.079428 0.031771
0 0.837967 0.615568 0.079428 0.031771
0 0.837967 0.648928 0.079428 0.031771
0 0.837967 0.736299 0.079428 0.031771
0 0.760921 0.837967 0.031771 0.079428
0 0.720413 0.837967 0.031771 0.079428
0 0.684670 0.837967 0.031771 0.079428
0 0.652105 0.837967 0.031771 0.079428
0 0.621922 0.837967 0.031771 0.079428
0 0.591739 0.837967 0.031771 0.079428
0 0.561557 0.837967 0.031771 0.079428
0 0.521048 0.837967 0.031771 0.079428
0 0.479746 0.837967 0.031771 0.079428
0 0.447180 0.837967 0.031771 0.079428
0 0.418586 0.837967 0.031771 0.079428
0 0.367752 0.837967 0.031771 0.079428
0 0.333598 0.837967 0.031771 0.079428
0 0.297855 0.837967 0.031771 0.079428
0 0.258141 0.837967 0.031771 0.079428
0 0.223193 0.837967 0.031771 0.079428
0 0.162033 0.772836 0.079428 0.031771
0 0.162033 0.735504 0.079428 0.031771
0 0.162033 0.677522 0.079428 0.031771
0 0.162033 0.641779 0.079428 0.031771
0 0.162033 0.608419 0.079428 0.031771
0 0.162033 0.575060 0.079428 0.031771
0 0.162033 0.538523 0.079428 0.031771
0 0.162033 0.504369 0.079428 0.031771
0 0.162033 0.465449 0.079428 0.031771
0 0.162033 0.430500 0.079428 0.031771
0 0.162033 0.399523 0.079428 0.031771
0 0.162033 0.368546 0.079428 0.031771
0 0.162033 0.339158 0.079428 0.031771
0 0.162033 0.297855 0.079428 0.031771
0 0.162033 0.243050 0.079428 0.031771
0 0.162033 0.209690 0.079428 0.031771
