0 0.206513 0.138205 0.031771 0.079428
0 0.245433 0.138205 0.031771 0.079428
0 0.283558 0.138205 0.031771 0.079428
0 0.323272 0.138205 0.031771 0.079428
0 0.358221 0.138205 0.031771 0.079428
0 0.393963 0.138205 0.031771 0.079428
0 0.428118 0.138205 0.031771 0.079428
0 0.463860 0.138205 0.031771 0.079428
0 0.520254 0.138205 0.031771 0.079428
0 0.551231 0.138205 0.031771 0.079428
0 0.584591 0.138205 0.031771 0.079428
0 0.619539 0.138205 0.031771 0.079428
0 0.653693 0.138205 0.031771 0.079428
0 0.703733 0.138205 0.031771 0.079428
0 0.742653 0.138205 0.031771 0.079428
0 0.779984 0.138205 0.031771 0.079428
0 0.861795 0.196982 0.079428 0.031771
0 0.861795 0.237490 0.079428 0.031771
0 0.861795 0.276410 0.079428 0.031771
0 0.861795 0.320095 0.079428 0.031771
0 0.861795 0.355044 0.079428 0.031771
0 0.861795 0.399523 0.079428 0.031771
0 0.861795 0.432089 0.079428 0.031771
0 0.861795 0.463066 0.079428 0.031771
0 0.861795 0.516283 0.079428 0.031771
0 0.861795 0.555997 0.079428 0.031771
0 0.861795 0.589357 0.079428 0.031771
0 0.861795 0.624305 0.079428 0.031771
0 0.861795 0.661636 0.079428 0.031771
0 0.861795 0.710882 0.079428 0.031771
0 0.861795 0.751390 0.079428 0.031771
0 0.861795 0.791104 0.079428 0.031771
0 0.787133 0.861795 0.031771 0.079428
0 0.742653 0.861795 0.031771 0.079428
0 0.702939 0.861795 0.031771 0.079428
0 0.664019 0.861795 0.031771 0.079428
0 0.629071 0.861795 0.031771 0.079428
0 0.594917 0.861795 0.031771 0.079428
0 0.560763 0.861795 0.031771 0.079428
0 0.522637 0.861795 0.031771 0.079428
0 0.478952 0.861795 0.031771 0.079428
0 0.444797 0.861795 0.031771 0.079428
0 0.412232 0.861795 0.031771 0.079428
0 0.365369 0.861795 0.031771 0.079428
0 0.327244 0.861795 0.031771 0.079428
0 0.288324 0.861795 0.031771 0.079428
0 0.246227 0.861795 0.031771 0.079428
0 0.206513 0.861795 0.031771 0.079428
0 0.138205 0.793487 0.079428 0.031771
0 0.138205 0.752184 0.079428 0.031771
0 0.138205 0.698967 0.079428 0.031771
0 0.138205 0.659253 0.079428 0.031771
0 0.138205 0.621922 0.079428 0.031771
0 0.138205 0.584591 0.079428 0.031771
0 0.138205 0.548054 0.079428 0.031771
0 0.138205 0.512311 0.079428 0.031771
0 0.138205 0.471803 0.079428 0.031771
0 0.138205 0.434472 0.079428 0.031771
0 0.138205 0.400318 0.079428 0.031771
0 0.138205 0.366164 0.079428 0.031771
0 0.138205 0.332804 0.079428 0.031771
0 0.138205 0.289913 0.079428 0.031771
0 0.138205 0.236696 0.079428 0.031771
0 0.138205 0.197776 0.079428 0.031771
