0 0.209818 0.144893 0.031671 0.079177
0 0.248614 0.144893 0.031671 0.079177
0 0.286619 0.144893 0.031671 0.079177
0 0.326207 0.144893 0.031671 0.079177
0 0.361045 0.144893 0.031671 0.079177
0 0.395883 0.144893 0.031671 0.079177
0 0.429137 0.144893 0.031671 0.079177
0 0.463975 0.144893 0.031671 0.079177
0 0.520190 0.144893 0.031671 0.079177
0 0.550277 0.144893 0.031671 0.079177
0 0.581156 0.144893 0.031671 0.079177
0 0.615202 0.144893 0.031671 0.079177
0 0.649248 0.144893 0.031671 0.079177
0 0.698337 0.144893 0.031671 0.079177
0 0.736342 0.144893 0.031671 0.079177
0 0.776722 0.144893 0.031671 0.079177
0 0.855107 0.210610 0.079177 0.031671
0 0.855107 0.250198 0.079177 0.031671
0 0.855107 0.288994 0.079177 0.031671
0 0.855107 0.332542 0.079177 0.031671
0 0.855107 0.368963 0.079177 0.031671
0 0.855107 0.411718 0.079177 0.031671
0 0.855107 0.444972 0.079177 0.031671
0 0.855107 0.472684 0.079177 0.031671
0 0.855107 0.523357 0.079177 0.031671
0 0.855107 0.566904 0.079177 0.031671
0 0.855107 0.599367 0.079177 0.031671
0 0.855107 0.634204 0.079177 0.031671
0 0.855107 0.669834 0.079177 0.031671
0 0.855107 0.718923 0.079177 0.031671
0 0.855107 0.756928 0.079177 0.031671
0 0.855107 0.798100 0.079177 0.031671
0 0.779889 0.855107 0.031671 0.079177
0 0.737926 0.855107 0.031671 0.079177
0 0.698337 0.855107 0.031671 0.079177
0 0.661916 0.855107 0.031671 0.079177
0 0.628662 0.855107 0.031671 0.079177
0 0.593824 0.855107 0.031671 0.079177
0 0.561362 0.855107 0.031671 0.079177
0 0.523357 0.855107 0.031671 0.079177
0 0.479810 0.855107 0.031671 0.079177
0 0.446556 0.855107 0.031671 0.079177
0 0.414093 0.855107 0.031671 0.079177
0 0.365796 0.855107 0.031671 0.079177
0 0.329375 0.855107 0.031671 0.079177
0 0.290578 0.855107 0.031671 0.079177
0 0.249406 0.855107 0.031671 0.079177
0 0.211401 0.855107 0.031671 0.079177
0 0.144893 0.791766 0.079177 0.031671
0 0.144893 0.753761 0.079177 0.031671
0 0.144893 0.701504 0.079177 0.031671
0 0.144893 0.663500 0.079177 0.031671
0 0.144893 0.625495 0.079177 0.031671
0 0.144893 0.590657 0.079177 0.031671
0 0.144893 0.551069 0.079177 0.031671
0 0.144893 0.515439 0.079177 0.031671
0 0.144893 0.477435 0.079177 0.031671
0 0.144893 0.444181 0.079177 0.031671
0 0.144893 0.410926 0.079177 0.031671
0 0.144893 0.376880 0.079177 0.031671
0 0.144893 0.340459 0.079177 0.031671
0 0.144893 0.296912 0.079177 0.031671
0 0.144893 0.250198 0.079177 0.031671
0 0.144893 0.209026 0.079177 0.031671
