0 0.203484 0.135392 0.031671 0.079177
0 0.244656 0.135392 0.031671 0.079177
0 0.284244 0.135392 0.031671 0.079177
0 0.324624 0.135392 0.031671 0.079177
0 0.361045 0.135392 0.031671 0.079177
0 0.397466 0.135392 0.031671 0.079177
0 0.429929 0.135392 0.031671 0.079177
0 0.465558 0.135392 0.031671 0.079177
0 0.520982 0.135392 0.031671 0.079177
0 0.551861 0.135392 0.031671 0.079177
0 0.585115 0.135392 0.031671 0.079177
0 0.620744 0.135392 0.031671 0.079177
0 0.657165 0.135392 0.031671 0.079177
0 0.705463 0.135392 0.031671 0.079177
0 0.745843 0.135392 0.031671 0.079177
0 0.788599 0.135392 0.031671 0.079177
0 0.864608 0.202692 0.079177 0.031671
0 0.864608 0.244656 0.079177 0.031671
0 0.864608 0.285036 0.079177 0.031671
0 0.864608 0.329375 0.079177 0.031671
0 0.864608 0.366587 0.079177 0.031671
0 0.864608 0.409343 0.079177 0.031671
0 0.864608 0.444181 0.079177 0.031671
0 0.864608 0.473476 0.079177 0.031671
0 0.864608 0.521774 0.079177 0.031671
0 0.864608 0.565321 0.079177 0.031671
0 0.864608 0.598575 0.079177 0.031671
0 0.864608 0.634996 0.079177 0.031671
0 0.864608 0.672209 0.079177 0.031671
0 0.864608 0.719715 0.079177 0.031671
0 0.864608 0.759303 0.079177 0.031671
0 0.864608 0.802059 0.079177 0.031671
0 0.790974 0.864608 0.031671 0.079177
0 0.747427 0.864608 0.031671 0.079177
0 0.706255 0.864608 0.031671 0.079177
0 0.667458 0.864608 0.031671 0.079177
0 0.631829 0.864608 0.031671 0.079177
0 0.596200 0.864608 0.031671 0.079177
0 0.561362 0.864608 0.031671 0.079177
0 0.523357 0.864608 0.031671 0.079177
0 0.479810 0.864608 0.031671 0.079177
0 0.445764 0.864608 0.031671 0.079177
0 0.411718 0.864608 0.031671 0.079177
0 0.365004 0.864608 0.031671 0.079177
0 0.327791 0.864608 0.031671 0.079177
0 0.287411 0.864608 0.031671 0.079177
0 0.245447 0.864608 0.031671 0.079177
0 0.204276 0.864608 0.031671 0.079177
0 0.135392 0.798892 0.079177 0.031671
0 0.135392 0.758511 0.079177 0.031671
0 0.135392 0.707838 0.079177 0.031671
0 0.135392 0.667458 0.079177 0.031671
0 0.135392 0.628662 0.079177 0.031671
0 0.135392 0.592241 0.079177 0.031671
0 0.135392 0.553444 0.079177 0.031671
0 0.135392 0.517023 0.079177 0.031671
0 0.135392 0.477435 0.079177 0.031671
0 0.135392 0.443389 0.079177 0.031671
0 0.135392 0.408551 0.079177 0.031671
0 0.135392 0.372922 0.079177 0.031671
0 0.135392 0.336500 0.079177 0.031671
0 0.135392 0.292162 0.079177 0.031671
0 0.135392 0.244656 0.079177 0.031671
0 0.135392 0.201900 0.079177 0.031671
