0 0.212193 0.149644 0.031671 0.079177
0 0.250990 0.149644 0.031671 0.079177
0 0.288203 0.149644 0.031671 0.079177
0 0.326207 0.149644 0.031671 0.079177
0 0.361045 0.149644 0.031671 0.079177
0 0.395091 0.149644 0.031671 0.079177
0 0.429137 0.149644 0.031671 0.079177
0 0.463183 0.149644 0.031671 0.079177
0 0.520190 0.149644 0.031671 0.079177
0 0.549485 0.149644 0.031671 0.079177
0 0.579572 0.149644 0.031671 0.079177
0 0.612035 0.149644 0.031671 0.079177
0 0.645289 0.149644 0.031671 0.079177
0 0.695170 0.149644 0.031671 0.079177
0 0.731591 0.149644 0.031671 0.079177
0 0.771971 0.149644 0.031671 0.079177
0 0.850356 0.214568 0.079177 0.031671
0 0.850356 0.252573 0.079177 0.031671
0 0.850356 0.291370 0.079177 0.031671
0 0.850356 0.334125 0.079177 0.031671
0 0.850356 0.369755 0.079177 0.031671
0 0.850356 0.412510 0.079177 0.031671
0 0.850356 0.444972 0.079177 0.031671
0 0.850356 0.473476 0.079177 0.031671
0 0.850356 0.524149 0.079177 0.031671
0 0.850356 0.568488 0.079177 0.031671
0 0.850356 0.599367 0.079177 0.031671
0 0.850356 0.633413 0.079177 0.031671
0 0.850356 0.669042 0.079177 0.031671
0 0.850356 0.718131 0.079177 0.031671
0 0.850356 0.755344 0.079177 0.031671
0 0.850356 0.795724 0.079177 0.031671
0 0.774347 0.850356 0.031671 0.079177
0 0.733175 0.850356 0.031671 0.079177
0 0.694378 0.850356 0.031671 0.079177
0 0.659541 0.850356 0.031671 0.079177
0 0.627078 0.850356 0.031671 0.079177
0 0.593824 0.850356 0.031671 0.079177
0 0.562154 0.850356 0.031671 0.079177
0 0.522565 0.850356 0.031671 0.079177
0 0.447348 0.850356 0.031671 0.079177
0 0.415677 0.850356 0.031671 0.079177
0 0.366587 0.850356 0.031671 0.079177
0 0.330958 0.850356 0.031671 0.079177
0 0.292953 0.850356 0.031671 0.079177
0 0.251781 0.850356 0.031671 0.079177
0 0.214568 0.850356 0.031671 0.079177
0 0.149644 0.788599 0.079177 0.031671
0 0.149644 0.752177 0.079177 0.031671
0 0.149644 0.697546 0.079177 0.031671
0 0.149644 0.661124 0.079177 0.031671
0 0.149644 0.624703 0.079177 0.031671
0 0.149644 0.589865 0.079177 0.031671
0 0.149644 0.550277 0.079177 0.031671
0 0.149644 0.514648 0.079177 0.031671
0 0.149644 0.477435 0.079177 0.031671
0 0.149644 0.444972 0.079177 0.031671
0 0.149644 0.412510 0.079177 0.031671
0 0.149644 0.379256 0.079177 0.031671
0 0.149644 0.342043 0.079177 0.031671
0 0.149644 0.300079 0.079177 0.031671
0 0.149644 0.252573 0.079177 0.031671
0 0.149644 0.212985 0.079177 0.031671
