0 0.214568 0.154394 0.031671 0.079177
0 0.253365 0.154394 0.031671 0.079177
0 0.289786 0.154394 0.031671 0.079177
0 0.326999 0.154394 0.031671 0.079177
0 0.361837 0.154394 0.031671 0.079177
0 0.394299 0.154394 0.031671 0.079177
0 0.428345 0.154394 0.031671 0.079177
0 0.462391 0.154394 0.031671 0.079177
0 0.519398 0.154394 0.031671 0.079177
0 0.548694 0.154394 0.031671 0.079177
0 0.577989 0.154394 0.031671 0.079177
0 0.609660 0.154394 0.031671 0.079177
0 0.642122 0.154394 0.031671 0.079177
0 0.692003 0.154394 0.031671 0.079177
0 0.727633 0.154394 0.031671 0.079177
0 0.765637 0.154394 0.031671 0.079177
0 0.845606 0.216944 0.079177 0.031671
0 0.845606 0.255740 0.079177 0.031671
0 0.845606 0.292953 0.079177 0.031671
0 0.845606 0.335709 0.079177 0.031671
0 0.845606 0.370546 0.079177 0.031671
0 0.845606 0.414093 0.079177 0.031671
0 0.845606 0.445764 0.079177 0.031671
0 0.845606 0.472684 0.079177 0.031671
0 0.845606 0.524941 0.079177 0.031671
0 0.845606 0.569279 0.079177 0.031671
0 0.845606 0.599367 0.079177 0.031671
0 0.845606 0.633413 0.079177 0.031671
0 0.845606 0.668250 0.079177 0.031671
0 0.845606 0.718131 0.079177 0.031671
0 0.845606 0.753761 0.079177 0.031671
0 0.845606 0.793349 0.079177 0.031671
0 0.768804 0.845606 0.031671 0.079177
0 0.729216 0.845606 0.031671 0.079177
0 0.626287 0.845606 0.031671 0.079177
0 0.593824 0.845606 0.031671 0.079177
0 0.562154 0.845606 0.031671 0.079177
0 0.521774 0.845606 0.031671 0.079177
0 0.479810 0.845606 0.031671 0.079177
0 0.447348 0.845606 0.031671 0.079177
0 0.366587 0.845606 0.031671 0.079177
0 0.331750 0.845606 0.031671 0.079177
0 0.294537 0.845606 0.031671 0.079177
0 0.254157 0.845606 0.031671 0.079177
0 0.218527 0.845606 0.031671 0.079177
0 0.154394 0.785432 0.079177 0.031671
0 0.154394 0.749802 0.079177 0.031671
0 0.154394 0.695170 0.079177 0.031671
0 0.154394 0.658749 0.079177 0.031671
0 0.154394 0.623120 0.079177 0.031671
0 0.154394 0.589865 0.079177 0.031671
0 0.154394 0.548694 0.079177 0.031671
0 0.154394 0.510689 0.079177 0.031671
0 0.154394 0.477435 0.079177 0.031671
0 0.154394 0.444972 0.079177 0.031671
0 0.154394 0.413302 0.079177 0.031671
0 0.154394 0.380839 0.079177 0.031671
0 0.154394 0.344418 0.079177 0.031671
0 0.154394 0.302454 0.079177 0.031671
0 0.154394 0.255740 0.079177 0.031671
0 0.154394 0.216944 0.079177 0.031671
