0 0.217736 0.159145 0.031671 0.079177
0 0.255740 0.159145 0.031671 0.079177
0 0.291370 0.159145 0.031671 0.079177
0 0.328583 0.159145 0.031671 0.079177
0 0.361837 0.159145 0.031671 0.079177
0 0.394299 0.159145 0.031671 0.079177
0 0.428345 0.159145 0.031671 0.079177
0 0.461599 0.159145 0.031671 0.079177
0 0.519398 0.159145 0.031671 0.079177
0 0.547110 0.159145 0.031671 0.079177
0 0.576405 0.159145 0.031671 0.079177
0 0.606492 0.159145 0.031671 0.079177
0 0.638163 0.159145 0.031671 0.079177
0 0.688836 0.159145 0.031671 0.079177
0 0.723674 0.159145 0.031671 0.079177
0 0.760887 0.159145 0.031671 0.079177
0 0.840855 0.258116 0.079177 0.031671
0 0.840855 0.294537 0.079177 0.031671
0 0.840855 0.338084 0.079177 0.031671
0 0.840855 0.371338 0.079177 0.031671
0 0.840855 0.414885 0.079177 0.031671
0 0.840855 0.445764 0.079177 0.031671
0 0.840855 0.471892 0.079177 0.031671
0 0.840855 0.524941 0.079177 0.031671
0 0.840855 0.570071 0.079177 0.031671
0 0.840855 0.599367 0.079177 0.031671
0 0.840855 0.632621 0.079177 0.031671
0 0.840855 0.666667 0.079177 0.031671
0 0.840855 0.717340 0.079177 0.031671
0 0.840855 0.752177 0.079177 0.031671
0 0.840855 0.790974 0.079177 0.031671
0 0.762470 0.840855 0.031671 0.079177
0 0.688044 0.840855 0.031671 0.079177
0 0.624703 0.840855 0.031671 0.079177
0 0.562154 0.840855 0.031671 0.079177
0 0.521774 0.840855 0.031671 0.079177
0 0.480602 0.840855 0.031671 0.079177
0 0.448139 0.840855 0.031671 0.079177
0 0.418052 0.840855 0.031671 0.079177
0 0.367379 0.840855 0.031671 0.079177
0 0.333333 0.840855 0.031671 0.079177
0 0.296912 0.840855 0.031671 0.079177
0 0.256532 0.840855 0.031671 0.079177
0 0.221694 0.840855 0.031671 0.079177
0 0.159145 0.782264 0.079177 0.031671
0 0.159145 0.747427 0.079177 0.031671
0 0.159145 0.692003 0.079177 0.031671
0 0.159145 0.657165 0.079177 0.031671
0 0.159145 0.620744 0.079177 0.031671
0 0.159145 0.588282 0.079177 0.031671
0 0.159145 0.547902 0.079177 0.031671
0 0.159145 0.513064 0.079177 0.031671
0 0.159145 0.476643 0.079177 0.031671
0 0.159145 0.445764 0.079177 0.031671
0 0.159145 0.414093 0.079177 0.031671
0 0.159145 0.382423 0.079177 0.031671
0 0.159145 0.346002 0.079177 0.031671
0 0.159145 0.304830 0.079177 0.031671
0 0.159145 0.258907 0.079177 0.031671
0 0.159145 0.220903 0.079177 0.031671
