0 0.220903 0.163895 0.031671 0.079177
0 0.257324 0.163895 0.031671 0.079177
0 0.292953 0.163895 0.031671 0.079177
0 0.329375 0.163895 0.031671 0.079177
0 0.361837 0.163895 0.031671 0.079177
0 0.393508 0.163895 0.031671 0.079177
0 0.428345 0.163895 0.031671 0.079177
0 0.461599 0.163895 0.031671 0.079177
0 0.520190 0.163895 0.031671 0.079177
0 0.546318 0.163895 0.031671 0.079177
0 0.574822 0.163895 0.031671 0.079177
0 0.604117 0.163895 0.031671 0.079177
0 0.634996 0.163895 0.031671 0.079177
0 0.685669 0.163895 0.031671 0.079177
0 0.718923 0.163895 0.031671 0.079177
0 0.755344 0.163895 0.031671 0.079177
0 0.836105 0.296120 0.079177 0.031671
0 0.836105 0.372130 0.079177 0.031671
0 0.836105 0.415677 0.079177 0.031671
0 0.836105 0.446556 0.079177 0.031671
0 0.836105 0.479018 0.079177 0.031671
0 0.836105 0.525732 0.079177 0.031671
0 0.836105 0.571655 0.079177 0.031671
0 0.836105 0.599367 0.079177 0.031671
0 0.836105 0.665875 0.079177 0.031671
0 0.719715 0.836105 0.031671 0.079177
0 0.683294 0.836105 0.031671 0.079177
0 0.652415 0.836105 0.031671 0.079177
0 0.623911 0.836105 0.031671 0.079177
0 0.592241 0.836105 0.031671 0.079177
0 0.562154 0.836105 0.031671 0.079177
0 0.520982 0.836105 0.031671 0.079177
0 0.480602 0.836105 0.031671 0.079177
0 0.448931 0.836105 0.031671 0.079177
0 0.418844 0.836105 0.031671 0.079177
0 0.334917 0.836105 0.031671 0.079177
0 0.298496 0.836105 0.031671 0.079177
0 0.258907 0.836105 0.031671 0.079177
0 0.224861 0.836105 0.031671 0.079177
0 0.163895 0.779097 0.079177 0.031671
0 0.163895 0.745051 0.079177 0.031671
0 0.163895 0.688836 0.079177 0.031671
0 0.163895 0.654790 0.079177 0.031671
0 0.163895 0.619952 0.079177 0.031671
0 0.163895 0.587490 0.079177 0.031671
0 0.163895 0.546318 0.079177 0.031671
0 0.163895 0.512272 0.079177 0.031671
0 0.163895 0.476643 0.079177 0.031671
0 0.163895 0.446556 0.079177 0.031671
0 0.163895 0.415677 0.079177 0.031671
0 0.163895 0.384798 0.079177 0.031671
0 0.163895 0.348377 0.079177 0.031671
0 0.163895 0.307205 0.079177 0.031671
0 0.163895 0.261283 0.079177 0.031671
0 0.163895 0.224861 0.079177 0.031671
