0 0.205859 0.140143 0.031671 0.079177
0 0.246239 0.140143 0.031671 0.079177
0 0.285827 0.140143 0.031671 0.079177
0 0.325416 0.140143 0.031671 0.079177
0 0.361045 0.140143 0.031671 0.079177
0 0.396675 0.140143 0.031671 0.079177
0 0.429929 0.140143 0.031671 0.079177
0 0.464766 0.140143 0.031671 0.079177
0 0.520190 0.140143 0.031671 0.079177
0 0.551069 0.140143 0.031671 0.079177
0 0.583531 0.140143 0.031671 0.079177
0 0.617577 0.140143 0.031671 0.079177
0 0.653207 0.140143 0.031671 0.079177
0 0.702296 0.140143 0.031671 0.079177
0 0.741093 0.140143 0.031671 0.079177
0 0.783056 0.140143 0.031671 0.079177
0 0.859857 0.206651 0.079177 0.031671
0 0.859857 0.247031 0.079177 0.031671
0 0.859857 0.287411 0.079177 0.031671
0 0.859857 0.330958 0.079177 0.031671
0 0.859857 0.368171 0.079177 0.031671
0 0.859857 0.410926 0.079177 0.031671
0 0.859857 0.444181 0.079177 0.031671
0 0.859857 0.473476 0.079177 0.031671
0 0.859857 0.522565 0.079177 0.031671
0 0.859857 0.566904 0.079177 0.031671
0 0.859857 0.598575 0.079177 0.031671
0 0.859857 0.634204 0.079177 0.031671
0 0.859857 0.671417 0.079177 0.031671
0 0.859857 0.718923 0.079177 0.031671
0 0.859857 0.758511 0.079177 0.031671
0 0.859857 0.799683 0.079177 0.031671
0 0.786223 0.859857 0.031671 0.079177
0 0.742676 0.859857 0.031671 0.079177
0 0.702296 0.859857 0.031671 0.079177
0 0.665083 0.859857 0.031671 0.079177
0 0.630245 0.859857 0.031671 0.079177
0 0.595408 0.859857 0.031671 0.079177
0 0.561362 0.859857 0.031671 0.079177
0 0.523357 0.859857 0.031671 0.079177
0 0.479810 0.859857 0.031671 0.079177
0 0.446556 0.859857 0.031671 0.079177
0 0.413302 0.859857 0.031671 0.079177
0 0.365796 0.859857 0.031671 0.079177
0 0.328583 0.859857 0.031671 0.079177
0 0.288994 0.859857 0.031671 0.079177
0 0.247823 0.859857 0.031671 0.079177
0 0.208234 0.859857 0.031671 0.079177
0 0.140143 0.795724 0.079177 0.031671
0 0.140143 0.756136 0.079177 0.031671
0 0.140143 0.704671 0.079177 0.031671
0 0.140143 0.665083 0.079177 0.031671
0 0.140143 0.627078 0.079177 0.031671
0 0.140143 0.591449 0.079177 0.031671
0 0.140143 0.551861 0.079177 0.031671
0 0.140143 0.516231 0.079177 0.031671
0 0.140143 0.477435 0.079177 0.031671
0 0.140143 0.444181 0.079177 0.031671
0 0.140143 0.410135 0.079177 0.031671
0 0.140143 0.375297 0.079177 0.031671
0 0.140143 0.338084 0.079177 0.031671
0 0.140143 0.295329 0.079177 0.031671
0 0.140143 0.247031 0.079177 0.031671
