0 0.213206 0.147176 0.031822 0.079554
0 0.252188 0.147176 0.031822 0.079554
0 0.287987 0.147176 0.031822 0.079554
0 0.326173 0.147176 0.031822 0.079554
0 0.361177 0.147176 0.031822 0.079554
0 0.394590 0.147176 0.031822 0.079554
0 0.429594 0.147176 0.031822 0.079554
0 0.465394 0.147176 0.031822 0.079554
0 0.521082 0.147176 0.031822 0.079554
0 0.550517 0.147176 0.031822 0.079554
0 0.580748 0.147176 0.031822 0.079554
0 0.614956 0.147176 0.031822 0.079554
0 0.646778 0.147176 0.031822 0.079554
0 0.697693 0.147176 0.031822 0.079554
0 0.733492 0.147176 0.031822 0.079554
0 0.768496 0.147176 0.031822 0.079554
0 0.852824 0.202068 0.079554 0.031822
0 0.852824 0.241846 0.079554 0.031822
0 0.852824 0.278441 0.079554 0.031822
0 0.852824 0.322196 0.079554 0.031822
0 0.852824 0.355609 0.079554 0.031822
0 0.852824 0.401750 0.079554 0.031822
0 0.852824 0.432776 0.079554 0.031822
0 0.852824 0.462212 0.079554 0.031822
0 0.852824 0.517104 0.079554 0.031822
0 0.852824 0.558473 0.079554 0.031822
0 0.852824 0.622912 0.079554 0.031822
0 0.852824 0.659507 0.079554 0.031822
0 0.852824 0.708035 0.079554 0.031822
0 0.852824 0.745426 0.079554 0.031822
0 0.852824 0.784407 0.079554 0.031822
0 0.778839 0.852824 0.031822 0.079554
0 0.736675 0.852824 0.031822 0.079554
0 0.697693 0.852824 0.031822 0.079554
0 0.660302 0.852824 0.031822 0.079554
0 0.628481 0.852824 0.031822 0.079554
0 0.595068 0.852824 0.031822 0.079554
0 0.561655 0.852824 0.031822 0.079554
0 0.522673 0.852824 0.031822 0.079554
0 0.479714 0.852824 0.031822 0.079554
0 0.446301 0.852824 0.031822 0.079554
0 0.415274 0.852824 0.031822 0.079554
0 0.366746 0.852824 0.031822 0.079554
0 0.329356 0.852824 0.031822 0.079554
0 0.291169 0.852824 0.031822 0.079554
0 0.250597 0.852824 0.031822 0.079554
0 0.211615 0.852824 0.031822 0.079554
0 0.147176 0.784407 0.079554 0.031822
0 0.147176 0.745426 0.079554 0.031822
0 0.147176 0.690533 0.079554 0.031822
0 0.147176 0.652347 0.079554 0.031822
0 0.147176 0.614956 0.079554 0.031822
0 0.147176 0.579952 0.079554 0.031822
0 0.147176 0.544153 0.079554 0.031822
0 0.147176 0.509944 0.079554 0.031822
0 0.147176 0.470963 0.079554 0.031822
0 0.147176 0.435163 0.079554 0.031822
0 0.147176 0.403341 0.079554 0.031822
0 0.147176 0.369928 0.079554 0.031822
0 0.147176 0.337311 0.079554 0.031822
0 0.147176 0.295147 0.079554 0.031822
0 0.147176 0.244232 0.079554 0.031822
0 0.147176 0.205251 0.079554 0.031822
