0 0.209228 0.142403 0.031822 0.079554
0 0.249006 0.142403 0.031822 0.079554
0 0.286396 0.142403 0.031822 0.079554
0 0.325378 0.142403 0.031822 0.079554
0 0.360382 0.142403 0.031822 0.079554
0 0.395386 0.142403 0.031822 0.079554
0 0.429594 0.142403 0.031822 0.079554
0 0.466189 0.142403 0.031822 0.079554
0 0.521082 0.142403 0.031822 0.079554
0 0.551313 0.142403 0.031822 0.079554
0 0.582339 0.142403 0.031822 0.079554
0 0.617343 0.142403 0.031822 0.079554
0 0.649960 0.142403 0.031822 0.079554
0 0.700875 0.142403 0.031822 0.079554
0 0.738266 0.142403 0.031822 0.079554
0 0.775656 0.142403 0.031822 0.079554
0 0.857597 0.240255 0.079554 0.031822
0 0.857597 0.277645 0.079554 0.031822
0 0.857597 0.322196 0.079554 0.031822
0 0.857597 0.356404 0.079554 0.031822
0 0.857597 0.401750 0.079554 0.031822
0 0.857597 0.433572 0.079554 0.031822
0 0.857597 0.469372 0.079554 0.031822
0 0.857597 0.517104 0.079554 0.031822
0 0.857597 0.558473 0.079554 0.031822
0 0.857597 0.590294 0.079554 0.031822
0 0.857597 0.625298 0.079554 0.031822
0 0.857597 0.661893 0.079554 0.031822
0 0.857597 0.710422 0.079554 0.031822
0 0.857597 0.748608 0.079554 0.031822
0 0.857597 0.788385 0.079554 0.031822
0 0.783612 0.857597 0.031822 0.079554
0 0.741448 0.857597 0.031822 0.079554
0 0.700875 0.857597 0.031822 0.079554
0 0.663484 0.857597 0.031822 0.079554
0 0.630072 0.857597 0.031822 0.079554
0 0.595068 0.857597 0.031822 0.079554
0 0.561655 0.857597 0.031822 0.079554
0 0.523469 0.857597 0.031822 0.079554
0 0.479714 0.857597 0.031822 0.079554
0 0.445505 0.857597 0.031822 0.079554
0 0.413683 0.857597 0.031822 0.079554
0 0.365951 0.857597 0.031822 0.079554
0 0.328560 0.857597 0.031822 0.079554
0 0.289578 0.857597 0.031822 0.079554
0 0.248210 0.857597 0.031822 0.079554
0 0.209228 0.857597 0.031822 0.079554
0 0.142403 0.789181 0.079554 0.031822
0 0.142403 0.748608 0.079554 0.031822
0 0.142403 0.696102 0.079554 0.031822
0 0.142403 0.654733 0.079554 0.031822
0 0.142403 0.618138 0.079554 0.031822
0 0.142403 0.582339 0.079554 0.031822
0 0.142403 0.545744 0.079554 0.031822
0 0.142403 0.511535 0.079554 0.031822
0 0.142403 0.471758 0.079554 0.031822
0 0.142403 0.435163 0.079554 0.031822
0 0.142403 0.403341 0.079554 0.031822
0 0.142403 0.369133 0.079554 0.031822
0 0.142403 0.335720 0.079554 0.031822
0 0.142403 0.292761 0.079554 0.031822
0 0.142403 0.241846 0.079554 0.031822
0 0.142403 0.202068 0.079554 0.031822
