0 0.201273 0.132856 0.031822 0.079554
0 0.243437 0.132856 0.031822 0.079554
0 0.282418 0.132856 0.031822 0.079554
0 0.322991 0.132856 0.031822 0.079554
0 0.360382 0.132856 0.031822 0.079554
0 0.396181 0.132856 0.031822 0.079554
0 0.430390 0.132856 0.031822 0.079554
0 0.466189 0.132856 0.031822 0.079554
0 0.521082 0.132856 0.031822 0.079554
0 0.552904 0.132856 0.031822 0.079554
0 0.585521 0.132856 0.031822 0.079554
0 0.622116 0.132856 0.031822 0.079554
0 0.657120 0.132856 0.031822 0.079554
0 0.708035 0.132856 0.031822 0.079554
0 0.747017 0.132856 0.031822 0.079554
0 0.787589 0.132856 0.031822 0.079554
0 0.867144 0.195704 0.079554 0.031822
0 0.867144 0.237072 0.079554 0.031822
0 0.867144 0.276054 0.079554 0.031822
0 0.867144 0.320605 0.079554 0.031822
0 0.867144 0.356404 0.079554 0.031822
0 0.867144 0.400955 0.079554 0.031822
0 0.867144 0.435163 0.079554 0.031822
0 0.867144 0.466189 0.079554 0.031822
0 0.867144 0.517104 0.079554 0.031822
0 0.867144 0.559268 0.079554 0.031822
0 0.867144 0.592681 0.079554 0.031822
0 0.867144 0.628481 0.079554 0.031822
0 0.867144 0.666667 0.079554 0.031822
0 0.867144 0.714399 0.079554 0.031822
0 0.867144 0.754177 0.079554 0.031822
0 0.867144 0.796340 0.079554 0.031822
0 0.793954 0.867144 0.031822 0.079554
0 0.750199 0.867144 0.031822 0.079554
0 0.708035 0.867144 0.031822 0.079554
0 0.668258 0.867144 0.031822 0.079554
0 0.632458 0.867144 0.031822 0.079554
0 0.596659 0.867144 0.031822 0.079554
0 0.561655 0.867144 0.031822 0.079554
0 0.524264 0.867144 0.031822 0.079554
0 0.479714 0.867144 0.031822 0.079554
0 0.444710 0.867144 0.031822 0.079554
0 0.412092 0.867144 0.031822 0.079554
0 0.365155 0.867144 0.031822 0.079554
0 0.326173 0.867144 0.031822 0.079554
0 0.286396 0.867144 0.031822 0.079554
0 0.244232 0.867144 0.031822 0.079554
0 0.202068 0.867144 0.031822 0.079554
0 0.132856 0.797136 0.079554 0.031822
0 0.132856 0.755768 0.079554 0.031822
0 0.132856 0.704853 0.079554 0.031822
0 0.132856 0.662689 0.079554 0.031822
0 0.132856 0.623707 0.079554 0.031822
0 0.132856 0.585521 0.079554 0.031822
0 0.132856 0.549722 0.079554 0.031822
0 0.132856 0.514718 0.079554 0.031822
0 0.132856 0.473349 0.079554 0.031822
0 0.132856 0.436754 0.079554 0.031822
0 0.132856 0.403341 0.079554 0.031822
0 0.132856 0.366746 0.079554 0.031822
0 0.132856 0.333333 0.079554 0.031822
0 0.132856 0.289578 0.079554 0.031822
0 0.132856 0.238663 0.079554 0.031822
0 0.132856 0.197295 0.079554 0.031822
