0 0.215593 0.151949 0.031822 0.079554
0 0.254574 0.151949 0.031822 0.079554
0 0.290374 0.151949 0.031822 0.079554
0 0.326969 0.151949 0.031822 0.079554
0 0.361177 0.151949 0.031822 0.079554
0 0.394590 0.151949 0.031822 0.079554
0 0.428799 0.151949 0.031822 0.079554
0 0.464598 0.151949 0.031822 0.079554
0 0.521082 0.151949 0.031822 0.079554
0 0.549722 0.151949 0.031822 0.079554
0 0.579157 0.151949 0.031822 0.079554
0 0.612570 0.151949 0.031822 0.079554
0 0.642800 0.151949 0.031822 0.079554
0 0.694511 0.151949 0.031822 0.079554
0 0.729515 0.151949 0.031822 0.079554
0 0.763723 0.151949 0.031822 0.079554
0 0.848051 0.204455 0.079554 0.031822
0 0.848051 0.242641 0.079554 0.031822
0 0.848051 0.279236 0.079554 0.031822
0 0.848051 0.322991 0.079554 0.031822
0 0.848051 0.356404 0.079554 0.031822
0 0.848051 0.401750 0.079554 0.031822
0 0.848051 0.461416 0.079554 0.031822
0 0.848051 0.516309 0.079554 0.031822
0 0.848051 0.558473 0.079554 0.031822
0 0.848051 0.589499 0.079554 0.031822
0 0.848051 0.622116 0.079554 0.031822
0 0.848051 0.656325 0.079554 0.031822
0 0.848051 0.705648 0.079554 0.031822
0 0.848051 0.780430 0.079554 0.031822
0 0.773270 0.848051 0.031822 0.079554
0 0.731901 0.848051 0.031822 0.079554
0 0.693715 0.848051 0.031822 0.079554
0 0.658711 0.848051 0.031822 0.079554
0 0.626889 0.848051 0.031822 0.079554
0 0.594272 0.848051 0.031822 0.079554
0 0.562450 0.848051 0.031822 0.079554
0 0.522673 0.848051 0.031822 0.079554
0 0.479714 0.848051 0.031822 0.079554
0 0.446301 0.848051 0.031822 0.079554
0 0.416070 0.848051 0.031822 0.079554
0 0.367542 0.848051 0.031822 0.079554
0 0.330947 0.848051 0.031822 0.079554
0 0.292761 0.848051 0.031822 0.079554
0 0.252188 0.848051 0.031822 0.079554
0 0.214002 0.848051 0.031822 0.079554
0 0.151949 0.780430 0.079554 0.031822
0 0.151949 0.742243 0.079554 0.031822
0 0.151949 0.686555 0.079554 0.031822
0 0.151949 0.648369 0.079554 0.031822
0 0.151949 0.612570 0.079554 0.031822
0 0.151949 0.577566 0.079554 0.031822
0 0.151949 0.542562 0.079554 0.031822
0 0.151949 0.508353 0.079554 0.031822
0 0.151949 0.469372 0.079554 0.031822
0 0.151949 0.434368 0.079554 0.031822
0 0.151949 0.403341 0.079554 0.031822
0 0.151949 0.370724 0.079554 0.031822
0 0.151949 0.338107 0.079554 0.031822
0 0.151949 0.296738 0.079554 0.031822
0 0.151949 0.245823 0.079554 0.031822
0 0.151949 0.208433 0.079554 0.031822
