0 0.219570 0.156722 0.031822 0.079554
0 0.256961 0.156722 0.031822 0.079554
0 0.291965 0.156722 0.031822 0.079554
0 0.328560 0.156722 0.031822 0.079554
0 0.361177 0.156722 0.031822 0.079554
0 0.393795 0.156722 0.031822 0.079554
0 0.428799 0.156722 0.031822 0.079554
0 0.471758 0.156722 0.031822 0.079554
0 0.520286 0.156722 0.031822 0.079554
0 0.548926 0.156722 0.031822 0.079554
0 0.578361 0.156722 0.031822 0.079554
0 0.638823 0.156722 0.031822 0.079554
0 0.691329 0.156722 0.031822 0.079554
0 0.725537 0.156722 0.031822 0.079554
0 0.757359 0.156722 0.031822 0.079554
0 0.843278 0.244232 0.079554 0.031822
0 0.843278 0.280032 0.079554 0.031822
0 0.843278 0.323787 0.079554 0.031822
0 0.843278 0.355609 0.079554 0.031822
0 0.843278 0.401750 0.079554 0.031822
0 0.843278 0.460621 0.079554 0.031822
0 0.843278 0.516309 0.079554 0.031822
0 0.843278 0.558473 0.079554 0.031822
0 0.843278 0.588703 0.079554 0.031822
0 0.843278 0.620525 0.079554 0.031822
0 0.843278 0.654733 0.079554 0.031822
0 0.843278 0.740652 0.079554 0.031822
0 0.768496 0.843278 0.031822 0.079554
0 0.727924 0.843278 0.031822 0.079554
0 0.690533 0.843278 0.031822 0.079554
0 0.656325 0.843278 0.031822 0.079554
0 0.625298 0.843278 0.031822 0.079554
0 0.592681 0.843278 0.031822 0.079554
0 0.562450 0.843278 0.031822 0.079554
0 0.521877 0.843278 0.031822 0.079554
0 0.480509 0.843278 0.031822 0.079554
0 0.447096 0.843278 0.031822 0.079554
0 0.417661 0.843278 0.031822 0.079554
0 0.331742 0.843278 0.031822 0.079554
0 0.295147 0.843278 0.031822 0.079554
0 0.254574 0.843278 0.031822 0.079554
0 0.217184 0.843278 0.031822 0.079554
0 0.156722 0.776452 0.079554 0.031822
0 0.156722 0.739061 0.079554 0.031822
0 0.156722 0.681782 0.079554 0.031822
0 0.156722 0.644391 0.079554 0.031822
0 0.156722 0.610183 0.079554 0.031822
0 0.156722 0.575975 0.079554 0.031822
0 0.156722 0.540175 0.079554 0.031822
0 0.156722 0.506762 0.079554 0.031822
0 0.156722 0.468576 0.079554 0.031822
0 0.156722 0.433572 0.079554 0.031822
0 0.156722 0.403341 0.079554 0.031822
0 0.156722 0.371519 0.079554 0.031822
0 0.156722 0.339698 0.079554 0.031822
0 0.156722 0.298329 0.079554 0.031822
0 0.156722 0.248210 0.079554 0.031822
0 0.156722 0.210024 0.079554 0.031822
