0 0.223548 0.161496 0.031822 0.079554
0 0.260143 0.161496 0.031822 0.079554
0 0.294352 0.161496 0.031822 0.079554
0 0.329356 0.161496 0.031822 0.079554
0 0.361973 0.161496 0.031822 0.079554
0 0.393795 0.161496 0.031822 0.079554
0 0.428799 0.161496 0.031822 0.079554
0 0.463803 0.161496 0.031822 0.079554
0 0.520286 0.161496 0.031822 0.079554
0 0.548130 0.161496 0.031822 0.079554
0 0.576770 0.161496 0.031822 0.079554
0 0.607796 0.161496 0.031822 0.079554
0 0.635640 0.161496 0.031822 0.079554
0 0.688146 0.161496 0.031822 0.079554
0 0.720764 0.161496 0.031822 0.079554
0 0.750994 0.161496 0.031822 0.079554
0 0.838504 0.209228 0.079554 0.031822
0 0.838504 0.245823 0.079554 0.031822
0 0.838504 0.323787 0.079554 0.031822
0 0.838504 0.401750 0.079554 0.031822
0 0.838504 0.431185 0.079554 0.031822
0 0.838504 0.465394 0.079554 0.031822
0 0.838504 0.516309 0.079554 0.031822
0 0.838504 0.558473 0.079554 0.031822
0 0.838504 0.587908 0.079554 0.031822
0 0.838504 0.618934 0.079554 0.031822
0 0.838504 0.652347 0.079554 0.031822
0 0.838504 0.702466 0.079554 0.031822
0 0.838504 0.773270 0.079554 0.031822
0 0.763723 0.838504 0.031822 0.079554
0 0.723946 0.838504 0.031822 0.079554
0 0.653938 0.838504 0.031822 0.079554
0 0.623707 0.838504 0.031822 0.079554
0 0.592681 0.838504 0.031822 0.079554
0 0.562450 0.838504 0.031822 0.079554
0 0.521877 0.838504 0.031822 0.079554
0 0.481305 0.838504 0.031822 0.079554
0 0.419252 0.838504 0.031822 0.079554
0 0.368337 0.838504 0.031822 0.079554
0 0.333333 0.838504 0.031822 0.079554
0 0.296738 0.838504 0.031822 0.079554
0 0.256961 0.838504 0.031822 0.079554
0 0.220366 0.838504 0.031822 0.079554
0 0.161496 0.771679 0.079554 0.031822
0 0.161496 0.735084 0.079554 0.031822
0 0.161496 0.677009 0.079554 0.031822
0 0.161496 0.641209 0.079554 0.031822
0 0.161496 0.607796 0.079554 0.031822
0 0.161496 0.574383 0.079554 0.031822
0 0.161496 0.538584 0.079554 0.031822
0 0.161496 0.504375 0.079554 0.031822
0 0.161496 0.467780 0.079554 0.031822
0 0.161496 0.433572 0.079554 0.031822
0 0.161496 0.403341 0.079554 0.031822
0 0.161496 0.372315 0.079554 0.031822
0 0.161496 0.336516 0.079554 0.031822
0 0.161496 0.300716 0.079554 0.031822
0 0.161496 0.249006 0.079554 0.031822
0 0.161496 0.213206 0.079554 0.031822
