0 0.205251 0.137629 0.031822 0.079554
0 0.245823 0.137629 0.031822 0.079554
0 0.284805 0.137629 0.031822 0.079554
0 0.324582 0.137629 0.031822 0.079554
0 0.360382 0.137629 0.031822 0.079554
0 0.396181 0.137629 0.031822 0.079554
0 0.429594 0.137629 0.031822 0.079554
0 0.466189 0.137629 0.031822 0.079554
0 0.521082 0.137629 0.031822 0.079554
0 0.552108 0.137629 0.031822 0.079554
0 0.583930 0.137629 0.031822 0.079554
0 0.619730 0.137629 0.031822 0.079554
0 0.653142 0.137629 0.031822 0.079554
0 0.704057 0.137629 0.031822 0.079554
0 0.742243 0.137629 0.031822 0.079554
0 0.780430 0.137629 0.031822 0.079554
0 0.862371 0.198091 0.079554 0.031822
0 0.862371 0.238663 0.079554 0.031822
0 0.862371 0.277645 0.079554 0.031822
0 0.862371 0.321400 0.079554 0.031822
0 0.862371 0.356404 0.079554 0.031822
0 0.862371 0.401750 0.079554 0.031822
0 0.862371 0.434368 0.079554 0.031822
0 0.862371 0.464598 0.079554 0.031822
0 0.862371 0.517104 0.079554 0.031822
0 0.862371 0.559268 0.079554 0.031822
0 0.862371 0.626889 0.079554 0.031822
0 0.862371 0.664280 0.079554 0.031822
0 0.862371 0.712013 0.079554 0.031822
0 0.862371 0.751790 0.079554 0.031822
0 0.862371 0.791567 0.079554 0.031822
0 0.789181 0.862371 0.031822 0.079554
0 0.745426 0.862371 0.031822 0.079554
0 0.704057 0.862371 0.031822 0.079554
0 0.665076 0.862371 0.031822 0.079554
0 0.630867 0.862371 0.031822 0.079554
0 0.595863 0.862371 0.031822 0.079554
0 0.561655 0.862371 0.031822 0.079554
0 0.524264 0.862371 0.031822 0.079554
0 0.479714 0.862371 0.031822 0.079554
0 0.445505 0.862371 0.031822 0.079554
0 0.412888 0.862371 0.031822 0.079554
0 0.365155 0.862371 0.031822 0.079554
0 0.327765 0.862371 0.031822 0.079554
0 0.287987 0.862371 0.031822 0.079554
0 0.246619 0.862371 0.031822 0.079554
0 0.204455 0.862371 0.031822 0.079554
0 0.137629 0.793158 0.079554 0.031822
0 0.137629 0.752586 0.079554 0.031822
0 0.137629 0.700875 0.079554 0.031822
0 0.137629 0.658711 0.079554 0.031822
0 0.137629 0.621321 0.079554 0.031822
0 0.137629 0.583930 0.079554 0.031822
0 0.137629 0.548130 0.079554 0.031822
0 0.137629 0.513126 0.079554 0.031822
0 0.137629 0.472554 0.079554 0.031822
0 0.137629 0.436754 0.079554 0.031822
0 0.137629 0.403341 0.079554 0.031822
0 0.137629 0.368337 0.079554 0.031822
0 0.137629 0.334129 0.079554 0.031822
0 0.137629 0.291169 0.079554 0.031822
0 0.137629 0.239459 0.079554 0.031822
0 0.137629 0.199682 0.079554 0.031822
