0 0.209768 0.145717 0.032026 0.080064
0 0.247398 0.145717 0.032026 0.080064
0 0.357086 0.145717 0.032026 0.080064
0 0.392314 0.145717 0.032026 0.080064
0 0.426741 0.145717 0.032026 0.080064
0 0.521217 0.145717 0.032026 0.080064
0 0.550040 0.145717 0.032026 0.080064
0 0.580464 0.145717 0.032026 0.080064
0 0.614091 0.145717 0.032026 0.080064
0 0.646117 0.145717 0.032026 0.080064
0 0.698159 0.145717 0.032026 0.080064
0 0.734187 0.145717 0.032026 0.080064
0 0.771017 0.145717 0.032026 0.080064
0 0.854283 0.238591 0.080064 0.032026
0 0.854283 0.277022 0.080064 0.032026
0 0.854283 0.320256 0.080064 0.032026
0 0.854283 0.355484 0.080064 0.032026
0 0.854283 0.401121 0.080064 0.032026
0 0.854283 0.432346 0.080064 0.032026
0 0.854283 0.461169 0.080064 0.032026
0 0.854283 0.516413 0.080064 0.032026
0 0.854283 0.557246 0.080064 0.032026
0 0.854283 0.588471 0.080064 0.032026
0 0.854283 0.622098 0.080064 0.032026
0 0.854283 0.658927 0.080064 0.032026
0 0.854283 0.708567 0.080064 0.032026
0 0.854283 0.746998 0.080064 0.032026
0 0.854283 0.782226 0.080064 0.032026
0 0.776621 0.854283 0.032026 0.080064
0 0.735789 0.854283 0.032026 0.080064
0 0.696557 0.854283 0.032026 0.080064
0 0.660528 0.854283 0.032026 0.080064
0 0.627702 0.854283 0.032026 0.080064
0 0.594876 0.854283 0.032026 0.080064
0 0.562050 0.854283 0.032026 0.080064
0 0.522018 0.854283 0.032026 0.080064
0 0.480384 0.854283 0.032026 0.080064
0 0.445957 0.854283 0.032026 0.080064
0 0.413931 0.854283 0.032026 0.080064
0 0.365893 0.854283 0.032026 0.080064
0 0.329864 0.854283 0.032026 0.080064
0 0.290633 0.854283 0.032026 0.080064
0 0.248999 0.854283 0.032026 0.080064
0 0.209768 0.854283 0.032026 0.080064
0 0.145717 0.785428 0.080064 0.032026
0 0.145717 0.746197 0.080064 0.032026
0 0.145717 0.691753 0.080064 0.032026
0 0.145717 0.652522 0.080064 0.032026
0 0.145717 0.616493 0.080064 0.032026
0 0.145717 0.580464 0.080064 0.032026
0 0.145717 0.542834 0.080064 0.032026
0 0.145717 0.509207 0.080064 0.032026
0 0.145717 0.468375 0.080064 0.032026
0 0.145717 0.432346 0.080064 0.032026
0 0.145717 0.399520 0.080064 0.032026
0 0.145717 0.365893 0.080064 0.032026
0 0.145717 0.335468 0.080064 0.032026
0 0.145717 0.293034 0.080064 0.032026
0 0.145717 0.240993 0.080064 0.032026
