0 0.206565 0.140913 0.032026 0.080064
0 0.244996 0.140913 0.032026 0.080064
0 0.282626 0.140913 0.032026 0.080064
0 0.323459 0.140913 0.032026 0.080064
0 0.357086 0.140913 0.032026 0.080064
0 0.393114 0.140913 0.032026 0.080064
0 0.437150 0.140913 0.032026 0.080064
0 0.464371 0.140913 0.032026 0.080064
0 0.520416 0.140913 0.032026 0.080064
0 0.550841 0.140913 0.032026 0.080064
0 0.582066 0.140913 0.032026 0.080064
0 0.616493 0.140913 0.032026 0.080064
0 0.650120 0.140913 0.032026 0.080064
0 0.701361 0.140913 0.032026 0.080064
0 0.738991 0.140913 0.032026 0.080064
0 0.776621 0.140913 0.032026 0.080064
0 0.859087 0.198559 0.080064 0.032026
0 0.859087 0.276221 0.080064 0.032026
0 0.859087 0.320256 0.080064 0.032026
0 0.859087 0.356285 0.080064 0.032026
0 0.859087 0.401121 0.080064 0.032026
0 0.859087 0.433147 0.080064 0.032026
0 0.859087 0.462770 0.080064 0.032026
0 0.859087 0.517214 0.080064 0.032026
0 0.859087 0.557246 0.080064 0.032026
0 0.859087 0.589271 0.080064 0.032026
0 0.859087 0.624500 0.080064 0.032026
0 0.859087 0.660528 0.080064 0.032026
0 0.859087 0.710969 0.080064 0.032026
0 0.859087 0.750200 0.080064 0.032026
0 0.859087 0.787030 0.080064 0.032026
0 0.782226 0.859087 0.032026 0.080064
0 0.739792 0.859087 0.032026 0.080064
0 0.700560 0.859087 0.032026 0.080064
0 0.662930 0.859087 0.032026 0.080064
0 0.629303 0.859087 0.032026 0.080064
0 0.595677 0.859087 0.032026 0.080064
0 0.561249 0.859087 0.032026 0.080064
0 0.522818 0.859087 0.032026 0.080064
0 0.480384 0.859087 0.032026 0.080064
0 0.445957 0.859087 0.032026 0.080064
0 0.413131 0.859087 0.032026 0.080064
0 0.365893 0.859087 0.032026 0.080064
0 0.328263 0.859087 0.032026 0.080064
0 0.288231 0.859087 0.032026 0.080064
0 0.247398 0.859087 0.032026 0.080064
0 0.207366 0.859087 0.032026 0.080064
0 0.140913 0.789432 0.080064 0.032026
0 0.140913 0.749400 0.080064 0.032026
0 0.140913 0.696557 0.080064 0.032026
0 0.140913 0.655725 0.080064 0.032026
0 0.140913 0.618895 0.080064 0.032026
0 0.140913 0.582066 0.080064 0.032026
0 0.140913 0.542834 0.080064 0.032026
0 0.140913 0.511609 0.080064 0.032026
0 0.140913 0.469175 0.080064 0.032026
0 0.140913 0.433147 0.080064 0.032026
0 0.140913 0.399520 0.080064 0.032026
0 0.140913 0.365092 0.080064 0.032026
0 0.140913 0.334668 0.080064 0.032026
0 0.140913 0.291433 0.080064 0.032026
0 0.140913 0.239392 0.080064 0.032026
0 0.140913 0.200961 0.080064 0.032026
