0 0.199359 0.131305 0.032026 0.080064
0 0.240192 0.131305 0.032026 0.080064
0 0.280224 0.131305 0.032026 0.080064
0 0.321857 0.131305 0.032026 0.080064
0 0.357086 0.131305 0.032026 0.080064
0 0.394716 0.131305 0.032026 0.080064
0 0.427542 0.131305 0.032026 0.080064
0 0.465973 0.131305 0.032026 0.080064
0 0.520416 0.131305 0.032026 0.080064
0 0.552442 0.131305 0.032026 0.080064
0 0.585268 0.131305 0.032026 0.080064
0 0.622098 0.131305 0.032026 0.080064
0 0.657326 0.131305 0.032026 0.080064
0 0.708567 0.131305 0.032026 0.080064
0 0.747798 0.131305 0.032026 0.080064
0 0.788631 0.131305 0.032026 0.080064
0 0.868695 0.193755 0.080064 0.032026
0 0.868695 0.234588 0.080064 0.032026
0 0.868695 0.275420 0.080064 0.032026
0 0.868695 0.319456 0.080064 0.032026
0 0.868695 0.356285 0.080064 0.032026
0 0.868695 0.401121 0.080064 0.032026
0 0.868695 0.434748 0.080064 0.032026
0 0.868695 0.465172 0.080064 0.032026
0 0.868695 0.518014 0.080064 0.032026
0 0.868695 0.558046 0.080064 0.032026
0 0.868695 0.591673 0.080064 0.032026
0 0.868695 0.628503 0.080064 0.032026
0 0.868695 0.666133 0.080064 0.032026
0 0.868695 0.714972 0.080064 0.032026
0 0.868695 0.755805 0.080064 0.032026
0 0.868695 0.795837 0.080064 0.032026
0 0.793435 0.868695 0.032026 0.080064
0 0.749400 0.868695 0.032026 0.080064
0 0.708567 0.868695 0.032026 0.080064
0 0.668535 0.868695 0.032026 0.080064
0 0.632506 0.868695 0.032026 0.080064
0 0.597278 0.868695 0.032026 0.080064
0 0.561249 0.868695 0.032026 0.080064
0 0.523619 0.868695 0.032026 0.080064
0 0.479584 0.868695 0.032026 0.080064
0 0.444355 0.868695 0.032026 0.080064
0 0.410729 0.868695 0.032026 0.080064
0 0.364291 0.868695 0.032026 0.080064
0 0.325861 0.868695 0.032026 0.080064
0 0.285028 0.868695 0.032026 0.080064
0 0.242594 0.868695 0.032026 0.080064
0 0.200160 0.868695 0.032026 0.080064
0 0.131305 0.799039 0.080064 0.032026
0 0.131305 0.756605 0.080064 0.032026
0 0.131305 0.706165 0.080064 0.032026
0 0.131305 0.662930 0.080064 0.032026
0 0.131305 0.625300 0.080064 0.032026
0 0.131305 0.586869 0.080064 0.032026
0 0.131305 0.549239 0.080064 0.032026
0 0.131305 0.514812 0.080064 0.032026
0 0.131305 0.472378 0.080064 0.032026
0 0.131305 0.435548 0.080064 0.032026
0 0.131305 0.400320 0.080064 0.032026
0 0.131305 0.365092 0.080064 0.032026
0 0.131305 0.332266 0.080064 0.032026
0 0.131305 0.288231 0.080064 0.032026
0 0.131305 0.236990 0.080064 0.032026
0 0.131305 0.195356 0.080064 0.032026
