0 0.212970 0.150520 0.032026 0.080064
0 0.249800 0.150520 0.032026 0.080064
0 0.286629 0.150520 0.032026 0.080064
0 0.325060 0.150520 0.032026 0.080064
0 0.356285 0.150520 0.032026 0.080064
0 0.391513 0.150520 0.032026 0.080064
0 0.426741 0.150520 0.032026 0.080064
0 0.521217 0.150520 0.032026 0.080064
0 0.549239 0.150520 0.032026 0.080064
0 0.578863 0.150520 0.032026 0.080064
0 0.611689 0.150520 0.032026 0.080064
0 0.642914 0.150520 0.032026 0.080064
0 0.694956 0.150520 0.032026 0.080064
0 0.730985 0.150520 0.032026 0.080064
0 0.765412 0.150520 0.032026 0.080064
0 0.849480 0.202562 0.080064 0.032026
0 0.849480 0.240192 0.080064 0.032026
0 0.849480 0.277022 0.080064 0.032026
0 0.849480 0.321057 0.080064 0.032026
0 0.849480 0.354684 0.080064 0.032026
0 0.849480 0.401121 0.080064 0.032026
0 0.849480 0.431545 0.080064 0.032026
0 0.849480 0.460368 0.080064 0.032026
0 0.849480 0.516413 0.080064 0.032026
0 0.849480 0.556445 0.080064 0.032026
0 0.849480 0.587670 0.080064 0.032026
0 0.849480 0.621297 0.080064 0.032026
0 0.849480 0.706165 0.080064 0.032026
0 0.849480 0.744596 0.080064 0.032026
0 0.849480 0.778223 0.080064 0.032026
0 0.771017 0.849480 0.032026 0.080064
0 0.730985 0.849480 0.032026 0.080064
0 0.692554 0.849480 0.032026 0.080064
0 0.658127 0.849480 0.032026 0.080064
0 0.626101 0.849480 0.032026 0.080064
0 0.594075 0.849480 0.032026 0.080064
0 0.562050 0.849480 0.032026 0.080064
0 0.522018 0.849480 0.032026 0.080064
0 0.480384 0.849480 0.032026 0.080064
0 0.445957 0.849480 0.032026 0.080064
0 0.415532 0.849480 0.032026 0.080064
0 0.366693 0.849480 0.032026 0.080064
0 0.330665 0.849480 0.032026 0.080064
0 0.292234 0.849480 0.032026 0.080064
0 0.251401 0.849480 0.032026 0.080064
0 0.212970 0.849480 0.032026 0.080064
0 0.150520 0.781425 0.080064 0.032026
0 0.150520 0.742994 0.080064 0.032026
0 0.150520 0.687750 0.080064 0.032026
0 0.150520 0.649319 0.080064 0.032026
0 0.150520 0.614091 0.080064 0.032026
0 0.150520 0.578863 0.080064 0.032026
0 0.150520 0.541233 0.080064 0.032026
0 0.150520 0.507606 0.080064 0.032026
0 0.150520 0.467574 0.080064 0.032026
0 0.150520 0.430745 0.080064 0.032026
0 0.150520 0.399520 0.080064 0.032026
0 0.150520 0.366693 0.080064 0.032026
0 0.150520 0.336269 0.080064 0.032026
0 0.150520 0.294636 0.080064 0.032026
0 0.150520 0.205765 0.080064 0.032026
