0 0.220176 0.160128 0.032026 0.080064
0 0.254604 0.160128 0.032026 0.080064
0 0.289031 0.160128 0.032026 0.080064
0 0.326661 0.160128 0.032026 0.080064
0 0.356285 0.160128 0.032026 0.080064
0 0.389912 0.160128 0.032026 0.080064
0 0.425941 0.160128 0.032026 0.080064
0 0.547638 0.160128 0.032026 0.080064
0 0.606886 0.160128 0.032026 0.080064
0 0.635709 0.160128 0.032026 0.080064
0 0.688551 0.160128 0.032026 0.080064
0 0.721377 0.160128 0.032026 0.080064
0 0.753403 0.160128 0.032026 0.080064
0 0.839872 0.208167 0.080064 0.032026
0 0.839872 0.242594 0.080064 0.032026
0 0.839872 0.278623 0.080064 0.032026
0 0.839872 0.354684 0.080064 0.032026
0 0.839872 0.401121 0.080064 0.032026
0 0.839872 0.430745 0.080064 0.032026
0 0.839872 0.457966 0.080064 0.032026
0 0.839872 0.516413 0.080064 0.032026
0 0.839872 0.556445 0.080064 0.032026
0 0.839872 0.586069 0.080064 0.032026
0 0.839872 0.618094 0.080064 0.032026
0 0.839872 0.650921 0.080064 0.032026
0 0.839872 0.702162 0.080064 0.032026
0 0.839872 0.738191 0.080064 0.032026
0 0.839872 0.770216 0.080064 0.032026
0 0.760608 0.839872 0.032026 0.080064
0 0.721377 0.839872 0.032026 0.080064
0 0.686149 0.839872 0.032026 0.080064
0 0.653323 0.839872 0.032026 0.080064
0 0.623699 0.839872 0.032026 0.080064
0 0.593275 0.839872 0.032026 0.080064
0 0.562050 0.839872 0.032026 0.080064
0 0.521217 0.839872 0.032026 0.080064
0 0.480384 0.839872 0.032026 0.080064
0 0.447558 0.839872 0.032026 0.080064
0 0.417934 0.839872 0.032026 0.080064
0 0.368295 0.839872 0.032026 0.080064
0 0.333867 0.839872 0.032026 0.080064
0 0.295436 0.839872 0.032026 0.080064
0 0.255404 0.839872 0.032026 0.080064
0 0.218575 0.839872 0.032026 0.080064
0 0.160128 0.772618 0.080064 0.032026
0 0.160128 0.735789 0.080064 0.032026
0 0.160128 0.678943 0.080064 0.032026
0 0.160128 0.642114 0.080064 0.032026
0 0.160128 0.608487 0.080064 0.032026
0 0.160128 0.574860 0.080064 0.032026
0 0.160128 0.537230 0.080064 0.032026
0 0.160128 0.504404 0.080064 0.032026
0 0.160128 0.465172 0.080064 0.032026
0 0.160128 0.429944 0.080064 0.032026
0 0.160128 0.368295 0.080064 0.032026
0 0.160128 0.338671 0.080064 0.032026
0 0.160128 0.297838 0.080064 0.032026
0 0.160128 0.210568 0.080064 0.032026
