0 0.216974 0.155324 0.032026 0.080064
0 0.288231 0.155324 0.032026 0.080064
0 0.325861 0.155324 0.032026 0.080064
0 0.356285 0.155324 0.032026 0.080064
0 0.441954 0.155324 0.032026 0.080064
0 0.521217 0.155324 0.032026 0.080064
0 0.548439 0.155324 0.032026 0.080064
0 0.577262 0.155324 0.032026 0.080064
0 0.609287 0.155324 0.032026 0.080064
0 0.639712 0.155324 0.032026 0.080064
0 0.691753 0.155324 0.032026 0.080064
0 0.726181 0.155324 0.032026 0.080064
0 0.759808 0.155324 0.032026 0.080064
0 0.844676 0.204964 0.080064 0.032026
0 0.844676 0.241793 0.080064 0.032026
0 0.844676 0.277822 0.080064 0.032026
0 0.844676 0.321057 0.080064 0.032026
0 0.844676 0.354684 0.080064 0.032026
0 0.844676 0.401121 0.080064 0.032026
0 0.844676 0.430745 0.080064 0.032026
0 0.844676 0.458767 0.080064 0.032026
0 0.844676 0.516413 0.080064 0.032026
0 0.844676 0.556445 0.080064 0.032026
0 0.844676 0.586869 0.080064 0.032026
0 0.844676 0.619696 0.080064 0.032026
0 0.844676 0.653323 0.080064 0.032026
0 0.844676 0.703763 0.080064 0.032026
0 0.844676 0.741393 0.080064 0.032026
0 0.844676 0.774219 0.080064 0.032026
0 0.766213 0.844676 0.032026 0.080064
0 0.726181 0.844676 0.032026 0.080064
0 0.689351 0.844676 0.032026 0.080064
0 0.654924 0.844676 0.032026 0.080064
0 0.625300 0.844676 0.032026 0.080064
0 0.594075 0.844676 0.032026 0.080064
0 0.561249 0.844676 0.032026 0.080064
0 0.521217 0.844676 0.032026 0.080064
0 0.480384 0.844676 0.032026 0.080064
0 0.446757 0.844676 0.032026 0.080064
0 0.417134 0.844676 0.032026 0.080064
0 0.367494 0.844676 0.032026 0.080064
0 0.332266 0.844676 0.032026 0.080064
0 0.293835 0.844676 0.032026 0.080064
0 0.253803 0.844676 0.032026 0.080064
0 0.216173 0.844676 0.032026 0.080064
0 0.155324 0.776621 0.080064 0.032026
0 0.155324 0.738991 0.080064 0.032026
0 0.155324 0.646117 0.080064 0.032026
0 0.155324 0.610889 0.080064 0.032026
0 0.155324 0.576461 0.080064 0.032026
0 0.155324 0.539632 0.080064 0.032026
0 0.155324 0.506005 0.080064 0.032026
0 0.155324 0.465973 0.080064 0.032026
0 0.155324 0.429944 0.080064 0.032026
0 0.155324 0.367494 0.080064 0.032026
0 0.155324 0.337870 0.080064 0.032026
0 0.155324 0.296237 0.080064 0.032026
0 0.155324 0.244195 0.080064 0.032026
0 0.155324 0.208167 0.080064 0.032026
