0 0.202562 0.136109 0.032026 0.080064
0 0.242594 0.136109 0.032026 0.080064
0 0.281025 0.136109 0.032026 0.080064
0 0.321857 0.136109 0.032026 0.080064
0 0.357086 0.136109 0.032026 0.080064
0 0.393915 0.136109 0.032026 0.080064
0 0.427542 0.136109 0.032026 0.080064
0 0.465172 0.136109 0.032026 0.080064
0 0.521217 0.136109 0.032026 0.080064
0 0.551641 0.136109 0.032026 0.080064
0 0.583667 0.136109 0.032026 0.080064
0 0.619696 0.136109 0.032026 0.080064
0 0.654123 0.136109 0.032026 0.080064
0 0.704564 0.136109 0.032026 0.080064
0 0.742994 0.136109 0.032026 0.080064
0 0.783827 0.136109 0.032026 0.080064
0 0.863891 0.236189 0.080064 0.032026
0 0.863891 0.275420 0.080064 0.032026
0 0.863891 0.319456 0.080064 0.032026
0 0.863891 0.356285 0.080064 0.032026
0 0.863891 0.401121 0.080064 0.032026
0 0.863891 0.433947 0.080064 0.032026
0 0.863891 0.463571 0.080064 0.032026
0 0.863891 0.517214 0.080064 0.032026
0 0.863891 0.557246 0.080064 0.032026
0 0.863891 0.590072 0.080064 0.032026
0 0.863891 0.626902 0.080064 0.032026
0 0.863891 0.663731 0.080064 0.032026
0 0.863891 0.712570 0.080064 0.032026
0 0.863891 0.752602 0.080064 0.032026
0 0.863891 0.791833 0.080064 0.032026
0 0.787030 0.863891 0.032026 0.080064
0 0.745396 0.863891 0.032026 0.080064
0 0.703763 0.863891 0.032026 0.080064
0 0.664532 0.863891 0.032026 0.080064
0 0.630905 0.863891 0.032026 0.080064
0 0.595677 0.863891 0.032026 0.080064
0 0.561249 0.863891 0.032026 0.080064
0 0.522818 0.863891 0.032026 0.080064
0 0.479584 0.863891 0.032026 0.080064
0 0.445156 0.863891 0.032026 0.080064
0 0.412330 0.863891 0.032026 0.080064
0 0.365092 0.863891 0.032026 0.080064
0 0.327462 0.863891 0.032026 0.080064
0 0.286629 0.863891 0.032026 0.080064
0 0.244996 0.863891 0.032026 0.080064
0 0.203363 0.863891 0.032026 0.080064
0 0.136109 0.794235 0.080064 0.032026
0 0.136109 0.753403 0.080064 0.032026
0 0.136109 0.701361 0.080064 0.032026
0 0.136109 0.659728 0.080064 0.032026
0 0.136109 0.622098 0.080064 0.032026
0 0.136109 0.584468 0.080064 0.032026
0 0.136109 0.547638 0.080064 0.032026
0 0.136109 0.513211 0.080064 0.032026
0 0.136109 0.470777 0.080064 0.032026
0 0.136109 0.433947 0.080064 0.032026
0 0.136109 0.400320 0.080064 0.032026
0 0.136109 0.365893 0.080064 0.032026
0 0.136109 0.333066 0.080064 0.032026
0 0.136109 0.289832 0.080064 0.032026
0 0.136109 0.237790 0.080064 0.032026
0 0.136109 0.198559 0.080064 0.032026
