0 0.207091 0.140210 0.032232 0.080580
0 0.245770 0.140210 0.032232 0.080580
0 0.283642 0.140210 0.032232 0.080580
0 0.323127 0.140210 0.032232 0.080580
0 0.357776 0.140210 0.032232 0.080580
0 0.392425 0.140210 0.032232 0.080580
0 0.428687 0.140210 0.032232 0.080580
0 0.464142 0.140210 0.032232 0.080580
0 0.519742 0.140210 0.032232 0.080580
0 0.551168 0.140210 0.032232 0.080580
0 0.582595 0.140210 0.032232 0.080580
0 0.616438 0.140210 0.032232 0.080580
0 0.650282 0.140210 0.032232 0.080580
0 0.738114 0.140210 0.032232 0.080580
0 0.775987 0.140210 0.032232 0.080580
0 0.859790 0.197421 0.080580 0.032232
0 0.859790 0.236906 0.080580 0.032232
0 0.859790 0.275584 0.080580 0.032232
0 0.859790 0.319098 0.080580 0.032232
0 0.859790 0.354553 0.080580 0.032232
0 0.859790 0.400483 0.080580 0.032232
0 0.859790 0.432716 0.080580 0.032232
0 0.859790 0.461724 0.080580 0.032232
0 0.859790 0.517325 0.080580 0.032232
0 0.859790 0.558421 0.080580 0.032232
0 0.859790 0.590653 0.080580 0.032232
0 0.859790 0.626108 0.080580 0.032232
0 0.859790 0.662369 0.080580 0.032232
0 0.859790 0.711523 0.080580 0.032232
0 0.859790 0.751813 0.080580 0.032232
0 0.859790 0.789686 0.080580 0.032232
0 0.784045 0.859790 0.032232 0.080580
0 0.740532 0.859790 0.032232 0.080580
0 0.701048 0.859790 0.032232 0.080580
0 0.663175 0.859790 0.032232 0.080580
0 0.630137 0.859790 0.032232 0.080580
0 0.595488 0.859790 0.032232 0.080580
0 0.561644 0.859790 0.032232 0.080580
0 0.522965 0.859790 0.032232 0.080580
0 0.479452 0.859790 0.032232 0.080580
0 0.445608 0.859790 0.032232 0.080580
0 0.411765 0.859790 0.032232 0.080580
0 0.365028 0.859790 0.032232 0.080580
0 0.327156 0.859790 0.032232 0.080580
0 0.288477 0.859790 0.032232 0.080580
0 0.246575 0.859790 0.032232 0.080580
0 0.207091 0.859790 0.032232 0.080580
0 0.140210 0.790492 0.080580 0.032232
0 0.140210 0.750201 0.080580 0.032232
0 0.140210 0.696213 0.080580 0.032232
0 0.140210 0.657534 0.080580 0.032232
0 0.140210 0.618050 0.080580 0.032232
0 0.140210 0.581789 0.080580 0.032232
0 0.140210 0.546334 0.080580 0.032232
0 0.140210 0.510073 0.080580 0.032232
0 0.140210 0.471394 0.080580 0.032232
0 0.140210 0.431910 0.080580 0.032232
0 0.140210 0.399678 0.080580 0.032232
0 0.140210 0.365834 0.080580 0.032232
0 0.140210 0.332796 0.080580 0.032232
0 0.140210 0.290089 0.080580 0.032232
0 0.140210 0.239323 0.080580 0.032232
0 0.140210 0.199839 0.080580 0.032232
