0 0.200645 0.130540 0.032232 0.080580
0 0.240935 0.130540 0.032232 0.080580
0 0.280419 0.130540 0.032232 0.080580
0 0.321515 0.130540 0.032232 0.080580
0 0.357776 0.130540 0.032232 0.080580
0 0.394037 0.130540 0.032232 0.080580
0 0.429492 0.130540 0.032232 0.080580
0 0.465753 0.130540 0.032232 0.080580
0 0.520548 0.130540 0.032232 0.080580
0 0.552780 0.130540 0.032232 0.080580
0 0.585818 0.130540 0.032232 0.080580
0 0.622079 0.130540 0.032232 0.080580
0 0.658340 0.130540 0.032232 0.080580
0 0.708300 0.130540 0.032232 0.080580
0 0.746978 0.130540 0.032232 0.080580
0 0.788074 0.130540 0.032232 0.080580
0 0.869460 0.193392 0.080580 0.032232
0 0.869460 0.233683 0.080580 0.032232
0 0.869460 0.273973 0.080580 0.032232
0 0.869460 0.319098 0.080580 0.032232
0 0.869460 0.356164 0.080580 0.032232
0 0.869460 0.400483 0.080580 0.032232
0 0.869460 0.434327 0.080580 0.032232
0 0.869460 0.464142 0.080580 0.032232
0 0.869460 0.517325 0.080580 0.032232
0 0.869460 0.558421 0.080580 0.032232
0 0.869460 0.592264 0.080580 0.032232
0 0.869460 0.629331 0.080580 0.032232
0 0.869460 0.667204 0.080580 0.032232
0 0.869460 0.716358 0.080580 0.032232
0 0.869460 0.757454 0.080580 0.032232
0 0.869460 0.797744 0.080580 0.032232
0 0.795326 0.869460 0.032232 0.080580
0 0.750201 0.869460 0.032232 0.080580
0 0.708300 0.869460 0.032232 0.080580
0 0.668815 0.869460 0.032232 0.080580
0 0.632554 0.869460 0.032232 0.080580
0 0.597099 0.869460 0.032232 0.080580
0 0.561644 0.869460 0.032232 0.080580
0 0.523771 0.869460 0.032232 0.080580
0 0.479452 0.869460 0.032232 0.080580
0 0.444803 0.869460 0.032232 0.080580
0 0.410153 0.869460 0.032232 0.080580
0 0.364222 0.869460 0.032232 0.080580
0 0.324738 0.869460 0.032232 0.080580
0 0.285254 0.869460 0.032232 0.080580
0 0.242546 0.869460 0.032232 0.080580
0 0.200645 0.869460 0.032232 0.080580
0 0.130540 0.799355 0.080580 0.032232
0 0.130540 0.757454 0.080580 0.032232
0 0.130540 0.705882 0.080580 0.032232
0 0.130540 0.663981 0.080580 0.032232
0 0.130540 0.624496 0.080580 0.032232
0 0.130540 0.586624 0.080580 0.032232
0 0.130540 0.550363 0.080580 0.032232
0 0.130540 0.513296 0.080580 0.032232
0 0.130540 0.473811 0.080580 0.032232
0 0.130540 0.434327 0.080580 0.032232
0 0.130540 0.399678 0.080580 0.032232
0 0.130540 0.365028 0.080580 0.032232
0 0.130540 0.330379 0.080580 0.032232
0 0.130540 0.286865 0.080580 0.032232
0 0.130540 0.235294 0.080580 0.032232
0 0.130540 0.195004 0.080580 0.032232
