0 0.210314 0.145044 0.032232 0.080580
0 0.248187 0.145044 0.032232 0.080580
0 0.285254 0.145044 0.032232 0.080580
0 0.323932 0.145044 0.032232 0.080580
0 0.357776 0.145044 0.032232 0.080580
0 0.391620 0.145044 0.032232 0.080580
0 0.428687 0.145044 0.032232 0.080580
0 0.464142 0.145044 0.032232 0.080580
0 0.550363 0.145044 0.032232 0.080580
0 0.580983 0.145044 0.032232 0.080580
0 0.614021 0.145044 0.032232 0.080580
0 0.646253 0.145044 0.032232 0.080580
0 0.697824 0.145044 0.032232 0.080580
0 0.733280 0.145044 0.032232 0.080580
0 0.769541 0.145044 0.032232 0.080580
0 0.854956 0.199033 0.080580 0.032232
0 0.854956 0.237712 0.080580 0.032232
0 0.854956 0.275584 0.080580 0.032232
0 0.854956 0.319903 0.080580 0.032232
0 0.854956 0.354553 0.080580 0.032232
0 0.854956 0.400483 0.080580 0.032232
0 0.854956 0.431910 0.080580 0.032232
0 0.854956 0.460919 0.080580 0.032232
0 0.854956 0.517325 0.080580 0.032232
0 0.854956 0.557615 0.080580 0.032232
0 0.854956 0.589847 0.080580 0.032232
0 0.854956 0.624496 0.080580 0.032232
0 0.854956 0.659952 0.080580 0.032232
0 0.854956 0.709106 0.080580 0.032232
0 0.854956 0.748590 0.080580 0.032232
0 0.854956 0.786463 0.080580 0.032232
0 0.778405 0.854956 0.032232 0.080580
0 0.734891 0.854956 0.032232 0.080580
0 0.696213 0.854956 0.032232 0.080580
0 0.660757 0.854956 0.032232 0.080580
0 0.627720 0.854956 0.032232 0.080580
0 0.594682 0.854956 0.032232 0.080580
0 0.561644 0.854956 0.032232 0.080580
0 0.522160 0.854956 0.032232 0.080580
0 0.479452 0.854956 0.032232 0.080580
0 0.446414 0.854956 0.032232 0.080580
0 0.413376 0.854956 0.032232 0.080580
0 0.365834 0.854956 0.032232 0.080580
0 0.327961 0.854956 0.032232 0.080580
0 0.290089 0.854956 0.032232 0.080580
0 0.248993 0.854956 0.032232 0.080580
0 0.209508 0.854956 0.032232 0.080580
0 0.145044 0.784851 0.080580 0.032232
0 0.145044 0.746978 0.080580 0.032232
0 0.145044 0.691378 0.080580 0.032232
0 0.145044 0.653505 0.080580 0.032232
0 0.145044 0.615633 0.080580 0.032232
0 0.145044 0.579371 0.080580 0.032232
0 0.145044 0.544722 0.080580 0.032232
0 0.145044 0.501209 0.080580 0.032232
0 0.145044 0.469782 0.080580 0.032232
0 0.145044 0.431104 0.080580 0.032232
0 0.145044 0.399678 0.080580 0.032232
0 0.145044 0.366640 0.080580 0.032232
0 0.145044 0.334408 0.080580 0.032232
0 0.145044 0.292506 0.080580 0.032232
0 0.145044 0.240935 0.080580 0.032232
0 0.145044 0.202256 0.080580 0.032232
