0 0.213537 0.149879 0.032232 0.080580
0 0.250604 0.149879 0.032232 0.080580
0 0.286865 0.149879 0.032232 0.080580
0 0.324738 0.149879 0.032232 0.080580
0 0.356970 0.149879 0.032232 0.080580
0 0.390814 0.149879 0.032232 0.080580
0 0.427881 0.149879 0.032232 0.080580
0 0.463336 0.149879 0.032232 0.080580
0 0.519742 0.149879 0.032232 0.080580
0 0.549557 0.149879 0.032232 0.080580
0 0.579371 0.149879 0.032232 0.080580
0 0.611604 0.149879 0.032232 0.080580
0 0.642224 0.149879 0.032232 0.080580
0 0.693795 0.149879 0.032232 0.080580
0 0.729251 0.149879 0.032232 0.080580
0 0.763094 0.149879 0.032232 0.080580
0 0.850121 0.201450 0.080580 0.032232
0 0.850121 0.238517 0.080580 0.032232
0 0.850121 0.275584 0.080580 0.032232
0 0.850121 0.320709 0.080580 0.032232
0 0.850121 0.354553 0.080580 0.032232
0 0.850121 0.400483 0.080580 0.032232
0 0.850121 0.431104 0.080580 0.032232
0 0.850121 0.459307 0.080580 0.032232
0 0.850121 0.517325 0.080580 0.032232
0 0.850121 0.557615 0.080580 0.032232
0 0.850121 0.589041 0.080580 0.032232
0 0.850121 0.622885 0.080580 0.032232
0 0.850121 0.656728 0.080580 0.032232
0 0.850121 0.707494 0.080580 0.032232
0 0.850121 0.746172 0.080580 0.032232
0 0.850121 0.782434 0.080580 0.032232
0 0.773570 0.850121 0.032232 0.080580
0 0.731668 0.850121 0.032232 0.080580
0 0.693795 0.850121 0.032232 0.080580
0 0.658340 0.850121 0.032232 0.080580
0 0.626108 0.850121 0.032232 0.080580
0 0.593876 0.850121 0.032232 0.080580
0 0.561644 0.850121 0.032232 0.080580
0 0.522160 0.850121 0.032232 0.080580
0 0.479452 0.850121 0.032232 0.080580
0 0.446414 0.850121 0.032232 0.080580
0 0.414182 0.850121 0.032232 0.080580
0 0.365834 0.850121 0.032232 0.080580
0 0.329573 0.850121 0.032232 0.080580
0 0.292506 0.850121 0.032232 0.080580
0 0.251410 0.850121 0.032232 0.080580
0 0.212732 0.850121 0.032232 0.080580
0 0.149879 0.780822 0.080580 0.032232
0 0.149879 0.742949 0.080580 0.032232
0 0.149879 0.685737 0.080580 0.032232
0 0.149879 0.649476 0.080580 0.032232
0 0.149879 0.612409 0.080580 0.032232
0 0.149879 0.576954 0.080580 0.032232
0 0.149879 0.542305 0.080580 0.032232
0 0.149879 0.506044 0.080580 0.032232
0 0.149879 0.468977 0.080580 0.032232
0 0.149879 0.431104 0.080580 0.032232
0 0.149879 0.399678 0.080580 0.032232
0 0.149879 0.367446 0.080580 0.032232
0 0.149879 0.336019 0.080580 0.032232
0 0.149879 0.294118 0.080580 0.032232
0 0.149879 0.242546 0.080580 0.032232
0 0.149879 0.204674 0.080580 0.032232
