0 0.253022 0.154714 0.032232 0.080580
0 0.288477 0.154714 0.032232 0.080580
0 0.325544 0.154714 0.032232 0.080580
0 0.356970 0.154714 0.032232 0.080580
0 0.389202 0.154714 0.032232 0.080580
0 0.427881 0.154714 0.032232 0.080580
0 0.462530 0.154714 0.032232 0.080580
0 0.519742 0.154714 0.032232 0.080580
0 0.548751 0.154714 0.032232 0.080580
0 0.577760 0.154714 0.032232 0.080580
0 0.608380 0.154714 0.032232 0.080580
0 0.639001 0.154714 0.032232 0.080580
0 0.723610 0.154714 0.032232 0.080580
0 0.758259 0.154714 0.032232 0.080580
0 0.845286 0.203062 0.080580 0.032232
0 0.845286 0.240935 0.080580 0.032232
0 0.845286 0.276390 0.080580 0.032232
0 0.845286 0.320709 0.080580 0.032232
0 0.845286 0.353747 0.080580 0.032232
0 0.845286 0.399678 0.080580 0.032232
0 0.845286 0.430298 0.080580 0.032232
0 0.845286 0.458501 0.080580 0.032232
0 0.845286 0.517325 0.080580 0.032232
0 0.845286 0.557615 0.080580 0.032232
0 0.845286 0.588235 0.080580 0.032232
0 0.845286 0.620467 0.080580 0.032232
0 0.845286 0.655117 0.080580 0.032232
0 0.845286 0.705077 0.080580 0.032232
0 0.845286 0.743755 0.080580 0.032232
0 0.768735 0.845286 0.032232 0.080580
0 0.726833 0.845286 0.032232 0.080580
0 0.689766 0.845286 0.032232 0.080580
0 0.655923 0.845286 0.032232 0.080580
0 0.625302 0.845286 0.032232 0.080580
0 0.593070 0.845286 0.032232 0.080580
0 0.561644 0.845286 0.032232 0.080580
0 0.521354 0.845286 0.032232 0.080580
0 0.479452 0.845286 0.032232 0.080580
0 0.447220 0.845286 0.032232 0.080580
0 0.415794 0.845286 0.032232 0.080580
0 0.366640 0.845286 0.032232 0.080580
0 0.330379 0.845286 0.032232 0.080580
0 0.294118 0.845286 0.032232 0.080580
0 0.253022 0.845286 0.032232 0.080580
0 0.215955 0.845286 0.032232 0.080580
0 0.154714 0.776793 0.080580 0.032232
0 0.154714 0.739726 0.080580 0.032232
0 0.154714 0.681708 0.080580 0.032232
0 0.154714 0.646253 0.080580 0.032232
0 0.154714 0.609992 0.080580 0.032232
0 0.154714 0.575342 0.080580 0.032232
0 0.154714 0.539887 0.080580 0.032232
0 0.154714 0.504432 0.080580 0.032232
0 0.154714 0.468171 0.080580 0.032232
0 0.154714 0.429492 0.080580 0.032232
0 0.154714 0.398872 0.080580 0.032232
0 0.154714 0.367446 0.080580 0.032232
0 0.154714 0.336825 0.080580 0.032232
0 0.154714 0.295729 0.080580 0.032232
0 0.154714 0.244964 0.080580 0.032232
0 0.154714 0.207897 0.080580 0.032232
