0 0.220790 0.159549 0.032232 0.080580
0 0.255439 0.159549 0.032232 0.080580
0 0.290089 0.159549 0.032232 0.080580
0 0.326350 0.159549 0.032232 0.080580
0 0.356970 0.159549 0.032232 0.080580
0 0.389202 0.159549 0.032232 0.080580
0 0.427075 0.159549 0.032232 0.080580
0 0.462530 0.159549 0.032232 0.080580
0 0.519742 0.159549 0.032232 0.080580
0 0.576148 0.159549 0.032232 0.080580
0 0.605963 0.159549 0.032232 0.080580
0 0.634972 0.159549 0.032232 0.080580
0 0.719581 0.159549 0.032232 0.080580
0 0.751007 0.159549 0.032232 0.080580
0 0.840451 0.241741 0.080580 0.032232
0 0.840451 0.277196 0.080580 0.032232
0 0.840451 0.320709 0.080580 0.032232
0 0.840451 0.353747 0.080580 0.032232
0 0.840451 0.400483 0.080580 0.032232
0 0.840451 0.429492 0.080580 0.032232
0 0.840451 0.456890 0.080580 0.032232
0 0.840451 0.516519 0.080580 0.032232
0 0.840451 0.557615 0.080580 0.032232
0 0.840451 0.587429 0.080580 0.032232
0 0.840451 0.619662 0.080580 0.032232
0 0.840451 0.652699 0.080580 0.032232
0 0.840451 0.703465 0.080580 0.032232
0 0.840451 0.775181 0.080580 0.032232
0 0.762288 0.840451 0.032232 0.080580
0 0.722804 0.840451 0.032232 0.080580
0 0.685737 0.840451 0.032232 0.080580
0 0.653505 0.840451 0.032232 0.080580
0 0.593070 0.840451 0.032232 0.080580
0 0.562450 0.840451 0.032232 0.080580
0 0.521354 0.840451 0.032232 0.080580
0 0.480258 0.840451 0.032232 0.080580
0 0.448026 0.840451 0.032232 0.080580
0 0.416600 0.840451 0.032232 0.080580
0 0.366640 0.840451 0.032232 0.080580
0 0.331185 0.840451 0.032232 0.080580
0 0.295729 0.840451 0.032232 0.080580
0 0.255439 0.840451 0.032232 0.080580
0 0.219178 0.840451 0.032232 0.080580
0 0.159549 0.771958 0.080580 0.032232
0 0.159549 0.736503 0.080580 0.032232
0 0.159549 0.676873 0.080580 0.032232
0 0.159549 0.643030 0.080580 0.032232
0 0.159549 0.606769 0.080580 0.032232
0 0.159549 0.573731 0.080580 0.032232
0 0.159549 0.538276 0.080580 0.032232
0 0.159549 0.502820 0.080580 0.032232
0 0.159549 0.456890 0.080580 0.032232
0 0.159549 0.428687 0.080580 0.032232
0 0.159549 0.398872 0.080580 0.032232
0 0.159549 0.368251 0.080580 0.032232
0 0.159549 0.337631 0.080580 0.032232
0 0.159549 0.296535 0.080580 0.032232
0 0.159549 0.245770 0.080580 0.032232
0 0.159549 0.211120 0.080580 0.032232
