0 0.203868 0.135375 0.032232 0.080580
0 0.243352 0.135375 0.032232 0.080580
0 0.282031 0.135375 0.032232 0.080580
0 0.322321 0.135375 0.032232 0.080580
0 0.357776 0.135375 0.032232 0.080580
0 0.393231 0.135375 0.032232 0.080580
0 0.428687 0.135375 0.032232 0.080580
0 0.464948 0.135375 0.032232 0.080580
0 0.520548 0.135375 0.032232 0.080580
0 0.551974 0.135375 0.032232 0.080580
0 0.584206 0.135375 0.032232 0.080580
0 0.619662 0.135375 0.032232 0.080580
0 0.654311 0.135375 0.032232 0.080580
0 0.704271 0.135375 0.032232 0.080580
0 0.742949 0.135375 0.032232 0.080580
0 0.782434 0.135375 0.032232 0.080580
0 0.864625 0.195004 0.080580 0.032232
0 0.864625 0.235294 0.080580 0.032232
0 0.864625 0.274778 0.080580 0.032232
0 0.864625 0.319098 0.080580 0.032232
0 0.864625 0.355359 0.080580 0.032232
0 0.864625 0.400483 0.080580 0.032232
0 0.864625 0.432716 0.080580 0.032232
0 0.864625 0.463336 0.080580 0.032232
0 0.864625 0.517325 0.080580 0.032232
0 0.864625 0.558421 0.080580 0.032232
0 0.864625 0.591459 0.080580 0.032232
0 0.864625 0.627720 0.080580 0.032232
0 0.864625 0.664786 0.080580 0.032232
0 0.864625 0.713940 0.080580 0.032232
0 0.864625 0.755036 0.080580 0.032232
0 0.864625 0.793715 0.080580 0.032232
0 0.789686 0.864625 0.032232 0.080580
0 0.746172 0.864625 0.032232 0.080580
0 0.704271 0.864625 0.032232 0.080580
0 0.666398 0.864625 0.032232 0.080580
0 0.630943 0.864625 0.032232 0.080580
0 0.596293 0.864625 0.032232 0.080580
0 0.561644 0.864625 0.032232 0.080580
0 0.522965 0.864625 0.032232 0.080580
0 0.479452 0.864625 0.032232 0.080580
0 0.445608 0.864625 0.032232 0.080580
0 0.410959 0.864625 0.032232 0.080580
0 0.364222 0.864625 0.032232 0.080580
0 0.325544 0.864625 0.032232 0.080580
0 0.286865 0.864625 0.032232 0.080580
0 0.244158 0.864625 0.032232 0.080580
0 0.203062 0.864625 0.032232 0.080580
0 0.135375 0.794521 0.080580 0.032232
0 0.135375 0.755036 0.080580 0.032232
0 0.135375 0.701048 0.080580 0.032232
0 0.135375 0.660757 0.080580 0.032232
0 0.135375 0.622079 0.080580 0.032232
0 0.135375 0.584206 0.080580 0.032232
0 0.135375 0.547945 0.080580 0.032232
0 0.135375 0.511684 0.080580 0.032232
0 0.135375 0.472200 0.080580 0.032232
0 0.135375 0.432716 0.080580 0.032232
0 0.135375 0.399678 0.080580 0.032232
0 0.135375 0.365834 0.080580 0.032232
0 0.135375 0.331990 0.080580 0.032232
0 0.135375 0.288477 0.080580 0.032232
0 0.135375 0.236906 0.080580 0.032232
0 0.135375 0.197421 0.080580 0.032232
