0 0.207366 0.144115 0.032026 0.080064
0 0.248199 0.144115 0.032026 0.080064
0 0.285829 0.144115 0.032026 0.080064
0 0.325060 0.144115 0.032026 0.080064
0 0.359488 0.144115 0.032026 0.080064
0 0.393915 0.144115 0.032026 0.080064
0 0.429143 0.144115 0.032026 0.080064
0 0.464371 0.144115 0.032026 0.080064
0 0.519616 0.144115 0.032026 0.080064
0 0.549239 0.144115 0.032026 0.080064
0 0.581265 0.144115 0.032026 0.080064
0 0.612490 0.144115 0.032026 0.080064
0 0.647718 0.144115 0.032026 0.080064
0 0.695757 0.144115 0.032026 0.080064
0 0.734187 0.144115 0.032026 0.080064
0 0.773419 0.144115 0.032026 0.080064
0 0.855885 0.208967 0.080064 0.032026
0 0.855885 0.248999 0.080064 0.032026
0 0.855885 0.287430 0.080064 0.032026
0 0.855885 0.332266 0.080064 0.032026
0 0.855885 0.367494 0.080064 0.032026
0 0.855885 0.413131 0.080064 0.032026
0 0.855885 0.444355 0.080064 0.032026
0 0.855885 0.472378 0.080064 0.032026
0 0.855885 0.523619 0.080064 0.032026
0 0.855885 0.568455 0.080064 0.032026
0 0.855885 0.599680 0.080064 0.032026
0 0.855885 0.634908 0.080064 0.032026
0 0.855885 0.670136 0.080064 0.032026
0 0.855885 0.719776 0.080064 0.032026
0 0.855885 0.756605 0.080064 0.032026
0 0.783026 0.855885 0.032026 0.080064
0 0.738991 0.855885 0.032026 0.080064
0 0.699760 0.855885 0.032026 0.080064
0 0.663731 0.855885 0.032026 0.080064
0 0.630905 0.855885 0.032026 0.080064
0 0.596477 0.855885 0.032026 0.080064
0 0.562850 0.855885 0.032026 0.080064
0 0.522818 0.855885 0.032026 0.080064
0 0.480384 0.855885 0.032026 0.080064
0 0.445156 0.855885 0.032026 0.080064
0 0.411529 0.855885 0.032026 0.080064
0 0.364291 0.855885 0.032026 0.080064
0 0.327462 0.855885 0.032026 0.080064
0 0.289031 0.855885 0.032026 0.080064
0 0.248199 0.855885 0.032026 0.080064
0 0.210568 0.855885 0.032026 0.080064
0 0.144115 0.795837 0.080064 0.032026
0 0.144115 0.755004 0.080064 0.032026
0 0.144115 0.703763 0.080064 0.032026
0 0.144115 0.665332 0.080064 0.032026
0 0.144115 0.627702 0.080064 0.032026
0 0.144115 0.593275 0.080064 0.032026
0 0.144115 0.551641 0.080064 0.032026
0 0.144115 0.517214 0.080064 0.032026
0 0.144115 0.478783 0.080064 0.032026
0 0.144115 0.445156 0.080064 0.032026
0 0.144115 0.412330 0.080064 0.032026
0 0.144115 0.377102 0.080064 0.032026
0 0.144115 0.340272 0.080064 0.032026
0 0.144115 0.297038 0.080064 0.032026
0 0.144115 0.248999 0.080064 0.032026
0 0.144115 0.208967 0.080064 0.032026
