0 0.201761 0.134508 0.032026 0.080064
0 0.243395 0.134508 0.032026 0.080064
0 0.282626 0.134508 0.032026 0.080064
0 0.323459 0.134508 0.032026 0.080064
0 0.359488 0.134508 0.032026 0.080064
0 0.395516 0.134508 0.032026 0.080064
0 0.429944 0.134508 0.032026 0.080064
0 0.465172 0.134508 0.032026 0.080064
0 0.519616 0.134508 0.032026 0.080064
0 0.550841 0.134508 0.032026 0.080064
0 0.584468 0.134508 0.032026 0.080064
0 0.618094 0.134508 0.032026 0.080064
0 0.654924 0.134508 0.032026 0.080064
0 0.703763 0.134508 0.032026 0.080064
0 0.743795 0.134508 0.032026 0.080064
0 0.785428 0.134508 0.032026 0.080064
0 0.865492 0.201761 0.080064 0.032026
0 0.865492 0.242594 0.080064 0.032026
0 0.865492 0.283427 0.080064 0.032026
0 0.865492 0.328263 0.080064 0.032026
0 0.865492 0.365092 0.080064 0.032026
0 0.865492 0.409928 0.080064 0.032026
0 0.865492 0.443555 0.080064 0.032026
0 0.865492 0.472378 0.080064 0.032026
0 0.865492 0.522018 0.080064 0.032026
0 0.865492 0.566053 0.080064 0.032026
0 0.865492 0.598879 0.080064 0.032026
0 0.865492 0.635709 0.080064 0.032026
0 0.865492 0.672538 0.080064 0.032026
0 0.865492 0.720576 0.080064 0.032026
0 0.865492 0.759808 0.080064 0.032026
0 0.865492 0.802242 0.080064 0.032026
0 0.793435 0.865492 0.032026 0.080064
0 0.748599 0.865492 0.032026 0.080064
0 0.706966 0.865492 0.032026 0.080064
0 0.668535 0.865492 0.032026 0.080064
0 0.633307 0.865492 0.032026 0.080064
0 0.597278 0.865492 0.032026 0.080064
0 0.562850 0.865492 0.032026 0.080064
0 0.523619 0.865492 0.032026 0.080064
0 0.479584 0.865492 0.032026 0.080064
0 0.445156 0.865492 0.032026 0.080064
0 0.409928 0.865492 0.032026 0.080064
0 0.364291 0.865492 0.032026 0.080064
0 0.325861 0.865492 0.032026 0.080064
0 0.285028 0.865492 0.032026 0.080064
0 0.244195 0.865492 0.032026 0.080064
0 0.203363 0.865492 0.032026 0.080064
0 0.134508 0.801441 0.080064 0.032026
0 0.134508 0.759808 0.080064 0.032026
0 0.134508 0.710168 0.080064 0.032026
0 0.134508 0.669335 0.080064 0.032026
0 0.134508 0.630104 0.080064 0.032026
0 0.134508 0.594075 0.080064 0.032026
0 0.134508 0.554043 0.080064 0.032026
0 0.134508 0.518815 0.080064 0.032026
0 0.134508 0.478783 0.080064 0.032026
0 0.134508 0.443555 0.080064 0.032026
0 0.134508 0.409928 0.080064 0.032026
0 0.134508 0.373098 0.080064 0.032026
0 0.134508 0.335468 0.080064 0.032026
0 0.134508 0.297838 0.080064 0.032026
0 0.134508 0.244195 0.080064 0.032026
0 0.134508 0.200961 0.080064 0.032026
