0 0.210568 0.148919 0.032026 0.080064
0 0.250600 0.148919 0.032026 0.080064
0 0.286629 0.148919 0.032026 0.080064
0 0.325861 0.148919 0.032026 0.080064
0 0.359488 0.148919 0.032026 0.080064
0 0.393114 0.148919 0.032026 0.080064
0 0.428343 0.148919 0.032026 0.080064
0 0.463571 0.148919 0.032026 0.080064
0 0.519616 0.148919 0.032026 0.080064
0 0.548439 0.148919 0.032026 0.080064
0 0.578863 0.148919 0.032026 0.080064
0 0.609287 0.148919 0.032026 0.080064
0 0.642914 0.148919 0.032026 0.080064
0 0.692554 0.148919 0.032026 0.080064
0 0.729384 0.148919 0.032026 0.080064
0 0.767814 0.148919 0.032026 0.080064
0 0.851081 0.212170 0.080064 0.032026
0 0.851081 0.250600 0.080064 0.032026
0 0.851081 0.289832 0.080064 0.032026
0 0.851081 0.333867 0.080064 0.032026
0 0.851081 0.369095 0.080064 0.032026
0 0.851081 0.414732 0.080064 0.032026
0 0.851081 0.445156 0.080064 0.032026
0 0.851081 0.471577 0.080064 0.032026
0 0.851081 0.524420 0.080064 0.032026
0 0.851081 0.569255 0.080064 0.032026
0 0.851081 0.599680 0.080064 0.032026
0 0.851081 0.634107 0.080064 0.032026
0 0.851081 0.669335 0.080064 0.032026
0 0.851081 0.718975 0.080064 0.032026
0 0.851081 0.755004 0.080064 0.032026
0 0.851081 0.795036 0.080064 0.032026
0 0.776621 0.851081 0.032026 0.080064
0 0.734988 0.851081 0.032026 0.080064
0 0.695757 0.851081 0.032026 0.080064
0 0.661329 0.851081 0.032026 0.080064
0 0.629303 0.851081 0.032026 0.080064
0 0.595677 0.851081 0.032026 0.080064
0 0.563651 0.851081 0.032026 0.080064
0 0.522818 0.851081 0.032026 0.080064
0 0.480384 0.851081 0.032026 0.080064
0 0.445957 0.851081 0.032026 0.080064
0 0.413131 0.851081 0.032026 0.080064
0 0.365092 0.851081 0.032026 0.080064
0 0.328263 0.851081 0.032026 0.080064
0 0.290633 0.851081 0.032026 0.080064
0 0.249800 0.851081 0.032026 0.080064
0 0.213771 0.851081 0.032026 0.080064
0 0.148919 0.792634 0.080064 0.032026
0 0.148919 0.753403 0.080064 0.032026
0 0.148919 0.702162 0.080064 0.032026
0 0.148919 0.663731 0.080064 0.032026
0 0.148919 0.626902 0.080064 0.032026
0 0.148919 0.593275 0.080064 0.032026
0 0.148919 0.550841 0.080064 0.032026
0 0.148919 0.517214 0.080064 0.032026
0 0.148919 0.478783 0.080064 0.032026
0 0.148919 0.445156 0.080064 0.032026
0 0.148919 0.413131 0.080064 0.032026
0 0.148919 0.379504 0.080064 0.032026
0 0.148919 0.342674 0.080064 0.032026
0 0.148919 0.299440 0.080064 0.032026
0 0.148919 0.252202 0.080064 0.032026
0 0.148919 0.212170 0.080064 0.032026
