0 0.213771 0.153723 0.032026 0.080064
0 0.253002 0.153723 0.032026 0.080064
0 0.289031 0.153723 0.032026 0.080064
0 0.326661 0.153723 0.032026 0.080064
0 0.359488 0.153723 0.032026 0.080064
0 0.393114 0.153723 0.032026 0.080064
0 0.428343 0.153723 0.032026 0.080064
0 0.462770 0.153723 0.032026 0.080064
0 0.519616 0.153723 0.032026 0.080064
0 0.546837 0.153723 0.032026 0.080064
0 0.577262 0.153723 0.032026 0.080064
0 0.606085 0.153723 0.032026 0.080064
0 0.638911 0.153723 0.032026 0.080064
0 0.688551 0.153723 0.032026 0.080064
0 0.724580 0.153723 0.032026 0.080064
0 0.761409 0.153723 0.032026 0.080064
0 0.846277 0.216173 0.080064 0.032026
0 0.846277 0.253803 0.080064 0.032026
0 0.846277 0.291433 0.080064 0.032026
0 0.846277 0.335468 0.080064 0.032026
0 0.846277 0.369896 0.080064 0.032026
0 0.846277 0.415532 0.080064 0.032026
0 0.846277 0.445957 0.080064 0.032026
0 0.846277 0.471577 0.080064 0.032026
0 0.846277 0.525220 0.080064 0.032026
0 0.846277 0.570056 0.080064 0.032026
0 0.846277 0.600480 0.080064 0.032026
0 0.846277 0.634107 0.080064 0.032026
0 0.846277 0.667734 0.080064 0.032026
0 0.846277 0.718175 0.080064 0.032026
0 0.846277 0.753403 0.080064 0.032026
0 0.846277 0.793435 0.080064 0.032026
0 0.771817 0.846277 0.032026 0.080064
0 0.730184 0.846277 0.032026 0.080064
0 0.692554 0.846277 0.032026 0.080064
0 0.658927 0.846277 0.032026 0.080064
0 0.628503 0.846277 0.032026 0.080064
0 0.595677 0.846277 0.032026 0.080064
0 0.562850 0.846277 0.032026 0.080064
0 0.522018 0.846277 0.032026 0.080064
0 0.481185 0.846277 0.032026 0.080064
0 0.445957 0.846277 0.032026 0.080064
0 0.413931 0.846277 0.032026 0.080064
0 0.365092 0.846277 0.032026 0.080064
0 0.329063 0.846277 0.032026 0.080064
0 0.292234 0.846277 0.032026 0.080064
0 0.253002 0.846277 0.032026 0.080064
0 0.216974 0.846277 0.032026 0.080064
0 0.153723 0.789432 0.080064 0.032026
0 0.153723 0.751001 0.080064 0.032026
0 0.153723 0.698959 0.080064 0.032026
0 0.153723 0.661329 0.080064 0.032026
0 0.153723 0.625300 0.080064 0.032026
0 0.153723 0.592474 0.080064 0.032026
0 0.153723 0.550040 0.080064 0.032026
0 0.153723 0.516413 0.080064 0.032026
0 0.153723 0.478783 0.080064 0.032026
0 0.153723 0.445957 0.080064 0.032026
0 0.153723 0.413931 0.080064 0.032026
0 0.153723 0.381105 0.080064 0.032026
0 0.153723 0.344275 0.080064 0.032026
0 0.153723 0.302642 0.080064 0.032026
0 0.153723 0.255404 0.080064 0.032026
0 0.153723 0.216173 0.080064 0.032026
