0 0.220176 0.163331 0.032026 0.080064
0 0.257806 0.163331 0.032026 0.080064
0 0.292234 0.163331 0.032026 0.080064
0 0.328263 0.163331 0.032026 0.080064
0 0.359488 0.163331 0.032026 0.080064
0 0.391513 0.163331 0.032026 0.080064
0 0.427542 0.163331 0.032026 0.080064
0 0.462770 0.163331 0.032026 0.080064
0 0.518815 0.163331 0.032026 0.080064
0 0.545236 0.163331 0.032026 0.080064
0 0.574059 0.163331 0.032026 0.080064
0 0.601281 0.163331 0.032026 0.080064
0 0.631705 0.163331 0.032026 0.080064
0 0.681345 0.163331 0.032026 0.080064
0 0.715773 0.163331 0.032026 0.080064
0 0.749400 0.163331 0.032026 0.080064
0 0.836669 0.223379 0.080064 0.032026
0 0.836669 0.259408 0.080064 0.032026
0 0.836669 0.295436 0.080064 0.032026
0 0.836669 0.338671 0.080064 0.032026
0 0.836669 0.371497 0.080064 0.032026
0 0.836669 0.417934 0.080064 0.032026
0 0.836669 0.446757 0.080064 0.032026
0 0.836669 0.471577 0.080064 0.032026
0 0.836669 0.526821 0.080064 0.032026
0 0.836669 0.572458 0.080064 0.032026
0 0.836669 0.600480 0.080064 0.032026
0 0.836669 0.632506 0.080064 0.032026
0 0.836669 0.665332 0.080064 0.032026
0 0.836669 0.717374 0.080064 0.032026
0 0.836669 0.750200 0.080064 0.032026
0 0.836669 0.788631 0.080064 0.032026
0 0.760608 0.836669 0.032026 0.080064
0 0.721377 0.836669 0.032026 0.080064
0 0.686149 0.836669 0.032026 0.080064
0 0.654924 0.836669 0.032026 0.080064
0 0.626101 0.836669 0.032026 0.080064
0 0.594876 0.836669 0.032026 0.080064
0 0.521217 0.836669 0.032026 0.080064
0 0.481185 0.836669 0.032026 0.080064
0 0.446757 0.836669 0.032026 0.080064
0 0.416333 0.836669 0.032026 0.080064
0 0.366693 0.836669 0.032026 0.080064
0 0.331465 0.836669 0.032026 0.080064
0 0.295436 0.836669 0.032026 0.080064
0 0.257006 0.836669 0.032026 0.080064
0 0.224179 0.836669 0.032026 0.080064
0 0.163331 0.783026 0.080064 0.032026
0 0.163331 0.746998 0.080064 0.032026
0 0.163331 0.692554 0.080064 0.032026
0 0.163331 0.657326 0.080064 0.032026
0 0.163331 0.622898 0.080064 0.032026
0 0.163331 0.592474 0.080064 0.032026
0 0.163331 0.547638 0.080064 0.032026
0 0.163331 0.515612 0.080064 0.032026
0 0.163331 0.478783 0.080064 0.032026
0 0.163331 0.446757 0.080064 0.032026
0 0.163331 0.416333 0.080064 0.032026
0 0.163331 0.384307 0.080064 0.032026
0 0.163331 0.342674 0.080064 0.032026
0 0.163331 0.307446 0.080064 0.032026
0 0.163331 0.261009 0.080064 0.032026
0 0.163331 0.223379 0.080064 0.032026
