0 0.216974 0.158527 0.032026 0.080064
0 0.255404 0.158527 0.032026 0.080064
0 0.289832 0.158527 0.032026 0.080064
0 0.327462 0.158527 0.032026 0.080064
0 0.359488 0.158527 0.032026 0.080064
0 0.392314 0.158527 0.032026 0.080064
0 0.427542 0.158527 0.032026 0.080064
0 0.469976 0.158527 0.032026 0.080064
0 0.519616 0.158527 0.032026 0.080064
0 0.546037 0.158527 0.032026 0.080064
0 0.575661 0.158527 0.032026 0.080064
0 0.603683 0.158527 0.032026 0.080064
0 0.634908 0.158527 0.032026 0.080064
0 0.684548 0.158527 0.032026 0.080064
0 0.720576 0.158527 0.032026 0.080064
0 0.755805 0.158527 0.032026 0.080064
0 0.841473 0.220176 0.080064 0.032026
0 0.841473 0.256205 0.080064 0.032026
0 0.841473 0.293835 0.080064 0.032026
0 0.841473 0.337070 0.080064 0.032026
0 0.841473 0.370697 0.080064 0.032026
0 0.841473 0.417134 0.080064 0.032026
0 0.841473 0.445957 0.080064 0.032026
0 0.841473 0.471577 0.080064 0.032026
0 0.841473 0.525220 0.080064 0.032026
0 0.841473 0.570857 0.080064 0.032026
0 0.841473 0.600480 0.080064 0.032026
0 0.841473 0.633307 0.080064 0.032026
0 0.841473 0.666133 0.080064 0.032026
0 0.841473 0.717374 0.080064 0.032026
0 0.841473 0.751801 0.080064 0.032026
0 0.841473 0.791033 0.080064 0.032026
0 0.766213 0.841473 0.032026 0.080064
0 0.725380 0.841473 0.032026 0.080064
0 0.688551 0.841473 0.032026 0.080064
0 0.656525 0.841473 0.032026 0.080064
0 0.626902 0.841473 0.032026 0.080064
0 0.594876 0.841473 0.032026 0.080064
0 0.563651 0.841473 0.032026 0.080064
0 0.522018 0.841473 0.032026 0.080064
0 0.481185 0.841473 0.032026 0.080064
0 0.446757 0.841473 0.032026 0.080064
0 0.415532 0.841473 0.032026 0.080064
0 0.365893 0.841473 0.032026 0.080064
0 0.330665 0.841473 0.032026 0.080064
0 0.293835 0.841473 0.032026 0.080064
0 0.254604 0.841473 0.032026 0.080064
0 0.220176 0.841473 0.032026 0.080064
0 0.158527 0.786229 0.080064 0.032026
0 0.158527 0.749400 0.080064 0.032026
0 0.158527 0.695757 0.080064 0.032026
0 0.158527 0.659728 0.080064 0.032026
0 0.158527 0.624500 0.080064 0.032026
0 0.158527 0.592474 0.080064 0.032026
0 0.158527 0.549239 0.080064 0.032026
0 0.158527 0.515612 0.080064 0.032026
0 0.158527 0.478783 0.080064 0.032026
0 0.158527 0.446757 0.080064 0.032026
0 0.158527 0.415532 0.080064 0.032026
0 0.158527 0.381906 0.080064 0.032026
0 0.158527 0.346677 0.080064 0.032026
0 0.158527 0.312250 0.080064 0.032026
0 0.158527 0.257806 0.080064 0.032026
0 0.158527 0.220176 0.080064 0.032026
