0 0.204964 0.139311 0.032026 0.080064
0 0.246597 0.139311 0.032026 0.080064
0 0.284227 0.139311 0.032026 0.080064
0 0.324259 0.139311 0.032026 0.080064
0 0.359488 0.139311 0.032026 0.080064
0 0.394716 0.139311 0.032026 0.080064
0 0.429143 0.139311 0.032026 0.080064
0 0.464371 0.139311 0.032026 0.080064
0 0.520416 0.139311 0.032026 0.080064
0 0.550040 0.139311 0.032026 0.080064
0 0.582866 0.139311 0.032026 0.080064
0 0.614892 0.139311 0.032026 0.080064
0 0.650921 0.139311 0.032026 0.080064
0 0.699760 0.139311 0.032026 0.080064
0 0.738991 0.139311 0.032026 0.080064
0 0.779824 0.139311 0.032026 0.080064
0 0.860689 0.205765 0.080064 0.032026
0 0.860689 0.244996 0.080064 0.032026
0 0.860689 0.285829 0.080064 0.032026
0 0.860689 0.329864 0.080064 0.032026
0 0.860689 0.366693 0.080064 0.032026
0 0.860689 0.411529 0.080064 0.032026
0 0.860689 0.444355 0.080064 0.032026
0 0.860689 0.472378 0.080064 0.032026
0 0.860689 0.522818 0.080064 0.032026
0 0.860689 0.567654 0.080064 0.032026
0 0.860689 0.599680 0.080064 0.032026
0 0.860689 0.634908 0.080064 0.032026
0 0.860689 0.670937 0.080064 0.032026
0 0.860689 0.719776 0.080064 0.032026
0 0.860689 0.758207 0.080064 0.032026
0 0.860689 0.799840 0.080064 0.032026
0 0.788631 0.860689 0.032026 0.080064
0 0.744596 0.860689 0.032026 0.080064
0 0.703763 0.860689 0.032026 0.080064
0 0.666133 0.860689 0.032026 0.080064
0 0.631705 0.860689 0.032026 0.080064
0 0.596477 0.860689 0.032026 0.080064
0 0.562850 0.860689 0.032026 0.080064
0 0.523619 0.860689 0.032026 0.080064
0 0.480384 0.860689 0.032026 0.080064
0 0.445156 0.860689 0.032026 0.080064
0 0.410729 0.860689 0.032026 0.080064
0 0.364291 0.860689 0.032026 0.080064
0 0.326661 0.860689 0.032026 0.080064
0 0.287430 0.860689 0.032026 0.080064
0 0.246597 0.860689 0.032026 0.080064
0 0.207366 0.860689 0.032026 0.080064
0 0.139311 0.798239 0.080064 0.032026
0 0.139311 0.757406 0.080064 0.032026
0 0.139311 0.706966 0.080064 0.032026
0 0.139311 0.666934 0.080064 0.032026
0 0.139311 0.628503 0.080064 0.032026
0 0.139311 0.593275 0.080064 0.032026
0 0.139311 0.552442 0.080064 0.032026
0 0.139311 0.518014 0.080064 0.032026
0 0.139311 0.478783 0.080064 0.032026
0 0.139311 0.444355 0.080064 0.032026
0 0.139311 0.410729 0.080064 0.032026
0 0.139311 0.374700 0.080064 0.032026
0 0.139311 0.337870 0.080064 0.032026
0 0.139311 0.294636 0.080064 0.032026
0 0.139311 0.245797 0.080064 0.032026
0 0.139311 0.204964 0.080064 0.032026
