0 0.198547 0.129944 0.032284 0.080710
0 0.241324 0.129944 0.032284 0.080710
0 0.280872 0.129944 0.032284 0.080710
0 0.322034 0.129944 0.032284 0.080710
0 0.359161 0.129944 0.032284 0.080710
0 0.395480 0.129944 0.032284 0.080710
0 0.429379 0.129944 0.032284 0.080710
0 0.466505 0.129944 0.032284 0.080710
0 0.520581 0.129944 0.032284 0.080710
0 0.552058 0.129944 0.032284 0.080710
0 0.585956 0.129944 0.032284 0.080710
0 0.621469 0.129944 0.032284 0.080710
0 0.657789 0.129944 0.032284 0.080710
0 0.707022 0.129944 0.032284 0.080710
0 0.747377 0.129944 0.032284 0.080710
0 0.789346 0.129944 0.032284 0.080710
0 0.870056 0.199354 0.080710 0.032284
0 0.870056 0.241324 0.080710 0.032284
0 0.870056 0.282486 0.080710 0.032284
0 0.870056 0.327684 0.080710 0.032284
0 0.870056 0.365617 0.080710 0.032284
0 0.870056 0.410008 0.080710 0.032284
0 0.870056 0.443099 0.080710 0.032284
0 0.870056 0.472155 0.080710 0.032284
0 0.870056 0.523810 0.080710 0.032284
0 0.870056 0.567393 0.080710 0.032284
0 0.870056 0.600484 0.080710 0.032284
0 0.870056 0.637611 0.080710 0.032284
0 0.870056 0.674738 0.080710 0.032284
0 0.870056 0.722357 0.080710 0.032284
0 0.870056 0.763519 0.080710 0.032284
0 0.870056 0.805488 0.080710 0.032284
0 0.796610 0.870056 0.032284 0.080710
0 0.753027 0.870056 0.032284 0.080710
0 0.711057 0.870056 0.032284 0.080710
0 0.672316 0.870056 0.032284 0.080710
0 0.635997 0.870056 0.032284 0.080710
0 0.599677 0.870056 0.032284 0.080710
0 0.564165 0.870056 0.032284 0.080710
0 0.526231 0.870056 0.032284 0.080710
0 0.481033 0.870056 0.032284 0.080710
0 0.446328 0.870056 0.032284 0.080710
0 0.410815 0.870056 0.032284 0.080710
0 0.364003 0.870056 0.032284 0.080710
0 0.325262 0.870056 0.032284 0.080710
0 0.284100 0.870056 0.032284 0.080710
0 0.242131 0.870056 0.032284 0.080710
0 0.201776 0.870056 0.032284 0.080710
0 0.129944 0.806295 0.080710 0.032284
0 0.129944 0.764326 0.080710 0.032284
0 0.129944 0.712672 0.080710 0.032284
0 0.129944 0.671509 0.080710 0.032284
0 0.129944 0.632768 0.080710 0.032284
0 0.129944 0.595642 0.080710 0.032284
0 0.129944 0.554479 0.080710 0.032284
0 0.129944 0.518967 0.080710 0.032284
0 0.129944 0.477805 0.080710 0.032284
0 0.129944 0.443099 0.080710 0.032284
0 0.129944 0.408394 0.080710 0.032284
0 0.129944 0.333333 0.080710 0.032284
0 0.129944 0.289750 0.080710 0.032284
0 0.129944 0.238902 0.080710 0.032284
0 0.129944 0.200161 0.080710 0.032284
