0 0.205004 0.139629 0.032284 0.080710
0 0.245359 0.139629 0.032284 0.080710
0 0.284100 0.139629 0.032284 0.080710
0 0.323648 0.139629 0.032284 0.080710
0 0.359161 0.139629 0.032284 0.080710
0 0.394673 0.139629 0.032284 0.080710
0 0.428571 0.139629 0.032284 0.080710
0 0.464891 0.139629 0.032284 0.080710
0 0.520581 0.139629 0.032284 0.080710
0 0.550444 0.139629 0.032284 0.080710
0 0.582728 0.139629 0.032284 0.080710
0 0.615012 0.139629 0.032284 0.080710
0 0.648910 0.139629 0.032284 0.080710
0 0.698951 0.139629 0.032284 0.080710
0 0.738499 0.139629 0.032284 0.080710
0 0.777240 0.139629 0.032284 0.080710
0 0.860371 0.207425 0.080710 0.032284
0 0.860371 0.246973 0.080710 0.032284
0 0.860371 0.286521 0.080710 0.032284
0 0.860371 0.331719 0.080710 0.032284
0 0.860371 0.367232 0.080710 0.032284
0 0.860371 0.413236 0.080710 0.032284
0 0.860371 0.444713 0.080710 0.032284
0 0.860371 0.472155 0.080710 0.032284
0 0.860371 0.524617 0.080710 0.032284
0 0.860371 0.569007 0.080710 0.032284
0 0.860371 0.601291 0.080710 0.032284
0 0.860371 0.636804 0.080710 0.032284
0 0.860371 0.672316 0.080710 0.032284
0 0.860371 0.721550 0.080710 0.032284
0 0.860371 0.760291 0.080710 0.032284
0 0.860371 0.800646 0.080710 0.032284
0 0.786118 0.860371 0.032284 0.080710
0 0.744149 0.860371 0.032284 0.080710
0 0.703793 0.860371 0.032284 0.080710
0 0.632768 0.860371 0.032284 0.080710
0 0.598870 0.860371 0.032284 0.080710
0 0.564972 0.860371 0.032284 0.080710
0 0.524617 0.860371 0.032284 0.080710
0 0.481840 0.860371 0.032284 0.080710
0 0.445521 0.860371 0.032284 0.080710
0 0.413236 0.860371 0.032284 0.080710
0 0.364810 0.860371 0.032284 0.080710
0 0.326877 0.860371 0.032284 0.080710
0 0.288136 0.860371 0.032284 0.080710
0 0.246973 0.860371 0.032284 0.080710
0 0.208232 0.860371 0.032284 0.080710
0 0.139629 0.801453 0.080710 0.032284
0 0.139629 0.761098 0.080710 0.032284
0 0.139629 0.707022 0.080710 0.032284
0 0.139629 0.668281 0.080710 0.032284
0 0.139629 0.630347 0.080710 0.032284
0 0.139629 0.594027 0.080710 0.032284
0 0.139629 0.552865 0.080710 0.032284
0 0.139629 0.517353 0.080710 0.032284
0 0.139629 0.478612 0.080710 0.032284
0 0.139629 0.444713 0.080710 0.032284
0 0.139629 0.410008 0.080710 0.032284
0 0.139629 0.375303 0.080710 0.032284
0 0.139629 0.337369 0.080710 0.032284
0 0.139629 0.294592 0.080710 0.032284
0 0.139629 0.244552 0.080710 0.032284
0 0.139629 0.204197 0.080710 0.032284
