0 0.209040 0.144471 0.032284 0.080710
0 0.247780 0.144471 0.032284 0.080710
0 0.285714 0.144471 0.032284 0.080710
0 0.324455 0.144471 0.032284 0.080710
0 0.359161 0.144471 0.032284 0.080710
0 0.393866 0.144471 0.032284 0.080710
0 0.428571 0.144471 0.032284 0.080710
0 0.464084 0.144471 0.032284 0.080710
0 0.520581 0.144471 0.032284 0.080710
0 0.548830 0.144471 0.032284 0.080710
0 0.580307 0.144471 0.032284 0.080710
0 0.612591 0.144471 0.032284 0.080710
0 0.645682 0.144471 0.032284 0.080710
0 0.695722 0.144471 0.032284 0.080710
0 0.733656 0.144471 0.032284 0.080710
0 0.771590 0.144471 0.032284 0.080710
0 0.855529 0.211461 0.080710 0.032284
0 0.855529 0.250202 0.080710 0.032284
0 0.855529 0.333333 0.080710 0.032284
0 0.855529 0.368846 0.080710 0.032284
0 0.855529 0.414044 0.080710 0.032284
0 0.855529 0.444713 0.080710 0.032284
0 0.855529 0.471348 0.080710 0.032284
0 0.855529 0.526231 0.080710 0.032284
0 0.855529 0.570621 0.080710 0.032284
0 0.855529 0.602098 0.080710 0.032284
0 0.855529 0.635997 0.080710 0.032284
0 0.855529 0.720743 0.080710 0.032284
0 0.855529 0.758676 0.080710 0.032284
0 0.855529 0.798224 0.080710 0.032284
0 0.780468 0.855529 0.032284 0.080710
0 0.740113 0.855529 0.032284 0.080710
0 0.665052 0.855529 0.032284 0.080710
0 0.631154 0.855529 0.032284 0.080710
0 0.598870 0.855529 0.032284 0.080710
0 0.519774 0.855529 0.032284 0.080710
0 0.481840 0.855529 0.032284 0.080710
0 0.446328 0.855529 0.032284 0.080710
0 0.414851 0.855529 0.032284 0.080710
0 0.365617 0.855529 0.032284 0.080710
0 0.328491 0.855529 0.032284 0.080710
0 0.289750 0.855529 0.032284 0.080710
0 0.248588 0.855529 0.032284 0.080710
0 0.211461 0.855529 0.032284 0.080710
0 0.144471 0.799031 0.080710 0.032284
0 0.144471 0.758676 0.080710 0.032284
0 0.144471 0.704600 0.080710 0.032284
0 0.144471 0.666667 0.080710 0.032284
0 0.144471 0.628733 0.080710 0.032284
0 0.144471 0.594027 0.080710 0.032284
0 0.144471 0.552058 0.080710 0.032284
0 0.144471 0.517353 0.080710 0.032284
0 0.144471 0.477805 0.080710 0.032284
0 0.144471 0.444713 0.080710 0.032284
0 0.144471 0.411622 0.080710 0.032284
0 0.144471 0.376917 0.080710 0.032284
0 0.144471 0.339790 0.080710 0.032284
0 0.144471 0.296207 0.080710 0.032284
0 0.144471 0.246973 0.080710 0.032284
0 0.144471 0.207425 0.080710 0.032284
