0 0.211461 0.149314 0.032284 0.080710
0 0.250202 0.149314 0.032284 0.080710
0 0.287328 0.149314 0.032284 0.080710
0 0.325262 0.149314 0.032284 0.080710
0 0.359161 0.149314 0.032284 0.080710
0 0.393059 0.149314 0.032284 0.080710
0 0.427764 0.149314 0.032284 0.080710
0 0.464084 0.149314 0.032284 0.080710
0 0.520581 0.149314 0.032284 0.080710
0 0.548830 0.149314 0.032284 0.080710
0 0.578692 0.149314 0.032284 0.080710
0 0.610169 0.149314 0.032284 0.080710
0 0.641646 0.149314 0.032284 0.080710
0 0.691687 0.149314 0.032284 0.080710
0 0.728814 0.149314 0.032284 0.080710
0 0.765940 0.149314 0.032284 0.080710
0 0.850686 0.215496 0.080710 0.032284
0 0.850686 0.252623 0.080710 0.032284
0 0.850686 0.290557 0.080710 0.032284
0 0.850686 0.335755 0.080710 0.032284
0 0.850686 0.369653 0.080710 0.032284
0 0.850686 0.415658 0.080710 0.032284
0 0.850686 0.445521 0.080710 0.032284
0 0.850686 0.471348 0.080710 0.032284
0 0.850686 0.527038 0.080710 0.032284
0 0.850686 0.571429 0.080710 0.032284
0 0.850686 0.669895 0.080710 0.032284
0 0.850686 0.719935 0.080710 0.032284
0 0.850686 0.757062 0.080710 0.032284
0 0.850686 0.796610 0.080710 0.032284
0 0.775626 0.850686 0.032284 0.080710
0 0.735270 0.850686 0.032284 0.080710
0 0.697337 0.850686 0.032284 0.080710
0 0.663438 0.850686 0.032284 0.080710
0 0.630347 0.850686 0.032284 0.080710
0 0.598063 0.850686 0.032284 0.080710
0 0.565779 0.850686 0.032284 0.080710
0 0.523810 0.850686 0.032284 0.080710
0 0.481840 0.850686 0.032284 0.080710
0 0.447135 0.850686 0.032284 0.080710
0 0.415658 0.850686 0.032284 0.080710
0 0.365617 0.850686 0.032284 0.080710
0 0.329298 0.850686 0.032284 0.080710
0 0.291364 0.850686 0.032284 0.080710
0 0.251009 0.850686 0.032284 0.080710
0 0.214689 0.850686 0.032284 0.080710
0 0.149314 0.795803 0.080710 0.032284
0 0.149314 0.757869 0.080710 0.032284
0 0.149314 0.702179 0.080710 0.032284
0 0.149314 0.665052 0.080710 0.032284
0 0.149314 0.627926 0.080710 0.032284
0 0.149314 0.593220 0.080710 0.032284
0 0.149314 0.551251 0.080710 0.032284
0 0.149314 0.516546 0.080710 0.032284
0 0.149314 0.478612 0.080710 0.032284
0 0.149314 0.445521 0.080710 0.032284
0 0.149314 0.412429 0.080710 0.032284
0 0.149314 0.379338 0.080710 0.032284
0 0.149314 0.341404 0.080710 0.032284
0 0.149314 0.299435 0.080710 0.032284
0 0.149314 0.250202 0.080710 0.032284
0 0.149314 0.211461 0.080710 0.032284
