0 0.217918 0.158999 0.032284 0.080710
0 0.255044 0.158999 0.032284 0.080710
0 0.291364 0.158999 0.032284 0.080710
0 0.326877 0.158999 0.032284 0.080710
0 0.359161 0.158999 0.032284 0.080710
0 0.392252 0.158999 0.032284 0.080710
0 0.427764 0.158999 0.032284 0.080710
0 0.463277 0.158999 0.032284 0.080710
0 0.520581 0.158999 0.032284 0.080710
0 0.547215 0.158999 0.032284 0.080710
0 0.575464 0.158999 0.032284 0.080710
0 0.604520 0.158999 0.032284 0.080710
0 0.634383 0.158999 0.032284 0.080710
0 0.685230 0.158999 0.032284 0.080710
0 0.719935 0.158999 0.032284 0.080710
0 0.753834 0.158999 0.032284 0.080710
0 0.841001 0.222760 0.080710 0.032284
0 0.841001 0.258273 0.080710 0.032284
0 0.841001 0.338983 0.080710 0.032284
0 0.841001 0.371267 0.080710 0.032284
0 0.841001 0.446328 0.080710 0.032284
0 0.841001 0.471348 0.080710 0.032284
0 0.841001 0.528652 0.080710 0.032284
0 0.841001 0.602906 0.080710 0.032284
0 0.841001 0.667474 0.080710 0.032284
0 0.841001 0.718321 0.080710 0.032284
0 0.841001 0.753834 0.080710 0.032284
0 0.841001 0.791768 0.080710 0.032284
0 0.765940 0.841001 0.032284 0.080710
0 0.727199 0.841001 0.032284 0.080710
0 0.690880 0.841001 0.032284 0.080710
0 0.658596 0.841001 0.032284 0.080710
0 0.627926 0.841001 0.032284 0.080710
0 0.597256 0.841001 0.032284 0.080710
0 0.566586 0.841001 0.032284 0.080710
0 0.523810 0.841001 0.032284 0.080710
0 0.482647 0.841001 0.032284 0.080710
0 0.447942 0.841001 0.032284 0.080710
0 0.418079 0.841001 0.032284 0.080710
0 0.330912 0.841001 0.032284 0.080710
0 0.294592 0.841001 0.032284 0.080710
0 0.255044 0.841001 0.032284 0.080710
0 0.221146 0.841001 0.032284 0.080710
0 0.158999 0.790153 0.080710 0.032284
0 0.158999 0.753834 0.080710 0.032284
0 0.158999 0.697337 0.080710 0.032284
0 0.158999 0.661017 0.080710 0.032284
0 0.158999 0.625504 0.080710 0.032284
0 0.158999 0.592413 0.080710 0.032284
0 0.158999 0.549637 0.080710 0.032284
0 0.158999 0.514931 0.080710 0.032284
0 0.158999 0.477805 0.080710 0.032284
0 0.158999 0.446328 0.080710 0.032284
0 0.158999 0.414851 0.080710 0.032284
0 0.158999 0.382567 0.080710 0.032284
0 0.158999 0.346247 0.080710 0.032284
0 0.158999 0.304278 0.080710 0.032284
0 0.158999 0.255044 0.080710 0.032284
0 0.158999 0.218725 0.080710 0.032284
