0 0.214689 0.154157 0.032284 0.080710
0 0.252623 0.154157 0.032284 0.080710
0 0.289750 0.154157 0.032284 0.080710
0 0.326069 0.154157 0.032284 0.080710
0 0.359161 0.154157 0.032284 0.080710
0 0.392252 0.154157 0.032284 0.080710
0 0.427764 0.154157 0.032284 0.080710
0 0.463277 0.154157 0.032284 0.080710
0 0.520581 0.154157 0.032284 0.080710
0 0.577078 0.154157 0.032284 0.080710
0 0.606941 0.154157 0.032284 0.080710
0 0.637611 0.154157 0.032284 0.080710
0 0.688458 0.154157 0.032284 0.080710
0 0.723971 0.154157 0.032284 0.080710
0 0.759483 0.154157 0.032284 0.080710
0 0.845843 0.218725 0.080710 0.032284
0 0.845843 0.255044 0.080710 0.032284
0 0.845843 0.292978 0.080710 0.032284
0 0.845843 0.337369 0.080710 0.032284
0 0.845843 0.370460 0.080710 0.032284
0 0.845843 0.417272 0.080710 0.032284
0 0.845843 0.445521 0.080710 0.032284
0 0.845843 0.527845 0.080710 0.032284
0 0.845843 0.602098 0.080710 0.032284
0 0.845843 0.635190 0.080710 0.032284
0 0.845843 0.669088 0.080710 0.032284
0 0.845843 0.719128 0.080710 0.032284
0 0.845843 0.755448 0.080710 0.032284
0 0.845843 0.794189 0.080710 0.032284
0 0.770783 0.845843 0.032284 0.080710
0 0.731235 0.845843 0.032284 0.080710
0 0.694108 0.845843 0.032284 0.080710
0 0.661017 0.845843 0.032284 0.080710
0 0.628733 0.845843 0.032284 0.080710
0 0.597256 0.845843 0.032284 0.080710
0 0.565779 0.845843 0.032284 0.080710
0 0.523810 0.845843 0.032284 0.080710
0 0.482647 0.845843 0.032284 0.080710
0 0.447135 0.845843 0.032284 0.080710
0 0.416465 0.845843 0.032284 0.080710
0 0.366425 0.845843 0.032284 0.080710
0 0.330105 0.845843 0.032284 0.080710
0 0.292978 0.845843 0.032284 0.080710
0 0.253430 0.845843 0.032284 0.080710
0 0.217918 0.845843 0.032284 0.080710
0 0.154157 0.793382 0.080710 0.032284
0 0.154157 0.755448 0.080710 0.032284
0 0.154157 0.698951 0.080710 0.032284
0 0.154157 0.662631 0.080710 0.032284
0 0.154157 0.627119 0.080710 0.032284
0 0.154157 0.593220 0.080710 0.032284
0 0.154157 0.549637 0.080710 0.032284
0 0.154157 0.515738 0.080710 0.032284
0 0.154157 0.477805 0.080710 0.032284
0 0.154157 0.445521 0.080710 0.032284
0 0.154157 0.414044 0.080710 0.032284
0 0.154157 0.380952 0.080710 0.032284
0 0.154157 0.343826 0.080710 0.032284
0 0.154157 0.301856 0.080710 0.032284
0 0.154157 0.252623 0.080710 0.032284
0 0.154157 0.215496 0.080710 0.032284
