0 0.201776 0.134786 0.032284 0.080710
0 0.242938 0.134786 0.032284 0.080710
0 0.282486 0.134786 0.032284 0.080710
0 0.322841 0.134786 0.032284 0.080710
0 0.359161 0.134786 0.032284 0.080710
0 0.395480 0.134786 0.032284 0.080710
0 0.428571 0.134786 0.032284 0.080710
0 0.465698 0.134786 0.032284 0.080710
0 0.520581 0.134786 0.032284 0.080710
0 0.551251 0.134786 0.032284 0.080710
0 0.584342 0.134786 0.032284 0.080710
0 0.618241 0.134786 0.032284 0.080710
0 0.653753 0.134786 0.032284 0.080710
0 0.702986 0.134786 0.032284 0.080710
0 0.743341 0.134786 0.032284 0.080710
0 0.782889 0.134786 0.032284 0.080710
0 0.865214 0.203390 0.080710 0.032284
0 0.865214 0.243745 0.080710 0.032284
0 0.865214 0.284100 0.080710 0.032284
0 0.865214 0.329298 0.080710 0.032284
0 0.865214 0.366425 0.080710 0.032284
0 0.865214 0.411622 0.080710 0.032284
0 0.865214 0.443906 0.080710 0.032284
0 0.865214 0.472155 0.080710 0.032284
0 0.865214 0.524617 0.080710 0.032284
0 0.865214 0.568200 0.080710 0.032284
0 0.865214 0.601291 0.080710 0.032284
0 0.865214 0.636804 0.080710 0.032284
0 0.865214 0.673931 0.080710 0.032284
0 0.865214 0.722357 0.080710 0.032284
0 0.865214 0.761905 0.080710 0.032284
0 0.865214 0.803067 0.080710 0.032284
0 0.790960 0.865214 0.032284 0.080710
0 0.748991 0.865214 0.032284 0.080710
0 0.707829 0.865214 0.032284 0.080710
0 0.669895 0.865214 0.032284 0.080710
0 0.633575 0.865214 0.032284 0.080710
0 0.598870 0.865214 0.032284 0.080710
0 0.564165 0.865214 0.032284 0.080710
0 0.525424 0.865214 0.032284 0.080710
0 0.481033 0.865214 0.032284 0.080710
0 0.445521 0.865214 0.032284 0.080710
0 0.411622 0.865214 0.032284 0.080710
0 0.364810 0.865214 0.032284 0.080710
0 0.326069 0.865214 0.032284 0.080710
0 0.285714 0.865214 0.032284 0.080710
0 0.244552 0.865214 0.032284 0.080710
0 0.205004 0.865214 0.032284 0.080710
0 0.134786 0.803874 0.080710 0.032284
0 0.134786 0.762712 0.080710 0.032284
0 0.134786 0.710250 0.080710 0.032284
0 0.134786 0.669895 0.080710 0.032284
0 0.134786 0.631154 0.080710 0.032284
0 0.134786 0.594835 0.080710 0.032284
0 0.134786 0.553672 0.080710 0.032284
0 0.134786 0.517353 0.080710 0.032284
0 0.134786 0.478612 0.080710 0.032284
0 0.134786 0.443906 0.080710 0.032284
0 0.134786 0.409201 0.080710 0.032284
0 0.134786 0.372881 0.080710 0.032284
0 0.134786 0.334948 0.080710 0.032284
0 0.134786 0.292171 0.080710 0.032284
0 0.134786 0.241324 0.080710 0.032284
0 0.134786 0.200161 0.080710 0.032284
