0 0.194963 0.127539 0.032494 0.081235
0 0.235581 0.127539 0.032494 0.081235
0 0.277823 0.127539 0.032494 0.081235
0 0.318440 0.127539 0.032494 0.081235
0 0.355808 0.127539 0.032494 0.081235
0 0.393176 0.127539 0.032494 0.081235
0 0.427295 0.127539 0.032494 0.081235
0 0.463851 0.127539 0.032494 0.081235
0 0.519090 0.127539 0.032494 0.081235
0 0.551584 0.127539 0.032494 0.081235
0 0.585703 0.127539 0.032494 0.081235
0 0.621446 0.127539 0.032494 0.081235
0 0.657189 0.127539 0.032494 0.081235
0 0.707555 0.127539 0.032494 0.081235
0 0.748985 0.127539 0.032494 0.081235
0 0.790414 0.127539 0.032494 0.081235
0 0.872461 0.195776 0.081235 0.032494
0 0.872461 0.238018 0.081235 0.032494
0 0.872461 0.279448 0.081235 0.032494
0 0.872461 0.324939 0.081235 0.032494
0 0.872461 0.363119 0.081235 0.032494
0 0.872461 0.407799 0.081235 0.032494
0 0.872461 0.441917 0.081235 0.032494
0 0.872461 0.471162 0.081235 0.032494
0 0.872461 0.523152 0.081235 0.032494
0 0.872461 0.567831 0.081235 0.032494
0 0.872461 0.601137 0.081235 0.032494
0 0.872461 0.637693 0.081235 0.032494
0 0.872461 0.675873 0.081235 0.032494
0 0.872461 0.724614 0.081235 0.032494
0 0.872461 0.765232 0.081235 0.032494
0 0.872461 0.808286 0.081235 0.032494
0 0.796913 0.872461 0.032494 0.081235
0 0.753046 0.872461 0.032494 0.081235
0 0.710804 0.872461 0.032494 0.081235
0 0.671812 0.872461 0.032494 0.081235
0 0.636068 0.872461 0.032494 0.081235
0 0.598700 0.872461 0.032494 0.081235
0 0.562957 0.872461 0.032494 0.081235
0 0.523964 0.872461 0.032494 0.081235
0 0.479285 0.872461 0.032494 0.081235
0 0.444354 0.872461 0.032494 0.081235
0 0.409423 0.872461 0.032494 0.081235
0 0.361495 0.872461 0.032494 0.081235
0 0.322502 0.872461 0.032494 0.081235
0 0.281885 0.872461 0.032494 0.081235
0 0.238830 0.872461 0.032494 0.081235
0 0.198213 0.872461 0.032494 0.081235
0 0.127539 0.805849 0.081235 0.032494
0 0.127539 0.763607 0.081235 0.032494
0 0.127539 0.712429 0.081235 0.032494
0 0.127539 0.671812 0.081235 0.032494
0 0.127539 0.632006 0.081235 0.032494
0 0.127539 0.595451 0.081235 0.032494
0 0.127539 0.554833 0.081235 0.032494
0 0.127539 0.518278 0.081235 0.032494
0 0.127539 0.477660 0.081235 0.032494
0 0.127539 0.443542 0.081235 0.032494
0 0.127539 0.407799 0.081235 0.032494
0 0.127539 0.371243 0.081235 0.032494
0 0.127539 0.345248 0.081235 0.032494
0 0.127539 0.289196 0.081235 0.032494
0 0.127539 0.240455 0.081235 0.032494
0 0.127539 0.197400 0.081235 0.032494
