0 0.200650 0.137287 0.032494 0.081235
0 0.240455 0.137287 0.032494 0.081235
0 0.281072 0.137287 0.032494 0.081235
0 0.320065 0.137287 0.032494 0.081235
0 0.356621 0.137287 0.032494 0.081235
0 0.391552 0.137287 0.032494 0.081235
0 0.426483 0.137287 0.032494 0.081235
0 0.462226 0.137287 0.032494 0.081235
0 0.519090 0.137287 0.032494 0.081235
0 0.549147 0.137287 0.032494 0.081235
0 0.581641 0.137287 0.032494 0.081235
0 0.614947 0.137287 0.032494 0.081235
0 0.649878 0.137287 0.032494 0.081235
0 0.700244 0.137287 0.032494 0.081235
0 0.739236 0.137287 0.032494 0.081235
0 0.778229 0.137287 0.032494 0.081235
0 0.862713 0.203087 0.081235 0.032494
0 0.862713 0.243704 0.081235 0.032494
0 0.862713 0.283509 0.081235 0.032494
0 0.862713 0.329001 0.081235 0.032494
0 0.862713 0.365556 0.081235 0.032494
0 0.862713 0.410236 0.081235 0.032494
0 0.862713 0.442729 0.081235 0.032494
0 0.862713 0.471162 0.081235 0.032494
0 0.862713 0.523964 0.081235 0.032494
0 0.862713 0.569456 0.081235 0.032494
0 0.862713 0.601950 0.081235 0.032494
0 0.862713 0.636881 0.081235 0.032494
0 0.862713 0.674249 0.081235 0.032494
0 0.862713 0.722989 0.081235 0.032494
0 0.862713 0.761982 0.081235 0.032494
0 0.862713 0.803412 0.081235 0.032494
0 0.786353 0.862713 0.032494 0.081235
0 0.744110 0.862713 0.032494 0.081235
0 0.704305 0.862713 0.032494 0.081235
0 0.666937 0.862713 0.032494 0.081235
0 0.632819 0.862713 0.032494 0.081235
0 0.597888 0.862713 0.032494 0.081235
0 0.563769 0.862713 0.032494 0.081235
0 0.523152 0.862713 0.032494 0.081235
0 0.479285 0.862713 0.032494 0.081235
0 0.445167 0.862713 0.032494 0.081235
0 0.411048 0.862713 0.032494 0.081235
0 0.362307 0.862713 0.032494 0.081235
0 0.324939 0.862713 0.032494 0.081235
0 0.285134 0.862713 0.032494 0.081235
0 0.243704 0.862713 0.032494 0.081235
0 0.205524 0.862713 0.032494 0.081235
0 0.137287 0.799350 0.081235 0.032494
0 0.137287 0.759545 0.081235 0.032494
0 0.137287 0.705930 0.081235 0.032494
0 0.137287 0.667750 0.081235 0.032494
0 0.137287 0.629569 0.081235 0.032494
0 0.137287 0.593826 0.081235 0.032494
0 0.137287 0.553209 0.081235 0.032494
0 0.137287 0.516653 0.081235 0.032494
0 0.137287 0.477660 0.081235 0.032494
0 0.137287 0.444354 0.081235 0.032494
0 0.137287 0.409423 0.081235 0.032494
0 0.137287 0.374492 0.081235 0.032494
0 0.137287 0.337124 0.081235 0.032494
0 0.137287 0.294070 0.081235 0.032494
0 0.137287 0.244517 0.081235 0.032494
0 0.137287 0.204712 0.081235 0.032494
