0 0.203899 0.142161 0.032494 0.081235
0 0.242892 0.142161 0.032494 0.081235
0 0.282697 0.142161 0.032494 0.081235
0 0.320877 0.142161 0.032494 0.081235
0 0.355808 0.142161 0.032494 0.081235
0 0.390739 0.142161 0.032494 0.081235
0 0.426483 0.142161 0.032494 0.081235
0 0.462226 0.142161 0.032494 0.081235
0 0.518278 0.142161 0.032494 0.081235
0 0.548335 0.142161 0.032494 0.081235
0 0.579204 0.142161 0.032494 0.081235
0 0.612510 0.142161 0.032494 0.081235
0 0.646629 0.142161 0.032494 0.081235
0 0.696182 0.142161 0.032494 0.081235
0 0.734362 0.142161 0.032494 0.081235
0 0.772543 0.142161 0.032494 0.081235
0 0.857839 0.207149 0.081235 0.032494
0 0.857839 0.246141 0.081235 0.032494
0 0.857839 0.285134 0.081235 0.032494
0 0.857839 0.330626 0.081235 0.032494
0 0.857839 0.366369 0.081235 0.032494
0 0.857839 0.412673 0.081235 0.032494
0 0.857839 0.443542 0.081235 0.032494
0 0.857839 0.470349 0.081235 0.032494
0 0.857839 0.524777 0.081235 0.032494
0 0.857839 0.570268 0.081235 0.032494
0 0.857839 0.601950 0.081235 0.032494
0 0.857839 0.636068 0.081235 0.032494
0 0.857839 0.672624 0.081235 0.032494
0 0.857839 0.722989 0.081235 0.032494
0 0.857839 0.760357 0.081235 0.032494
0 0.857839 0.800975 0.081235 0.032494
0 0.781478 0.857839 0.032494 0.081235
0 0.740049 0.857839 0.032494 0.081235
0 0.700244 0.857839 0.032494 0.081235
0 0.664500 0.857839 0.032494 0.081235
0 0.632006 0.857839 0.032494 0.081235
0 0.597076 0.857839 0.032494 0.081235
0 0.564582 0.857839 0.032494 0.081235
0 0.523152 0.857839 0.032494 0.081235
0 0.480097 0.857839 0.032494 0.081235
0 0.445167 0.857839 0.032494 0.081235
0 0.411860 0.857839 0.032494 0.081235
0 0.363119 0.857839 0.032494 0.081235
0 0.326564 0.857839 0.032494 0.081235
0 0.286759 0.857839 0.032494 0.081235
0 0.245329 0.857839 0.032494 0.081235
0 0.208773 0.857839 0.032494 0.081235
0 0.142161 0.796101 0.081235 0.032494
0 0.142161 0.757108 0.081235 0.032494
0 0.142161 0.702681 0.081235 0.032494
0 0.142161 0.665313 0.081235 0.032494
0 0.142161 0.627945 0.081235 0.032494
0 0.142161 0.593014 0.081235 0.032494
0 0.142161 0.552396 0.081235 0.032494
0 0.142161 0.515841 0.081235 0.032494
0 0.142161 0.477660 0.081235 0.032494
0 0.142161 0.444354 0.081235 0.032494
0 0.142161 0.411048 0.081235 0.032494
0 0.142161 0.376929 0.081235 0.032494
0 0.142161 0.339561 0.081235 0.032494
0 0.142161 0.297319 0.081235 0.032494
0 0.142161 0.247766 0.081235 0.032494
0 0.142161 0.207961 0.081235 0.032494
