0 0.207149 0.147035 0.032494 0.081235
0 0.245329 0.147035 0.032494 0.081235
0 0.283509 0.147035 0.032494 0.081235
0 0.321690 0.147035 0.032494 0.081235
0 0.356621 0.147035 0.032494 0.081235
0 0.389927 0.147035 0.032494 0.081235
0 0.425670 0.147035 0.032494 0.081235
0 0.461413 0.147035 0.032494 0.081235
0 0.519090 0.147035 0.032494 0.081235
0 0.547522 0.147035 0.032494 0.081235
0 0.578392 0.147035 0.032494 0.081235
0 0.610073 0.147035 0.032494 0.081235
0 0.642567 0.147035 0.032494 0.081235
0 0.692933 0.147035 0.032494 0.081235
0 0.730301 0.147035 0.032494 0.081235
0 0.766856 0.147035 0.032494 0.081235
0 0.852965 0.211210 0.081235 0.032494
0 0.852965 0.249391 0.081235 0.032494
0 0.852965 0.287571 0.081235 0.032494
0 0.852965 0.332250 0.081235 0.032494
0 0.852965 0.366369 0.081235 0.032494
0 0.852965 0.413485 0.081235 0.032494
0 0.852965 0.443542 0.081235 0.032494
0 0.852965 0.470349 0.081235 0.032494
0 0.852965 0.525589 0.081235 0.032494
0 0.852965 0.571893 0.081235 0.032494
0 0.852965 0.601950 0.081235 0.032494
0 0.852965 0.636068 0.081235 0.032494
0 0.852965 0.670999 0.081235 0.032494
0 0.852965 0.721365 0.081235 0.032494
0 0.852965 0.758733 0.081235 0.032494
0 0.852965 0.798538 0.081235 0.032494
0 0.774980 0.852965 0.032494 0.081235
0 0.735175 0.852965 0.032494 0.081235
0 0.696994 0.852965 0.032494 0.081235
0 0.662876 0.852965 0.032494 0.081235
0 0.630382 0.852965 0.032494 0.081235
0 0.596263 0.852965 0.032494 0.081235
0 0.564582 0.852965 0.032494 0.081235
0 0.522340 0.852965 0.032494 0.081235
0 0.480097 0.852965 0.032494 0.081235
0 0.445979 0.852965 0.032494 0.081235
0 0.412673 0.852965 0.032494 0.081235
0 0.363932 0.852965 0.032494 0.081235
0 0.327376 0.852965 0.032494 0.081235
0 0.289196 0.852965 0.032494 0.081235
0 0.248578 0.852965 0.032494 0.081235
0 0.212023 0.852965 0.032494 0.081235
0 0.147035 0.792851 0.081235 0.032494
0 0.147035 0.754671 0.081235 0.032494
0 0.147035 0.699431 0.081235 0.032494
0 0.147035 0.663688 0.081235 0.032494
0 0.147035 0.626320 0.081235 0.032494
0 0.147035 0.593014 0.081235 0.032494
0 0.147035 0.550772 0.081235 0.032494
0 0.147035 0.515028 0.081235 0.032494
0 0.147035 0.477660 0.081235 0.032494
0 0.147035 0.445167 0.081235 0.032494
0 0.147035 0.411860 0.081235 0.032494
0 0.147035 0.378554 0.081235 0.032494
0 0.147035 0.341186 0.081235 0.032494
0 0.147035 0.299756 0.081235 0.032494
0 0.147035 0.250203 0.081235 0.032494
0 0.147035 0.212023 0.081235 0.032494
