0 0.210398 0.151909 0.032494 0.081235
0 0.247766 0.151909 0.032494 0.081235
0 0.285946 0.151909 0.032494 0.081235
0 0.322502 0.151909 0.032494 0.081235
0 0.355808 0.151909 0.032494 0.081235
0 0.389115 0.151909 0.032494 0.081235
0 0.425670 0.151909 0.032494 0.081235
0 0.460601 0.151909 0.032494 0.081235
0 0.518278 0.151909 0.032494 0.081235
0 0.546710 0.151909 0.032494 0.081235
0 0.576767 0.151909 0.032494 0.081235
0 0.607636 0.151909 0.032494 0.081235
0 0.639318 0.151909 0.032494 0.081235
0 0.688871 0.151909 0.032494 0.081235
0 0.725426 0.151909 0.032494 0.081235
0 0.761170 0.151909 0.032494 0.081235
0 0.848091 0.215272 0.081235 0.032494
0 0.848091 0.251828 0.081235 0.032494
0 0.848091 0.289196 0.081235 0.032494
0 0.848091 0.333875 0.081235 0.032494
0 0.848091 0.414297 0.081235 0.032494
0 0.848091 0.444354 0.081235 0.032494
0 0.848091 0.469537 0.081235 0.032494
0 0.848091 0.525589 0.081235 0.032494
0 0.848091 0.571893 0.081235 0.032494
0 0.848091 0.601950 0.081235 0.032494
0 0.848091 0.635256 0.081235 0.032494
0 0.848091 0.670187 0.081235 0.032494
0 0.848091 0.720552 0.081235 0.032494
0 0.848091 0.756296 0.081235 0.032494
0 0.848091 0.796101 0.081235 0.032494
0 0.770106 0.848091 0.032494 0.081235
0 0.731113 0.848091 0.032494 0.081235
0 0.693745 0.848091 0.032494 0.081235
0 0.660439 0.848091 0.032494 0.081235
0 0.628757 0.848091 0.032494 0.081235
0 0.596263 0.848091 0.032494 0.081235
0 0.564582 0.848091 0.032494 0.081235
0 0.521527 0.848091 0.032494 0.081235
0 0.480097 0.848091 0.032494 0.081235
0 0.445979 0.848091 0.032494 0.081235
0 0.414297 0.848091 0.032494 0.081235
0 0.364744 0.848091 0.032494 0.081235
0 0.328188 0.848091 0.032494 0.081235
0 0.290820 0.848091 0.032494 0.081235
0 0.250203 0.848091 0.032494 0.081235
0 0.216084 0.848091 0.032494 0.081235
0 0.151909 0.789602 0.081235 0.032494
0 0.151909 0.753046 0.081235 0.032494
0 0.151909 0.696994 0.081235 0.032494
0 0.151909 0.661251 0.081235 0.032494
0 0.151909 0.624695 0.081235 0.032494
0 0.151909 0.592201 0.081235 0.032494
0 0.151909 0.549959 0.081235 0.032494
0 0.151909 0.513404 0.081235 0.032494
0 0.151909 0.477660 0.081235 0.032494
0 0.151909 0.445167 0.081235 0.032494
0 0.151909 0.412673 0.081235 0.032494
0 0.151909 0.380179 0.081235 0.032494
0 0.151909 0.343623 0.081235 0.032494
0 0.151909 0.302193 0.081235 0.032494
0 0.151909 0.253452 0.081235 0.032494
0 0.151909 0.216084 0.081235 0.032494
