0 0.197400 0.132413 0.032494 0.081235
0 0.238018 0.132413 0.032494 0.081235
0 0.279448 0.132413 0.032494 0.081235
0 0.319253 0.132413 0.032494 0.081235
0 0.355808 0.132413 0.032494 0.081235
0 0.392364 0.132413 0.032494 0.081235
0 0.426483 0.132413 0.032494 0.081235
0 0.463038 0.132413 0.032494 0.081235
0 0.519090 0.132413 0.032494 0.081235
0 0.549959 0.132413 0.032494 0.081235
0 0.583266 0.132413 0.032494 0.081235
0 0.618197 0.132413 0.032494 0.081235
0 0.653940 0.132413 0.032494 0.081235
0 0.703493 0.132413 0.032494 0.081235
0 0.744110 0.132413 0.032494 0.081235
0 0.783916 0.132413 0.032494 0.081235
0 0.867587 0.199025 0.081235 0.032494
0 0.867587 0.241267 0.081235 0.032494
0 0.867587 0.281072 0.081235 0.032494
0 0.867587 0.327376 0.081235 0.032494
0 0.867587 0.363932 0.081235 0.032494
0 0.867587 0.409423 0.081235 0.032494
0 0.867587 0.441917 0.081235 0.032494
0 0.867587 0.471162 0.081235 0.032494
0 0.867587 0.523152 0.081235 0.032494
0 0.867587 0.568643 0.081235 0.032494
0 0.867587 0.601950 0.081235 0.032494
0 0.867587 0.636881 0.081235 0.032494
0 0.867587 0.675061 0.081235 0.032494
0 0.867587 0.723802 0.081235 0.032494
0 0.867587 0.763607 0.081235 0.032494
0 0.867587 0.805849 0.081235 0.032494
0 0.792039 0.867587 0.032494 0.081235
0 0.748985 0.867587 0.032494 0.081235
0 0.707555 0.867587 0.032494 0.081235
0 0.669374 0.867587 0.032494 0.081235
0 0.633631 0.867587 0.032494 0.081235
0 0.598700 0.867587 0.032494 0.081235
0 0.563769 0.867587 0.032494 0.081235
0 0.523964 0.867587 0.032494 0.081235
0 0.480097 0.867587 0.032494 0.081235
0 0.444354 0.867587 0.032494 0.081235
0 0.409423 0.867587 0.032494 0.081235
0 0.362307 0.867587 0.032494 0.081235
0 0.324127 0.867587 0.032494 0.081235
0 0.283509 0.867587 0.032494 0.081235
0 0.241267 0.867587 0.032494 0.081235
0 0.201462 0.867587 0.032494 0.081235
0 0.132413 0.802600 0.081235 0.032494
0 0.132413 0.761982 0.081235 0.032494
0 0.132413 0.709180 0.081235 0.032494
0 0.132413 0.669374 0.081235 0.032494
0 0.132413 0.630382 0.081235 0.032494
0 0.132413 0.594639 0.081235 0.032494
0 0.132413 0.554021 0.081235 0.032494
0 0.132413 0.517465 0.081235 0.032494
0 0.132413 0.477660 0.081235 0.032494
0 0.132413 0.443542 0.081235 0.032494
0 0.132413 0.408611 0.081235 0.032494
0 0.132413 0.372868 0.081235 0.032494
0 0.132413 0.335500 0.081235 0.032494
0 0.132413 0.291633 0.081235 0.032494
0 0.132413 0.242080 0.081235 0.032494
0 0.132413 0.200650 0.081235 0.032494
