0 0.188771 0.119609 0.032547 0.081367
0 0.231896 0.119609 0.032547 0.081367
0 0.273393 0.119609 0.032547 0.081367
0 0.315704 0.119609 0.032547 0.081367
0 0.354760 0.119609 0.032547 0.081367
0 0.391375 0.119609 0.032547 0.081367
0 0.426363 0.119609 0.032547 0.081367
0 0.464605 0.119609 0.032547 0.081367
0 0.519935 0.119609 0.032547 0.081367
0 0.552482 0.119609 0.032547 0.081367
0 0.587469 0.119609 0.032547 0.081367
0 0.624085 0.119609 0.032547 0.081367
0 0.662327 0.119609 0.032547 0.081367
0 0.712775 0.119609 0.032547 0.081367
0 0.755085 0.119609 0.032547 0.081367
0 0.799024 0.119609 0.032547 0.081367
0 0.880391 0.192026 0.081367 0.032547
0 0.880391 0.234337 0.081367 0.032547
0 0.880391 0.277461 0.081367 0.032547
0 0.880391 0.323841 0.081367 0.032547
0 0.880391 0.362897 0.081367 0.032547
0 0.880391 0.408462 0.081367 0.032547
0 0.880391 0.443450 0.081367 0.032547
0 0.880391 0.472742 0.081367 0.032547
0 0.880391 0.525631 0.081367 0.032547
0 0.880391 0.570382 0.081367 0.032547
0 0.880391 0.604557 0.081367 0.032547
0 0.880391 0.642799 0.081367 0.032547
0 0.880391 0.681041 0.081367 0.032547
0 0.880391 0.729862 0.081367 0.032547
0 0.880391 0.772172 0.081367 0.032547
0 0.880391 0.816111 0.081367 0.032547
0 0.803092 0.880391 0.032547 0.081367
0 0.757526 0.880391 0.032547 0.081367
0 0.714402 0.880391 0.032547 0.081367
0 0.674532 0.880391 0.032547 0.081367
0 0.637103 0.880391 0.032547 0.081367
0 0.599675 0.880391 0.032547 0.081367
0 0.563059 0.880391 0.032547 0.081367
0 0.524817 0.880391 0.032547 0.081367
0 0.477624 0.880391 0.032547 0.081367
0 0.441823 0.880391 0.032547 0.081367
0 0.406021 0.880391 0.032547 0.081367
0 0.357201 0.880391 0.032547 0.081367
0 0.316517 0.880391 0.032547 0.081367
0 0.275834 0.880391 0.032547 0.081367
0 0.232710 0.880391 0.032547 0.081367
0 0.191212 0.880391 0.032547 0.081367
0 0.119609 0.813670 0.081367 0.032547
0 0.119609 0.772172 0.081367 0.032547
0 0.119609 0.718470 0.081367 0.032547
0 0.119609 0.677787 0.081367 0.032547
0 0.119609 0.637103 0.081367 0.032547
0 0.119609 0.599675 0.081367 0.032547
0 0.119609 0.557364 0.081367 0.032547
0 0.119609 0.520749 0.081367 0.032547
0 0.119609 0.480065 0.081367 0.032547
0 0.119609 0.443450 0.081367 0.032547
0 0.119609 0.406835 0.081367 0.032547
0 0.119609 0.369406 0.081367 0.032547
0 0.119609 0.330350 0.081367 0.032547
0 0.119609 0.285598 0.081367 0.032547
0 0.119609 0.233523 0.081367 0.032547
0 0.119609 0.191212 0.081367 0.032547
