0 0.237592 0.129373 0.032547 0.081367
0 0.276648 0.129373 0.032547 0.081367
0 0.317331 0.129373 0.032547 0.081367
0 0.354760 0.129373 0.032547 0.081367
0 0.389748 0.129373 0.032547 0.081367
0 0.426363 0.129373 0.032547 0.081367
0 0.462978 0.129373 0.032547 0.081367
0 0.519121 0.129373 0.032547 0.081367
0 0.583401 0.129373 0.032547 0.081367
0 0.617575 0.129373 0.032547 0.081367
0 0.652563 0.129373 0.032547 0.081367
0 0.704638 0.129373 0.032547 0.081367
0 0.744508 0.129373 0.032547 0.081367
0 0.785191 0.129373 0.032547 0.081367
0 0.870627 0.200163 0.081367 0.032547
0 0.870627 0.240033 0.081367 0.032547
0 0.870627 0.281530 0.081367 0.032547
0 0.870627 0.328723 0.081367 0.032547
0 0.870627 0.365338 0.081367 0.032547
0 0.870627 0.412531 0.081367 0.032547
0 0.870627 0.445077 0.081367 0.032547
0 0.870627 0.472742 0.081367 0.032547
0 0.870627 0.527258 0.081367 0.032547
0 0.870627 0.572823 0.081367 0.032547
0 0.870627 0.605370 0.081367 0.032547
0 0.870627 0.641985 0.081367 0.032547
0 0.870627 0.678600 0.081367 0.032547
0 0.870627 0.728234 0.081367 0.032547
0 0.870627 0.768918 0.081367 0.032547
0 0.870627 0.811229 0.081367 0.032547
0 0.791701 0.870627 0.032547 0.081367
0 0.747762 0.870627 0.032547 0.081367
0 0.706265 0.870627 0.032547 0.081367
0 0.668836 0.870627 0.032547 0.081367
0 0.635476 0.870627 0.032547 0.081367
0 0.598047 0.870627 0.032547 0.081367
0 0.563873 0.870627 0.032547 0.081367
0 0.522376 0.870627 0.032547 0.081367
0 0.477624 0.870627 0.032547 0.081367
0 0.442636 0.870627 0.032547 0.081367
0 0.407648 0.870627 0.032547 0.081367
0 0.358015 0.870627 0.032547 0.081367
0 0.318145 0.870627 0.032547 0.081367
0 0.279089 0.870627 0.032547 0.081367
0 0.236778 0.870627 0.032547 0.081367
0 0.197722 0.870627 0.032547 0.081367
0 0.129373 0.807974 0.081367 0.032547
0 0.129373 0.768104 0.081367 0.032547
0 0.129373 0.713588 0.081367 0.032547
0 0.129373 0.673718 0.081367 0.032547
0 0.129373 0.634662 0.081367 0.032547
0 0.129373 0.598047 0.081367 0.032547
0 0.129373 0.556550 0.081367 0.032547
0 0.129373 0.519935 0.081367 0.032547
0 0.129373 0.480065 0.081367 0.032547
0 0.129373 0.444264 0.081367 0.032547
0 0.129373 0.409276 0.081367 0.032547
0 0.129373 0.380797 0.081367 0.032547
0 0.129373 0.334418 0.081367 0.032547
0 0.129373 0.291294 0.081367 0.032547
0 0.129373 0.239219 0.081367 0.032547
0 0.129373 0.198535 0.081367 0.032547
