0 0.198535 0.134255 0.032547 0.081367
0 0.239219 0.134255 0.032547 0.081367
0 0.278275 0.134255 0.032547 0.081367
0 0.318145 0.134255 0.032547 0.081367
0 0.388934 0.134255 0.032547 0.081367
0 0.426363 0.134255 0.032547 0.081367
0 0.462978 0.134255 0.032547 0.081367
0 0.518308 0.134255 0.032547 0.081367
0 0.549227 0.134255 0.032547 0.081367
0 0.581774 0.134255 0.032547 0.081367
0 0.614321 0.134255 0.032547 0.081367
0 0.648495 0.134255 0.032547 0.081367
0 0.699756 0.134255 0.032547 0.081367
0 0.739626 0.134255 0.032547 0.081367
0 0.779496 0.134255 0.032547 0.081367
0 0.865745 0.203417 0.081367 0.032547
0 0.865745 0.243287 0.081367 0.032547
0 0.865745 0.283971 0.081367 0.032547
0 0.865745 0.330350 0.081367 0.032547
0 0.865745 0.366151 0.081367 0.032547
0 0.865745 0.413344 0.081367 0.032547
0 0.865745 0.445891 0.081367 0.032547
0 0.865745 0.472742 0.081367 0.032547
0 0.865745 0.527258 0.081367 0.032547
0 0.865745 0.573637 0.081367 0.032547
0 0.865745 0.605370 0.081367 0.032547
0 0.865745 0.641985 0.081367 0.032547
0 0.865745 0.677787 0.081367 0.032547
0 0.865745 0.727421 0.081367 0.032547
0 0.865745 0.767290 0.081367 0.032547
0 0.865745 0.809601 0.081367 0.032547
0 0.786005 0.865745 0.032547 0.081367
0 0.742880 0.865745 0.032547 0.081367
0 0.703011 0.865745 0.032547 0.081367
0 0.667209 0.865745 0.032547 0.081367
0 0.633849 0.865745 0.032547 0.081367
0 0.598047 0.865745 0.032547 0.081367
0 0.563873 0.865745 0.032547 0.081367
0 0.521562 0.865745 0.032547 0.081367
0 0.477624 0.865745 0.032547 0.081367
0 0.442636 0.865745 0.032547 0.081367
0 0.408462 0.865745 0.032547 0.081367
0 0.358015 0.865745 0.032547 0.081367
0 0.318959 0.865745 0.032547 0.081367
0 0.280716 0.865745 0.032547 0.081367
0 0.238405 0.865745 0.032547 0.081367
0 0.200163 0.865745 0.032547 0.081367
0 0.134255 0.804719 0.081367 0.032547
0 0.134255 0.766477 0.081367 0.032547
0 0.134255 0.711147 0.081367 0.032547
0 0.134255 0.672091 0.081367 0.032547
0 0.134255 0.633849 0.081367 0.032547
0 0.134255 0.598047 0.081367 0.032547
0 0.134255 0.554923 0.081367 0.032547
0 0.134255 0.519121 0.081367 0.032547
0 0.134255 0.480065 0.081367 0.032547
0 0.134255 0.444264 0.081367 0.032547
0 0.134255 0.410903 0.081367 0.032547
0 0.134255 0.375102 0.081367 0.032547
0 0.134255 0.336859 0.081367 0.032547
0 0.134255 0.293735 0.081367 0.032547
0 0.134255 0.241660 0.081367 0.032547
0 0.134255 0.202604 0.081367 0.032547
