0 0.200976 0.139138 0.032547 0.081367
0 0.241660 0.139138 0.032547 0.081367
0 0.279902 0.139138 0.032547 0.081367
0 0.318959 0.139138 0.032547 0.081367
0 0.354760 0.139138 0.032547 0.081367
0 0.388120 0.139138 0.032547 0.081367
0 0.425549 0.139138 0.032547 0.081367
0 0.462164 0.139138 0.032547 0.081367
0 0.518308 0.139138 0.032547 0.081367
0 0.547600 0.139138 0.032547 0.081367
0 0.579333 0.139138 0.032547 0.081367
0 0.611066 0.139138 0.032547 0.081367
0 0.644426 0.139138 0.032547 0.081367
0 0.696501 0.139138 0.032547 0.081367
0 0.735557 0.139138 0.032547 0.081367
0 0.772172 0.139138 0.032547 0.081367
0 0.860862 0.207486 0.081367 0.032547
0 0.860862 0.246542 0.081367 0.032547
0 0.860862 0.286412 0.081367 0.032547
0 0.860862 0.332791 0.081367 0.032547
0 0.860862 0.366965 0.081367 0.032547
0 0.860862 0.414972 0.081367 0.032547
0 0.860862 0.446705 0.081367 0.032547
0 0.860862 0.472742 0.081367 0.032547
0 0.860862 0.528072 0.081367 0.032547
0 0.860862 0.575264 0.081367 0.032547
0 0.860862 0.606184 0.081367 0.032547
0 0.860862 0.641172 0.081367 0.032547
0 0.860862 0.676973 0.081367 0.032547
0 0.860862 0.726607 0.081367 0.032547
0 0.860862 0.765663 0.081367 0.032547
0 0.860862 0.807160 0.081367 0.032547
0 0.781123 0.860862 0.032547 0.081367
0 0.738812 0.860862 0.032547 0.081367
0 0.699756 0.860862 0.032547 0.081367
0 0.663954 0.860862 0.032547 0.081367
0 0.632221 0.860862 0.032547 0.081367
0 0.563873 0.860862 0.032547 0.081367
0 0.521562 0.860862 0.032547 0.081367
0 0.478438 0.860862 0.032547 0.081367
0 0.443450 0.860862 0.032547 0.081367
0 0.410090 0.860862 0.032547 0.081367
0 0.358828 0.860862 0.032547 0.081367
0 0.319772 0.860862 0.032547 0.081367
0 0.282343 0.860862 0.032547 0.081367
0 0.240033 0.860862 0.032547 0.081367
0 0.203417 0.860862 0.032547 0.081367
0 0.139138 0.801465 0.081367 0.032547
0 0.139138 0.764036 0.081367 0.032547
0 0.139138 0.708706 0.081367 0.032547
0 0.139138 0.669650 0.081367 0.032547
0 0.139138 0.633035 0.081367 0.032547
0 0.139138 0.597234 0.081367 0.032547
0 0.139138 0.554923 0.081367 0.032547
0 0.139138 0.519121 0.081367 0.032547
0 0.139138 0.480065 0.081367 0.032547
0 0.139138 0.445077 0.081367 0.032547
0 0.139138 0.411717 0.081367 0.032547
0 0.139138 0.376729 0.081367 0.032547
0 0.139138 0.338487 0.081367 0.032547
0 0.139138 0.295362 0.081367 0.032547
0 0.139138 0.244915 0.081367 0.032547
0 0.139138 0.206672 0.081367 0.032547
