0 0.204231 0.144020 0.032547 0.081367
0 0.244101 0.144020 0.032547 0.081367
0 0.280716 0.144020 0.032547 0.081367
0 0.319772 0.144020 0.032547 0.081367
0 0.387307 0.144020 0.032547 0.081367
0 0.424736 0.144020 0.032547 0.081367
0 0.461351 0.144020 0.032547 0.081367
0 0.518308 0.144020 0.032547 0.081367
0 0.546786 0.144020 0.032547 0.081367
0 0.577705 0.144020 0.032547 0.081367
0 0.640358 0.144020 0.032547 0.081367
0 0.729862 0.144020 0.032547 0.081367
0 0.765663 0.144020 0.032547 0.081367
0 0.855980 0.211554 0.081367 0.032547
0 0.855980 0.248983 0.081367 0.032547
0 0.855980 0.288039 0.081367 0.032547
0 0.855980 0.368592 0.081367 0.032547
0 0.855980 0.415785 0.081367 0.032547
0 0.855980 0.446705 0.081367 0.032547
0 0.855980 0.471928 0.081367 0.032547
0 0.855980 0.528885 0.081367 0.032547
0 0.855980 0.576078 0.081367 0.032547
0 0.855980 0.606998 0.081367 0.032547
0 0.855980 0.640358 0.081367 0.032547
0 0.855980 0.726607 0.081367 0.032547
0 0.855980 0.764849 0.081367 0.032547
0 0.855980 0.804719 0.081367 0.032547
0 0.776241 0.855980 0.032547 0.081367
0 0.733930 0.855980 0.032547 0.081367
0 0.695688 0.855980 0.032547 0.081367
0 0.662327 0.855980 0.032547 0.081367
0 0.630594 0.855980 0.032547 0.081367
0 0.596420 0.855980 0.032547 0.081367
0 0.563873 0.855980 0.032547 0.081367
0 0.520749 0.855980 0.032547 0.081367
0 0.477624 0.855980 0.032547 0.081367
0 0.444264 0.855980 0.032547 0.081367
0 0.410903 0.855980 0.032547 0.081367
0 0.358015 0.855980 0.032547 0.081367
0 0.320586 0.855980 0.032547 0.081367
0 0.283157 0.855980 0.032547 0.081367
0 0.242474 0.855980 0.032547 0.081367
0 0.207486 0.855980 0.032547 0.081367
0 0.144020 0.799024 0.081367 0.032547
0 0.144020 0.761595 0.081367 0.032547
0 0.144020 0.705452 0.081367 0.032547
0 0.144020 0.668023 0.081367 0.032547
0 0.144020 0.631408 0.081367 0.032547
0 0.144020 0.596420 0.081367 0.032547
0 0.144020 0.553295 0.081367 0.032547
0 0.144020 0.518308 0.081367 0.032547
0 0.144020 0.480879 0.081367 0.032547
0 0.144020 0.445891 0.081367 0.032547
0 0.144020 0.413344 0.081367 0.032547
0 0.144020 0.340114 0.081367 0.032547
0 0.144020 0.298617 0.081367 0.032547
0 0.144020 0.247356 0.081367 0.032547
0 0.144020 0.209927 0.081367 0.032547
