0 0.206672 0.148902 0.032547 0.081367
0 0.282343 0.148902 0.032547 0.081367
0 0.319772 0.148902 0.032547 0.081367
0 0.386493 0.148902 0.032547 0.081367
0 0.432872 0.148902 0.032547 0.081367
0 0.460537 0.148902 0.032547 0.081367
0 0.545972 0.148902 0.032547 0.081367
0 0.605370 0.148902 0.032547 0.081367
0 0.636290 0.148902 0.032547 0.081367
0 0.688365 0.148902 0.032547 0.081367
0 0.725793 0.148902 0.032547 0.081367
0 0.759967 0.148902 0.032547 0.081367
0 0.851098 0.214809 0.081367 0.032547
0 0.851098 0.252238 0.081367 0.032547
0 0.851098 0.290480 0.081367 0.032547
0 0.851098 0.336859 0.081367 0.032547
0 0.851098 0.369406 0.081367 0.032547
0 0.851098 0.417413 0.081367 0.032547
0 0.851098 0.447518 0.081367 0.032547
0 0.851098 0.479251 0.081367 0.032547
0 0.851098 0.530513 0.081367 0.032547
0 0.851098 0.576892 0.081367 0.032547
0 0.851098 0.606184 0.081367 0.032547
0 0.851098 0.640358 0.081367 0.032547
0 0.851098 0.674532 0.081367 0.032547
0 0.851098 0.725793 0.081367 0.032547
0 0.851098 0.763222 0.081367 0.032547
0 0.851098 0.802278 0.081367 0.032547
0 0.770545 0.851098 0.032547 0.081367
0 0.729862 0.851098 0.032547 0.081367
0 0.692433 0.851098 0.032547 0.081367
0 0.659072 0.851098 0.032547 0.081367
0 0.628967 0.851098 0.032547 0.081367
0 0.596420 0.851098 0.032547 0.081367
0 0.564687 0.851098 0.032547 0.081367
0 0.520749 0.851098 0.032547 0.081367
0 0.478438 0.851098 0.032547 0.081367
0 0.443450 0.851098 0.032547 0.081367
0 0.411717 0.851098 0.032547 0.081367
0 0.321400 0.851098 0.032547 0.081367
0 0.284784 0.851098 0.032547 0.081367
0 0.244101 0.851098 0.032547 0.081367
0 0.210740 0.851098 0.032547 0.081367
0 0.148902 0.795769 0.081367 0.032547
0 0.148902 0.759967 0.081367 0.032547
0 0.148902 0.703011 0.081367 0.032547
0 0.148902 0.666395 0.081367 0.032547
0 0.148902 0.629780 0.081367 0.032547
0 0.148902 0.596420 0.081367 0.032547
0 0.148902 0.552482 0.081367 0.032547
0 0.148902 0.518308 0.081367 0.032547
0 0.148902 0.480065 0.081367 0.032547
0 0.148902 0.445891 0.081367 0.032547
0 0.148902 0.414158 0.081367 0.032547
0 0.148902 0.380797 0.081367 0.032547
0 0.148902 0.342555 0.081367 0.032547
0 0.148902 0.301058 0.081367 0.032547
0 0.148902 0.249797 0.081367 0.032547
0 0.148902 0.213995 0.081367 0.032547
