0 0.192026 0.124491 0.032547 0.081367
0 0.234337 0.124491 0.032547 0.081367
0 0.275020 0.124491 0.032547 0.081367
0 0.354760 0.124491 0.032547 0.081367
0 0.390561 0.124491 0.032547 0.081367
0 0.426363 0.124491 0.032547 0.081367
0 0.463792 0.124491 0.032547 0.081367
0 0.519121 0.124491 0.032547 0.081367
0 0.550854 0.124491 0.032547 0.081367
0 0.585028 0.124491 0.032547 0.081367
0 0.620830 0.124491 0.032547 0.081367
0 0.656631 0.124491 0.032547 0.081367
0 0.707893 0.124491 0.032547 0.081367
0 0.750203 0.124491 0.032547 0.081367
0 0.791701 0.124491 0.032547 0.081367
0 0.875509 0.195281 0.081367 0.032547
0 0.875509 0.237592 0.081367 0.032547
0 0.875509 0.279902 0.081367 0.032547
0 0.875509 0.326282 0.081367 0.032547
0 0.875509 0.363710 0.081367 0.032547
0 0.875509 0.410090 0.081367 0.032547
0 0.875509 0.444264 0.081367 0.032547
0 0.875509 0.472742 0.081367 0.032547
0 0.875509 0.526444 0.081367 0.032547
0 0.875509 0.571196 0.081367 0.032547
0 0.875509 0.604557 0.081367 0.032547
0 0.875509 0.641985 0.081367 0.032547
0 0.875509 0.680228 0.081367 0.032547
0 0.875509 0.729048 0.081367 0.032547
0 0.875509 0.770545 0.081367 0.032547
0 0.875509 0.813670 0.081367 0.032547
0 0.797396 0.875509 0.032547 0.081367
0 0.752644 0.875509 0.032547 0.081367
0 0.710334 0.875509 0.032547 0.081367
0 0.672091 0.875509 0.032547 0.081367
0 0.636290 0.875509 0.032547 0.081367
0 0.599675 0.875509 0.032547 0.081367
0 0.563059 0.875509 0.032547 0.081367
0 0.523190 0.875509 0.032547 0.081367
0 0.477624 0.875509 0.032547 0.081367
0 0.442636 0.875509 0.032547 0.081367
0 0.406835 0.875509 0.032547 0.081367
0 0.357201 0.875509 0.032547 0.081367
0 0.317331 0.875509 0.032547 0.081367
0 0.276648 0.875509 0.032547 0.081367
0 0.234337 0.875509 0.032547 0.081367
0 0.194467 0.875509 0.032547 0.081367
0 0.124491 0.811229 0.081367 0.032547
0 0.124491 0.769731 0.081367 0.032547
0 0.124491 0.716029 0.081367 0.032547
0 0.124491 0.676159 0.081367 0.032547
0 0.124491 0.636290 0.081367 0.032547
0 0.124491 0.598861 0.081367 0.032547
0 0.124491 0.556550 0.081367 0.032547
0 0.124491 0.520749 0.081367 0.032547
0 0.124491 0.480065 0.081367 0.032547
0 0.124491 0.444264 0.081367 0.032547
0 0.124491 0.408462 0.081367 0.032547
0 0.124491 0.371847 0.081367 0.032547
0 0.124491 0.332791 0.081367 0.032547
0 0.124491 0.288039 0.081367 0.032547
0 0.124491 0.236778 0.081367 0.032547
0 0.124491 0.195281 0.081367 0.032547
