0 0.193786 0.125102 0.032706 0.081766
0 0.236304 0.125102 0.032706 0.081766
0 0.276370 0.125102 0.032706 0.081766
0 0.318888 0.125102 0.032706 0.081766
0 0.356500 0.125102 0.032706 0.081766
0 0.394113 0.125102 0.032706 0.081766
0 0.428455 0.125102 0.032706 0.081766
0 0.465249 0.125102 0.032706 0.081766
0 0.520850 0.125102 0.032706 0.081766
0 0.553557 0.125102 0.032706 0.081766
0 0.587081 0.125102 0.032706 0.081766
0 0.623058 0.125102 0.032706 0.081766
0 0.659853 0.125102 0.032706 0.081766
0 0.710548 0.125102 0.032706 0.081766
0 0.751431 0.125102 0.032706 0.081766
0 0.796402 0.125102 0.032706 0.081766
0 0.874898 0.196239 0.081766 0.032706
0 0.874898 0.238757 0.081766 0.032706
0 0.874898 0.279640 0.081766 0.032706
0 0.874898 0.325429 0.081766 0.032706
0 0.874898 0.363859 0.081766 0.032706
0 0.874898 0.408831 0.081766 0.032706
0 0.874898 0.475061 0.081766 0.032706
0 0.874898 0.524121 0.081766 0.032706
0 0.874898 0.569910 0.081766 0.032706
0 0.874898 0.603434 0.081766 0.032706
0 0.874898 0.640229 0.081766 0.032706
0 0.874898 0.678659 0.081766 0.032706
0 0.874898 0.727719 0.081766 0.032706
0 0.874898 0.767784 0.081766 0.032706
0 0.874898 0.811938 0.081766 0.032706
0 0.799673 0.874898 0.032706 0.081766
0 0.756337 0.874898 0.032706 0.081766
0 0.713818 0.874898 0.032706 0.081766
0 0.674571 0.874898 0.032706 0.081766
0 0.637776 0.874898 0.032706 0.081766
0 0.600981 0.874898 0.032706 0.081766
0 0.565822 0.874898 0.032706 0.081766
0 0.525756 0.874898 0.032706 0.081766
0 0.480785 0.874898 0.032706 0.081766
0 0.443990 0.874898 0.032706 0.081766
0 0.410466 0.874898 0.032706 0.081766
0 0.362224 0.874898 0.032706 0.081766
0 0.322976 0.874898 0.032706 0.081766
0 0.282093 0.874898 0.032706 0.081766
0 0.239575 0.874898 0.032706 0.081766
0 0.199509 0.874898 0.032706 0.081766
0 0.125102 0.809485 0.081766 0.032706
0 0.125102 0.766966 0.081766 0.032706
0 0.125102 0.715454 0.081766 0.032706
0 0.125102 0.673753 0.081766 0.032706
0 0.125102 0.632870 0.081766 0.032706
0 0.125102 0.596893 0.081766 0.032706
0 0.125102 0.555192 0.081766 0.032706
0 0.125102 0.517580 0.081766 0.032706
0 0.125102 0.476697 0.081766 0.032706
0 0.125102 0.441537 0.081766 0.032706
0 0.125102 0.406378 0.081766 0.032706
0 0.125102 0.369583 0.081766 0.032706
0 0.125102 0.331153 0.081766 0.032706
0 0.125102 0.286182 0.081766 0.032706
0 0.125102 0.235487 0.081766 0.032706
0 0.125102 0.197874 0.081766 0.032706
