0 0.200327 0.134914 0.032706 0.081766
0 0.241210 0.134914 0.032706 0.081766
0 0.280458 0.134914 0.032706 0.081766
0 0.320523 0.134914 0.032706 0.081766
0 0.357318 0.134914 0.032706 0.081766
0 0.392478 0.134914 0.032706 0.081766
0 0.426819 0.134914 0.032706 0.081766
0 0.463614 0.134914 0.032706 0.081766
0 0.520850 0.134914 0.032706 0.081766
0 0.551922 0.134914 0.032706 0.081766
0 0.583810 0.134914 0.032706 0.081766
0 0.617334 0.134914 0.032706 0.081766
0 0.652494 0.134914 0.032706 0.081766
0 0.702371 0.134914 0.032706 0.081766
0 0.741619 0.134914 0.032706 0.081766
0 0.784137 0.134914 0.032706 0.081766
0 0.865086 0.204415 0.081766 0.032706
0 0.865086 0.244481 0.081766 0.032706
0 0.865086 0.283729 0.081766 0.032706
0 0.865086 0.329518 0.081766 0.032706
0 0.865086 0.366312 0.081766 0.032706
0 0.865086 0.412101 0.081766 0.032706
0 0.865086 0.445626 0.081766 0.032706
0 0.865086 0.474244 0.081766 0.032706
0 0.865086 0.526574 0.081766 0.032706
0 0.865086 0.571545 0.081766 0.032706
0 0.865086 0.603434 0.081766 0.032706
0 0.865086 0.639411 0.081766 0.032706
0 0.865086 0.676206 0.081766 0.032706
0 0.865086 0.725266 0.081766 0.032706
0 0.865086 0.764513 0.081766 0.032706
0 0.865086 0.806214 0.081766 0.032706
0 0.789861 0.865086 0.032706 0.081766
0 0.747343 0.865086 0.032706 0.081766
0 0.708095 0.865086 0.032706 0.081766
0 0.670482 0.865086 0.032706 0.081766
0 0.635323 0.865086 0.032706 0.081766
0 0.600164 0.865086 0.032706 0.081766
0 0.566639 0.865086 0.032706 0.081766
0 0.520033 0.865086 0.032706 0.081766
0 0.481603 0.865086 0.032706 0.081766
0 0.444808 0.865086 0.032706 0.081766
0 0.413737 0.865086 0.032706 0.081766
0 0.363859 0.865086 0.032706 0.081766
0 0.325429 0.865086 0.032706 0.081766
0 0.286182 0.865086 0.032706 0.081766
0 0.244481 0.865086 0.032706 0.081766
0 0.206868 0.865086 0.032706 0.081766
0 0.134914 0.803761 0.081766 0.032706
0 0.134914 0.762878 0.081766 0.032706
0 0.134914 0.709730 0.081766 0.032706
0 0.134914 0.669665 0.081766 0.032706
0 0.134914 0.630417 0.081766 0.032706
0 0.134914 0.595258 0.081766 0.032706
0 0.134914 0.553557 0.081766 0.032706
0 0.134914 0.515944 0.081766 0.032706
0 0.134914 0.475879 0.081766 0.032706
0 0.134914 0.443173 0.081766 0.032706
0 0.134914 0.408831 0.081766 0.032706
0 0.134914 0.372854 0.081766 0.032706
0 0.134914 0.335241 0.081766 0.032706
0 0.134914 0.291087 0.081766 0.032706
0 0.134914 0.240392 0.081766 0.032706
0 0.134914 0.200327 0.081766 0.032706
