0 0.204415 0.139820 0.032706 0.081766
0 0.243663 0.139820 0.032706 0.081766
0 0.281276 0.139820 0.032706 0.081766
0 0.321341 0.139820 0.032706 0.081766
0 0.357318 0.139820 0.032706 0.081766
0 0.391660 0.139820 0.032706 0.081766
0 0.426819 0.139820 0.032706 0.081766
0 0.463614 0.139820 0.032706 0.081766
0 0.520033 0.139820 0.032706 0.081766
0 0.551104 0.139820 0.032706 0.081766
0 0.582175 0.139820 0.032706 0.081766
0 0.614881 0.139820 0.032706 0.081766
0 0.648406 0.139820 0.032706 0.081766
0 0.699101 0.139820 0.032706 0.081766
0 0.736713 0.139820 0.032706 0.081766
0 0.778414 0.139820 0.032706 0.081766
0 0.860180 0.208504 0.081766 0.032706
0 0.860180 0.247751 0.081766 0.032706
0 0.860180 0.286182 0.081766 0.032706
0 0.860180 0.331153 0.081766 0.032706
0 0.860180 0.367130 0.081766 0.032706
0 0.860180 0.412919 0.081766 0.032706
0 0.860180 0.445626 0.081766 0.032706
0 0.860180 0.474244 0.081766 0.032706
0 0.860180 0.526574 0.081766 0.032706
0 0.860180 0.573181 0.081766 0.032706
0 0.860180 0.603434 0.081766 0.032706
0 0.860180 0.638594 0.081766 0.032706
0 0.860180 0.674571 0.081766 0.032706
0 0.860180 0.725266 0.081766 0.032706
0 0.860180 0.762878 0.081766 0.032706
0 0.860180 0.804579 0.081766 0.032706
0 0.784955 0.860180 0.032706 0.081766
0 0.743254 0.860180 0.032706 0.081766
0 0.704007 0.860180 0.032706 0.081766
0 0.668029 0.860180 0.032706 0.081766
0 0.633688 0.860180 0.032706 0.081766
0 0.600164 0.860180 0.032706 0.081766
0 0.566639 0.860180 0.032706 0.081766
0 0.524939 0.860180 0.032706 0.081766
0 0.482420 0.860180 0.032706 0.081766
0 0.445626 0.860180 0.032706 0.081766
0 0.415372 0.860180 0.032706 0.081766
0 0.364677 0.860180 0.032706 0.081766
0 0.327065 0.860180 0.032706 0.081766
0 0.287817 0.860180 0.032706 0.081766
0 0.246934 0.860180 0.032706 0.081766
0 0.210957 0.860180 0.032706 0.081766
0 0.139820 0.801308 0.081766 0.032706
0 0.139820 0.761243 0.081766 0.032706
0 0.139820 0.707277 0.081766 0.032706
0 0.139820 0.668029 0.081766 0.032706
0 0.139820 0.628782 0.081766 0.032706
0 0.139820 0.593622 0.081766 0.032706
0 0.139820 0.552739 0.081766 0.032706
0 0.139820 0.515127 0.081766 0.032706
0 0.139820 0.475879 0.081766 0.032706
0 0.139820 0.443173 0.081766 0.032706
0 0.139820 0.409648 0.081766 0.032706
0 0.139820 0.374489 0.081766 0.032706
0 0.139820 0.337694 0.081766 0.032706
0 0.139820 0.293540 0.081766 0.032706
0 0.139820 0.242028 0.081766 0.032706
0 0.139820 0.204415 0.081766 0.032706
