0 0.207686 0.144726 0.032706 0.081766
0 0.246934 0.144726 0.032706 0.081766
0 0.283729 0.144726 0.032706 0.081766
0 0.322159 0.144726 0.032706 0.081766
0 0.357318 0.144726 0.032706 0.081766
0 0.390842 0.144726 0.032706 0.081766
0 0.426819 0.144726 0.032706 0.081766
0 0.462796 0.144726 0.032706 0.081766
0 0.520033 0.144726 0.032706 0.081766
0 0.550286 0.144726 0.032706 0.081766
0 0.579722 0.144726 0.032706 0.081766
0 0.612428 0.144726 0.032706 0.081766
0 0.644317 0.144726 0.032706 0.081766
0 0.695830 0.144726 0.032706 0.081766
0 0.731807 0.144726 0.032706 0.081766
0 0.771872 0.144726 0.032706 0.081766
0 0.855274 0.211774 0.081766 0.032706
0 0.855274 0.251022 0.081766 0.032706
0 0.855274 0.288635 0.081766 0.032706
0 0.855274 0.332788 0.081766 0.032706
0 0.855274 0.367948 0.081766 0.032706
0 0.855274 0.414554 0.081766 0.032706
0 0.855274 0.473426 0.081766 0.032706
0 0.855274 0.527392 0.081766 0.032706
0 0.855274 0.573998 0.081766 0.032706
0 0.855274 0.604252 0.081766 0.032706
0 0.855274 0.637776 0.081766 0.032706
0 0.855274 0.672935 0.081766 0.032706
0 0.855274 0.724448 0.081766 0.032706
0 0.855274 0.760425 0.081766 0.032706
0 0.855274 0.801308 0.081766 0.032706
0 0.780049 0.855274 0.032706 0.081766
0 0.701554 0.855274 0.032706 0.081766
0 0.666394 0.855274 0.032706 0.081766
0 0.632870 0.855274 0.032706 0.081766
0 0.599346 0.855274 0.032706 0.081766
0 0.566639 0.855274 0.032706 0.081766
0 0.524939 0.855274 0.032706 0.081766
0 0.482420 0.855274 0.032706 0.081766
0 0.445626 0.855274 0.032706 0.081766
0 0.416190 0.855274 0.032706 0.081766
0 0.365495 0.855274 0.032706 0.081766
0 0.328700 0.855274 0.032706 0.081766
0 0.248569 0.855274 0.032706 0.081766
0 0.214227 0.855274 0.032706 0.081766
0 0.144726 0.798038 0.081766 0.032706
0 0.144726 0.758790 0.081766 0.032706
0 0.144726 0.704007 0.081766 0.032706
0 0.144726 0.665576 0.081766 0.032706
0 0.144726 0.627964 0.081766 0.032706
0 0.144726 0.593622 0.081766 0.032706
0 0.144726 0.551104 0.081766 0.032706
0 0.144726 0.514309 0.081766 0.032706
0 0.144726 0.475879 0.081766 0.032706
0 0.144726 0.443173 0.081766 0.032706
0 0.144726 0.410466 0.081766 0.032706
0 0.144726 0.376942 0.081766 0.032706
0 0.144726 0.340147 0.081766 0.032706
0 0.144726 0.295993 0.081766 0.032706
0 0.144726 0.245298 0.081766 0.032706
0 0.144726 0.208504 0.081766 0.032706
