0 0.210957 0.149632 0.032706 0.081766
0 0.249387 0.149632 0.032706 0.081766
0 0.285364 0.149632 0.032706 0.081766
0 0.322976 0.149632 0.032706 0.081766
0 0.357318 0.149632 0.032706 0.081766
0 0.390842 0.149632 0.032706 0.081766
0 0.426819 0.149632 0.032706 0.081766
0 0.461979 0.149632 0.032706 0.081766
0 0.520033 0.149632 0.032706 0.081766
0 0.549469 0.149632 0.032706 0.081766
0 0.578087 0.149632 0.032706 0.081766
0 0.609975 0.149632 0.032706 0.081766
0 0.640229 0.149632 0.032706 0.081766
0 0.691742 0.149632 0.032706 0.081766
0 0.727719 0.149632 0.032706 0.081766
0 0.766149 0.149632 0.032706 0.081766
0 0.850368 0.215863 0.081766 0.032706
0 0.850368 0.253475 0.081766 0.032706
0 0.850368 0.290270 0.081766 0.032706
0 0.850368 0.334424 0.081766 0.032706
0 0.850368 0.368765 0.081766 0.032706
0 0.850368 0.416190 0.081766 0.032706
0 0.850368 0.446443 0.081766 0.032706
0 0.850368 0.473426 0.081766 0.032706
0 0.850368 0.528209 0.081766 0.032706
0 0.850368 0.574816 0.081766 0.032706
0 0.850368 0.604252 0.081766 0.032706
0 0.850368 0.636958 0.081766 0.032706
0 0.850368 0.672118 0.081766 0.032706
0 0.850368 0.722813 0.081766 0.032706
0 0.850368 0.758790 0.081766 0.032706
0 0.850368 0.799673 0.081766 0.032706
0 0.774325 0.850368 0.032706 0.081766
0 0.735078 0.850368 0.032706 0.081766
0 0.698283 0.850368 0.032706 0.081766
0 0.632052 0.850368 0.032706 0.081766
0 0.599346 0.850368 0.032706 0.081766
0 0.567457 0.850368 0.032706 0.081766
0 0.524939 0.850368 0.032706 0.081766
0 0.482420 0.850368 0.032706 0.081766
0 0.329518 0.850368 0.032706 0.081766
0 0.291905 0.850368 0.032706 0.081766
0 0.251840 0.850368 0.032706 0.081766
0 0.218316 0.850368 0.032706 0.081766
0 0.149632 0.794767 0.081766 0.032706
0 0.149632 0.756337 0.081766 0.032706
0 0.149632 0.701554 0.081766 0.032706
0 0.149632 0.663123 0.081766 0.032706
0 0.149632 0.626329 0.081766 0.032706
0 0.149632 0.592805 0.081766 0.032706
0 0.149632 0.550286 0.081766 0.032706
0 0.149632 0.513491 0.081766 0.032706
0 0.149632 0.475061 0.081766 0.032706
0 0.149632 0.443173 0.081766 0.032706
0 0.149632 0.411284 0.081766 0.032706
0 0.149632 0.377760 0.081766 0.032706
0 0.149632 0.340965 0.081766 0.032706
0 0.149632 0.297629 0.081766 0.032706
0 0.149632 0.247751 0.081766 0.032706
0 0.149632 0.211774 0.081766 0.032706
