0 0.213410 0.154538 0.032706 0.081766
0 0.251840 0.154538 0.032706 0.081766
0 0.287817 0.154538 0.032706 0.081766
0 0.323794 0.154538 0.032706 0.081766
0 0.357318 0.154538 0.032706 0.081766
0 0.390025 0.154538 0.032706 0.081766
0 0.426002 0.154538 0.032706 0.081766
0 0.461161 0.154538 0.032706 0.081766
0 0.520033 0.154538 0.032706 0.081766
0 0.548651 0.154538 0.032706 0.081766
0 0.577269 0.154538 0.032706 0.081766
0 0.606705 0.154538 0.032706 0.081766
0 0.636958 0.154538 0.032706 0.081766
0 0.689289 0.154538 0.032706 0.081766
0 0.723630 0.154538 0.032706 0.081766
0 0.761243 0.154538 0.032706 0.081766
0 0.845462 0.219133 0.081766 0.032706
0 0.845462 0.255928 0.081766 0.032706
0 0.845462 0.292723 0.081766 0.032706
0 0.845462 0.336059 0.081766 0.032706
0 0.845462 0.369583 0.081766 0.032706
0 0.845462 0.417007 0.081766 0.032706
0 0.845462 0.447261 0.081766 0.032706
0 0.845462 0.472608 0.081766 0.032706
0 0.845462 0.528209 0.081766 0.032706
0 0.845462 0.575634 0.081766 0.032706
0 0.845462 0.604252 0.081766 0.032706
0 0.845462 0.636141 0.081766 0.032706
0 0.845462 0.670482 0.081766 0.032706
0 0.845462 0.721995 0.081766 0.032706
0 0.845462 0.757155 0.081766 0.032706
0 0.845462 0.797220 0.081766 0.032706
0 0.769419 0.845462 0.032706 0.081766
0 0.730989 0.845462 0.032706 0.081766
0 0.694195 0.845462 0.032706 0.081766
0 0.663123 0.845462 0.032706 0.081766
0 0.631235 0.845462 0.032706 0.081766
0 0.598528 0.845462 0.032706 0.081766
0 0.567457 0.845462 0.032706 0.081766
0 0.524121 0.845462 0.032706 0.081766
0 0.483238 0.845462 0.032706 0.081766
0 0.447261 0.845462 0.032706 0.081766
0 0.418643 0.845462 0.032706 0.081766
0 0.366312 0.845462 0.032706 0.081766
0 0.293540 0.845462 0.032706 0.081766
0 0.254293 0.845462 0.032706 0.081766
0 0.222404 0.845462 0.032706 0.081766
0 0.154538 0.792314 0.081766 0.032706
0 0.154538 0.753884 0.081766 0.032706
0 0.154538 0.698283 0.081766 0.032706
0 0.154538 0.661488 0.081766 0.032706
0 0.154538 0.623876 0.081766 0.032706
0 0.154538 0.591987 0.081766 0.032706
0 0.154538 0.549469 0.081766 0.032706
0 0.154538 0.512674 0.081766 0.032706
0 0.154538 0.474244 0.081766 0.032706
0 0.154538 0.443990 0.081766 0.032706
0 0.154538 0.412101 0.081766 0.032706
0 0.154538 0.380213 0.081766 0.032706
0 0.154538 0.343418 0.081766 0.032706
0 0.154538 0.300082 0.081766 0.032706
0 0.154538 0.215045 0.081766 0.032706
