0 0.197874 0.130008 0.032706 0.081766
0 0.238757 0.130008 0.032706 0.081766
0 0.278005 0.130008 0.032706 0.081766
0 0.319706 0.130008 0.032706 0.081766
0 0.356500 0.130008 0.032706 0.081766
0 0.393295 0.130008 0.032706 0.081766
0 0.427637 0.130008 0.032706 0.081766
0 0.464432 0.130008 0.032706 0.081766
0 0.520850 0.130008 0.032706 0.081766
0 0.552739 0.130008 0.032706 0.081766
0 0.585446 0.130008 0.032706 0.081766
0 0.620605 0.130008 0.032706 0.081766
0 0.655765 0.130008 0.032706 0.081766
0 0.706460 0.130008 0.032706 0.081766
0 0.746525 0.130008 0.032706 0.081766
0 0.789861 0.130008 0.032706 0.081766
0 0.869992 0.200327 0.081766 0.032706
0 0.869992 0.242028 0.081766 0.032706
0 0.869992 0.282093 0.081766 0.032706
0 0.869992 0.327882 0.081766 0.032706
0 0.869992 0.365495 0.081766 0.032706
0 0.869992 0.410466 0.081766 0.032706
0 0.869992 0.444808 0.081766 0.032706
0 0.869992 0.474244 0.081766 0.032706
0 0.869992 0.525756 0.081766 0.032706
0 0.869992 0.570728 0.081766 0.032706
0 0.869992 0.603434 0.081766 0.032706
0 0.869992 0.639411 0.081766 0.032706
0 0.869992 0.677841 0.081766 0.032706
0 0.869992 0.726901 0.081766 0.032706
0 0.869992 0.766149 0.081766 0.032706
0 0.794767 0.869992 0.032706 0.081766
0 0.751431 0.869992 0.032706 0.081766
0 0.710548 0.869992 0.032706 0.081766
0 0.672935 0.869992 0.032706 0.081766
0 0.636958 0.869992 0.032706 0.081766
0 0.600981 0.869992 0.032706 0.081766
0 0.565822 0.869992 0.032706 0.081766
0 0.524939 0.869992 0.032706 0.081766
0 0.481603 0.869992 0.032706 0.081766
0 0.444808 0.869992 0.032706 0.081766
0 0.412101 0.869992 0.032706 0.081766
0 0.363042 0.869992 0.032706 0.081766
0 0.324612 0.869992 0.032706 0.081766
0 0.283729 0.869992 0.032706 0.081766
0 0.242028 0.869992 0.032706 0.081766
0 0.202780 0.869992 0.032706 0.081766
0 0.130008 0.807032 0.081766 0.032706
0 0.130008 0.764513 0.081766 0.032706
0 0.130008 0.713001 0.081766 0.032706
0 0.130008 0.671300 0.081766 0.032706
0 0.130008 0.632052 0.081766 0.032706
0 0.130008 0.596075 0.081766 0.032706
0 0.130008 0.554374 0.081766 0.032706
0 0.130008 0.517580 0.081766 0.032706
0 0.130008 0.476697 0.081766 0.032706
0 0.130008 0.442355 0.081766 0.032706
0 0.130008 0.408013 0.081766 0.032706
0 0.130008 0.371218 0.081766 0.032706
0 0.130008 0.333606 0.081766 0.032706
0 0.130008 0.288635 0.081766 0.032706
0 0.130008 0.237939 0.081766 0.032706
0 0.130008 0.197056 0.081766 0.032706
