0 0.214002 0.150358 0.031822 0.079554
0 0.250597 0.150358 0.031822 0.079554
0 0.287192 0.150358 0.031822 0.079554
0 0.324582 0.150358 0.031822 0.079554
0 0.358791 0.150358 0.031822 0.079554
0 0.390613 0.150358 0.031822 0.079554
0 0.428003 0.150358 0.031822 0.079554
0 0.463803 0.150358 0.031822 0.079554
0 0.519491 0.150358 0.031822 0.079554
0 0.549722 0.150358 0.031822 0.079554
0 0.580748 0.150358 0.031822 0.079554
0 0.612570 0.150358 0.031822 0.079554
0 0.645187 0.150358 0.031822 0.079554
0 0.696102 0.150358 0.031822 0.079554
0 0.731901 0.150358 0.031822 0.079554
0 0.767701 0.150358 0.031822 0.079554
0 0.849642 0.202864 0.079554 0.031822
0 0.849642 0.242641 0.079554 0.031822
0 0.849642 0.279236 0.079554 0.031822
0 0.849642 0.322991 0.079554 0.031822
0 0.849642 0.355609 0.079554 0.031822
0 0.849642 0.400955 0.079554 0.031822
0 0.849642 0.431981 0.079554 0.031822
0 0.849642 0.461416 0.079554 0.031822
0 0.849642 0.516309 0.079554 0.031822
0 0.849642 0.556881 0.079554 0.031822
0 0.849642 0.587908 0.079554 0.031822
0 0.849642 0.621321 0.079554 0.031822
0 0.849642 0.657120 0.079554 0.031822
0 0.849642 0.706444 0.079554 0.031822
0 0.849642 0.745426 0.079554 0.031822
0 0.849642 0.782816 0.079554 0.031822
0 0.774861 0.849642 0.031822 0.079554
0 0.733492 0.849642 0.031822 0.079554
0 0.694511 0.849642 0.031822 0.079554
0 0.659507 0.849642 0.031822 0.079554
0 0.626889 0.849642 0.031822 0.079554
0 0.593477 0.849642 0.031822 0.079554
0 0.560859 0.849642 0.031822 0.079554
0 0.522673 0.849642 0.031822 0.079554
0 0.481305 0.849642 0.031822 0.079554
0 0.447096 0.849642 0.031822 0.079554
0 0.416070 0.849642 0.031822 0.079554
0 0.367542 0.849642 0.031822 0.079554
0 0.331742 0.849642 0.031822 0.079554
0 0.293556 0.849642 0.031822 0.079554
0 0.252983 0.849642 0.031822 0.079554
0 0.214797 0.849642 0.031822 0.079554
0 0.150358 0.783612 0.079554 0.031822
0 0.150358 0.744630 0.079554 0.031822
0 0.150358 0.688942 0.079554 0.031822
0 0.150358 0.650756 0.079554 0.031822
0 0.150358 0.614956 0.079554 0.031822
0 0.150358 0.579157 0.079554 0.031822
0 0.150358 0.543357 0.079554 0.031822
0 0.150358 0.509149 0.079554 0.031822
0 0.150358 0.469372 0.079554 0.031822
0 0.150358 0.433572 0.079554 0.031822
0 0.150358 0.400955 0.079554 0.031822
0 0.150358 0.368337 0.079554 0.031822
0 0.150358 0.336516 0.079554 0.031822
0 0.150358 0.294352 0.079554 0.031822
0 0.150358 0.243437 0.079554 0.031822
0 0.150358 0.205251 0.079554 0.031822
