0 0.203660 0.136038 0.031822 0.079554
0 0.243437 0.136038 0.031822 0.079554
0 0.283214 0.136038 0.031822 0.079554
0 0.309467 0.136038 0.031822 0.079554
0 0.359586 0.136038 0.031822 0.079554
0 0.394590 0.136038 0.031822 0.079554
0 0.429594 0.136038 0.031822 0.079554
0 0.466189 0.136038 0.031822 0.079554
0 0.520286 0.136038 0.031822 0.079554
0 0.552108 0.136038 0.031822 0.079554
0 0.585521 0.136038 0.031822 0.079554
0 0.621321 0.136038 0.031822 0.079554
0 0.656325 0.136038 0.031822 0.079554
0 0.705648 0.136038 0.031822 0.079554
0 0.745426 0.136038 0.031822 0.079554
0 0.785998 0.136038 0.031822 0.079554
0 0.863962 0.197295 0.079554 0.031822
0 0.863962 0.277645 0.079554 0.031822
0 0.863962 0.322196 0.079554 0.031822
0 0.863962 0.357995 0.079554 0.031822
0 0.863962 0.400955 0.079554 0.031822
0 0.863962 0.434368 0.079554 0.031822
0 0.863962 0.465394 0.079554 0.031822
0 0.863962 0.517900 0.079554 0.031822
0 0.863962 0.557677 0.079554 0.031822
0 0.863962 0.591090 0.079554 0.031822
0 0.863962 0.626889 0.079554 0.031822
0 0.863962 0.665076 0.079554 0.031822
0 0.863962 0.712808 0.079554 0.031822
0 0.863962 0.754177 0.079554 0.031822
0 0.863962 0.794749 0.079554 0.031822
0 0.789976 0.863962 0.031822 0.079554
0 0.747017 0.863962 0.031822 0.079554
0 0.705648 0.863962 0.031822 0.079554
0 0.666667 0.863962 0.031822 0.079554
0 0.630867 0.863962 0.031822 0.079554
0 0.595863 0.863962 0.031822 0.079554
0 0.560064 0.863962 0.031822 0.079554
0 0.523469 0.863962 0.031822 0.079554
0 0.480509 0.863962 0.031822 0.079554
0 0.445505 0.863962 0.031822 0.079554
0 0.412092 0.863962 0.031822 0.079554
0 0.365951 0.863962 0.031822 0.079554
0 0.329356 0.863962 0.031822 0.079554
0 0.287987 0.863962 0.031822 0.079554
0 0.246619 0.863962 0.031822 0.079554
0 0.205251 0.863962 0.031822 0.079554
0 0.136038 0.797136 0.079554 0.031822
0 0.136038 0.770088 0.079554 0.031822
0 0.136038 0.703262 0.079554 0.031822
0 0.136038 0.661893 0.079554 0.031822
0 0.136038 0.623707 0.079554 0.031822
0 0.136038 0.585521 0.079554 0.031822
0 0.136038 0.549722 0.079554 0.031822
0 0.136038 0.514718 0.079554 0.031822
0 0.136038 0.473349 0.079554 0.031822
0 0.136038 0.435959 0.079554 0.031822
0 0.136038 0.401750 0.079554 0.031822
0 0.136038 0.366746 0.079554 0.031822
0 0.136038 0.334129 0.079554 0.031822
0 0.136038 0.289578 0.079554 0.031822
0 0.136038 0.239459 0.079554 0.031822
0 0.136038 0.198886 0.079554 0.031822
