0 0.210819 0.145585 0.031822 0.079554
0 0.248210 0.145585 0.031822 0.079554
0 0.286396 0.145585 0.031822 0.079554
0 0.323787 0.145585 0.031822 0.079554
0 0.358791 0.145585 0.031822 0.079554
0 0.391408 0.145585 0.031822 0.079554
0 0.428799 0.145585 0.031822 0.079554
0 0.464598 0.145585 0.031822 0.079554
0 0.520286 0.145585 0.031822 0.079554
0 0.550517 0.145585 0.031822 0.079554
0 0.582339 0.145585 0.031822 0.079554
0 0.615752 0.145585 0.031822 0.079554
0 0.649165 0.145585 0.031822 0.079554
0 0.699284 0.145585 0.031822 0.079554
0 0.735879 0.145585 0.031822 0.079554
0 0.774065 0.145585 0.031822 0.079554
0 0.854415 0.201273 0.079554 0.031822
0 0.854415 0.241050 0.079554 0.031822
0 0.854415 0.278441 0.079554 0.031822
0 0.854415 0.322991 0.079554 0.031822
0 0.854415 0.356404 0.079554 0.031822
0 0.854415 0.400955 0.079554 0.031822
0 0.854415 0.432776 0.079554 0.031822
0 0.854415 0.462212 0.079554 0.031822
0 0.854415 0.517104 0.079554 0.031822
0 0.854415 0.556881 0.079554 0.031822
0 0.854415 0.588703 0.079554 0.031822
0 0.854415 0.659507 0.079554 0.031822
0 0.854415 0.708831 0.079554 0.031822
0 0.854415 0.747812 0.079554 0.031822
0 0.854415 0.785998 0.079554 0.031822
0 0.779634 0.854415 0.031822 0.079554
0 0.736675 0.854415 0.031822 0.079554
0 0.697693 0.854415 0.031822 0.079554
0 0.661893 0.854415 0.031822 0.079554
0 0.628481 0.854415 0.031822 0.079554
0 0.594272 0.854415 0.031822 0.079554
0 0.560064 0.854415 0.031822 0.079554
0 0.522673 0.854415 0.031822 0.079554
0 0.480509 0.854415 0.031822 0.079554
0 0.446301 0.854415 0.031822 0.079554
0 0.414479 0.854415 0.031822 0.079554
0 0.366746 0.854415 0.031822 0.079554
0 0.330947 0.854415 0.031822 0.079554
0 0.291169 0.854415 0.031822 0.079554
0 0.251392 0.854415 0.031822 0.079554
0 0.211615 0.854415 0.031822 0.079554
0 0.145585 0.788385 0.079554 0.031822
0 0.145585 0.747812 0.079554 0.031822
0 0.145585 0.693715 0.079554 0.031822
0 0.145585 0.654733 0.079554 0.031822
0 0.145585 0.617343 0.079554 0.031822
0 0.145585 0.581543 0.079554 0.031822
0 0.145585 0.545744 0.079554 0.031822
0 0.145585 0.510740 0.079554 0.031822
0 0.145585 0.470963 0.079554 0.031822
0 0.145585 0.434368 0.079554 0.031822
0 0.145585 0.401750 0.079554 0.031822
0 0.145585 0.335720 0.079554 0.031822
0 0.145585 0.292761 0.079554 0.031822
0 0.145585 0.241050 0.079554 0.031822
0 0.145585 0.202864 0.079554 0.031822
