0 0.217979 0.155131 0.031822 0.079554
0 0.252983 0.155131 0.031822 0.079554
0 0.288783 0.155131 0.031822 0.079554
0 0.325378 0.155131 0.031822 0.079554
0 0.358791 0.155131 0.031822 0.079554
0 0.389817 0.155131 0.031822 0.079554
0 0.427208 0.155131 0.031822 0.079554
0 0.463803 0.155131 0.031822 0.079554
0 0.520286 0.155131 0.031822 0.079554
0 0.548926 0.155131 0.031822 0.079554
0 0.579157 0.155131 0.031822 0.079554
0 0.610979 0.155131 0.031822 0.079554
0 0.642005 0.155131 0.031822 0.079554
0 0.692124 0.155131 0.031822 0.079554
0 0.727128 0.155131 0.031822 0.079554
0 0.761337 0.155131 0.031822 0.079554
0 0.844869 0.205251 0.079554 0.031822
0 0.844869 0.243437 0.079554 0.031822
0 0.844869 0.279236 0.079554 0.031822
0 0.844869 0.322991 0.079554 0.031822
0 0.844869 0.354813 0.079554 0.031822
0 0.844869 0.400159 0.079554 0.031822
0 0.844869 0.431185 0.079554 0.031822
0 0.844869 0.459825 0.079554 0.031822
0 0.844869 0.516309 0.079554 0.031822
0 0.844869 0.556086 0.079554 0.031822
0 0.844869 0.586317 0.079554 0.031822
0 0.844869 0.619730 0.079554 0.031822
0 0.844869 0.653938 0.079554 0.031822
0 0.844869 0.704057 0.079554 0.031822
0 0.844869 0.742243 0.079554 0.031822
0 0.844869 0.778043 0.079554 0.031822
0 0.769292 0.844869 0.031822 0.079554
0 0.728719 0.844869 0.031822 0.079554
0 0.691329 0.844869 0.031822 0.079554
0 0.657120 0.844869 0.031822 0.079554
0 0.626094 0.844869 0.031822 0.079554
0 0.592681 0.844869 0.031822 0.079554
0 0.560859 0.844869 0.031822 0.079554
0 0.522673 0.844869 0.031822 0.079554
0 0.481305 0.844869 0.031822 0.079554
0 0.447892 0.844869 0.031822 0.079554
0 0.417661 0.844869 0.031822 0.079554
0 0.368337 0.844869 0.031822 0.079554
0 0.333333 0.844869 0.031822 0.079554
0 0.295147 0.844869 0.031822 0.079554
0 0.256165 0.844869 0.031822 0.079554
0 0.217184 0.844869 0.031822 0.079554
0 0.155131 0.779634 0.079554 0.031822
0 0.155131 0.741448 0.079554 0.031822
0 0.155131 0.684964 0.079554 0.031822
0 0.155131 0.647574 0.079554 0.031822
0 0.155131 0.612570 0.079554 0.031822
0 0.155131 0.578361 0.079554 0.031822
0 0.155131 0.541766 0.079554 0.031822
0 0.155131 0.507558 0.079554 0.031822
0 0.155131 0.468576 0.079554 0.031822
0 0.155131 0.432776 0.079554 0.031822
0 0.155131 0.401750 0.079554 0.031822
0 0.155131 0.369133 0.079554 0.031822
0 0.155131 0.338107 0.079554 0.031822
0 0.155131 0.295943 0.079554 0.031822
0 0.155131 0.244232 0.079554 0.031822
0 0.155131 0.207637 0.079554 0.031822
