0 0.221161 0.159905 0.031822 0.079554
0 0.254574 0.159905 0.031822 0.079554
0 0.290374 0.159905 0.031822 0.079554
0 0.326173 0.159905 0.031822 0.079554
0 0.357995 0.159905 0.031822 0.079554
0 0.389021 0.159905 0.031822 0.079554
0 0.427208 0.159905 0.031822 0.079554
0 0.463007 0.159905 0.031822 0.079554
0 0.520286 0.159905 0.031822 0.079554
0 0.548130 0.159905 0.031822 0.079554
0 0.577566 0.159905 0.031822 0.079554
0 0.608592 0.159905 0.031822 0.079554
0 0.638823 0.159905 0.031822 0.079554
0 0.688942 0.159905 0.031822 0.079554
0 0.723150 0.159905 0.031822 0.079554
0 0.755768 0.159905 0.031822 0.079554
0 0.840095 0.207637 0.079554 0.031822
0 0.840095 0.245028 0.079554 0.031822
0 0.840095 0.279236 0.079554 0.031822
0 0.840095 0.323787 0.079554 0.031822
0 0.840095 0.354813 0.079554 0.031822
0 0.840095 0.400159 0.079554 0.031822
0 0.840095 0.430390 0.079554 0.031822
0 0.840095 0.458234 0.079554 0.031822
0 0.840095 0.516309 0.079554 0.031822
0 0.840095 0.556086 0.079554 0.031822
0 0.840095 0.585521 0.079554 0.031822
0 0.840095 0.618138 0.079554 0.031822
0 0.840095 0.652347 0.079554 0.031822
0 0.840095 0.701671 0.079554 0.031822
0 0.840095 0.739061 0.079554 0.031822
0 0.840095 0.774065 0.079554 0.031822
0 0.764519 0.840095 0.031822 0.079554
0 0.724741 0.840095 0.031822 0.079554
0 0.688146 0.840095 0.031822 0.079554
0 0.654733 0.840095 0.031822 0.079554
0 0.624503 0.840095 0.031822 0.079554
0 0.592681 0.840095 0.031822 0.079554
0 0.561655 0.840095 0.031822 0.079554
0 0.481305 0.840095 0.031822 0.079554
0 0.447892 0.840095 0.031822 0.079554
0 0.334129 0.840095 0.031822 0.079554
0 0.296738 0.840095 0.031822 0.079554
0 0.257757 0.840095 0.031822 0.079554
0 0.220366 0.840095 0.031822 0.079554
0 0.159905 0.775656 0.079554 0.031822
0 0.159905 0.737470 0.079554 0.031822
0 0.159905 0.680191 0.079554 0.031822
0 0.159905 0.644391 0.079554 0.031822
0 0.159905 0.609387 0.079554 0.031822
0 0.159905 0.575179 0.079554 0.031822
0 0.159905 0.539379 0.079554 0.031822
0 0.159905 0.505967 0.079554 0.031822
0 0.159905 0.467780 0.079554 0.031822
0 0.159905 0.431981 0.079554 0.031822
0 0.159905 0.400955 0.079554 0.031822
0 0.159905 0.369928 0.079554 0.031822
0 0.159905 0.339698 0.079554 0.031822
0 0.159905 0.297534 0.079554 0.031822
0 0.159905 0.245823 0.079554 0.031822
