0 0.225139 0.164678 0.031822 0.079554
0 0.257757 0.164678 0.031822 0.079554
0 0.291965 0.164678 0.031822 0.079554
0 0.326173 0.164678 0.031822 0.079554
0 0.357995 0.164678 0.031822 0.079554
0 0.388226 0.164678 0.031822 0.079554
0 0.426412 0.164678 0.031822 0.079554
0 0.462212 0.164678 0.031822 0.079554
0 0.519491 0.164678 0.031822 0.079554
0 0.547335 0.164678 0.031822 0.079554
0 0.605410 0.164678 0.031822 0.079554
0 0.634845 0.164678 0.031822 0.079554
0 0.685760 0.164678 0.031822 0.079554
0 0.718377 0.164678 0.031822 0.079554
0 0.750199 0.164678 0.031822 0.079554
0 0.835322 0.245823 0.079554 0.031822
0 0.835322 0.280032 0.079554 0.031822
0 0.835322 0.323787 0.079554 0.031822
0 0.835322 0.354813 0.079554 0.031822
0 0.835322 0.400159 0.079554 0.031822
0 0.835322 0.429594 0.079554 0.031822
0 0.835322 0.457438 0.079554 0.031822
0 0.835322 0.516309 0.079554 0.031822
0 0.835322 0.555290 0.079554 0.031822
0 0.835322 0.584726 0.079554 0.031822
0 0.835322 0.615752 0.079554 0.031822
0 0.835322 0.649960 0.079554 0.031822
0 0.835322 0.700080 0.079554 0.031822
0 0.835322 0.735879 0.079554 0.031822
0 0.835322 0.770883 0.079554 0.031822
0 0.758950 0.835322 0.031822 0.079554
0 0.719968 0.835322 0.031822 0.079554
0 0.684169 0.835322 0.031822 0.079554
0 0.653142 0.835322 0.031822 0.079554
0 0.622912 0.835322 0.031822 0.079554
0 0.591885 0.835322 0.031822 0.079554
0 0.560859 0.835322 0.031822 0.079554
0 0.521082 0.835322 0.031822 0.079554
0 0.481305 0.835322 0.031822 0.079554
0 0.448687 0.835322 0.031822 0.079554
0 0.419252 0.835322 0.031822 0.079554
0 0.369928 0.835322 0.031822 0.079554
0 0.335720 0.835322 0.031822 0.079554
0 0.299125 0.835322 0.031822 0.079554
0 0.260143 0.835322 0.031822 0.079554
0 0.223548 0.835322 0.031822 0.079554
0 0.164678 0.770883 0.079554 0.031822
0 0.164678 0.734288 0.079554 0.031822
0 0.164678 0.675418 0.079554 0.031822
0 0.164678 0.641209 0.079554 0.031822
0 0.164678 0.607001 0.079554 0.031822
0 0.164678 0.573588 0.079554 0.031822
0 0.164678 0.537788 0.079554 0.031822
0 0.164678 0.504375 0.079554 0.031822
0 0.164678 0.466985 0.079554 0.031822
0 0.164678 0.431185 0.079554 0.031822
0 0.164678 0.400955 0.079554 0.031822
0 0.164678 0.369928 0.079554 0.031822
0 0.164678 0.340493 0.079554 0.031822
0 0.164678 0.299125 0.079554 0.031822
0 0.164678 0.248210 0.079554 0.031822
0 0.164678 0.213206 0.079554 0.031822
