0 0.206842 0.140811 0.031822 0.079554
0 0.245823 0.140811 0.031822 0.079554
0 0.284805 0.140811 0.031822 0.079554
0 0.323787 0.140811 0.031822 0.079554
0 0.359586 0.140811 0.031822 0.079554
0 0.392999 0.140811 0.031822 0.079554
0 0.428799 0.140811 0.031822 0.079554
0 0.465394 0.140811 0.031822 0.079554
0 0.520286 0.140811 0.031822 0.079554
0 0.551313 0.140811 0.031822 0.079554
0 0.583930 0.140811 0.031822 0.079554
0 0.618138 0.140811 0.031822 0.079554
0 0.653142 0.140811 0.031822 0.079554
0 0.702466 0.140811 0.031822 0.079554
0 0.740652 0.140811 0.031822 0.079554
0 0.779634 0.140811 0.031822 0.079554
0 0.859189 0.199682 0.079554 0.031822
0 0.859189 0.240255 0.079554 0.031822
0 0.859189 0.278441 0.079554 0.031822
0 0.859189 0.322196 0.079554 0.031822
0 0.859189 0.357200 0.079554 0.031822
0 0.859189 0.400955 0.079554 0.031822
0 0.859189 0.433572 0.079554 0.031822
0 0.859189 0.463803 0.079554 0.031822
0 0.859189 0.517104 0.079554 0.031822
0 0.859189 0.556881 0.079554 0.031822
0 0.859189 0.589499 0.079554 0.031822
0 0.859189 0.625298 0.079554 0.031822
0 0.859189 0.662689 0.079554 0.031822
0 0.859189 0.711217 0.079554 0.031822
0 0.859189 0.750994 0.079554 0.031822
0 0.859189 0.790772 0.079554 0.031822
0 0.784407 0.859189 0.031822 0.079554
0 0.742243 0.859189 0.031822 0.079554
0 0.701671 0.859189 0.031822 0.079554
0 0.664280 0.859189 0.031822 0.079554
0 0.630072 0.859189 0.031822 0.079554
0 0.595068 0.859189 0.031822 0.079554
0 0.560064 0.859189 0.031822 0.079554
0 0.523469 0.859189 0.031822 0.079554
0 0.481305 0.859189 0.031822 0.079554
0 0.446301 0.859189 0.031822 0.079554
0 0.413683 0.859189 0.031822 0.079554
0 0.366746 0.859189 0.031822 0.079554
0 0.330151 0.859189 0.031822 0.079554
0 0.289578 0.859189 0.031822 0.079554
0 0.248210 0.859189 0.031822 0.079554
0 0.208433 0.859189 0.031822 0.079554
0 0.140811 0.792363 0.079554 0.031822
0 0.140811 0.750994 0.079554 0.031822
0 0.140811 0.698488 0.079554 0.031822
0 0.140811 0.658711 0.079554 0.031822
0 0.140811 0.620525 0.079554 0.031822
0 0.140811 0.547335 0.079554 0.031822
0 0.140811 0.512331 0.079554 0.031822
0 0.140811 0.471758 0.079554 0.031822
0 0.140811 0.435163 0.079554 0.031822
0 0.140811 0.401750 0.079554 0.031822
0 0.140811 0.367542 0.079554 0.031822
0 0.140811 0.334924 0.079554 0.031822
0 0.140811 0.291169 0.079554 0.031822
0 0.140811 0.240255 0.079554 0.031822
0 0.140811 0.200477 0.079554 0.031822
