0 0.204886 0.137904 0.031521 0.078802
0 0.245863 0.137904 0.031521 0.078802
0 0.284476 0.137904 0.031521 0.078802
0 0.324665 0.137904 0.031521 0.078802
0 0.360914 0.137904 0.031521 0.078802
0 0.396375 0.137904 0.031521 0.078802
0 0.430260 0.137904 0.031521 0.078802
0 0.467297 0.137904 0.031521 0.078802
0 0.520883 0.137904 0.031521 0.078802
0 0.552403 0.137904 0.031521 0.078802
0 0.584712 0.137904 0.031521 0.078802
0 0.620173 0.137904 0.031521 0.078802
0 0.656422 0.137904 0.031521 0.078802
0 0.704492 0.137904 0.031521 0.078802
0 0.743893 0.137904 0.031521 0.078802
0 0.784870 0.137904 0.031521 0.078802
0 0.862096 0.200158 0.078802 0.031521
0 0.862096 0.241135 0.078802 0.031521
0 0.862096 0.280536 0.078802 0.031521
0 0.862096 0.323089 0.078802 0.031521
0 0.862096 0.359338 0.078802 0.031521
0 0.862096 0.402679 0.078802 0.031521
0 0.862096 0.436564 0.078802 0.031521
0 0.862096 0.467297 0.078802 0.031521
0 0.862096 0.517730 0.078802 0.031521
0 0.862096 0.557132 0.078802 0.031521
0 0.862096 0.590229 0.078802 0.031521
0 0.862096 0.625690 0.078802 0.031521
0 0.862096 0.662727 0.078802 0.031521
0 0.862096 0.710796 0.078802 0.031521
0 0.862096 0.750985 0.078802 0.031521
0 0.862096 0.791174 0.078802 0.031521
0 0.790386 0.862096 0.031521 0.078802
0 0.747833 0.862096 0.031521 0.078802
0 0.706856 0.862096 0.031521 0.078802
0 0.667455 0.862096 0.031521 0.078802
0 0.631206 0.862096 0.031521 0.078802
0 0.595745 0.862096 0.031521 0.078802
0 0.561072 0.862096 0.031521 0.078802
0 0.524823 0.862096 0.031521 0.078802
0 0.480693 0.862096 0.031521 0.078802
0 0.446809 0.862096 0.031521 0.078802
0 0.413712 0.862096 0.031521 0.078802
0 0.368006 0.862096 0.031521 0.078802
0 0.330181 0.862096 0.031521 0.078802
0 0.289992 0.862096 0.031521 0.078802
0 0.249015 0.862096 0.031521 0.078802
0 0.207250 0.862096 0.031521 0.078802
0 0.137904 0.793538 0.078802 0.031521
0 0.137904 0.752561 0.078802 0.031521
0 0.137904 0.703704 0.078802 0.031521
0 0.137904 0.661939 0.078802 0.031521
0 0.137904 0.622537 0.078802 0.031521
0 0.137904 0.586288 0.078802 0.031521
0 0.137904 0.550827 0.078802 0.031521
0 0.137904 0.514578 0.078802 0.031521
0 0.137904 0.474389 0.078802 0.031521
0 0.137904 0.437352 0.078802 0.031521
0 0.137904 0.403467 0.078802 0.031521
0 0.137904 0.368006 0.078802 0.031521
0 0.137904 0.334909 0.078802 0.031521
0 0.137904 0.292356 0.078802 0.031521
0 0.137904 0.241923 0.078802 0.031521
0 0.137904 0.201734 0.078802 0.031521
