0 0.211190 0.147360 0.031521 0.078802
0 0.250591 0.147360 0.031521 0.078802
0 0.287628 0.147360 0.031521 0.078802
0 0.326241 0.147360 0.031521 0.078802
0 0.360914 0.147360 0.031521 0.078802
0 0.394799 0.147360 0.031521 0.078802
0 0.430260 0.147360 0.031521 0.078802
0 0.466509 0.147360 0.031521 0.078802
0 0.520883 0.147360 0.031521 0.078802
0 0.550827 0.147360 0.031521 0.078802
0 0.582348 0.147360 0.031521 0.078802
0 0.615445 0.147360 0.031521 0.078802
0 0.649330 0.147360 0.031521 0.078802
0 0.698188 0.147360 0.031521 0.078802
0 0.735225 0.147360 0.031521 0.078802
0 0.772262 0.147360 0.031521 0.078802
0 0.852640 0.204098 0.078802 0.031521
0 0.852640 0.243499 0.078802 0.031521
0 0.852640 0.281324 0.078802 0.031521
0 0.852640 0.323877 0.078802 0.031521
0 0.852640 0.358550 0.078802 0.031521
0 0.852640 0.403467 0.078802 0.031521
0 0.852640 0.434988 0.078802 0.031521
0 0.852640 0.464933 0.078802 0.031521
0 0.852640 0.516942 0.078802 0.031521
0 0.852640 0.557132 0.078802 0.031521
0 0.852640 0.588652 0.078802 0.031521
0 0.852640 0.622537 0.078802 0.031521
0 0.852640 0.657998 0.078802 0.031521
0 0.852640 0.706856 0.078802 0.031521
0 0.852640 0.744681 0.078802 0.031521
0 0.781718 0.852640 0.031521 0.078802
0 0.739165 0.852640 0.031521 0.078802
0 0.699764 0.852640 0.031521 0.078802
0 0.661939 0.852640 0.031521 0.078802
0 0.628842 0.852640 0.031521 0.078802
0 0.594169 0.852640 0.031521 0.078802
0 0.561072 0.852640 0.031521 0.078802
0 0.524035 0.852640 0.031521 0.078802
0 0.481481 0.852640 0.031521 0.078802
0 0.448385 0.852640 0.031521 0.078802
0 0.416076 0.852640 0.031521 0.078802
0 0.369582 0.852640 0.031521 0.078802
0 0.332545 0.852640 0.031521 0.078802
0 0.293144 0.852640 0.031521 0.078802
0 0.253743 0.852640 0.031521 0.078802
0 0.213554 0.852640 0.031521 0.078802
0 0.147360 0.785658 0.078802 0.031521
0 0.147360 0.746257 0.078802 0.031521
0 0.147360 0.693459 0.078802 0.031521
0 0.147360 0.655634 0.078802 0.031521
0 0.147360 0.617809 0.078802 0.031521
0 0.147360 0.583924 0.078802 0.031521
0 0.147360 0.547675 0.078802 0.031521
0 0.147360 0.511426 0.078802 0.031521
0 0.147360 0.472025 0.078802 0.031521
0 0.147360 0.435776 0.078802 0.031521
0 0.147360 0.403467 0.078802 0.031521
0 0.147360 0.369582 0.078802 0.031521
0 0.147360 0.337273 0.078802 0.031521
0 0.147360 0.295508 0.078802 0.031521
0 0.147360 0.245075 0.078802 0.031521
0 0.147360 0.206462 0.078802 0.031521
