0 0.214342 0.152088 0.031521 0.078802
0 0.252955 0.152088 0.031521 0.078802
0 0.289204 0.152088 0.031521 0.078802
0 0.327029 0.152088 0.031521 0.078802
0 0.360126 0.152088 0.031521 0.078802
0 0.394011 0.152088 0.031521 0.078802
0 0.429472 0.152088 0.031521 0.078802
0 0.465721 0.152088 0.031521 0.078802
0 0.520883 0.152088 0.031521 0.078802
0 0.550039 0.152088 0.031521 0.078802
0 0.580772 0.152088 0.031521 0.078802
0 0.612293 0.152088 0.031521 0.078802
0 0.645390 0.152088 0.031521 0.078802
0 0.695035 0.152088 0.031521 0.078802
0 0.729708 0.152088 0.031521 0.078802
0 0.766745 0.152088 0.031521 0.078802
0 0.847912 0.206462 0.078802 0.031521
0 0.847912 0.245075 0.078802 0.031521
0 0.847912 0.282112 0.078802 0.031521
0 0.847912 0.324665 0.078802 0.031521
0 0.847912 0.358550 0.078802 0.031521
0 0.847912 0.402679 0.078802 0.031521
0 0.847912 0.434200 0.078802 0.031521
0 0.847912 0.464145 0.078802 0.031521
0 0.847912 0.516942 0.078802 0.031521
0 0.847912 0.557132 0.078802 0.031521
0 0.847912 0.587864 0.078802 0.031521
0 0.847912 0.620961 0.078802 0.031521
0 0.847912 0.655634 0.078802 0.031521
0 0.847912 0.704492 0.078802 0.031521
0 0.847912 0.742317 0.078802 0.031521
0 0.847912 0.780142 0.078802 0.031521
0 0.776202 0.847912 0.031521 0.078802
0 0.734437 0.847912 0.031521 0.078802
0 0.695823 0.847912 0.031521 0.078802
0 0.659574 0.847912 0.031521 0.078802
0 0.627266 0.847912 0.031521 0.078802
0 0.592593 0.847912 0.031521 0.078802
0 0.561860 0.847912 0.031521 0.078802
0 0.523247 0.847912 0.031521 0.078802
0 0.481481 0.847912 0.031521 0.078802
0 0.448385 0.847912 0.031521 0.078802
0 0.417652 0.847912 0.031521 0.078802
0 0.370370 0.847912 0.031521 0.078802
0 0.334121 0.847912 0.031521 0.078802
0 0.295508 0.847912 0.031521 0.078802
0 0.255319 0.847912 0.031521 0.078802
0 0.216706 0.847912 0.031521 0.078802
0 0.152088 0.781718 0.078802 0.031521
0 0.152088 0.743105 0.078802 0.031521
0 0.152088 0.689519 0.078802 0.031521
0 0.152088 0.651694 0.078802 0.031521
0 0.152088 0.581560 0.078802 0.031521
0 0.152088 0.546099 0.078802 0.031521
0 0.152088 0.509850 0.078802 0.031521
0 0.152088 0.471237 0.078802 0.031521
0 0.152088 0.403467 0.078802 0.031521
0 0.152088 0.370370 0.078802 0.031521
0 0.152088 0.338849 0.078802 0.031521
0 0.152088 0.297872 0.078802 0.031521
0 0.152088 0.246651 0.078802 0.031521
0 0.152088 0.209614 0.078802 0.031521
