0 0.217494 0.156816 0.031521 0.078802
0 0.255319 0.156816 0.031521 0.078802
0 0.291568 0.156816 0.031521 0.078802
0 0.360914 0.156816 0.031521 0.078802
0 0.393223 0.156816 0.031521 0.078802
0 0.429472 0.156816 0.031521 0.078802
0 0.465721 0.156816 0.031521 0.078802
0 0.520883 0.156816 0.031521 0.078802
0 0.549251 0.156816 0.031521 0.078802
0 0.579196 0.156816 0.031521 0.078802
0 0.609929 0.156816 0.031521 0.078802
0 0.642238 0.156816 0.031521 0.078802
0 0.691095 0.156816 0.031521 0.078802
0 0.725768 0.156816 0.031521 0.078802
0 0.760441 0.156816 0.031521 0.078802
0 0.843184 0.208826 0.078802 0.031521
0 0.843184 0.246651 0.078802 0.031521
0 0.843184 0.282112 0.078802 0.031521
0 0.843184 0.324665 0.078802 0.031521
0 0.843184 0.358550 0.078802 0.031521
0 0.843184 0.403467 0.078802 0.031521
0 0.843184 0.434200 0.078802 0.031521
0 0.843184 0.462569 0.078802 0.031521
0 0.843184 0.516942 0.078802 0.031521
0 0.843184 0.556344 0.078802 0.031521
0 0.843184 0.587076 0.078802 0.031521
0 0.843184 0.619385 0.078802 0.031521
0 0.843184 0.653270 0.078802 0.031521
0 0.843184 0.702916 0.078802 0.031521
0 0.843184 0.738377 0.078802 0.031521
0 0.843184 0.776202 0.078802 0.031521
0 0.770686 0.843184 0.031521 0.078802
0 0.729708 0.843184 0.031521 0.078802
0 0.692671 0.843184 0.031521 0.078802
0 0.657210 0.843184 0.031521 0.078802
0 0.625690 0.843184 0.031521 0.078802
0 0.592593 0.843184 0.031521 0.078802
0 0.561860 0.843184 0.031521 0.078802
0 0.523247 0.843184 0.031521 0.078802
0 0.481481 0.843184 0.031521 0.078802
0 0.449173 0.843184 0.031521 0.078802
0 0.418440 0.843184 0.031521 0.078802
0 0.371158 0.843184 0.031521 0.078802
0 0.334909 0.843184 0.031521 0.078802
0 0.297084 0.843184 0.031521 0.078802
0 0.257683 0.843184 0.031521 0.078802
0 0.219858 0.843184 0.031521 0.078802
0 0.156816 0.776990 0.078802 0.031521
0 0.156816 0.739953 0.078802 0.031521
0 0.156816 0.685579 0.078802 0.031521
0 0.156816 0.648542 0.078802 0.031521
0 0.156816 0.613081 0.078802 0.031521
0 0.156816 0.579984 0.078802 0.031521
0 0.156816 0.543735 0.078802 0.031521
0 0.156816 0.509062 0.078802 0.031521
0 0.156816 0.470449 0.078802 0.031521
0 0.156816 0.434200 0.078802 0.031521
0 0.156816 0.403467 0.078802 0.031521
0 0.156816 0.371158 0.078802 0.031521
0 0.156816 0.339638 0.078802 0.031521
0 0.156816 0.299448 0.078802 0.031521
0 0.156816 0.248227 0.078802 0.031521
0 0.156816 0.211978 0.078802 0.031521
