0 0.220646 0.161545 0.031521 0.078802
0 0.257683 0.161545 0.031521 0.078802
0 0.292356 0.161545 0.031521 0.078802
0 0.327817 0.161545 0.031521 0.078802
0 0.360914 0.161545 0.031521 0.078802
0 0.392435 0.161545 0.031521 0.078802
0 0.428684 0.161545 0.031521 0.078802
0 0.465721 0.161545 0.031521 0.078802
0 0.520883 0.161545 0.031521 0.078802
0 0.548463 0.161545 0.031521 0.078802
0 0.577620 0.161545 0.031521 0.078802
0 0.607565 0.161545 0.031521 0.078802
0 0.638298 0.161545 0.031521 0.078802
0 0.687943 0.161545 0.031521 0.078802
0 0.721040 0.161545 0.031521 0.078802
0 0.754925 0.161545 0.031521 0.078802
0 0.838455 0.210402 0.078802 0.031521
0 0.838455 0.247439 0.078802 0.031521
0 0.838455 0.282900 0.078802 0.031521
0 0.838455 0.325453 0.078802 0.031521
0 0.838455 0.357762 0.078802 0.031521
0 0.838455 0.402679 0.078802 0.031521
0 0.838455 0.433412 0.078802 0.031521
0 0.838455 0.461781 0.078802 0.031521
0 0.838455 0.516942 0.078802 0.031521
0 0.838455 0.556344 0.078802 0.031521
0 0.838455 0.587076 0.078802 0.031521
0 0.838455 0.617809 0.078802 0.031521
0 0.838455 0.650906 0.078802 0.031521
0 0.838455 0.700552 0.078802 0.031521
0 0.838455 0.736013 0.078802 0.031521
0 0.838455 0.772262 0.078802 0.031521
0 0.765957 0.838455 0.031521 0.078802
0 0.726556 0.838455 0.031521 0.078802
0 0.689519 0.838455 0.031521 0.078802
0 0.655634 0.838455 0.031521 0.078802
0 0.624901 0.838455 0.031521 0.078802
0 0.591805 0.838455 0.031521 0.078802
0 0.562648 0.838455 0.031521 0.078802
0 0.523247 0.838455 0.031521 0.078802
0 0.482270 0.838455 0.031521 0.078802
0 0.449961 0.838455 0.031521 0.078802
0 0.420016 0.838455 0.031521 0.078802
0 0.371158 0.838455 0.031521 0.078802
0 0.336485 0.838455 0.031521 0.078802
0 0.299448 0.838455 0.031521 0.078802
0 0.259259 0.838455 0.031521 0.078802
0 0.223010 0.838455 0.031521 0.078802
0 0.161545 0.773838 0.078802 0.031521
0 0.161545 0.736013 0.078802 0.031521
0 0.161545 0.680851 0.078802 0.031521
0 0.161545 0.645390 0.078802 0.031521
0 0.161545 0.609929 0.078802 0.031521
0 0.161545 0.578408 0.078802 0.031521
0 0.161545 0.542159 0.078802 0.031521
0 0.161545 0.507486 0.078802 0.031521
0 0.161545 0.469661 0.078802 0.031521
0 0.161545 0.433412 0.078802 0.031521
0 0.161545 0.403467 0.078802 0.031521
0 0.161545 0.371946 0.078802 0.031521
0 0.161545 0.341214 0.078802 0.031521
0 0.161545 0.301024 0.078802 0.031521
0 0.161545 0.249803 0.078802 0.031521
0 0.161545 0.215130 0.078802 0.031521
