0 0.223798 0.166273 0.031521 0.078802
0 0.260047 0.166273 0.031521 0.078802
0 0.294720 0.166273 0.031521 0.078802
0 0.328605 0.166273 0.031521 0.078802
0 0.360914 0.166273 0.031521 0.078802
0 0.391647 0.166273 0.031521 0.078802
0 0.428684 0.166273 0.031521 0.078802
0 0.464933 0.166273 0.031521 0.078802
0 0.520883 0.166273 0.031521 0.078802
0 0.547675 0.166273 0.031521 0.078802
0 0.576044 0.166273 0.031521 0.078802
0 0.605201 0.166273 0.031521 0.078802
0 0.635146 0.166273 0.031521 0.078802
0 0.684791 0.166273 0.031521 0.078802
0 0.717100 0.166273 0.031521 0.078802
0 0.748621 0.166273 0.031521 0.078802
0 0.833727 0.213554 0.078802 0.031521
0 0.833727 0.249015 0.078802 0.031521
0 0.833727 0.283688 0.078802 0.031521
0 0.833727 0.326241 0.078802 0.031521
0 0.833727 0.357762 0.078802 0.031521
0 0.833727 0.403467 0.078802 0.031521
0 0.833727 0.432624 0.078802 0.031521
0 0.833727 0.460205 0.078802 0.031521
0 0.833727 0.516942 0.078802 0.031521
0 0.833727 0.556344 0.078802 0.031521
0 0.833727 0.586288 0.078802 0.031521
0 0.833727 0.616233 0.078802 0.031521
0 0.833727 0.648542 0.078802 0.031521
0 0.833727 0.698976 0.078802 0.031521
0 0.833727 0.732861 0.078802 0.031521
0 0.833727 0.768322 0.078802 0.031521
0 0.762017 0.833727 0.031521 0.078802
0 0.721828 0.833727 0.031521 0.078802
0 0.686367 0.833727 0.031521 0.078802
0 0.653270 0.833727 0.031521 0.078802
0 0.623325 0.833727 0.031521 0.078802
0 0.591805 0.833727 0.031521 0.078802
0 0.562648 0.833727 0.031521 0.078802
0 0.522459 0.833727 0.031521 0.078802
0 0.482270 0.833727 0.031521 0.078802
0 0.449961 0.833727 0.031521 0.078802
0 0.420804 0.833727 0.031521 0.078802
0 0.371946 0.833727 0.031521 0.078802
0 0.337273 0.833727 0.031521 0.078802
0 0.301024 0.833727 0.031521 0.078802
0 0.262411 0.833727 0.031521 0.078802
0 0.226162 0.833727 0.031521 0.078802
0 0.166273 0.769898 0.078802 0.031521
0 0.166273 0.733649 0.078802 0.031521
0 0.166273 0.676911 0.078802 0.031521
0 0.166273 0.642238 0.078802 0.031521
0 0.166273 0.607565 0.078802 0.031521
0 0.166273 0.576044 0.078802 0.031521
0 0.166273 0.540583 0.078802 0.031521
0 0.166273 0.505910 0.078802 0.031521
0 0.166273 0.468873 0.078802 0.031521
0 0.166273 0.433412 0.078802 0.031521
0 0.166273 0.403467 0.078802 0.031521
0 0.166273 0.373522 0.078802 0.031521
0 0.166273 0.342790 0.078802 0.031521
0 0.166273 0.297084 0.078802 0.031521
0 0.166273 0.251379 0.078802 0.031521
0 0.166273 0.217494 0.078802 0.031521
