0 0.208826 0.142632 0.031521 0.078802
0 0.248227 0.142632 0.031521 0.078802
0 0.286052 0.142632 0.031521 0.078802
0 0.325453 0.142632 0.031521 0.078802
0 0.360914 0.142632 0.031521 0.078802
0 0.395587 0.142632 0.031521 0.078802
0 0.430260 0.142632 0.031521 0.078802
0 0.467297 0.142632 0.031521 0.078802
0 0.520883 0.142632 0.031521 0.078802
0 0.551615 0.142632 0.031521 0.078802
0 0.583136 0.142632 0.031521 0.078802
0 0.617809 0.142632 0.031521 0.078802
0 0.653270 0.142632 0.031521 0.078802
0 0.701340 0.142632 0.031521 0.078802
0 0.739953 0.142632 0.031521 0.078802
0 0.778566 0.142632 0.031521 0.078802
0 0.857368 0.202522 0.078802 0.031521
0 0.857368 0.241923 0.078802 0.031521
0 0.857368 0.280536 0.078802 0.031521
0 0.857368 0.323877 0.078802 0.031521
0 0.857368 0.359338 0.078802 0.031521
0 0.857368 0.402679 0.078802 0.031521
0 0.857368 0.435776 0.078802 0.031521
0 0.857368 0.465721 0.078802 0.031521
0 0.857368 0.517730 0.078802 0.031521
0 0.857368 0.557132 0.078802 0.031521
0 0.857368 0.589441 0.078802 0.031521
0 0.857368 0.624113 0.078802 0.031521
0 0.857368 0.660362 0.078802 0.031521
0 0.857368 0.708432 0.078802 0.031521
0 0.857368 0.747045 0.078802 0.031521
0 0.857368 0.787234 0.078802 0.031521
0 0.786446 0.857368 0.031521 0.078802
0 0.743105 0.857368 0.031521 0.078802
0 0.702916 0.857368 0.031521 0.078802
0 0.664303 0.857368 0.031521 0.078802
0 0.629630 0.857368 0.031521 0.078802
0 0.594957 0.857368 0.031521 0.078802
0 0.561072 0.857368 0.031521 0.078802
0 0.524035 0.857368 0.031521 0.078802
0 0.481481 0.857368 0.031521 0.078802
0 0.447597 0.857368 0.031521 0.078802
0 0.414500 0.857368 0.031521 0.078802
0 0.368794 0.857368 0.031521 0.078802
0 0.330969 0.857368 0.031521 0.078802
0 0.291568 0.857368 0.031521 0.078802
0 0.260047 0.857368 0.031521 0.078802
0 0.210402 0.857368 0.031521 0.078802
0 0.142632 0.789598 0.078802 0.031521
0 0.142632 0.749409 0.078802 0.031521
0 0.142632 0.697400 0.078802 0.031521
0 0.142632 0.658786 0.078802 0.031521
0 0.142632 0.620173 0.078802 0.031521
0 0.142632 0.585500 0.078802 0.031521
0 0.142632 0.549251 0.078802 0.031521
0 0.142632 0.513002 0.078802 0.031521
0 0.142632 0.472813 0.078802 0.031521
0 0.142632 0.436564 0.078802 0.031521
0 0.142632 0.403467 0.078802 0.031521
0 0.142632 0.368794 0.078802 0.031521
0 0.142632 0.336485 0.078802 0.031521
0 0.142632 0.293932 0.078802 0.031521
0 0.142632 0.255319 0.078802 0.031521
0 0.142632 0.204098 0.078802 0.031521
