0 0.212766 0.152876 0.031521 0.078802
0 0.251379 0.152876 0.031521 0.078802
0 0.288416 0.152876 0.031521 0.078802
0 0.325453 0.152876 0.031521 0.078802
0 0.359338 0.152876 0.031521 0.078802
0 0.392435 0.152876 0.031521 0.078802
0 0.428684 0.152876 0.031521 0.078802
0 0.464145 0.152876 0.031521 0.078802
0 0.519307 0.152876 0.031521 0.078802
0 0.548463 0.152876 0.031521 0.078802
0 0.579984 0.152876 0.031521 0.078802
0 0.610717 0.152876 0.031521 0.078802
0 0.643026 0.152876 0.031521 0.078802
0 0.693459 0.152876 0.031521 0.078802
0 0.728920 0.152876 0.031521 0.078802
0 0.764381 0.152876 0.031521 0.078802
0 0.847124 0.206462 0.078802 0.031521
0 0.847124 0.244287 0.078802 0.031521
0 0.847124 0.280536 0.078802 0.031521
0 0.847124 0.323877 0.078802 0.031521
0 0.847124 0.356974 0.078802 0.031521
0 0.847124 0.402679 0.078802 0.031521
0 0.847124 0.433412 0.078802 0.031521
0 0.847124 0.461781 0.078802 0.031521
0 0.847124 0.516154 0.078802 0.031521
0 0.847124 0.556344 0.078802 0.031521
0 0.847124 0.586288 0.078802 0.031521
0 0.847124 0.619385 0.078802 0.031521
0 0.847124 0.655634 0.078802 0.031521
0 0.847124 0.703704 0.078802 0.031521
0 0.847124 0.741529 0.078802 0.031521
0 0.847124 0.777778 0.078802 0.031521
0 0.772262 0.847124 0.031521 0.078802
0 0.731284 0.847124 0.031521 0.078802
0 0.692671 0.847124 0.031521 0.078802
0 0.657998 0.847124 0.031521 0.078802
0 0.625690 0.847124 0.031521 0.078802
0 0.592593 0.847124 0.031521 0.078802
0 0.559496 0.847124 0.031521 0.078802
0 0.521671 0.847124 0.031521 0.078802
0 0.480693 0.847124 0.031521 0.078802
0 0.447597 0.847124 0.031521 0.078802
0 0.416076 0.847124 0.031521 0.078802
0 0.368794 0.847124 0.031521 0.078802
0 0.332545 0.847124 0.031521 0.078802
0 0.293932 0.847124 0.031521 0.078802
0 0.254531 0.847124 0.031521 0.078802
0 0.215918 0.847124 0.031521 0.078802
0 0.152876 0.780930 0.078802 0.031521
0 0.152876 0.742317 0.078802 0.031521
0 0.152876 0.688731 0.078802 0.031521
0 0.152876 0.650118 0.078802 0.031521
0 0.152876 0.614657 0.078802 0.031521
0 0.152876 0.578408 0.078802 0.031521
0 0.152876 0.543735 0.078802 0.031521
0 0.152876 0.508274 0.078802 0.031521
0 0.152876 0.470449 0.078802 0.031521
0 0.152876 0.433412 0.078802 0.031521
0 0.152876 0.401103 0.078802 0.031521
0 0.152876 0.369582 0.078802 0.031521
0 0.152876 0.337273 0.078802 0.031521
0 0.152876 0.297084 0.078802 0.031521
0 0.152876 0.245863 0.078802 0.031521
0 0.152876 0.211190 0.078802 0.031521
