0 0.209614 0.148148 0.031521 0.078802
0 0.249015 0.148148 0.031521 0.078802
0 0.286840 0.148148 0.031521 0.078802
0 0.325453 0.148148 0.031521 0.078802
0 0.359338 0.148148 0.031521 0.078802
0 0.394011 0.148148 0.031521 0.078802
0 0.428684 0.148148 0.031521 0.078802
0 0.464933 0.148148 0.031521 0.078802
0 0.519307 0.148148 0.031521 0.078802
0 0.550039 0.148148 0.031521 0.078802
0 0.581560 0.148148 0.031521 0.078802
0 0.613869 0.148148 0.031521 0.078802
0 0.646966 0.148148 0.031521 0.078802
0 0.697400 0.148148 0.031521 0.078802
0 0.733649 0.148148 0.031521 0.078802
0 0.771474 0.148148 0.031521 0.078802
0 0.851852 0.204886 0.078802 0.031521
0 0.851852 0.242711 0.078802 0.031521
0 0.851852 0.280536 0.078802 0.031521
0 0.851852 0.323877 0.078802 0.031521
0 0.851852 0.358550 0.078802 0.031521
0 0.851852 0.402679 0.078802 0.031521
0 0.851852 0.434200 0.078802 0.031521
0 0.851852 0.463357 0.078802 0.031521
0 0.851852 0.516154 0.078802 0.031521
0 0.851852 0.557132 0.078802 0.031521
0 0.851852 0.587076 0.078802 0.031521
0 0.851852 0.621749 0.078802 0.031521
0 0.851852 0.657998 0.078802 0.031521
0 0.851852 0.706068 0.078802 0.031521
0 0.851852 0.744681 0.078802 0.031521
0 0.851852 0.781718 0.078802 0.031521
0 0.777778 0.851852 0.031521 0.078802
0 0.736013 0.851852 0.031521 0.078802
0 0.695823 0.851852 0.031521 0.078802
0 0.660362 0.851852 0.031521 0.078802
0 0.627266 0.851852 0.031521 0.078802
0 0.593381 0.851852 0.031521 0.078802
0 0.559496 0.851852 0.031521 0.078802
0 0.522459 0.851852 0.031521 0.078802
0 0.480693 0.851852 0.031521 0.078802
0 0.446809 0.851852 0.031521 0.078802
0 0.414500 0.851852 0.031521 0.078802
0 0.368794 0.851852 0.031521 0.078802
0 0.330969 0.851852 0.031521 0.078802
0 0.291568 0.851852 0.031521 0.078802
0 0.252167 0.851852 0.031521 0.078802
0 0.212766 0.851852 0.031521 0.078802
0 0.148148 0.784870 0.078802 0.031521
0 0.148148 0.745469 0.078802 0.031521
0 0.148148 0.692671 0.078802 0.031521
0 0.148148 0.654058 0.078802 0.031521
0 0.148148 0.617021 0.078802 0.031521
0 0.148148 0.579984 0.078802 0.031521
0 0.148148 0.545311 0.078802 0.031521
0 0.148148 0.509850 0.078802 0.031521
0 0.148148 0.471237 0.078802 0.031521
0 0.148148 0.434200 0.078802 0.031521
0 0.148148 0.401891 0.078802 0.031521
0 0.148148 0.368006 0.078802 0.031521
0 0.148148 0.336485 0.078802 0.031521
0 0.148148 0.295508 0.078802 0.031521
0 0.148148 0.244287 0.078802 0.031521
0 0.148148 0.208038 0.078802 0.031521
