0 0.203310 0.138692 0.031521 0.078802
0 0.245075 0.138692 0.031521 0.078802
0 0.284476 0.138692 0.031521 0.078802
0 0.323877 0.138692 0.031521 0.078802
0 0.360126 0.138692 0.031521 0.078802
0 0.395587 0.138692 0.031521 0.078802
0 0.429472 0.138692 0.031521 0.078802
0 0.466509 0.138692 0.031521 0.078802
0 0.520095 0.138692 0.031521 0.078802
0 0.551615 0.138692 0.031521 0.078802
0 0.584712 0.138692 0.031521 0.078802
0 0.619385 0.138692 0.031521 0.078802
0 0.654846 0.138692 0.031521 0.078802
0 0.703704 0.138692 0.031521 0.078802
0 0.743105 0.138692 0.031521 0.078802
0 0.783294 0.138692 0.031521 0.078802
0 0.861308 0.200946 0.078802 0.031521
0 0.861308 0.241135 0.078802 0.031521
0 0.861308 0.279748 0.078802 0.031521
0 0.861308 0.323089 0.078802 0.031521
0 0.861308 0.359338 0.078802 0.031521
0 0.861308 0.402679 0.078802 0.031521
0 0.861308 0.435776 0.078802 0.031521
0 0.861308 0.465721 0.078802 0.031521
0 0.861308 0.516942 0.078802 0.031521
0 0.861308 0.557920 0.078802 0.031521
0 0.861308 0.589441 0.078802 0.031521
0 0.861308 0.625690 0.078802 0.031521
0 0.861308 0.663515 0.078802 0.031521
0 0.861308 0.710796 0.078802 0.031521
0 0.861308 0.750985 0.078802 0.031521
0 0.861308 0.789598 0.078802 0.031521
0 0.788810 0.861308 0.031521 0.078802
0 0.745469 0.861308 0.031521 0.078802
0 0.703704 0.861308 0.031521 0.078802
0 0.665091 0.861308 0.031521 0.078802
0 0.629630 0.861308 0.031521 0.078802
0 0.594957 0.861308 0.031521 0.078802
0 0.559496 0.861308 0.031521 0.078802
0 0.523247 0.861308 0.031521 0.078802
0 0.480693 0.861308 0.031521 0.078802
0 0.446020 0.861308 0.031521 0.078802
0 0.412136 0.861308 0.031521 0.078802
0 0.367218 0.861308 0.031521 0.078802
0 0.328605 0.861308 0.031521 0.078802
0 0.288416 0.861308 0.031521 0.078802
0 0.248227 0.861308 0.031521 0.078802
0 0.207250 0.861308 0.031521 0.078802
0 0.138692 0.793538 0.078802 0.031521
0 0.138692 0.752561 0.078802 0.031521
0 0.138692 0.702128 0.078802 0.031521
0 0.138692 0.661151 0.078802 0.031521
0 0.138692 0.622537 0.078802 0.031521
0 0.138692 0.584712 0.078802 0.031521
0 0.138692 0.549251 0.078802 0.031521
0 0.138692 0.513790 0.078802 0.031521
0 0.138692 0.473601 0.078802 0.031521
0 0.138692 0.436564 0.078802 0.031521
0 0.138692 0.401891 0.078802 0.031521
0 0.138692 0.368006 0.078802 0.031521
0 0.138692 0.334909 0.078802 0.031521
0 0.138692 0.292356 0.078802 0.031521
0 0.138692 0.241923 0.078802 0.031521
0 0.138692 0.202522 0.078802 0.031521
