0 0.216706 0.157604 0.031521 0.078802
0 0.253743 0.157604 0.031521 0.078802
0 0.289204 0.157604 0.031521 0.078802
0 0.326241 0.157604 0.031521 0.078802
0 0.359338 0.157604 0.031521 0.078802
0 0.391647 0.157604 0.031521 0.078802
0 0.427896 0.157604 0.031521 0.078802
0 0.463357 0.157604 0.031521 0.078802
0 0.519307 0.157604 0.031521 0.078802
0 0.547675 0.157604 0.031521 0.078802
0 0.578408 0.157604 0.031521 0.078802
0 0.608353 0.157604 0.031521 0.078802
0 0.639874 0.157604 0.031521 0.078802
0 0.690307 0.157604 0.031521 0.078802
0 0.724980 0.157604 0.031521 0.078802
0 0.759653 0.157604 0.031521 0.078802
0 0.842396 0.208826 0.078802 0.031521
0 0.842396 0.245863 0.078802 0.031521
0 0.842396 0.281324 0.078802 0.031521
0 0.842396 0.323877 0.078802 0.031521
0 0.842396 0.356974 0.078802 0.031521
0 0.842396 0.402679 0.078802 0.031521
0 0.842396 0.432624 0.078802 0.031521
0 0.842396 0.460993 0.078802 0.031521
0 0.842396 0.515366 0.078802 0.031521
0 0.842396 0.555556 0.078802 0.031521
0 0.842396 0.585500 0.078802 0.031521
0 0.842396 0.617809 0.078802 0.031521
0 0.842396 0.653270 0.078802 0.031521
0 0.842396 0.701340 0.078802 0.031521
0 0.842396 0.738377 0.078802 0.031521
0 0.842396 0.773050 0.078802 0.031521
0 0.766745 0.842396 0.031521 0.078802
0 0.727344 0.842396 0.031521 0.078802
0 0.688731 0.842396 0.031521 0.078802
0 0.655634 0.842396 0.031521 0.078802
0 0.624113 0.842396 0.031521 0.078802
0 0.591805 0.842396 0.031521 0.078802
0 0.560284 0.842396 0.031521 0.078802
0 0.521671 0.842396 0.031521 0.078802
0 0.481481 0.842396 0.031521 0.078802
0 0.447597 0.842396 0.031521 0.078802
0 0.417652 0.842396 0.031521 0.078802
0 0.370370 0.842396 0.031521 0.078802
0 0.333333 0.842396 0.031521 0.078802
0 0.295508 0.842396 0.031521 0.078802
0 0.256895 0.842396 0.031521 0.078802
0 0.219070 0.842396 0.031521 0.078802
0 0.157604 0.776990 0.078802 0.031521
0 0.157604 0.739165 0.078802 0.031521
0 0.157604 0.684791 0.078802 0.031521
0 0.157604 0.646966 0.078802 0.031521
0 0.157604 0.612293 0.078802 0.031521
0 0.157604 0.576832 0.078802 0.031521
0 0.157604 0.542159 0.078802 0.031521
0 0.157604 0.506698 0.078802 0.031521
0 0.157604 0.468873 0.078802 0.031521
0 0.157604 0.432624 0.078802 0.031521
0 0.157604 0.401103 0.078802 0.031521
0 0.157604 0.369582 0.078802 0.031521
0 0.157604 0.338849 0.078802 0.031521
0 0.157604 0.298660 0.078802 0.031521
0 0.157604 0.248227 0.078802 0.031521
0 0.157604 0.212766 0.078802 0.031521
