0 0.223010 0.167061 0.031521 0.078802
0 0.257683 0.167061 0.031521 0.078802
0 0.293144 0.167061 0.031521 0.078802
0 0.358550 0.167061 0.031521 0.078802
0 0.389283 0.167061 0.031521 0.078802
0 0.427896 0.167061 0.031521 0.078802
0 0.461781 0.167061 0.031521 0.078802
0 0.518519 0.167061 0.031521 0.078802
0 0.546099 0.167061 0.031521 0.078802
0 0.575256 0.167061 0.031521 0.078802
0 0.603625 0.167061 0.031521 0.078802
0 0.631994 0.167061 0.031521 0.078802
0 0.684003 0.167061 0.031521 0.078802
0 0.716312 0.167061 0.031521 0.078802
0 0.747045 0.167061 0.031521 0.078802
0 0.832939 0.248227 0.078802 0.031521
0 0.832939 0.282112 0.078802 0.031521
0 0.832939 0.324665 0.078802 0.031521
0 0.832939 0.356974 0.078802 0.031521
0 0.832939 0.402679 0.078802 0.031521
0 0.832939 0.431048 0.078802 0.031521
0 0.832939 0.458629 0.078802 0.031521
0 0.832939 0.515366 0.078802 0.031521
0 0.832939 0.555556 0.078802 0.031521
0 0.832939 0.583136 0.078802 0.031521
0 0.832939 0.614657 0.078802 0.031521
0 0.832939 0.648542 0.078802 0.031521
0 0.832939 0.696612 0.078802 0.031521
0 0.832939 0.732072 0.078802 0.031521
0 0.832939 0.765169 0.078802 0.031521
0 0.756501 0.832939 0.031521 0.078802
0 0.719464 0.832939 0.031521 0.078802
0 0.681639 0.832939 0.031521 0.078802
0 0.650906 0.832939 0.031521 0.078802
0 0.621749 0.832939 0.031521 0.078802
0 0.591017 0.832939 0.031521 0.078802
0 0.560284 0.832939 0.031521 0.078802
0 0.520883 0.832939 0.031521 0.078802
0 0.481481 0.832939 0.031521 0.078802
0 0.448385 0.832939 0.031521 0.078802
0 0.419228 0.832939 0.031521 0.078802
0 0.371158 0.832939 0.031521 0.078802
0 0.298660 0.832939 0.031521 0.078802
0 0.260835 0.832939 0.031521 0.078802
0 0.225374 0.832939 0.031521 0.078802
0 0.167061 0.768322 0.078802 0.031521
0 0.167061 0.732861 0.078802 0.031521
0 0.167061 0.676123 0.078802 0.031521
0 0.167061 0.640662 0.078802 0.031521
0 0.167061 0.606777 0.078802 0.031521
0 0.167061 0.572892 0.078802 0.031521
0 0.167061 0.538219 0.078802 0.031521
0 0.167061 0.503546 0.078802 0.031521
0 0.167061 0.467297 0.078802 0.031521
0 0.167061 0.431048 0.078802 0.031521
0 0.167061 0.400315 0.078802 0.031521
0 0.167061 0.370370 0.078802 0.031521
0 0.167061 0.334909 0.078802 0.031521
0 0.167061 0.301812 0.078802 0.031521
0 0.167061 0.250591 0.078802 0.031521
0 0.167061 0.218282 0.078802 0.031521
