0 0.219070 0.162333 0.031521 0.078802
0 0.255319 0.162333 0.031521 0.078802
0 0.290780 0.162333 0.031521 0.078802
0 0.327029 0.162333 0.031521 0.078802
0 0.358550 0.162333 0.031521 0.078802
0 0.390859 0.162333 0.031521 0.078802
0 0.427896 0.162333 0.031521 0.078802
0 0.462569 0.162333 0.031521 0.078802
0 0.518519 0.162333 0.031521 0.078802
0 0.546887 0.162333 0.031521 0.078802
0 0.576832 0.162333 0.031521 0.078802
0 0.605989 0.162333 0.031521 0.078802
0 0.635934 0.162333 0.031521 0.078802
0 0.721040 0.162333 0.031521 0.078802
0 0.753349 0.162333 0.031521 0.078802
0 0.837667 0.211190 0.078802 0.031521
0 0.837667 0.246651 0.078802 0.031521
0 0.837667 0.281324 0.078802 0.031521
0 0.837667 0.325453 0.078802 0.031521
0 0.837667 0.356974 0.078802 0.031521
0 0.837667 0.402679 0.078802 0.031521
0 0.837667 0.431836 0.078802 0.031521
0 0.837667 0.459417 0.078802 0.031521
0 0.837667 0.515366 0.078802 0.031521
0 0.837667 0.555556 0.078802 0.031521
0 0.837667 0.583924 0.078802 0.031521
0 0.837667 0.616233 0.078802 0.031521
0 0.837667 0.650906 0.078802 0.031521
0 0.837667 0.698976 0.078802 0.031521
0 0.837667 0.735225 0.078802 0.031521
0 0.837667 0.769110 0.078802 0.031521
0 0.762017 0.837667 0.031521 0.078802
0 0.722616 0.837667 0.031521 0.078802
0 0.684791 0.837667 0.031521 0.078802
0 0.653270 0.837667 0.031521 0.078802
0 0.622537 0.837667 0.031521 0.078802
0 0.591017 0.837667 0.031521 0.078802
0 0.559496 0.837667 0.031521 0.078802
0 0.520883 0.837667 0.031521 0.078802
0 0.481481 0.837667 0.031521 0.078802
0 0.418440 0.837667 0.031521 0.078802
0 0.370370 0.837667 0.031521 0.078802
0 0.334909 0.837667 0.031521 0.078802
0 0.297084 0.837667 0.031521 0.078802
0 0.258471 0.837667 0.031521 0.078802
0 0.222222 0.837667 0.031521 0.078802
0 0.162333 0.772262 0.078802 0.031521
0 0.162333 0.736013 0.078802 0.031521
0 0.162333 0.680063 0.078802 0.031521
0 0.162333 0.643814 0.078802 0.031521
0 0.162333 0.609141 0.078802 0.031521
0 0.162333 0.574468 0.078802 0.031521
0 0.162333 0.539795 0.078802 0.031521
0 0.162333 0.505122 0.078802 0.031521
0 0.162333 0.468085 0.078802 0.031521
0 0.162333 0.431836 0.078802 0.031521
0 0.162333 0.401103 0.078802 0.031521
0 0.162333 0.369582 0.078802 0.031521
0 0.162333 0.339638 0.078802 0.031521
0 0.162333 0.300236 0.078802 0.031521
0 0.162333 0.249015 0.078802 0.031521
0 0.162333 0.215130 0.078802 0.031521
