0 0.207250 0.143420 0.031521 0.078802
0 0.247439 0.143420 0.031521 0.078802
0 0.285264 0.143420 0.031521 0.078802
0 0.324665 0.143420 0.031521 0.078802
0 0.360126 0.143420 0.031521 0.078802
0 0.394799 0.143420 0.031521 0.078802
0 0.429472 0.143420 0.031521 0.078802
0 0.464933 0.143420 0.031521 0.078802
0 0.519307 0.143420 0.031521 0.078802
0 0.550827 0.143420 0.031521 0.078802
0 0.583136 0.143420 0.031521 0.078802
0 0.616233 0.143420 0.031521 0.078802
0 0.651694 0.143420 0.031521 0.078802
0 0.700552 0.143420 0.031521 0.078802
0 0.738377 0.143420 0.031521 0.078802
0 0.776990 0.143420 0.031521 0.078802
0 0.856580 0.202522 0.078802 0.031521
0 0.856580 0.241923 0.078802 0.031521
0 0.856580 0.279748 0.078802 0.031521
0 0.856580 0.323089 0.078802 0.031521
0 0.856580 0.358550 0.078802 0.031521
0 0.856580 0.402679 0.078802 0.031521
0 0.856580 0.434988 0.078802 0.031521
0 0.856580 0.464933 0.078802 0.031521
0 0.856580 0.516942 0.078802 0.031521
0 0.856580 0.557920 0.078802 0.031521
0 0.856580 0.587864 0.078802 0.031521
0 0.856580 0.623325 0.078802 0.031521
0 0.856580 0.661151 0.078802 0.031521
0 0.856580 0.708432 0.078802 0.031521
0 0.856580 0.747833 0.078802 0.031521
0 0.856580 0.785658 0.078802 0.031521
0 0.783294 0.856580 0.031521 0.078802
0 0.740741 0.856580 0.031521 0.078802
0 0.699764 0.856580 0.031521 0.078802
0 0.662727 0.856580 0.031521 0.078802
0 0.628842 0.856580 0.031521 0.078802
0 0.594169 0.856580 0.031521 0.078802
0 0.559496 0.856580 0.031521 0.078802
0 0.522459 0.856580 0.031521 0.078802
0 0.480693 0.856580 0.031521 0.078802
0 0.446020 0.856580 0.031521 0.078802
0 0.413712 0.856580 0.031521 0.078802
0 0.368006 0.856580 0.031521 0.078802
0 0.330181 0.856580 0.031521 0.078802
0 0.289992 0.856580 0.031521 0.078802
0 0.249803 0.856580 0.031521 0.078802
0 0.210402 0.856580 0.031521 0.078802
0 0.143420 0.788810 0.078802 0.031521
0 0.143420 0.749409 0.078802 0.031521
0 0.143420 0.697400 0.078802 0.031521
0 0.143420 0.657210 0.078802 0.031521
0 0.143420 0.620173 0.078802 0.031521
0 0.143420 0.582348 0.078802 0.031521
0 0.143420 0.547675 0.078802 0.031521
0 0.143420 0.511426 0.078802 0.031521
0 0.143420 0.472025 0.078802 0.031521
0 0.143420 0.434988 0.078802 0.031521
0 0.143420 0.401891 0.078802 0.031521
0 0.143420 0.368006 0.078802 0.031521
0 0.143420 0.335697 0.078802 0.031521
0 0.143420 0.293932 0.078802 0.031521
0 0.143420 0.243499 0.078802 0.031521
0 0.143420 0.205674 0.078802 0.031521
