0 0.209358 0.145123 0.031721 0.079302
0 0.249009 0.145123 0.031721 0.079302
0 0.287074 0.145123 0.031721 0.079302
0 0.325139 0.145123 0.031721 0.079302
0 0.360032 0.145123 0.031721 0.079302
0 0.394925 0.145123 0.031721 0.079302
0 0.429025 0.145123 0.031721 0.079302
0 0.463918 0.145123 0.031721 0.079302
0 0.517843 0.145123 0.031721 0.079302
0 0.548771 0.145123 0.031721 0.079302
0 0.581285 0.145123 0.031721 0.079302
0 0.613006 0.145123 0.031721 0.079302
0 0.647105 0.145123 0.031721 0.079302
0 0.695480 0.145123 0.031721 0.079302
0 0.734338 0.145123 0.031721 0.079302
0 0.774782 0.145123 0.031721 0.079302
0 0.854877 0.212530 0.079302 0.031721
0 0.854877 0.252181 0.079302 0.031721
0 0.854877 0.291832 0.079302 0.031721
0 0.854877 0.335448 0.079302 0.031721
0 0.854877 0.371134 0.079302 0.031721
0 0.854877 0.413957 0.079302 0.031721
0 0.854877 0.447264 0.079302 0.031721
0 0.854877 0.475020 0.079302 0.031721
0 0.854877 0.525773 0.079302 0.031721
0 0.854877 0.569389 0.079302 0.031721
0 0.854877 0.601110 0.079302 0.031721
0 0.854877 0.636003 0.079302 0.031721
0 0.854877 0.671689 0.079302 0.031721
0 0.854877 0.720063 0.079302 0.031721
0 0.854877 0.758128 0.079302 0.031721
0 0.854877 0.798573 0.079302 0.031721
0 0.778747 0.854877 0.031721 0.079302
0 0.735924 0.854877 0.031721 0.079302
0 0.697066 0.854877 0.031721 0.079302
0 0.661380 0.854877 0.031721 0.079302
0 0.627280 0.854877 0.031721 0.079302
0 0.593973 0.854877 0.031721 0.079302
0 0.560666 0.854877 0.031721 0.079302
0 0.521015 0.854877 0.031721 0.079302
0 0.478192 0.854877 0.031721 0.079302
0 0.444092 0.854877 0.031721 0.079302
0 0.411578 0.854877 0.031721 0.079302
0 0.364790 0.854877 0.031721 0.079302
0 0.328311 0.854877 0.031721 0.079302
0 0.289453 0.854877 0.031721 0.079302
0 0.249009 0.854877 0.031721 0.079302
0 0.211737 0.854877 0.031721 0.079302
0 0.145123 0.793814 0.079302 0.031721
0 0.145123 0.753370 0.079302 0.031721
0 0.145123 0.702617 0.079302 0.031721
0 0.145123 0.662966 0.079302 0.031721
0 0.145123 0.626487 0.079302 0.031721
0 0.145123 0.592387 0.079302 0.031721
0 0.145123 0.551943 0.079302 0.031721
0 0.145123 0.516257 0.079302 0.031721
0 0.145123 0.478985 0.079302 0.031721
0 0.145123 0.445678 0.079302 0.031721
0 0.145123 0.412371 0.079302 0.031721
0 0.145123 0.377478 0.079302 0.031721
0 0.145123 0.340206 0.079302 0.031721
0 0.145123 0.291832 0.079302 0.031721
0 0.145123 0.249009 0.079302 0.031721
0 0.145123 0.208565 0.079302 0.031721
