0 0.212530 0.149881 0.031721 0.079302
0 0.251388 0.149881 0.031721 0.079302
0 0.288660 0.149881 0.031721 0.079302
0 0.326725 0.149881 0.031721 0.079302
0 0.360032 0.149881 0.031721 0.079302
0 0.394132 0.149881 0.031721 0.079302
0 0.428232 0.149881 0.031721 0.079302
0 0.463125 0.149881 0.031721 0.079302
0 0.517843 0.149881 0.031721 0.079302
0 0.547978 0.149881 0.031721 0.079302
0 0.578906 0.149881 0.031721 0.079302
0 0.609833 0.149881 0.031721 0.079302
0 0.642347 0.149881 0.031721 0.079302
0 0.692308 0.149881 0.031721 0.079302
0 0.728787 0.149881 0.031721 0.079302
0 0.769231 0.149881 0.031721 0.079302
0 0.850119 0.216495 0.079302 0.031721
0 0.850119 0.255353 0.079302 0.031721
0 0.850119 0.293418 0.079302 0.031721
0 0.850119 0.337034 0.079302 0.031721
0 0.850119 0.372720 0.079302 0.031721
0 0.850119 0.414750 0.079302 0.031721
0 0.850119 0.447264 0.079302 0.031721
0 0.850119 0.474227 0.079302 0.031721
0 0.850119 0.526566 0.079302 0.031721
0 0.850119 0.570182 0.079302 0.031721
0 0.850119 0.601903 0.079302 0.031721
0 0.850119 0.636003 0.079302 0.031721
0 0.850119 0.670896 0.079302 0.031721
0 0.850119 0.719270 0.079302 0.031721
0 0.850119 0.757335 0.079302 0.031721
0 0.850119 0.796987 0.079302 0.031721
0 0.772403 0.850119 0.031721 0.079302
0 0.731959 0.850119 0.031721 0.079302
0 0.692308 0.850119 0.031721 0.079302
0 0.659001 0.850119 0.031721 0.079302
0 0.625694 0.850119 0.031721 0.079302
0 0.593973 0.850119 0.031721 0.079302
0 0.560666 0.850119 0.031721 0.079302
0 0.520222 0.850119 0.031721 0.079302
0 0.478192 0.850119 0.031721 0.079302
0 0.444885 0.850119 0.031721 0.079302
0 0.413164 0.850119 0.031721 0.079302
0 0.364790 0.850119 0.031721 0.079302
0 0.329104 0.850119 0.031721 0.079302
0 0.290246 0.850119 0.031721 0.079302
0 0.251388 0.850119 0.031721 0.079302
0 0.214909 0.850119 0.031721 0.079302
0 0.149881 0.790642 0.079302 0.031721
0 0.149881 0.750991 0.079302 0.031721
0 0.149881 0.700238 0.079302 0.031721
0 0.149881 0.661380 0.079302 0.031721
0 0.149881 0.624901 0.079302 0.031721
0 0.149881 0.592387 0.079302 0.031721
0 0.149881 0.546392 0.079302 0.031721
0 0.149881 0.515464 0.079302 0.031721
0 0.149881 0.478192 0.079302 0.031721
0 0.149881 0.445678 0.079302 0.031721
0 0.149881 0.413164 0.079302 0.031721
0 0.149881 0.341792 0.079302 0.031721
0 0.149881 0.298969 0.079302 0.031721
0 0.149881 0.251388 0.079302 0.031721
0 0.149881 0.212530 0.079302 0.031721
