0 0.203807 0.135607 0.031721 0.079302
0 0.244251 0.135607 0.031721 0.079302
0 0.283902 0.135607 0.031721 0.079302
0 0.324346 0.135607 0.031721 0.079302
0 0.360825 0.135607 0.031721 0.079302
0 0.396511 0.135607 0.031721 0.079302
0 0.429025 0.135607 0.031721 0.079302
0 0.465504 0.135607 0.031721 0.079302
0 0.518636 0.135607 0.031721 0.079302
0 0.551150 0.135607 0.031721 0.079302
0 0.585250 0.135607 0.031721 0.079302
0 0.619350 0.135607 0.031721 0.079302
0 0.655036 0.135607 0.031721 0.079302
0 0.703410 0.135607 0.031721 0.079302
0 0.743854 0.135607 0.031721 0.079302
0 0.786677 0.135607 0.031721 0.079302
0 0.864393 0.204600 0.079302 0.031721
0 0.864393 0.245837 0.079302 0.031721
0 0.864393 0.287074 0.079302 0.031721
0 0.864393 0.368755 0.079302 0.031721
0 0.864393 0.411578 0.079302 0.031721
0 0.864393 0.445678 0.079302 0.031721
0 0.864393 0.475020 0.079302 0.031721
0 0.864393 0.524187 0.079302 0.031721
0 0.864393 0.567010 0.079302 0.031721
0 0.864393 0.600317 0.079302 0.031721
0 0.864393 0.636796 0.079302 0.031721
0 0.864393 0.673275 0.079302 0.031721
0 0.864393 0.720856 0.079302 0.031721
0 0.864393 0.761301 0.079302 0.031721
0 0.864393 0.802538 0.079302 0.031721
0 0.789849 0.864393 0.031721 0.079302
0 0.745440 0.864393 0.031721 0.079302
0 0.704203 0.864393 0.031721 0.079302
0 0.666138 0.864393 0.031721 0.079302
0 0.630452 0.864393 0.031721 0.079302
0 0.595559 0.864393 0.031721 0.079302
0 0.560666 0.864393 0.031721 0.079302
0 0.521808 0.864393 0.031721 0.079302
0 0.478192 0.864393 0.031721 0.079302
0 0.444092 0.864393 0.031721 0.079302
0 0.409992 0.864393 0.031721 0.079302
0 0.363997 0.864393 0.031721 0.079302
0 0.326725 0.864393 0.031721 0.079302
0 0.285488 0.864393 0.031721 0.079302
0 0.245044 0.864393 0.031721 0.079302
0 0.205393 0.864393 0.031721 0.079302
0 0.135607 0.800159 0.079302 0.031721
0 0.135607 0.757335 0.079302 0.031721
0 0.135607 0.708961 0.079302 0.031721
0 0.135607 0.667724 0.079302 0.031721
0 0.135607 0.629659 0.079302 0.031721
0 0.135607 0.593973 0.079302 0.031721
0 0.135607 0.554322 0.079302 0.031721
0 0.135607 0.517843 0.079302 0.031721
0 0.135607 0.478985 0.079302 0.031721
0 0.135607 0.444092 0.079302 0.031721
0 0.135607 0.409199 0.079302 0.031721
0 0.135607 0.373513 0.079302 0.031721
0 0.135607 0.336241 0.079302 0.031721
0 0.135607 0.306899 0.079302 0.031721
0 0.135607 0.282316 0.079302 0.031721
0 0.135607 0.243458 0.079302 0.031721
0 0.135607 0.201427 0.079302 0.031721
