0 0.215702 0.154639 0.031721 0.079302
0 0.252974 0.154639 0.031721 0.079302
0 0.289453 0.154639 0.031721 0.079302
0 0.326725 0.154639 0.031721 0.079302
0 0.360032 0.154639 0.031721 0.079302
0 0.392546 0.154639 0.031721 0.079302
0 0.427439 0.154639 0.031721 0.079302
0 0.463125 0.154639 0.031721 0.079302
0 0.517843 0.154639 0.031721 0.079302
0 0.546392 0.154639 0.031721 0.079302
0 0.576527 0.154639 0.031721 0.079302
0 0.606661 0.154639 0.031721 0.079302
0 0.638382 0.154639 0.031721 0.079302
0 0.687550 0.154639 0.031721 0.079302
0 0.724029 0.154639 0.031721 0.079302
0 0.762887 0.154639 0.031721 0.079302
0 0.845361 0.220460 0.079302 0.031721
0 0.845361 0.258525 0.079302 0.031721
0 0.845361 0.295797 0.079302 0.031721
0 0.845361 0.339413 0.079302 0.031721
0 0.845361 0.373513 0.079302 0.031721
0 0.845361 0.416336 0.079302 0.031721
0 0.845361 0.448057 0.079302 0.031721
0 0.845361 0.475020 0.079302 0.031721
0 0.845361 0.527359 0.079302 0.031721
0 0.845361 0.571768 0.079302 0.031721
0 0.845361 0.601903 0.079302 0.031721
0 0.845361 0.635210 0.079302 0.031721
0 0.845361 0.670103 0.079302 0.031721
0 0.845361 0.718477 0.079302 0.031721
0 0.845361 0.755749 0.079302 0.031721
0 0.845361 0.794607 0.079302 0.031721
0 0.767645 0.845361 0.031721 0.079302
0 0.727201 0.845361 0.031721 0.079302
0 0.689136 0.845361 0.031721 0.079302
0 0.656622 0.845361 0.031721 0.079302
0 0.624108 0.845361 0.031721 0.079302
0 0.592387 0.845361 0.031721 0.079302
0 0.515464 0.845361 0.031721 0.079302
0 0.478192 0.845361 0.031721 0.079302
0 0.444885 0.845361 0.031721 0.079302
0 0.413957 0.845361 0.031721 0.079302
0 0.364790 0.845361 0.031721 0.079302
0 0.329897 0.845361 0.031721 0.079302
0 0.291832 0.845361 0.031721 0.079302
0 0.252974 0.845361 0.031721 0.079302
0 0.218081 0.845361 0.031721 0.079302
0 0.154639 0.787470 0.079302 0.031721
0 0.154639 0.749405 0.079302 0.031721
0 0.154639 0.697066 0.079302 0.031721
0 0.154639 0.659794 0.079302 0.031721
0 0.154639 0.624108 0.079302 0.031721
0 0.154639 0.591594 0.079302 0.031721
0 0.154639 0.550357 0.079302 0.031721
0 0.154639 0.514671 0.079302 0.031721
0 0.154639 0.478192 0.079302 0.031721
0 0.154639 0.446471 0.079302 0.031721
0 0.154639 0.414750 0.079302 0.031721
0 0.154639 0.381443 0.079302 0.031721
0 0.154639 0.344171 0.079302 0.031721
0 0.154639 0.301348 0.079302 0.031721
0 0.154639 0.254560 0.079302 0.031721
