0 0.218874 0.159397 0.031721 0.079302
0 0.255353 0.159397 0.031721 0.079302
0 0.291039 0.159397 0.031721 0.079302
0 0.327518 0.159397 0.031721 0.079302
0 0.360032 0.159397 0.031721 0.079302
0 0.391753 0.159397 0.031721 0.079302
0 0.427439 0.159397 0.031721 0.079302
0 0.462331 0.159397 0.031721 0.079302
0 0.517050 0.159397 0.031721 0.079302
0 0.545599 0.159397 0.031721 0.079302
0 0.574941 0.159397 0.031721 0.079302
0 0.604282 0.159397 0.031721 0.079302
0 0.634417 0.159397 0.031721 0.079302
0 0.684377 0.159397 0.031721 0.079302
0 0.719270 0.159397 0.031721 0.079302
0 0.756542 0.159397 0.031721 0.079302
0 0.840603 0.223632 0.079302 0.031721
0 0.840603 0.260904 0.079302 0.031721
0 0.840603 0.298176 0.079302 0.031721
0 0.840603 0.340999 0.079302 0.031721
0 0.840603 0.375099 0.079302 0.031721
0 0.840603 0.417922 0.079302 0.031721
0 0.840603 0.448850 0.079302 0.031721
0 0.840603 0.475020 0.079302 0.031721
0 0.840603 0.528152 0.079302 0.031721
0 0.840603 0.572561 0.079302 0.031721
0 0.840603 0.602696 0.079302 0.031721
0 0.840603 0.635210 0.079302 0.031721
0 0.840603 0.668517 0.079302 0.031721
0 0.840603 0.718477 0.079302 0.031721
0 0.840603 0.754163 0.079302 0.031721
0 0.840603 0.793021 0.079302 0.031721
0 0.761301 0.840603 0.031721 0.079302
0 0.721649 0.840603 0.031721 0.079302
0 0.685170 0.840603 0.031721 0.079302
0 0.591594 0.840603 0.031721 0.079302
0 0.561459 0.840603 0.031721 0.079302
0 0.478192 0.840603 0.031721 0.079302
0 0.445678 0.840603 0.031721 0.079302
0 0.414750 0.840603 0.031721 0.079302
0 0.365583 0.840603 0.031721 0.079302
0 0.330690 0.840603 0.031721 0.079302
0 0.293418 0.840603 0.031721 0.079302
0 0.255353 0.840603 0.031721 0.079302
0 0.222046 0.840603 0.031721 0.079302
0 0.159397 0.785091 0.079302 0.031721
0 0.159397 0.747026 0.079302 0.031721
0 0.159397 0.694687 0.079302 0.031721
0 0.159397 0.657415 0.079302 0.031721
0 0.159397 0.622522 0.079302 0.031721
0 0.159397 0.549564 0.079302 0.031721
0 0.159397 0.514671 0.079302 0.031721
0 0.159397 0.478192 0.079302 0.031721
0 0.159397 0.447264 0.079302 0.031721
0 0.159397 0.415543 0.079302 0.031721
0 0.159397 0.383029 0.079302 0.031721
0 0.159397 0.345757 0.079302 0.031721
0 0.159397 0.304520 0.079302 0.031721
0 0.159397 0.257732 0.079302 0.031721
0 0.159397 0.219667 0.079302 0.031721
