0 0.222046 0.164155 0.031721 0.079302
0 0.258525 0.164155 0.031721 0.079302
0 0.292625 0.164155 0.031721 0.079302
0 0.328311 0.164155 0.031721 0.079302
0 0.360032 0.164155 0.031721 0.079302
0 0.391753 0.164155 0.031721 0.079302
0 0.426646 0.164155 0.031721 0.079302
0 0.461538 0.164155 0.031721 0.079302
0 0.517050 0.164155 0.031721 0.079302
0 0.544806 0.164155 0.031721 0.079302
0 0.573354 0.164155 0.031721 0.079302
0 0.601110 0.164155 0.031721 0.079302
0 0.630452 0.164155 0.031721 0.079302
0 0.680412 0.164155 0.031721 0.079302
0 0.714512 0.164155 0.031721 0.079302
0 0.750991 0.164155 0.031721 0.079302
0 0.835845 0.227597 0.079302 0.031721
0 0.835845 0.264076 0.079302 0.031721
0 0.835845 0.299762 0.079302 0.031721
0 0.835845 0.343378 0.079302 0.031721
0 0.835845 0.375892 0.079302 0.031721
0 0.835845 0.418715 0.079302 0.031721
0 0.835845 0.448850 0.079302 0.031721
0 0.835845 0.474227 0.079302 0.031721
0 0.835845 0.528152 0.079302 0.031721
0 0.835845 0.573354 0.079302 0.031721
0 0.835845 0.602696 0.079302 0.031721
0 0.835845 0.634417 0.079302 0.031721
0 0.835845 0.667724 0.079302 0.031721
0 0.835845 0.717684 0.079302 0.031721
0 0.835845 0.752577 0.079302 0.031721
0 0.756542 0.835845 0.031721 0.079302
0 0.717684 0.835845 0.031721 0.079302
0 0.620936 0.835845 0.031721 0.079302
0 0.591594 0.835845 0.031721 0.079302
0 0.515464 0.835845 0.031721 0.079302
0 0.478192 0.835845 0.031721 0.079302
0 0.444885 0.835845 0.031721 0.079302
0 0.415543 0.835845 0.031721 0.079302
0 0.331483 0.835845 0.031721 0.079302
0 0.295004 0.835845 0.031721 0.079302
0 0.225218 0.835845 0.031721 0.079302
0 0.164155 0.781919 0.079302 0.031721
0 0.164155 0.744647 0.079302 0.031721
0 0.164155 0.691515 0.079302 0.031721
0 0.164155 0.655829 0.079302 0.031721
0 0.164155 0.621729 0.079302 0.031721
0 0.164155 0.590008 0.079302 0.031721
0 0.164155 0.548771 0.079302 0.031721
0 0.164155 0.513878 0.079302 0.031721
0 0.164155 0.478192 0.079302 0.031721
0 0.164155 0.447264 0.079302 0.031721
0 0.164155 0.417129 0.079302 0.031721
0 0.164155 0.385408 0.079302 0.031721
0 0.164155 0.348136 0.079302 0.031721
0 0.164155 0.306899 0.079302 0.031721
0 0.164155 0.260111 0.079302 0.031721
0 0.164155 0.223632 0.079302 0.031721
