0 0.206186 0.140365 0.031721 0.079302
0 0.246630 0.140365 0.031721 0.079302
0 0.285488 0.140365 0.031721 0.079302
0 0.325139 0.140365 0.031721 0.079302
0 0.360032 0.140365 0.031721 0.079302
0 0.395718 0.140365 0.031721 0.079302
0 0.429025 0.140365 0.031721 0.079302
0 0.464711 0.140365 0.031721 0.079302
0 0.518636 0.140365 0.031721 0.079302
0 0.549564 0.140365 0.031721 0.079302
0 0.582871 0.140365 0.031721 0.079302
0 0.616178 0.140365 0.031721 0.079302
0 0.650278 0.140365 0.031721 0.079302
0 0.699445 0.140365 0.031721 0.079302
0 0.739096 0.140365 0.031721 0.079302
0 0.781126 0.140365 0.031721 0.079302
0 0.859635 0.208565 0.079302 0.031721
0 0.859635 0.249802 0.079302 0.031721
0 0.859635 0.289453 0.079302 0.031721
0 0.859635 0.333862 0.079302 0.031721
0 0.859635 0.369548 0.079302 0.031721
0 0.859635 0.412371 0.079302 0.031721
0 0.859635 0.445678 0.079302 0.031721
0 0.859635 0.474227 0.079302 0.031721
0 0.859635 0.524980 0.079302 0.031721
0 0.859635 0.568596 0.079302 0.031721
0 0.859635 0.600317 0.079302 0.031721
0 0.859635 0.636796 0.079302 0.031721
0 0.859635 0.672482 0.079302 0.031721
0 0.859635 0.720063 0.079302 0.031721
0 0.859635 0.759715 0.079302 0.031721
0 0.859635 0.800952 0.079302 0.031721
0 0.784298 0.859635 0.031721 0.079302
0 0.740682 0.859635 0.031721 0.079302
0 0.701031 0.859635 0.031721 0.079302
0 0.664552 0.859635 0.031721 0.079302
0 0.628866 0.859635 0.031721 0.079302
0 0.594766 0.859635 0.031721 0.079302
0 0.560666 0.859635 0.031721 0.079302
0 0.521808 0.859635 0.031721 0.079302
0 0.478192 0.859635 0.031721 0.079302
0 0.444092 0.859635 0.031721 0.079302
0 0.410785 0.859635 0.031721 0.079302
0 0.363997 0.859635 0.031721 0.079302
0 0.326725 0.859635 0.031721 0.079302
0 0.287074 0.859635 0.031721 0.079302
0 0.246630 0.859635 0.031721 0.079302
0 0.208565 0.859635 0.031721 0.079302
0 0.140365 0.796987 0.079302 0.031721
0 0.140365 0.755749 0.079302 0.031721
0 0.140365 0.705789 0.079302 0.031721
0 0.140365 0.665345 0.079302 0.031721
0 0.140365 0.628073 0.079302 0.031721
0 0.140365 0.593180 0.079302 0.031721
0 0.140365 0.553529 0.079302 0.031721
0 0.140365 0.517050 0.079302 0.031721
0 0.140365 0.478985 0.079302 0.031721
0 0.140365 0.444885 0.079302 0.031721
0 0.140365 0.410785 0.079302 0.031721
0 0.140365 0.375099 0.079302 0.031721
0 0.140365 0.337827 0.079302 0.031721
0 0.140365 0.294211 0.079302 0.031721
0 0.140365 0.246630 0.079302 0.031721
0 0.140365 0.205393 0.079302 0.031721
