0 0.204600 0.137193 0.031721 0.079302
0 0.245044 0.137193 0.031721 0.079302
0 0.283902 0.137193 0.031721 0.079302
0 0.324346 0.137193 0.031721 0.079302
0 0.360032 0.137193 0.031721 0.079302
0 0.396511 0.137193 0.031721 0.079302
0 0.429025 0.137193 0.031721 0.079302
0 0.464711 0.137193 0.031721 0.079302
0 0.521015 0.137193 0.031721 0.079302
0 0.551943 0.137193 0.031721 0.079302
0 0.585250 0.137193 0.031721 0.079302
0 0.620143 0.137193 0.031721 0.079302
0 0.655036 0.137193 0.031721 0.079302
0 0.704996 0.137193 0.031721 0.079302
0 0.744647 0.137193 0.031721 0.079302
0 0.783505 0.137193 0.031721 0.079302
0 0.862807 0.199048 0.079302 0.031721
0 0.862807 0.238699 0.079302 0.031721
0 0.862807 0.278351 0.079302 0.031721
0 0.862807 0.322760 0.079302 0.031721
0 0.862807 0.357653 0.079302 0.031721
0 0.862807 0.402062 0.079302 0.031721
0 0.862807 0.434576 0.079302 0.031721
0 0.862807 0.466297 0.079302 0.031721
0 0.862807 0.517843 0.079302 0.031721
0 0.862807 0.557494 0.079302 0.031721
0 0.862807 0.590008 0.079302 0.031721
0 0.862807 0.626487 0.079302 0.031721
0 0.862807 0.663759 0.079302 0.031721
0 0.862807 0.711340 0.079302 0.031721
0 0.862807 0.751784 0.079302 0.031721
0 0.862807 0.791435 0.079302 0.031721
0 0.789056 0.862807 0.031721 0.079302
0 0.745440 0.862807 0.031721 0.079302
0 0.704203 0.862807 0.031721 0.079302
0 0.665345 0.862807 0.031721 0.079302
0 0.630452 0.862807 0.031721 0.079302
0 0.594766 0.862807 0.031721 0.079302
0 0.561459 0.862807 0.031721 0.079302
0 0.523394 0.862807 0.031721 0.079302
0 0.479778 0.862807 0.031721 0.079302
0 0.447264 0.862807 0.031721 0.079302
0 0.411578 0.862807 0.031721 0.079302
0 0.367169 0.862807 0.031721 0.079302
0 0.329104 0.862807 0.031721 0.079302
0 0.291832 0.862807 0.031721 0.079302
0 0.248216 0.862807 0.031721 0.079302
0 0.206186 0.862807 0.031721 0.079302
0 0.137193 0.795400 0.079302 0.031721
0 0.137193 0.754163 0.079302 0.031721
0 0.137193 0.707375 0.079302 0.031721
0 0.137193 0.674861 0.079302 0.031721
0 0.137193 0.623315 0.079302 0.031721
0 0.137193 0.585250 0.079302 0.031721
0 0.137193 0.549564 0.079302 0.031721
0 0.137193 0.513878 0.079302 0.031721
0 0.137193 0.472641 0.079302 0.031721
0 0.137193 0.435369 0.079302 0.031721
0 0.137193 0.401269 0.079302 0.031721
0 0.137193 0.367169 0.079302 0.031721
0 0.137193 0.333069 0.079302 0.031721
0 0.137193 0.290246 0.079302 0.031721
0 0.137193 0.239492 0.079302 0.031721
0 0.137193 0.199841 0.079302 0.031721
