0 0.214116 0.151467 0.031721 0.079302
0 0.252181 0.151467 0.031721 0.079302
0 0.287867 0.151467 0.031721 0.079302
0 0.325932 0.151467 0.031721 0.079302
0 0.359239 0.151467 0.031721 0.079302
0 0.394132 0.151467 0.031721 0.079302
0 0.428232 0.151467 0.031721 0.079302
0 0.462331 0.151467 0.031721 0.079302
0 0.520222 0.151467 0.031721 0.079302
0 0.549564 0.151467 0.031721 0.079302
0 0.579699 0.151467 0.031721 0.079302
0 0.611420 0.151467 0.031721 0.079302
0 0.643140 0.151467 0.031721 0.079302
0 0.694687 0.151467 0.031721 0.079302
0 0.731166 0.151467 0.031721 0.079302
0 0.764473 0.151467 0.031721 0.079302
0 0.848533 0.204600 0.079302 0.031721
0 0.848533 0.242665 0.079302 0.031721
0 0.848533 0.279937 0.079302 0.031721
0 0.848533 0.323553 0.079302 0.031721
0 0.848533 0.356860 0.079302 0.031721
0 0.848533 0.401269 0.079302 0.031721
0 0.848533 0.432990 0.079302 0.031721
0 0.848533 0.461538 0.079302 0.031721
0 0.848533 0.516257 0.079302 0.031721
0 0.848533 0.556701 0.079302 0.031721
0 0.848533 0.586836 0.079302 0.031721
0 0.848533 0.620143 0.079302 0.031721
0 0.848533 0.655829 0.079302 0.031721
0 0.848533 0.703410 0.079302 0.031721
0 0.848533 0.742268 0.079302 0.031721
0 0.848533 0.778747 0.079302 0.031721
0 0.772403 0.848533 0.031721 0.079302
0 0.731959 0.848533 0.031721 0.079302
0 0.693101 0.848533 0.031721 0.079302
0 0.657415 0.848533 0.031721 0.079302
0 0.626487 0.848533 0.031721 0.079302
0 0.592387 0.848533 0.031721 0.079302
0 0.561459 0.848533 0.031721 0.079302
0 0.522601 0.848533 0.031721 0.079302
0 0.480571 0.848533 0.031721 0.079302
0 0.448850 0.848533 0.031721 0.079302
0 0.414750 0.848533 0.031721 0.079302
0 0.368755 0.848533 0.031721 0.079302
0 0.332276 0.848533 0.031721 0.079302
0 0.295004 0.848533 0.031721 0.079302
0 0.254560 0.848533 0.031721 0.079302
0 0.214909 0.848533 0.031721 0.079302
0 0.151467 0.781126 0.079302 0.031721
0 0.151467 0.743061 0.079302 0.031721
0 0.151467 0.689136 0.079302 0.031721
0 0.151467 0.650278 0.079302 0.031721
0 0.151467 0.614592 0.079302 0.031721
0 0.151467 0.578113 0.079302 0.031721
0 0.151467 0.543220 0.079302 0.031721
0 0.151467 0.508327 0.079302 0.031721
0 0.151467 0.468676 0.079302 0.031721
0 0.151467 0.432197 0.079302 0.031721
0 0.151467 0.400476 0.079302 0.031721
0 0.151467 0.368755 0.079302 0.031721
0 0.151467 0.336241 0.079302 0.031721
0 0.151467 0.295004 0.079302 0.031721
0 0.151467 0.244251 0.079302 0.031721
0 0.151467 0.206979 0.079302 0.031721
