0 0.210944 0.146709 0.031721 0.079302
0 0.249802 0.146709 0.031721 0.079302
0 0.286281 0.146709 0.031721 0.079302
0 0.325139 0.146709 0.031721 0.079302
0 0.359239 0.146709 0.031721 0.079302
0 0.394132 0.146709 0.031721 0.079302
0 0.428232 0.146709 0.031721 0.079302
0 0.463125 0.146709 0.031721 0.079302
0 0.520222 0.146709 0.031721 0.079302
0 0.550357 0.146709 0.031721 0.079302
0 0.582078 0.146709 0.031721 0.079302
0 0.614592 0.146709 0.031721 0.079302
0 0.647105 0.146709 0.031721 0.079302
0 0.697859 0.146709 0.031721 0.079302
0 0.735131 0.146709 0.031721 0.079302
0 0.770817 0.146709 0.031721 0.079302
0 0.853291 0.203013 0.079302 0.031721
0 0.853291 0.241872 0.079302 0.031721
0 0.853291 0.279144 0.079302 0.031721
0 0.853291 0.323553 0.079302 0.031721
0 0.853291 0.356860 0.079302 0.031721
0 0.853291 0.402062 0.079302 0.031721
0 0.853291 0.432990 0.079302 0.031721
0 0.853291 0.463125 0.079302 0.031721
0 0.853291 0.516257 0.079302 0.031721
0 0.853291 0.556701 0.079302 0.031721
0 0.853291 0.587629 0.079302 0.031721
0 0.853291 0.621729 0.079302 0.031721
0 0.853291 0.658208 0.079302 0.031721
0 0.853291 0.706582 0.079302 0.031721
0 0.853291 0.745440 0.079302 0.031721
0 0.853291 0.782712 0.079302 0.031721
0 0.777954 0.853291 0.031721 0.079302
0 0.735924 0.853291 0.031721 0.079302
0 0.696273 0.853291 0.031721 0.079302
0 0.660587 0.853291 0.031721 0.079302
0 0.628866 0.853291 0.031721 0.079302
0 0.593973 0.853291 0.031721 0.079302
0 0.561459 0.853291 0.031721 0.079302
0 0.523394 0.853291 0.031721 0.079302
0 0.480571 0.853291 0.031721 0.079302
0 0.448057 0.853291 0.031721 0.079302
0 0.413164 0.853291 0.031721 0.079302
0 0.368755 0.853291 0.031721 0.079302
0 0.331483 0.853291 0.031721 0.079302
0 0.293418 0.853291 0.031721 0.079302
0 0.252181 0.853291 0.031721 0.079302
0 0.211737 0.853291 0.031721 0.079302
0 0.146709 0.785884 0.079302 0.031721
0 0.146709 0.746233 0.079302 0.031721
0 0.146709 0.693101 0.079302 0.031721
0 0.146709 0.654243 0.079302 0.031721
0 0.146709 0.616971 0.079302 0.031721
0 0.146709 0.580492 0.079302 0.031721
0 0.146709 0.544806 0.079302 0.031721
0 0.146709 0.509913 0.079302 0.031721
0 0.146709 0.463125 0.079302 0.031721
0 0.146709 0.433783 0.079302 0.031721
0 0.146709 0.400476 0.079302 0.031721
0 0.146709 0.368755 0.079302 0.031721
0 0.146709 0.335448 0.079302 0.031721
0 0.146709 0.292625 0.079302 0.031721
0 0.146709 0.242665 0.079302 0.031721
0 0.146709 0.204600 0.079302 0.031721
