0 0.217288 0.156225 0.031721 0.079302
0 0.254560 0.156225 0.031721 0.079302
0 0.288660 0.156225 0.031721 0.079302
0 0.327518 0.156225 0.031721 0.079302
0 0.358446 0.156225 0.031721 0.079302
0 0.392546 0.156225 0.031721 0.079302
0 0.428232 0.156225 0.031721 0.079302
0 0.461538 0.156225 0.031721 0.079302
0 0.519429 0.156225 0.031721 0.079302
0 0.548771 0.156225 0.031721 0.079302
0 0.609040 0.156225 0.031721 0.079302
0 0.639175 0.156225 0.031721 0.079302
0 0.690722 0.156225 0.031721 0.079302
0 0.726408 0.156225 0.031721 0.079302
0 0.758921 0.156225 0.031721 0.079302
0 0.843775 0.206979 0.079302 0.031721
0 0.843775 0.244251 0.079302 0.031721
0 0.843775 0.279937 0.079302 0.031721
0 0.843775 0.323553 0.079302 0.031721
0 0.843775 0.355274 0.079302 0.031721
0 0.843775 0.401269 0.079302 0.031721
0 0.843775 0.431404 0.079302 0.031721
0 0.843775 0.460745 0.079302 0.031721
0 0.843775 0.515464 0.079302 0.031721
0 0.843775 0.555908 0.079302 0.031721
0 0.843775 0.585250 0.079302 0.031721
0 0.843775 0.617764 0.079302 0.031721
0 0.843775 0.652657 0.079302 0.031721
0 0.843775 0.701031 0.079302 0.031721
0 0.843775 0.739096 0.079302 0.031721
0 0.843775 0.773989 0.079302 0.031721
0 0.766852 0.843775 0.031721 0.079302
0 0.726408 0.843775 0.031721 0.079302
0 0.689136 0.843775 0.031721 0.079302
0 0.655036 0.843775 0.031721 0.079302
0 0.624901 0.843775 0.031721 0.079302
0 0.591594 0.843775 0.031721 0.079302
0 0.561459 0.843775 0.031721 0.079302
0 0.521808 0.843775 0.031721 0.079302
0 0.480571 0.843775 0.031721 0.079302
0 0.448850 0.843775 0.031721 0.079302
0 0.416336 0.843775 0.031721 0.079302
0 0.369548 0.843775 0.031721 0.079302
0 0.296590 0.843775 0.031721 0.079302
0 0.256146 0.843775 0.031721 0.079302
0 0.218081 0.843775 0.031721 0.079302
0 0.156225 0.776368 0.079302 0.031721
0 0.156225 0.739889 0.079302 0.031721
0 0.156225 0.683584 0.079302 0.031721
0 0.156225 0.647105 0.079302 0.031721
0 0.156225 0.612213 0.079302 0.031721
0 0.156225 0.576527 0.079302 0.031721
0 0.156225 0.540841 0.079302 0.031721
0 0.156225 0.506741 0.079302 0.031721
0 0.156225 0.467883 0.079302 0.031721
0 0.156225 0.431404 0.079302 0.031721
0 0.156225 0.400476 0.079302 0.031721
0 0.156225 0.369548 0.079302 0.031721
0 0.156225 0.337827 0.079302 0.031721
0 0.156225 0.291832 0.079302 0.031721
0 0.156225 0.245837 0.079302 0.031721
0 0.156225 0.210151 0.079302 0.031721
