0 0.222839 0.165741 0.031721 0.079302
0 0.258525 0.165741 0.031721 0.079302
0 0.291832 0.165741 0.031721 0.079302
0 0.328311 0.165741 0.031721 0.079302
0 0.358446 0.165741 0.031721 0.079302
0 0.390960 0.165741 0.031721 0.079302
0 0.426646 0.165741 0.031721 0.079302
0 0.459952 0.165741 0.031721 0.079302
0 0.519429 0.165741 0.031721 0.079302
0 0.547185 0.165741 0.031721 0.079302
0 0.575734 0.165741 0.031721 0.079302
0 0.604282 0.165741 0.031721 0.079302
0 0.632038 0.165741 0.031721 0.079302
0 0.684377 0.165741 0.031721 0.079302
0 0.746233 0.165741 0.031721 0.079302
0 0.834259 0.246630 0.079302 0.031721
0 0.834259 0.280730 0.079302 0.031721
0 0.834259 0.324346 0.079302 0.031721
0 0.834259 0.354481 0.079302 0.031721
0 0.834259 0.401269 0.079302 0.031721
0 0.834259 0.429818 0.079302 0.031721
0 0.834259 0.458366 0.079302 0.031721
0 0.834259 0.515464 0.079302 0.031721
0 0.834259 0.555115 0.079302 0.031721
0 0.834259 0.615385 0.079302 0.031721
0 0.834259 0.647898 0.079302 0.031721
0 0.834259 0.697066 0.079302 0.031721
0 0.834259 0.733545 0.079302 0.031721
0 0.834259 0.766852 0.079302 0.031721
0 0.756542 0.834259 0.031721 0.079302
0 0.718477 0.834259 0.031721 0.079302
0 0.681998 0.834259 0.031721 0.079302
0 0.650278 0.834259 0.031721 0.079302
0 0.621729 0.834259 0.031721 0.079302
0 0.590801 0.834259 0.031721 0.079302
0 0.562252 0.834259 0.031721 0.079302
0 0.521015 0.834259 0.031721 0.079302
0 0.481364 0.834259 0.031721 0.079302
0 0.449643 0.834259 0.031721 0.079302
0 0.417922 0.834259 0.031721 0.079302
0 0.370341 0.834259 0.031721 0.079302
0 0.335448 0.834259 0.031721 0.079302
0 0.300555 0.834259 0.031721 0.079302
0 0.260904 0.834259 0.031721 0.079302
0 0.224425 0.834259 0.031721 0.079302
0 0.165741 0.768438 0.079302 0.031721
0 0.165741 0.731959 0.079302 0.031721
0 0.165741 0.674068 0.079302 0.031721
0 0.165741 0.639968 0.079302 0.031721
0 0.165741 0.606661 0.079302 0.031721
0 0.165741 0.571768 0.079302 0.031721
0 0.165741 0.536875 0.079302 0.031721
0 0.165741 0.502776 0.079302 0.031721
0 0.165741 0.458366 0.079302 0.031721
0 0.165741 0.429818 0.079302 0.031721
0 0.165741 0.399683 0.079302 0.031721
0 0.165741 0.370341 0.079302 0.031721
0 0.165741 0.339413 0.079302 0.031721
0 0.165741 0.298969 0.079302 0.031721
0 0.165741 0.249009 0.079302 0.031721
0 0.165741 0.214909 0.079302 0.031721
