0 0.219667 0.160983 0.031721 0.079302
0 0.256146 0.160983 0.031721 0.079302
0 0.327518 0.160983 0.031721 0.079302
0 0.358446 0.160983 0.031721 0.079302
0 0.391753 0.160983 0.031721 0.079302
0 0.437748 0.160983 0.031721 0.079302
0 0.468676 0.160983 0.031721 0.079302
0 0.519429 0.160983 0.031721 0.079302
0 0.547978 0.160983 0.031721 0.079302
0 0.577320 0.160983 0.031721 0.079302
0 0.606661 0.160983 0.031721 0.079302
0 0.636003 0.160983 0.031721 0.079302
0 0.687550 0.160983 0.031721 0.079302
0 0.722443 0.160983 0.031721 0.079302
0 0.752577 0.160983 0.031721 0.079302
0 0.839017 0.209358 0.079302 0.031721
0 0.839017 0.245044 0.079302 0.031721
0 0.839017 0.280730 0.079302 0.031721
0 0.839017 0.323553 0.079302 0.031721
0 0.839017 0.355274 0.079302 0.031721
0 0.839017 0.401269 0.079302 0.031721
0 0.839017 0.429818 0.079302 0.031721
0 0.839017 0.459952 0.079302 0.031721
0 0.839017 0.515464 0.079302 0.031721
0 0.839017 0.555908 0.079302 0.031721
0 0.839017 0.585250 0.079302 0.031721
0 0.839017 0.616971 0.079302 0.031721
0 0.839017 0.650278 0.079302 0.031721
0 0.839017 0.698652 0.079302 0.031721
0 0.839017 0.735924 0.079302 0.031721
0 0.839017 0.770817 0.079302 0.031721
0 0.762094 0.839017 0.031721 0.079302
0 0.722443 0.839017 0.031721 0.079302
0 0.685170 0.839017 0.031721 0.079302
0 0.652657 0.839017 0.031721 0.079302
0 0.623315 0.839017 0.031721 0.079302
0 0.591594 0.839017 0.031721 0.079302
0 0.561459 0.839017 0.031721 0.079302
0 0.521808 0.839017 0.031721 0.079302
0 0.481364 0.839017 0.031721 0.079302
0 0.448850 0.839017 0.031721 0.079302
0 0.417129 0.839017 0.031721 0.079302
0 0.370341 0.839017 0.031721 0.079302
0 0.334655 0.839017 0.031721 0.079302
0 0.298176 0.839017 0.031721 0.079302
0 0.258525 0.839017 0.031721 0.079302
0 0.220460 0.839017 0.031721 0.079302
0 0.160983 0.773196 0.079302 0.031721
0 0.160983 0.735924 0.079302 0.031721
0 0.160983 0.679619 0.079302 0.031721
0 0.160983 0.643933 0.079302 0.031721
0 0.160983 0.609040 0.079302 0.031721
0 0.160983 0.574148 0.079302 0.031721
0 0.160983 0.539255 0.079302 0.031721
0 0.160983 0.504362 0.079302 0.031721
0 0.160983 0.466297 0.079302 0.031721
0 0.160983 0.430611 0.079302 0.031721
0 0.160983 0.399683 0.079302 0.031721
0 0.160983 0.369548 0.079302 0.031721
0 0.160983 0.338620 0.079302 0.031721
0 0.160983 0.297383 0.079302 0.031721
0 0.160983 0.247423 0.079302 0.031721
0 0.160983 0.212530 0.079302 0.031721
