0 0.207772 0.141951 0.031721 0.079302
0 0.247423 0.141951 0.031721 0.079302
0 0.284695 0.141951 0.031721 0.079302
0 0.325139 0.141951 0.031721 0.079302
0 0.359239 0.141951 0.031721 0.079302
0 0.394925 0.141951 0.031721 0.079302
0 0.429025 0.141951 0.031721 0.079302
0 0.463918 0.141951 0.031721 0.079302
0 0.520222 0.141951 0.031721 0.079302
0 0.551943 0.141951 0.031721 0.079302
0 0.584457 0.141951 0.031721 0.079302
0 0.617764 0.141951 0.031721 0.079302
0 0.651864 0.141951 0.031721 0.079302
0 0.701824 0.141951 0.031721 0.079302
0 0.739889 0.141951 0.031721 0.079302
0 0.777161 0.141951 0.031721 0.079302
0 0.858049 0.200634 0.079302 0.031721
0 0.858049 0.240285 0.079302 0.031721
0 0.858049 0.278351 0.079302 0.031721
0 0.858049 0.322760 0.079302 0.031721
0 0.858049 0.356860 0.079302 0.031721
0 0.858049 0.401269 0.079302 0.031721
0 0.858049 0.433783 0.079302 0.031721
0 0.858049 0.464711 0.079302 0.031721
0 0.858049 0.517050 0.079302 0.031721
0 0.858049 0.556701 0.079302 0.031721
0 0.858049 0.588422 0.079302 0.031721
0 0.858049 0.623315 0.079302 0.031721
0 0.858049 0.660587 0.079302 0.031721
0 0.858049 0.708961 0.079302 0.031721
0 0.858049 0.748612 0.079302 0.031721
0 0.858049 0.786677 0.079302 0.031721
0 0.783505 0.858049 0.031721 0.079302
0 0.740682 0.858049 0.031721 0.079302
0 0.700238 0.858049 0.031721 0.079302
0 0.662966 0.858049 0.031721 0.079302
0 0.628866 0.858049 0.031721 0.079302
0 0.593973 0.858049 0.031721 0.079302
0 0.561459 0.858049 0.031721 0.079302
0 0.523394 0.858049 0.031721 0.079302
0 0.480571 0.858049 0.031721 0.079302
0 0.447264 0.858049 0.031721 0.079302
0 0.412371 0.858049 0.031721 0.079302
0 0.367962 0.858049 0.031721 0.079302
0 0.329897 0.858049 0.031721 0.079302
0 0.291039 0.858049 0.031721 0.079302
0 0.250595 0.858049 0.031721 0.079302
0 0.209358 0.858049 0.031721 0.079302
0 0.141951 0.790642 0.079302 0.031721
0 0.141951 0.750198 0.079302 0.031721
0 0.141951 0.698652 0.079302 0.031721
0 0.141951 0.658208 0.079302 0.031721
0 0.141951 0.582871 0.079302 0.031721
0 0.141951 0.547185 0.079302 0.031721
0 0.141951 0.511499 0.079302 0.031721
0 0.141951 0.471055 0.079302 0.031721
0 0.141951 0.433783 0.079302 0.031721
0 0.141951 0.401269 0.079302 0.031721
0 0.141951 0.367962 0.079302 0.031721
0 0.141951 0.334655 0.079302 0.031721
0 0.141951 0.291832 0.079302 0.031721
0 0.141951 0.241079 0.079302 0.031721
0 0.141951 0.202220 0.079302 0.031721
