0 0.211401 0.150435 0.031671 0.079177
0 0.251781 0.150435 0.031671 0.079177
0 0.288994 0.150435 0.031671 0.079177
0 0.326207 0.150435 0.031671 0.079177
0 0.393508 0.150435 0.031671 0.079177
0 0.429137 0.150435 0.031671 0.079177
0 0.463975 0.150435 0.031671 0.079177
0 0.516231 0.150435 0.031671 0.079177
0 0.544735 0.150435 0.031671 0.079177
0 0.576405 0.150435 0.031671 0.079177
0 0.607284 0.150435 0.031671 0.079177
0 0.638955 0.150435 0.031671 0.079177
0 0.688044 0.150435 0.031671 0.079177
0 0.726049 0.150435 0.031671 0.079177
0 0.761679 0.150435 0.031671 0.079177
0 0.849565 0.215360 0.079177 0.031671
0 0.849565 0.253365 0.079177 0.031671
0 0.849565 0.291370 0.079177 0.031671
0 0.849565 0.335709 0.079177 0.031671
0 0.849565 0.370546 0.079177 0.031671
0 0.849565 0.414885 0.079177 0.031671
0 0.849565 0.444972 0.079177 0.031671
0 0.849565 0.473476 0.079177 0.031671
0 0.849565 0.524941 0.079177 0.031671
0 0.849565 0.568488 0.079177 0.031671
0 0.849565 0.599367 0.079177 0.031671
0 0.849565 0.634204 0.079177 0.031671
0 0.849565 0.668250 0.079177 0.031671
0 0.849565 0.717340 0.079177 0.031671
0 0.849565 0.753761 0.079177 0.031671
0 0.849565 0.794933 0.079177 0.031671
0 0.773555 0.849565 0.031671 0.079177
0 0.734759 0.849565 0.031671 0.079177
0 0.692795 0.849565 0.031671 0.079177
0 0.658749 0.849565 0.031671 0.079177
0 0.625495 0.849565 0.031671 0.079177
0 0.590657 0.849565 0.031671 0.079177
0 0.558987 0.849565 0.031671 0.079177
0 0.519398 0.849565 0.031671 0.079177
0 0.477435 0.849565 0.031671 0.079177
0 0.443389 0.849565 0.031671 0.079177
0 0.410926 0.849565 0.031671 0.079177
0 0.363420 0.849565 0.031671 0.079177
0 0.326207 0.849565 0.031671 0.079177
0 0.288203 0.849565 0.031671 0.079177
0 0.248614 0.849565 0.031671 0.079177
0 0.212985 0.849565 0.031671 0.079177
0 0.150435 0.789390 0.079177 0.031671
0 0.150435 0.752177 0.079177 0.031671
0 0.150435 0.703088 0.079177 0.031671
0 0.150435 0.663500 0.079177 0.031671
0 0.150435 0.627078 0.079177 0.031671
0 0.150435 0.593032 0.079177 0.031671
0 0.150435 0.551861 0.079177 0.031671
0 0.150435 0.517023 0.079177 0.031671
0 0.150435 0.479810 0.079177 0.031671
0 0.150435 0.445764 0.079177 0.031671
0 0.150435 0.413302 0.079177 0.031671
0 0.150435 0.379256 0.079177 0.031671
0 0.150435 0.342835 0.079177 0.031671
0 0.150435 0.300871 0.079177 0.031671
0 0.150435 0.252573 0.079177 0.031671
0 0.150435 0.212985 0.079177 0.031671
