0 0.209026 0.145685 0.031671 0.079177
0 0.249406 0.145685 0.031671 0.079177
0 0.287411 0.145685 0.031671 0.079177
0 0.325416 0.145685 0.031671 0.079177
0 0.361045 0.145685 0.031671 0.079177
0 0.394299 0.145685 0.031671 0.079177
0 0.429137 0.145685 0.031671 0.079177
0 0.464766 0.145685 0.031671 0.079177
0 0.517023 0.145685 0.031671 0.079177
0 0.545527 0.145685 0.031671 0.079177
0 0.577989 0.145685 0.031671 0.079177
0 0.610451 0.145685 0.031671 0.079177
0 0.643705 0.145685 0.031671 0.079177
0 0.692003 0.145685 0.031671 0.079177
0 0.730800 0.145685 0.031671 0.079177
0 0.769596 0.145685 0.031671 0.079177
0 0.854315 0.211401 0.079177 0.031671
0 0.854315 0.250198 0.079177 0.031671
0 0.854315 0.288994 0.079177 0.031671
0 0.854315 0.333333 0.079177 0.031671
0 0.854315 0.368963 0.079177 0.031671
0 0.854315 0.413302 0.079177 0.031671
0 0.854315 0.444972 0.079177 0.031671
0 0.854315 0.473476 0.079177 0.031671
0 0.854315 0.524149 0.079177 0.031671
0 0.854315 0.567696 0.079177 0.031671
0 0.854315 0.598575 0.079177 0.031671
0 0.854315 0.634204 0.079177 0.031671
0 0.854315 0.669042 0.079177 0.031671
0 0.854315 0.718131 0.079177 0.031671
0 0.854315 0.755344 0.079177 0.031671
0 0.854315 0.797308 0.079177 0.031671
0 0.779097 0.854315 0.031671 0.079177
0 0.738717 0.854315 0.031671 0.079177
0 0.697546 0.854315 0.031671 0.079177
0 0.661124 0.854315 0.031671 0.079177
0 0.627078 0.854315 0.031671 0.079177
0 0.592241 0.854315 0.031671 0.079177
0 0.558987 0.854315 0.031671 0.079177
0 0.520190 0.854315 0.031671 0.079177
0 0.477435 0.854315 0.031671 0.079177
0 0.443389 0.854315 0.031671 0.079177
0 0.410926 0.854315 0.031671 0.079177
0 0.363420 0.854315 0.031671 0.079177
0 0.326207 0.854315 0.031671 0.079177
0 0.287411 0.854315 0.031671 0.079177
0 0.247031 0.854315 0.031671 0.079177
0 0.209818 0.854315 0.031671 0.079177
0 0.145685 0.793349 0.079177 0.031671
0 0.145685 0.754553 0.079177 0.031671
0 0.145685 0.705463 0.079177 0.031671
0 0.145685 0.665083 0.079177 0.031671
0 0.145685 0.627870 0.079177 0.031671
0 0.145685 0.593824 0.079177 0.031671
0 0.145685 0.551861 0.079177 0.031671
0 0.145685 0.517815 0.079177 0.031671
0 0.145685 0.479810 0.079177 0.031671
0 0.145685 0.444972 0.079177 0.031671
0 0.145685 0.412510 0.079177 0.031671
0 0.145685 0.376089 0.079177 0.031671
0 0.145685 0.339667 0.079177 0.031671
0 0.145685 0.297704 0.079177 0.031671
0 0.145685 0.249406 0.079177 0.031671
0 0.145685 0.209026 0.079177 0.031671
