0 0.202692 0.136184 0.031671 0.079177
0 0.244656 0.136184 0.031671 0.079177
0 0.284244 0.136184 0.031671 0.079177
0 0.324624 0.136184 0.031671 0.079177
0 0.361045 0.136184 0.031671 0.079177
0 0.396675 0.136184 0.031671 0.079177
0 0.429929 0.136184 0.031671 0.079177
0 0.466350 0.136184 0.031671 0.079177
0 0.517815 0.136184 0.031671 0.079177
0 0.548694 0.136184 0.031671 0.079177
0 0.581948 0.136184 0.031671 0.079177
0 0.616785 0.136184 0.031671 0.079177
0 0.652415 0.136184 0.031671 0.079177
0 0.700713 0.136184 0.031671 0.079177
0 0.741884 0.136184 0.031671 0.079177
0 0.782264 0.136184 0.031671 0.079177
0 0.863816 0.203484 0.079177 0.031671
0 0.863816 0.244656 0.079177 0.031671
0 0.863816 0.285036 0.079177 0.031671
0 0.863816 0.329375 0.079177 0.031671
0 0.863816 0.366587 0.079177 0.031671
0 0.863816 0.410926 0.079177 0.031671
0 0.863816 0.443389 0.079177 0.031671
0 0.863816 0.473476 0.079177 0.031671
0 0.863816 0.522565 0.079177 0.031671
0 0.863816 0.565321 0.079177 0.031671
0 0.863816 0.598575 0.079177 0.031671
0 0.863816 0.634996 0.079177 0.031671
0 0.863816 0.671417 0.079177 0.031671
0 0.863816 0.718923 0.079177 0.031671
0 0.863816 0.758511 0.079177 0.031671
0 0.863816 0.800475 0.079177 0.031671
0 0.790974 0.863816 0.031671 0.079177
0 0.748219 0.863816 0.031671 0.079177
0 0.705463 0.863816 0.031671 0.079177
0 0.666667 0.863816 0.031671 0.079177
0 0.630245 0.863816 0.031671 0.079177
0 0.593824 0.863816 0.031671 0.079177
0 0.558987 0.863816 0.031671 0.079177
0 0.521774 0.863816 0.031671 0.079177
0 0.478226 0.863816 0.031671 0.079177
0 0.443389 0.863816 0.031671 0.079177
0 0.409343 0.863816 0.031671 0.079177
0 0.363420 0.863816 0.031671 0.079177
0 0.325416 0.863816 0.031671 0.079177
0 0.285036 0.863816 0.031671 0.079177
0 0.243864 0.863816 0.031671 0.079177
0 0.204276 0.863816 0.031671 0.079177
0 0.136184 0.798892 0.079177 0.031671
0 0.136184 0.757720 0.079177 0.031671
0 0.136184 0.710214 0.079177 0.031671
0 0.136184 0.669042 0.079177 0.031671
0 0.136184 0.629454 0.079177 0.031671
0 0.136184 0.593824 0.079177 0.031671
0 0.136184 0.554236 0.079177 0.031671
0 0.136184 0.518606 0.079177 0.031671
0 0.136184 0.479018 0.079177 0.031671
0 0.136184 0.444181 0.079177 0.031671
0 0.136184 0.410135 0.079177 0.031671
0 0.136184 0.372922 0.079177 0.031671
0 0.136184 0.336500 0.079177 0.031671
0 0.136184 0.292162 0.079177 0.031671
0 0.136184 0.243864 0.079177 0.031671
0 0.136184 0.201900 0.079177 0.031671
