0 0.213777 0.155186 0.031671 0.079177
0 0.253365 0.155186 0.031671 0.079177
0 0.290578 0.155186 0.031671 0.079177
0 0.326999 0.155186 0.031671 0.079177
0 0.361045 0.155186 0.031671 0.079177
0 0.392716 0.155186 0.031671 0.079177
0 0.429137 0.155186 0.031671 0.079177
0 0.463975 0.155186 0.031671 0.079177
0 0.515439 0.155186 0.031671 0.079177
0 0.574030 0.155186 0.031671 0.079177
0 0.604117 0.155186 0.031671 0.079177
0 0.634996 0.155186 0.031671 0.079177
0 0.684086 0.155186 0.031671 0.079177
0 0.721298 0.155186 0.031671 0.079177
0 0.756136 0.155186 0.031671 0.079177
0 0.844814 0.219319 0.079177 0.031671
0 0.844814 0.255740 0.079177 0.031671
0 0.844814 0.293745 0.079177 0.031671
0 0.844814 0.371338 0.079177 0.031671
0 0.844814 0.416469 0.079177 0.031671
0 0.844814 0.445764 0.079177 0.031671
0 0.844814 0.473476 0.079177 0.031671
0 0.844814 0.525732 0.079177 0.031671
0 0.844814 0.569279 0.079177 0.031671
0 0.844814 0.600158 0.079177 0.031671
0 0.844814 0.633413 0.079177 0.031671
0 0.844814 0.667458 0.079177 0.031671
0 0.844814 0.716548 0.079177 0.031671
0 0.844814 0.752177 0.079177 0.031671
0 0.844814 0.793349 0.079177 0.031671
0 0.767221 0.844814 0.031671 0.079177
0 0.730008 0.844814 0.031671 0.079177
0 0.688836 0.844814 0.031671 0.079177
0 0.655582 0.844814 0.031671 0.079177
0 0.623911 0.844814 0.031671 0.079177
0 0.589865 0.844814 0.031671 0.079177
0 0.558195 0.844814 0.031671 0.079177
0 0.518606 0.844814 0.031671 0.079177
0 0.476643 0.844814 0.031671 0.079177
0 0.443389 0.844814 0.031671 0.079177
0 0.411718 0.844814 0.031671 0.079177
0 0.363420 0.844814 0.031671 0.079177
0 0.326999 0.844814 0.031671 0.079177
0 0.288994 0.844814 0.031671 0.079177
0 0.250198 0.844814 0.031671 0.079177
0 0.215360 0.844814 0.031671 0.079177
0 0.155186 0.786223 0.079177 0.031671
0 0.155186 0.750594 0.079177 0.031671
0 0.155186 0.700713 0.079177 0.031671
0 0.155186 0.661916 0.079177 0.031671
0 0.155186 0.625495 0.079177 0.031671
0 0.155186 0.593032 0.079177 0.031671
0 0.155186 0.551069 0.079177 0.031671
0 0.155186 0.516231 0.079177 0.031671
0 0.155186 0.480602 0.079177 0.031671
0 0.155186 0.446556 0.079177 0.031671
0 0.155186 0.414885 0.079177 0.031671
0 0.155186 0.380839 0.079177 0.031671
0 0.155186 0.344418 0.079177 0.031671
0 0.155186 0.303246 0.079177 0.031671
0 0.155186 0.263658 0.079177 0.031671
0 0.155186 0.216152 0.079177 0.031671
