0 0.220111 0.164687 0.031671 0.079177
0 0.258116 0.164687 0.031671 0.079177
0 0.292953 0.164687 0.031671 0.079177
0 0.328583 0.164687 0.031671 0.079177
0 0.361045 0.164687 0.031671 0.079177
0 0.391132 0.164687 0.031671 0.079177
0 0.428345 0.164687 0.031671 0.079177
0 0.463183 0.164687 0.031671 0.079177
0 0.515439 0.164687 0.031671 0.079177
0 0.540776 0.164687 0.031671 0.079177
0 0.598575 0.164687 0.031671 0.079177
0 0.627078 0.164687 0.031671 0.079177
0 0.676168 0.164687 0.031671 0.079177
0 0.711006 0.164687 0.031671 0.079177
0 0.743468 0.164687 0.031671 0.079177
0 0.835313 0.226445 0.079177 0.031671
0 0.835313 0.261283 0.079177 0.031671
0 0.835313 0.297704 0.079177 0.031671
0 0.835313 0.341251 0.079177 0.031671
0 0.835313 0.372922 0.079177 0.031671
0 0.835313 0.418844 0.079177 0.031671
0 0.835313 0.446556 0.079177 0.031671
0 0.835313 0.472684 0.079177 0.031671
0 0.835313 0.527316 0.079177 0.031671
0 0.835313 0.571655 0.079177 0.031671
0 0.835313 0.600158 0.079177 0.031671
0 0.835313 0.632621 0.079177 0.031671
0 0.835313 0.665083 0.079177 0.031671
0 0.835313 0.714964 0.079177 0.031671
0 0.835313 0.749010 0.079177 0.031671
0 0.756136 0.835313 0.031671 0.079177
0 0.720507 0.835313 0.031671 0.079177
0 0.680918 0.835313 0.031671 0.079177
0 0.650040 0.835313 0.031671 0.079177
0 0.619952 0.835313 0.031671 0.079177
0 0.588282 0.835313 0.031671 0.079177
0 0.558195 0.835313 0.031671 0.079177
0 0.517815 0.835313 0.031671 0.079177
0 0.476643 0.835313 0.031671 0.079177
0 0.443389 0.835313 0.031671 0.079177
0 0.413302 0.835313 0.031671 0.079177
0 0.363420 0.835313 0.031671 0.079177
0 0.327791 0.835313 0.031671 0.079177
0 0.291370 0.835313 0.031671 0.079177
0 0.254157 0.835313 0.031671 0.079177
0 0.220903 0.835313 0.031671 0.079177
0 0.164687 0.779889 0.079177 0.031671
0 0.164687 0.746635 0.079177 0.031671
0 0.164687 0.695962 0.079177 0.031671
0 0.164687 0.657957 0.079177 0.031671
0 0.164687 0.623120 0.079177 0.031671
0 0.164687 0.592241 0.079177 0.031671
0 0.164687 0.549485 0.079177 0.031671
0 0.164687 0.515439 0.079177 0.031671
0 0.164687 0.480602 0.079177 0.031671
0 0.164687 0.417260 0.079177 0.031671
0 0.164687 0.385590 0.079177 0.031671
0 0.164687 0.348377 0.079177 0.031671
0 0.164687 0.307997 0.079177 0.031671
0 0.164687 0.261283 0.079177 0.031671
0 0.164687 0.224070 0.079177 0.031671
