0 0.216944 0.159937 0.031671 0.079177
0 0.256532 0.159937 0.031671 0.079177
0 0.291370 0.159937 0.031671 0.079177
0 0.327791 0.159937 0.031671 0.079177
0 0.361045 0.159937 0.031671 0.079177
0 0.391924 0.159937 0.031671 0.079177
0 0.428345 0.159937 0.031671 0.079177
0 0.463183 0.159937 0.031671 0.079177
0 0.542359 0.159937 0.031671 0.079177
0 0.571655 0.159937 0.031671 0.079177
0 0.600950 0.159937 0.031671 0.079177
0 0.631037 0.159937 0.031671 0.079177
0 0.680918 0.159937 0.031671 0.079177
0 0.715756 0.159937 0.031671 0.079177
0 0.750594 0.159937 0.031671 0.079177
0 0.840063 0.222486 0.079177 0.031671
0 0.840063 0.258907 0.079177 0.031671
0 0.840063 0.296120 0.079177 0.031671
0 0.840063 0.339667 0.079177 0.031671
0 0.840063 0.372130 0.079177 0.031671
0 0.840063 0.418052 0.079177 0.031671
0 0.840063 0.445764 0.079177 0.031671
0 0.840063 0.472684 0.079177 0.031671
0 0.840063 0.526524 0.079177 0.031671
0 0.840063 0.570071 0.079177 0.031671
0 0.840063 0.600158 0.079177 0.031671
0 0.840063 0.633413 0.079177 0.031671
0 0.840063 0.666667 0.079177 0.031671
0 0.840063 0.715756 0.079177 0.031671
0 0.840063 0.750594 0.079177 0.031671
0 0.840063 0.790974 0.079177 0.031671
0 0.760887 0.840063 0.031671 0.079177
0 0.725257 0.840063 0.031671 0.079177
0 0.684877 0.840063 0.031671 0.079177
0 0.653207 0.840063 0.031671 0.079177
0 0.621536 0.840063 0.031671 0.079177
0 0.589074 0.840063 0.031671 0.079177
0 0.558195 0.840063 0.031671 0.079177
0 0.518606 0.840063 0.031671 0.079177
0 0.476643 0.840063 0.031671 0.079177
0 0.443389 0.840063 0.031671 0.079177
0 0.412510 0.840063 0.031671 0.079177
0 0.363420 0.840063 0.031671 0.079177
0 0.326999 0.840063 0.031671 0.079177
0 0.290578 0.840063 0.031671 0.079177
0 0.251781 0.840063 0.031671 0.079177
0 0.217736 0.840063 0.031671 0.079177
0 0.159937 0.783056 0.079177 0.031671
0 0.159937 0.748219 0.079177 0.031671
0 0.159937 0.698337 0.079177 0.031671
0 0.159937 0.659541 0.079177 0.031671
0 0.159937 0.624703 0.079177 0.031671
0 0.159937 0.593032 0.079177 0.031671
0 0.159937 0.550277 0.079177 0.031671
0 0.159937 0.516231 0.079177 0.031671
0 0.159937 0.479810 0.079177 0.031671
0 0.159937 0.447348 0.079177 0.031671
0 0.159937 0.415677 0.079177 0.031671
0 0.159937 0.383215 0.079177 0.031671
0 0.159937 0.346002 0.079177 0.031671
0 0.159937 0.304830 0.079177 0.031671
0 0.159937 0.258116 0.079177 0.031671
0 0.159937 0.220111 0.079177 0.031671
