0 0.205859 0.140934 0.031671 0.079177
0 0.247031 0.140934 0.031671 0.079177
0 0.285827 0.140934 0.031671 0.079177
0 0.324624 0.140934 0.031671 0.079177
0 0.361045 0.140934 0.031671 0.079177
0 0.395091 0.140934 0.031671 0.079177
0 0.429929 0.140934 0.031671 0.079177
0 0.466350 0.140934 0.031671 0.079177
0 0.517815 0.140934 0.031671 0.079177
0 0.547110 0.140934 0.031671 0.079177
0 0.579572 0.140934 0.031671 0.079177
0 0.613618 0.140934 0.031671 0.079177
0 0.648456 0.140934 0.031671 0.079177
0 0.695962 0.140934 0.031671 0.079177
0 0.736342 0.140934 0.031671 0.079177
0 0.775930 0.140934 0.031671 0.079177
0 0.859066 0.207443 0.079177 0.031671
0 0.859066 0.247031 0.079177 0.031671
0 0.859066 0.287411 0.079177 0.031671
0 0.859066 0.331750 0.079177 0.031671
0 0.859066 0.368171 0.079177 0.031671
0 0.859066 0.412510 0.079177 0.031671
0 0.859066 0.444181 0.079177 0.031671
0 0.859066 0.473476 0.079177 0.031671
0 0.859066 0.523357 0.079177 0.031671
0 0.859066 0.566112 0.079177 0.031671
0 0.859066 0.598575 0.079177 0.031671
0 0.859066 0.634204 0.079177 0.031671
0 0.859066 0.670625 0.079177 0.031671
0 0.859066 0.718131 0.079177 0.031671
0 0.859066 0.756928 0.079177 0.031671
0 0.859066 0.798892 0.079177 0.031671
0 0.785432 0.859066 0.031671 0.079177
0 0.743468 0.859066 0.031671 0.079177
0 0.701504 0.859066 0.031671 0.079177
0 0.664291 0.859066 0.031671 0.079177
0 0.628662 0.859066 0.031671 0.079177
0 0.593032 0.859066 0.031671 0.079177
0 0.559778 0.859066 0.031671 0.079177
0 0.520982 0.859066 0.031671 0.079177
0 0.477435 0.859066 0.031671 0.079177
0 0.443389 0.859066 0.031671 0.079177
0 0.410135 0.859066 0.031671 0.079177
0 0.363420 0.859066 0.031671 0.079177
0 0.325416 0.859066 0.031671 0.079177
0 0.285827 0.859066 0.031671 0.079177
0 0.245447 0.859066 0.031671 0.079177
0 0.206651 0.859066 0.031671 0.079177
0 0.140934 0.796516 0.079177 0.031671
0 0.140934 0.756136 0.079177 0.031671
0 0.140934 0.707838 0.079177 0.031671
0 0.140934 0.667458 0.079177 0.031671
0 0.140934 0.628662 0.079177 0.031671
0 0.140934 0.593824 0.079177 0.031671
0 0.140934 0.552652 0.079177 0.031671
0 0.140934 0.517815 0.079177 0.031671
0 0.140934 0.479018 0.079177 0.031671
0 0.140934 0.444972 0.079177 0.031671
0 0.140934 0.410926 0.079177 0.031671
0 0.140934 0.374505 0.079177 0.031671
0 0.140934 0.338084 0.079177 0.031671
0 0.140934 0.295329 0.079177 0.031671
0 0.140934 0.247031 0.079177 0.031671
0 0.140934 0.205067 0.079177 0.031671
