0 0.210151 0.145916 0.031721 0.079302
0 0.249009 0.145916 0.031721 0.079302
0 0.287074 0.145916 0.031721 0.079302
0 0.325139 0.145916 0.031721 0.079302
0 0.360825 0.145916 0.031721 0.079302
0 0.395718 0.145916 0.031721 0.079302
0 0.429025 0.145916 0.031721 0.079302
0 0.464711 0.145916 0.031721 0.079302
0 0.517843 0.145916 0.031721 0.079302
0 0.547978 0.145916 0.031721 0.079302
0 0.580492 0.145916 0.031721 0.079302
0 0.612213 0.145916 0.031721 0.079302
0 0.645519 0.145916 0.031721 0.079302
0 0.694687 0.145916 0.031721 0.079302
0 0.731166 0.145916 0.031721 0.079302
0 0.771610 0.145916 0.031721 0.079302
0 0.854084 0.210944 0.079302 0.031721
0 0.854084 0.249802 0.079302 0.031721
0 0.854084 0.287867 0.079302 0.031721
0 0.854084 0.333069 0.079302 0.031721
0 0.854084 0.367962 0.079302 0.031721
0 0.854084 0.411578 0.079302 0.031721
0 0.854084 0.443299 0.079302 0.031721
0 0.854084 0.471848 0.079302 0.031721
0 0.854084 0.522601 0.079302 0.031721
0 0.854084 0.566217 0.079302 0.031721
0 0.854084 0.597938 0.079302 0.031721
0 0.854084 0.632831 0.079302 0.031721
0 0.854084 0.668517 0.079302 0.031721
0 0.854084 0.716891 0.079302 0.031721
0 0.854084 0.754956 0.079302 0.031721
0 0.854084 0.795400 0.079302 0.031721
0 0.781126 0.854084 0.031721 0.079302
0 0.739889 0.854084 0.031721 0.079302
0 0.700238 0.854084 0.031721 0.079302
0 0.662966 0.854084 0.031721 0.079302
0 0.630452 0.854084 0.031721 0.079302
0 0.595559 0.854084 0.031721 0.079302
0 0.562252 0.854084 0.031721 0.079302
0 0.524187 0.854084 0.031721 0.079302
0 0.479778 0.854084 0.031721 0.079302
0 0.445678 0.854084 0.031721 0.079302
0 0.413957 0.854084 0.031721 0.079302
0 0.365583 0.854084 0.031721 0.079302
0 0.328311 0.854084 0.031721 0.079302
0 0.290246 0.854084 0.031721 0.079302
0 0.261697 0.854084 0.031721 0.079302
0 0.211737 0.854084 0.031721 0.079302
0 0.145916 0.792228 0.079302 0.031721
0 0.145916 0.753370 0.079302 0.031721
0 0.145916 0.701824 0.079302 0.031721
0 0.145916 0.662966 0.079302 0.031721
0 0.145916 0.625694 0.079302 0.031721
0 0.145916 0.590801 0.079302 0.031721
0 0.145916 0.550357 0.079302 0.031721
0 0.145916 0.515464 0.079302 0.031721
0 0.145916 0.476606 0.079302 0.031721
0 0.145916 0.443299 0.079302 0.031721
0 0.145916 0.410785 0.079302 0.031721
0 0.145916 0.376685 0.079302 0.031721
0 0.145916 0.340206 0.079302 0.031721
0 0.145916 0.297383 0.079302 0.031721
0 0.145916 0.249009 0.079302 0.031721
0 0.145916 0.209358 0.079302 0.031721
