0 0.212530 0.150674 0.031721 0.079302
0 0.251388 0.150674 0.031721 0.079302
0 0.288660 0.150674 0.031721 0.079302
0 0.325932 0.150674 0.031721 0.079302
0 0.360825 0.150674 0.031721 0.079302
0 0.394925 0.150674 0.031721 0.079302
0 0.429025 0.150674 0.031721 0.079302
0 0.463918 0.150674 0.031721 0.079302
0 0.517050 0.150674 0.031721 0.079302
0 0.546392 0.150674 0.031721 0.079302
0 0.578113 0.150674 0.031721 0.079302
0 0.609833 0.150674 0.031721 0.079302
0 0.641554 0.150674 0.031721 0.079302
0 0.689929 0.150674 0.031721 0.079302
0 0.727201 0.150674 0.031721 0.079302
0 0.765266 0.150674 0.031721 0.079302
0 0.849326 0.214116 0.079302 0.031721
0 0.849326 0.252181 0.079302 0.031721
0 0.849326 0.289453 0.079302 0.031721
0 0.849326 0.333862 0.079302 0.031721
0 0.849326 0.368755 0.079302 0.031721
0 0.849326 0.412371 0.079302 0.031721
0 0.849326 0.443299 0.079302 0.031721
0 0.849326 0.471848 0.079302 0.031721
0 0.849326 0.523394 0.079302 0.031721
0 0.849326 0.567803 0.079302 0.031721
0 0.849326 0.597938 0.079302 0.031721
0 0.849326 0.632038 0.079302 0.031721
0 0.849326 0.666931 0.079302 0.031721
0 0.849326 0.716098 0.079302 0.031721
0 0.849326 0.754163 0.079302 0.031721
0 0.849326 0.793021 0.079302 0.031721
0 0.775575 0.849326 0.031721 0.079302
0 0.735924 0.849326 0.031721 0.079302
0 0.697066 0.849326 0.031721 0.079302
0 0.660587 0.849326 0.031721 0.079302
0 0.628866 0.849326 0.031721 0.079302
0 0.594766 0.849326 0.031721 0.079302
0 0.562252 0.849326 0.031721 0.079302
0 0.522601 0.849326 0.031721 0.079302
0 0.480571 0.849326 0.031721 0.079302
0 0.445678 0.849326 0.031721 0.079302
0 0.414750 0.849326 0.031721 0.079302
0 0.366376 0.849326 0.031721 0.079302
0 0.329104 0.849326 0.031721 0.079302
0 0.292625 0.849326 0.031721 0.079302
0 0.251388 0.849326 0.031721 0.079302
0 0.214909 0.849326 0.031721 0.079302
0 0.150674 0.789056 0.079302 0.031721
0 0.150674 0.751784 0.079302 0.031721
0 0.150674 0.697859 0.079302 0.031721
0 0.150674 0.660587 0.079302 0.031721
0 0.150674 0.624108 0.079302 0.031721
0 0.150674 0.590008 0.079302 0.031721
0 0.150674 0.549564 0.079302 0.031721
0 0.150674 0.514671 0.079302 0.031721
0 0.150674 0.476606 0.079302 0.031721
0 0.150674 0.444092 0.079302 0.031721
0 0.150674 0.411578 0.079302 0.031721
0 0.150674 0.378271 0.079302 0.031721
0 0.150674 0.341792 0.079302 0.031721
0 0.150674 0.299762 0.079302 0.031721
0 0.150674 0.251388 0.079302 0.031721
0 0.150674 0.213323 0.079302 0.031721
