0 0.203013 0.136400 0.031721 0.079302
0 0.243458 0.136400 0.031721 0.079302
0 0.283109 0.136400 0.031721 0.079302
0 0.323553 0.136400 0.031721 0.079302
0 0.360032 0.136400 0.031721 0.079302
0 0.396511 0.136400 0.031721 0.079302
0 0.429818 0.136400 0.031721 0.079302
0 0.465504 0.136400 0.031721 0.079302
0 0.518636 0.136400 0.031721 0.079302
0 0.550357 0.136400 0.031721 0.079302
0 0.583664 0.136400 0.031721 0.079302
0 0.618557 0.136400 0.031721 0.079302
0 0.653450 0.136400 0.031721 0.079302
0 0.701824 0.136400 0.031721 0.079302
0 0.742268 0.136400 0.031721 0.079302
0 0.784298 0.136400 0.031721 0.079302
0 0.863600 0.203013 0.079302 0.031721
0 0.863600 0.244251 0.079302 0.031721
0 0.863600 0.284695 0.079302 0.031721
0 0.863600 0.329104 0.079302 0.031721
0 0.863600 0.366376 0.079302 0.031721
0 0.863600 0.409199 0.079302 0.031721
0 0.863600 0.442506 0.079302 0.031721
0 0.863600 0.472641 0.079302 0.031721
0 0.863600 0.521808 0.079302 0.031721
0 0.863600 0.564631 0.079302 0.031721
0 0.863600 0.597145 0.079302 0.031721
0 0.863600 0.634417 0.079302 0.031721
0 0.863600 0.670896 0.079302 0.031721
0 0.863600 0.718477 0.079302 0.031721
0 0.863600 0.758128 0.079302 0.031721
0 0.863600 0.800159 0.079302 0.031721
0 0.791435 0.863600 0.031721 0.079302
0 0.748612 0.863600 0.031721 0.079302
0 0.707375 0.863600 0.031721 0.079302
0 0.668517 0.863600 0.031721 0.079302
0 0.632831 0.863600 0.031721 0.079302
0 0.596352 0.863600 0.031721 0.079302
0 0.561459 0.863600 0.031721 0.079302
0 0.524187 0.863600 0.031721 0.079302
0 0.479778 0.863600 0.031721 0.079302
0 0.445678 0.863600 0.031721 0.079302
0 0.411578 0.863600 0.031721 0.079302
0 0.365583 0.863600 0.031721 0.079302
0 0.326725 0.863600 0.031721 0.079302
0 0.287074 0.863600 0.031721 0.079302
0 0.245044 0.863600 0.031721 0.079302
0 0.205393 0.863600 0.031721 0.079302
0 0.136400 0.798573 0.079302 0.031721
0 0.136400 0.758128 0.079302 0.031721
0 0.136400 0.707375 0.079302 0.031721
0 0.136400 0.667724 0.079302 0.031721
0 0.136400 0.628073 0.079302 0.031721
0 0.136400 0.592387 0.079302 0.031721
0 0.136400 0.552736 0.079302 0.031721
0 0.136400 0.517050 0.079302 0.031721
0 0.136400 0.477399 0.079302 0.031721
0 0.136400 0.442506 0.079302 0.031721
0 0.136400 0.408406 0.079302 0.031721
0 0.136400 0.372720 0.079302 0.031721
0 0.136400 0.336241 0.079302 0.031721
0 0.136400 0.292625 0.079302 0.031721
0 0.136400 0.244251 0.079302 0.031721
0 0.136400 0.202220 0.079302 0.031721
