0 0.215702 0.155432 0.031721 0.079302
0 0.253767 0.155432 0.031721 0.079302
0 0.290246 0.155432 0.031721 0.079302
0 0.326725 0.155432 0.031721 0.079302
0 0.360032 0.155432 0.031721 0.079302
0 0.394132 0.155432 0.031721 0.079302
0 0.428232 0.155432 0.031721 0.079302
0 0.463918 0.155432 0.031721 0.079302
0 0.517050 0.155432 0.031721 0.079302
0 0.545599 0.155432 0.031721 0.079302
0 0.577320 0.155432 0.031721 0.079302
0 0.606661 0.155432 0.031721 0.079302
0 0.637589 0.155432 0.031721 0.079302
0 0.685964 0.155432 0.031721 0.079302
0 0.723236 0.155432 0.031721 0.079302
0 0.758921 0.155432 0.031721 0.079302
0 0.844568 0.217288 0.079302 0.031721
0 0.844568 0.254560 0.079302 0.031721
0 0.844568 0.291832 0.079302 0.031721
0 0.844568 0.336241 0.079302 0.031721
0 0.844568 0.370341 0.079302 0.031721
0 0.844568 0.413957 0.079302 0.031721
0 0.844568 0.471055 0.079302 0.031721
0 0.844568 0.524187 0.079302 0.031721
0 0.844568 0.568596 0.079302 0.031721
0 0.844568 0.597938 0.079302 0.031721
0 0.844568 0.631245 0.079302 0.031721
0 0.844568 0.666138 0.079302 0.031721
0 0.844568 0.715305 0.079302 0.031721
0 0.844568 0.751784 0.079302 0.031721
0 0.844568 0.790642 0.079302 0.031721
0 0.770817 0.844568 0.031721 0.079302
0 0.731959 0.844568 0.031721 0.079302
0 0.693101 0.844568 0.031721 0.079302
0 0.659001 0.844568 0.031721 0.079302
0 0.628073 0.844568 0.031721 0.079302
0 0.593973 0.844568 0.031721 0.079302
0 0.563045 0.844568 0.031721 0.079302
0 0.522601 0.844568 0.031721 0.079302
0 0.480571 0.844568 0.031721 0.079302
0 0.446471 0.844568 0.031721 0.079302
0 0.415543 0.844568 0.031721 0.079302
0 0.366376 0.844568 0.031721 0.079302
0 0.329897 0.844568 0.031721 0.079302
0 0.293418 0.844568 0.031721 0.079302
0 0.253767 0.844568 0.031721 0.079302
0 0.218081 0.844568 0.031721 0.079302
0 0.155432 0.785091 0.079302 0.031721
0 0.155432 0.749405 0.079302 0.031721
0 0.155432 0.695480 0.079302 0.031721
0 0.155432 0.658208 0.079302 0.031721
0 0.155432 0.621729 0.079302 0.031721
0 0.155432 0.589215 0.079302 0.031721
0 0.155432 0.547978 0.079302 0.031721
0 0.155432 0.513878 0.079302 0.031721
0 0.155432 0.476606 0.079302 0.031721
0 0.155432 0.444092 0.079302 0.031721
0 0.155432 0.412371 0.079302 0.031721
0 0.155432 0.379857 0.079302 0.031721
0 0.155432 0.343378 0.079302 0.031721
0 0.155432 0.301348 0.079302 0.031721
0 0.155432 0.253767 0.079302 0.031721
0 0.155432 0.215702 0.079302 0.031721
