0 0.222839 0.164948 0.031721 0.079302
0 0.258525 0.164948 0.031721 0.079302
0 0.293418 0.164948 0.031721 0.079302
0 0.328311 0.164948 0.031721 0.079302
0 0.360825 0.164948 0.031721 0.079302
0 0.392546 0.164948 0.031721 0.079302
0 0.427439 0.164948 0.031721 0.079302
0 0.462331 0.164948 0.031721 0.079302
0 0.517050 0.164948 0.031721 0.079302
0 0.544013 0.164948 0.031721 0.079302
0 0.573354 0.164948 0.031721 0.079302
0 0.601903 0.164948 0.031721 0.079302
0 0.630452 0.164948 0.031721 0.079302
0 0.678826 0.164948 0.031721 0.079302
0 0.747026 0.164948 0.031721 0.079302
0 0.835052 0.224425 0.079302 0.031721
0 0.835052 0.259318 0.079302 0.031721
0 0.835052 0.338620 0.079302 0.031721
0 0.835052 0.371134 0.079302 0.031721
0 0.835052 0.415543 0.079302 0.031721
0 0.835052 0.444092 0.079302 0.031721
0 0.835052 0.471055 0.079302 0.031721
0 0.835052 0.528152 0.079302 0.031721
0 0.835052 0.570182 0.079302 0.031721
0 0.835052 0.597938 0.079302 0.031721
0 0.835052 0.630452 0.079302 0.031721
0 0.835052 0.785884 0.079302 0.031721
0 0.760508 0.835052 0.031721 0.079302
0 0.723236 0.835052 0.031721 0.079302
0 0.686757 0.835052 0.031721 0.079302
0 0.653450 0.835052 0.031721 0.079302
0 0.625694 0.835052 0.031721 0.079302
0 0.593180 0.835052 0.031721 0.079302
0 0.563045 0.835052 0.031721 0.079302
0 0.521808 0.835052 0.031721 0.079302
0 0.480571 0.835052 0.031721 0.079302
0 0.447264 0.835052 0.031721 0.079302
0 0.418715 0.835052 0.031721 0.079302
0 0.367169 0.835052 0.031721 0.079302
0 0.331483 0.835052 0.031721 0.079302
0 0.297383 0.835052 0.031721 0.079302
0 0.258525 0.835052 0.031721 0.079302
0 0.224425 0.835052 0.031721 0.079302
0 0.164948 0.778747 0.079302 0.031721
0 0.164948 0.744647 0.079302 0.031721
0 0.164948 0.689136 0.079302 0.031721
0 0.164948 0.654243 0.079302 0.031721
0 0.164948 0.619350 0.079302 0.031721
0 0.164948 0.587629 0.079302 0.031721
0 0.164948 0.545599 0.079302 0.031721
0 0.164948 0.512292 0.079302 0.031721
0 0.164948 0.476606 0.079302 0.031721
0 0.164948 0.444885 0.079302 0.031721
0 0.164948 0.413957 0.079302 0.031721
0 0.164948 0.383029 0.079302 0.031721
0 0.164948 0.347343 0.079302 0.031721
0 0.164948 0.305313 0.079302 0.031721
0 0.164948 0.258525 0.079302 0.031721
0 0.164948 0.222839 0.079302 0.031721
