0 0.219667 0.160190 0.031721 0.079302
0 0.256146 0.160190 0.031721 0.079302
0 0.291832 0.160190 0.031721 0.079302
0 0.327518 0.160190 0.031721 0.079302
0 0.360825 0.160190 0.031721 0.079302
0 0.393339 0.160190 0.031721 0.079302
0 0.428232 0.160190 0.031721 0.079302
0 0.463125 0.160190 0.031721 0.079302
0 0.517050 0.160190 0.031721 0.079302
0 0.544013 0.160190 0.031721 0.079302
0 0.574941 0.160190 0.031721 0.079302
0 0.604282 0.160190 0.031721 0.079302
0 0.633624 0.160190 0.031721 0.079302
0 0.682791 0.160190 0.031721 0.079302
0 0.717684 0.160190 0.031721 0.079302
0 0.752577 0.160190 0.031721 0.079302
0 0.839810 0.221253 0.079302 0.031721
0 0.839810 0.256939 0.079302 0.031721
0 0.839810 0.293418 0.079302 0.031721
0 0.839810 0.337034 0.079302 0.031721
0 0.839810 0.371134 0.079302 0.031721
0 0.839810 0.414750 0.079302 0.031721
0 0.839810 0.444885 0.079302 0.031721
0 0.839810 0.471055 0.079302 0.031721
0 0.839810 0.524187 0.079302 0.031721
0 0.839810 0.568596 0.079302 0.031721
0 0.839810 0.597938 0.079302 0.031721
0 0.839810 0.630452 0.079302 0.031721
0 0.839810 0.664552 0.079302 0.031721
0 0.839810 0.750198 0.079302 0.031721
0 0.839810 0.787470 0.079302 0.031721
0 0.765266 0.839810 0.031721 0.079302
0 0.727994 0.839810 0.031721 0.079302
0 0.689929 0.839810 0.031721 0.079302
0 0.656622 0.839810 0.031721 0.079302
0 0.626487 0.839810 0.031721 0.079302
0 0.593973 0.839810 0.031721 0.079302
0 0.562252 0.839810 0.031721 0.079302
0 0.521808 0.839810 0.031721 0.079302
0 0.480571 0.839810 0.031721 0.079302
0 0.446471 0.839810 0.031721 0.079302
0 0.417129 0.839810 0.031721 0.079302
0 0.367169 0.839810 0.031721 0.079302
0 0.330690 0.839810 0.031721 0.079302
0 0.295797 0.839810 0.031721 0.079302
0 0.255353 0.839810 0.031721 0.079302
0 0.221253 0.839810 0.031721 0.079302
0 0.160190 0.781919 0.079302 0.031721
0 0.160190 0.747026 0.079302 0.031721
0 0.160190 0.692308 0.079302 0.031721
0 0.160190 0.656622 0.079302 0.031721
0 0.160190 0.620143 0.079302 0.031721
0 0.160190 0.588422 0.079302 0.031721
0 0.160190 0.547185 0.079302 0.031721
0 0.160190 0.513085 0.079302 0.031721
0 0.160190 0.476606 0.079302 0.031721
0 0.160190 0.444092 0.079302 0.031721
0 0.160190 0.413164 0.079302 0.031721
0 0.160190 0.380650 0.079302 0.031721
0 0.160190 0.345757 0.079302 0.031721
0 0.160190 0.303727 0.079302 0.031721
0 0.160190 0.256146 0.079302 0.031721
0 0.160190 0.219667 0.079302 0.031721
