0 0.206186 0.141158 0.031721 0.079302
0 0.246630 0.141158 0.031721 0.079302
0 0.284695 0.141158 0.031721 0.079302
0 0.324346 0.141158 0.031721 0.079302
0 0.360032 0.141158 0.031721 0.079302
0 0.395718 0.141158 0.031721 0.079302
0 0.429025 0.141158 0.031721 0.079302
0 0.465504 0.141158 0.031721 0.079302
0 0.518636 0.141158 0.031721 0.079302
0 0.548771 0.141158 0.031721 0.079302
0 0.582078 0.141158 0.031721 0.079302
0 0.615385 0.141158 0.031721 0.079302
0 0.649485 0.141158 0.031721 0.079302
0 0.697859 0.141158 0.031721 0.079302
0 0.736717 0.141158 0.031721 0.079302
0 0.777954 0.141158 0.031721 0.079302
0 0.858842 0.206979 0.079302 0.031721
0 0.858842 0.246630 0.079302 0.031721
0 0.858842 0.286281 0.079302 0.031721
0 0.858842 0.330690 0.079302 0.031721
0 0.858842 0.367169 0.079302 0.031721
0 0.858842 0.409992 0.079302 0.031721
0 0.858842 0.443299 0.079302 0.031721
0 0.858842 0.471848 0.079302 0.031721
0 0.858842 0.521808 0.079302 0.031721
0 0.858842 0.565424 0.079302 0.031721
0 0.858842 0.597938 0.079302 0.031721
0 0.858842 0.633624 0.079302 0.031721
0 0.858842 0.669310 0.079302 0.031721
0 0.858842 0.717684 0.079302 0.031721
0 0.858842 0.757335 0.079302 0.031721
0 0.858842 0.797780 0.079302 0.031721
0 0.786677 0.858842 0.031721 0.079302
0 0.744647 0.858842 0.031721 0.079302
0 0.703410 0.858842 0.031721 0.079302
0 0.666138 0.858842 0.031721 0.079302
0 0.632038 0.858842 0.031721 0.079302
0 0.596352 0.858842 0.031721 0.079302
0 0.562252 0.858842 0.031721 0.079302
0 0.524187 0.858842 0.031721 0.079302
0 0.479778 0.858842 0.031721 0.079302
0 0.445678 0.858842 0.031721 0.079302
0 0.413164 0.858842 0.031721 0.079302
0 0.365583 0.858842 0.031721 0.079302
0 0.327518 0.858842 0.031721 0.079302
0 0.288660 0.858842 0.031721 0.079302
0 0.247423 0.858842 0.031721 0.079302
0 0.209358 0.858842 0.031721 0.079302
0 0.141158 0.795400 0.079302 0.031721
0 0.141158 0.755749 0.079302 0.031721
0 0.141158 0.704203 0.079302 0.031721
0 0.141158 0.665345 0.079302 0.031721
0 0.141158 0.626487 0.079302 0.031721
0 0.141158 0.591594 0.079302 0.031721
0 0.141158 0.551943 0.079302 0.031721
0 0.141158 0.516257 0.079302 0.031721
0 0.141158 0.477399 0.079302 0.031721
0 0.141158 0.443299 0.079302 0.031721
0 0.141158 0.409992 0.079302 0.031721
0 0.141158 0.374306 0.079302 0.031721
0 0.141158 0.338620 0.079302 0.031721
0 0.141158 0.295004 0.079302 0.031721
0 0.141158 0.246630 0.079302 0.031721
0 0.141158 0.206186 0.079302 0.031721
