0 0.193836 0.128143 0.032441 0.081103
0 0.237632 0.128143 0.032441 0.081103
0 0.277372 0.128143 0.032441 0.081103
0 0.318735 0.128143 0.032441 0.081103
0 0.356853 0.128143 0.032441 0.081103
0 0.393350 0.128143 0.032441 0.081103
0 0.425791 0.128143 0.032441 0.081103
0 0.463909 0.128143 0.032441 0.081103
0 0.519870 0.128143 0.032441 0.081103
0 0.550689 0.128143 0.032441 0.081103
0 0.584753 0.128143 0.032441 0.081103
0 0.620438 0.128143 0.032441 0.081103
0 0.656934 0.128143 0.032441 0.081103
0 0.707218 0.128143 0.032441 0.081103
0 0.747770 0.128143 0.032441 0.081103
0 0.790754 0.128143 0.032441 0.081103
0 0.871857 0.195458 0.081103 0.032441
0 0.871857 0.238443 0.081103 0.032441
0 0.871857 0.278183 0.081103 0.032441
0 0.871857 0.324412 0.081103 0.032441
0 0.871857 0.362530 0.081103 0.032441
0 0.871857 0.407137 0.081103 0.032441
0 0.871857 0.439578 0.081103 0.032441
0 0.871857 0.471208 0.081103 0.032441
0 0.871857 0.521492 0.081103 0.032441
0 0.871857 0.565288 0.081103 0.032441
0 0.871857 0.598540 0.081103 0.032441
0 0.871857 0.635848 0.081103 0.032441
0 0.871857 0.673966 0.081103 0.032441
0 0.871857 0.722628 0.081103 0.032441
0 0.871857 0.763179 0.081103 0.032441
0 0.871857 0.806164 0.081103 0.032441
0 0.798865 0.871857 0.032441 0.081103
0 0.753447 0.871857 0.032441 0.081103
0 0.712084 0.871857 0.032441 0.081103
0 0.671533 0.871857 0.032441 0.081103
0 0.635036 0.871857 0.032441 0.081103
0 0.598540 0.871857 0.032441 0.081103
0 0.562855 0.871857 0.032441 0.081103
0 0.524736 0.871857 0.032441 0.081103
0 0.479319 0.871857 0.032441 0.081103
0 0.444444 0.871857 0.032441 0.081103
0 0.408759 0.871857 0.032441 0.081103
0 0.362530 0.871857 0.032441 0.081103
0 0.322790 0.871857 0.032441 0.081103
0 0.282238 0.871857 0.032441 0.081103
0 0.239254 0.871857 0.032441 0.081103
0 0.197891 0.871857 0.032441 0.081103
0 0.128143 0.807786 0.081103 0.032441
0 0.128143 0.763179 0.081103 0.032441
0 0.128143 0.712895 0.081103 0.032441
0 0.128143 0.670722 0.081103 0.032441
0 0.128143 0.631792 0.081103 0.032441
0 0.128143 0.593674 0.081103 0.032441
0 0.128143 0.553933 0.081103 0.032441
0 0.128143 0.518248 0.081103 0.032441
0 0.128143 0.477697 0.081103 0.032441
0 0.128143 0.442011 0.081103 0.032441
0 0.128143 0.407137 0.081103 0.032441
0 0.128143 0.369830 0.081103 0.032441
0 0.128143 0.333333 0.081103 0.032441
0 0.128143 0.288727 0.081103 0.032441
0 0.128143 0.238443 0.081103 0.032441
0 0.128143 0.197080 0.081103 0.032441
