0 0.199513 0.137875 0.032441 0.081103
0 0.243309 0.137875 0.032441 0.081103
0 0.281427 0.137875 0.032441 0.081103
0 0.320357 0.137875 0.032441 0.081103
0 0.356853 0.137875 0.032441 0.081103
0 0.391727 0.137875 0.032441 0.081103
0 0.424980 0.137875 0.032441 0.081103
0 0.463098 0.137875 0.032441 0.081103
0 0.519870 0.137875 0.032441 0.081103
0 0.549067 0.137875 0.032441 0.081103
0 0.581509 0.137875 0.032441 0.081103
0 0.614761 0.137875 0.032441 0.081103
0 0.648824 0.137875 0.032441 0.081103
0 0.699108 0.137875 0.032441 0.081103
0 0.738037 0.137875 0.032441 0.081103
0 0.778589 0.137875 0.032441 0.081103
0 0.862125 0.243309 0.081103 0.032441
0 0.862125 0.283049 0.081103 0.032441
0 0.862125 0.328467 0.081103 0.032441
0 0.862125 0.364152 0.081103 0.032441
0 0.862125 0.409570 0.081103 0.032441
0 0.862125 0.470397 0.081103 0.032441
0 0.862125 0.522303 0.081103 0.032441
0 0.862125 0.567721 0.081103 0.032441
0 0.862125 0.599351 0.081103 0.032441
0 0.862125 0.635036 0.081103 0.032441
0 0.862125 0.671533 0.081103 0.032441
0 0.862125 0.721006 0.081103 0.032441
0 0.862125 0.759935 0.081103 0.032441
0 0.862125 0.802109 0.081103 0.032441
0 0.787510 0.862125 0.032441 0.081103
0 0.743715 0.862125 0.032441 0.081103
0 0.704785 0.862125 0.032441 0.081103
0 0.666667 0.862125 0.032441 0.081103
0 0.631792 0.862125 0.032441 0.081103
0 0.597729 0.862125 0.032441 0.081103
0 0.563666 0.862125 0.032441 0.081103
0 0.523925 0.862125 0.032441 0.081103
0 0.479319 0.862125 0.032441 0.081103
0 0.444444 0.862125 0.032441 0.081103
0 0.411192 0.862125 0.032441 0.081103
0 0.362530 0.862125 0.032441 0.081103
0 0.324412 0.862125 0.032441 0.081103
0 0.285483 0.862125 0.032441 0.081103
0 0.244120 0.862125 0.032441 0.081103
0 0.204380 0.862125 0.032441 0.081103
0 0.137875 0.798054 0.081103 0.032441
0 0.137875 0.758313 0.081103 0.032441
0 0.137875 0.705596 0.081103 0.032441
0 0.137875 0.666667 0.081103 0.032441
0 0.137875 0.629359 0.081103 0.032441
0 0.137875 0.592863 0.081103 0.032441
0 0.137875 0.551500 0.081103 0.032441
0 0.137875 0.516626 0.081103 0.032441
0 0.137875 0.476886 0.081103 0.032441
0 0.137875 0.442822 0.081103 0.032441
0 0.137875 0.409570 0.081103 0.032441
0 0.137875 0.373885 0.081103 0.032441
0 0.137875 0.337388 0.081103 0.032441
0 0.137875 0.293593 0.081103 0.032441
0 0.137875 0.244120 0.081103 0.032441
0 0.137875 0.204380 0.081103 0.032441
