0 0.202758 0.142741 0.032441 0.081103
0 0.245742 0.142741 0.032441 0.081103
0 0.282238 0.142741 0.032441 0.081103
0 0.321168 0.142741 0.032441 0.081103
0 0.356853 0.142741 0.032441 0.081103
0 0.390916 0.142741 0.032441 0.081103
0 0.424980 0.142741 0.032441 0.081103
0 0.462287 0.142741 0.032441 0.081103
0 0.519870 0.142741 0.032441 0.081103
0 0.548256 0.142741 0.032441 0.081103
0 0.579886 0.142741 0.032441 0.081103
0 0.611517 0.142741 0.032441 0.081103
0 0.644769 0.142741 0.032441 0.081103
0 0.695864 0.142741 0.032441 0.081103
0 0.733171 0.142741 0.032441 0.081103
0 0.772101 0.142741 0.032441 0.081103
0 0.857259 0.206813 0.081103 0.032441
0 0.857259 0.245742 0.081103 0.032441
0 0.857259 0.330089 0.081103 0.032441
0 0.857259 0.364964 0.081103 0.032441
0 0.857259 0.442011 0.081103 0.032441
0 0.857259 0.470397 0.081103 0.032441
0 0.857259 0.523114 0.081103 0.032441
0 0.857259 0.567721 0.081103 0.032441
0 0.857259 0.599351 0.081103 0.032441
0 0.857259 0.634225 0.081103 0.032441
0 0.857259 0.670722 0.081103 0.032441
0 0.857259 0.720195 0.081103 0.032441
0 0.857259 0.758313 0.081103 0.032441
0 0.857259 0.799676 0.081103 0.032441
0 0.782644 0.857259 0.032441 0.081103
0 0.740470 0.857259 0.032441 0.081103
0 0.701541 0.857259 0.032441 0.081103
0 0.665045 0.857259 0.032441 0.081103
0 0.630981 0.857259 0.032441 0.081103
0 0.596918 0.857259 0.032441 0.081103
0 0.562855 0.857259 0.032441 0.081103
0 0.523114 0.857259 0.032441 0.081103
0 0.479319 0.857259 0.032441 0.081103
0 0.444444 0.857259 0.032441 0.081103
0 0.412003 0.857259 0.032441 0.081103
0 0.363341 0.857259 0.032441 0.081103
0 0.326034 0.857259 0.032441 0.081103
0 0.287105 0.857259 0.032441 0.081103
0 0.245742 0.857259 0.032441 0.081103
0 0.207624 0.857259 0.032441 0.081103
0 0.142741 0.794809 0.081103 0.032441
0 0.142741 0.756691 0.081103 0.032441
0 0.142741 0.702352 0.081103 0.032441
0 0.142741 0.664234 0.081103 0.032441
0 0.142741 0.627737 0.081103 0.032441
0 0.142741 0.592052 0.081103 0.032441
0 0.142741 0.550689 0.081103 0.032441
0 0.142741 0.515815 0.081103 0.032441
0 0.142741 0.476886 0.081103 0.032441
0 0.142741 0.443633 0.081103 0.032441
0 0.142741 0.410381 0.081103 0.032441
0 0.142741 0.375507 0.081103 0.032441
0 0.142741 0.339822 0.081103 0.032441
0 0.142741 0.296026 0.081103 0.032441
0 0.142741 0.246553 0.081103 0.032441
0 0.142741 0.207624 0.081103 0.032441
