0 0.206002 0.147607 0.032441 0.081103
0 0.248175 0.147607 0.032441 0.081103
0 0.283861 0.147607 0.032441 0.081103
0 0.321979 0.147607 0.032441 0.081103
0 0.357664 0.147607 0.032441 0.081103
0 0.390105 0.147607 0.032441 0.081103
0 0.424169 0.147607 0.032441 0.081103
0 0.461476 0.147607 0.032441 0.081103
0 0.546634 0.147607 0.032441 0.081103
0 0.577453 0.147607 0.032441 0.081103
0 0.609084 0.147607 0.032441 0.081103
0 0.640714 0.147607 0.032441 0.081103
0 0.691809 0.147607 0.032441 0.081103
0 0.728305 0.147607 0.032441 0.081103
0 0.765612 0.147607 0.032441 0.081103
0 0.852393 0.210057 0.081103 0.032441
0 0.852393 0.248986 0.081103 0.032441
0 0.852393 0.365775 0.081103 0.032441
0 0.852393 0.442011 0.081103 0.032441
0 0.852393 0.470397 0.081103 0.032441
0 0.852393 0.523114 0.081103 0.032441
0 0.852393 0.569343 0.081103 0.032441
0 0.852393 0.600162 0.081103 0.032441
0 0.852393 0.633414 0.081103 0.032441
0 0.852393 0.669911 0.081103 0.032441
0 0.852393 0.719384 0.081103 0.032441
0 0.852393 0.756691 0.081103 0.032441
0 0.852393 0.797242 0.081103 0.032441
0 0.776967 0.852393 0.032441 0.081103
0 0.735604 0.852393 0.032441 0.081103
0 0.698297 0.852393 0.032441 0.081103
0 0.662612 0.852393 0.032441 0.081103
0 0.629359 0.852393 0.032441 0.081103
0 0.596107 0.852393 0.032441 0.081103
0 0.562855 0.852393 0.032441 0.081103
0 0.522303 0.852393 0.032441 0.081103
0 0.479319 0.852393 0.032441 0.081103
0 0.445255 0.852393 0.032441 0.081103
0 0.412814 0.852393 0.032441 0.081103
0 0.364152 0.852393 0.032441 0.081103
0 0.326845 0.852393 0.032441 0.081103
0 0.288727 0.852393 0.032441 0.081103
0 0.248175 0.852393 0.032441 0.081103
0 0.211679 0.852393 0.032441 0.081103
0 0.147607 0.791565 0.081103 0.032441
0 0.147607 0.754258 0.081103 0.032441
0 0.147607 0.699108 0.081103 0.032441
0 0.147607 0.661800 0.081103 0.032441
0 0.147607 0.626926 0.081103 0.032441
0 0.147607 0.591241 0.081103 0.032441
0 0.147607 0.549067 0.081103 0.032441
0 0.147607 0.515004 0.081103 0.032441
0 0.147607 0.476886 0.081103 0.032441
0 0.147607 0.443633 0.081103 0.032441
0 0.147607 0.411192 0.081103 0.032441
0 0.147607 0.377940 0.081103 0.032441
0 0.147607 0.341444 0.081103 0.032441
0 0.147607 0.298459 0.081103 0.032441
0 0.147607 0.248986 0.081103 0.032441
0 0.147607 0.211679 0.081103 0.032441
