0 0.212490 0.157340 0.032441 0.081103
0 0.253852 0.157340 0.032441 0.081103
0 0.287105 0.157340 0.032441 0.081103
0 0.324412 0.157340 0.032441 0.081103
0 0.356853 0.157340 0.032441 0.081103
0 0.389294 0.157340 0.032441 0.081103
0 0.424169 0.157340 0.032441 0.081103
0 0.460665 0.157340 0.032441 0.081103
0 0.518248 0.157340 0.032441 0.081103
0 0.545012 0.157340 0.032441 0.081103
0 0.574209 0.157340 0.032441 0.081103
0 0.604217 0.157340 0.032441 0.081103
0 0.634225 0.157340 0.032441 0.081103
0 0.685320 0.157340 0.032441 0.081103
0 0.719384 0.157340 0.032441 0.081103
0 0.754258 0.157340 0.032441 0.081103
0 0.842660 0.216545 0.081103 0.032441
0 0.842660 0.253852 0.081103 0.032441
0 0.842660 0.290349 0.081103 0.032441
0 0.842660 0.334955 0.081103 0.032441
0 0.842660 0.367397 0.081103 0.032441
0 0.842660 0.414436 0.081103 0.032441
0 0.842660 0.442011 0.081103 0.032441
0 0.842660 0.468775 0.081103 0.032441
0 0.842660 0.507705 0.081103 0.032441
0 0.842660 0.536902 0.081103 0.032441
0 0.842660 0.600162 0.081103 0.032441
0 0.842660 0.717762 0.081103 0.032441
0 0.842660 0.753447 0.081103 0.032441
0 0.842660 0.792376 0.081103 0.032441
0 0.725872 0.842660 0.032441 0.081103
0 0.690998 0.842660 0.032441 0.081103
0 0.657745 0.842660 0.032441 0.081103
0 0.626115 0.842660 0.032441 0.081103
0 0.595296 0.842660 0.032441 0.081103
0 0.563666 0.842660 0.032441 0.081103
0 0.521492 0.842660 0.032441 0.081103
0 0.480130 0.842660 0.032441 0.081103
0 0.446067 0.842660 0.032441 0.081103
0 0.415247 0.842660 0.032441 0.081103
0 0.365775 0.842660 0.032441 0.081103
0 0.329278 0.842660 0.032441 0.081103
0 0.292782 0.842660 0.032441 0.081103
0 0.253041 0.842660 0.032441 0.081103
0 0.218167 0.842660 0.032441 0.081103
0 0.157340 0.785077 0.081103 0.032441
0 0.157340 0.750203 0.081103 0.032441
0 0.157340 0.692620 0.081103 0.032441
0 0.157340 0.656934 0.081103 0.032441
0 0.157340 0.623682 0.081103 0.032441
0 0.157340 0.589619 0.081103 0.032441
0 0.157340 0.546634 0.081103 0.032441
0 0.157340 0.513382 0.081103 0.032441
0 0.157340 0.476075 0.081103 0.032441
0 0.157340 0.444444 0.081103 0.032441
0 0.157340 0.413625 0.081103 0.032441
0 0.157340 0.381184 0.081103 0.032441
0 0.157340 0.345499 0.081103 0.032441
0 0.157340 0.303325 0.081103 0.032441
0 0.157340 0.254663 0.081103 0.032441
0 0.157340 0.218978 0.081103 0.032441
