0 0.209246 0.152474 0.032441 0.081103
0 0.250608 0.152474 0.032441 0.081103
0 0.285483 0.152474 0.032441 0.081103
0 0.322790 0.152474 0.032441 0.081103
0 0.356853 0.152474 0.032441 0.081103
0 0.389294 0.152474 0.032441 0.081103
0 0.424169 0.152474 0.032441 0.081103
0 0.461476 0.152474 0.032441 0.081103
0 0.518248 0.152474 0.032441 0.081103
0 0.545823 0.152474 0.032441 0.081103
0 0.575831 0.152474 0.032441 0.081103
0 0.606650 0.152474 0.032441 0.081103
0 0.638281 0.152474 0.032441 0.081103
0 0.688564 0.152474 0.032441 0.081103
0 0.724250 0.152474 0.032441 0.081103
0 0.759935 0.152474 0.032441 0.081103
0 0.847526 0.214112 0.081103 0.032441
0 0.847526 0.251419 0.081103 0.032441
0 0.847526 0.288727 0.081103 0.032441
0 0.847526 0.333333 0.081103 0.032441
0 0.847526 0.442011 0.081103 0.032441
0 0.847526 0.469586 0.081103 0.032441
0 0.847526 0.510949 0.081103 0.032441
0 0.847526 0.536091 0.081103 0.032441
0 0.847526 0.569343 0.081103 0.032441
0 0.847526 0.600162 0.081103 0.032441
0 0.847526 0.668289 0.081103 0.032441
0 0.847526 0.718573 0.081103 0.032441
0 0.847526 0.755069 0.081103 0.032441
0 0.847526 0.794809 0.081103 0.032441
0 0.771290 0.847526 0.032441 0.081103
0 0.730738 0.847526 0.032441 0.081103
0 0.693431 0.847526 0.032441 0.081103
0 0.660178 0.847526 0.032441 0.081103
0 0.627737 0.847526 0.032441 0.081103
0 0.596107 0.847526 0.032441 0.081103
0 0.563666 0.847526 0.032441 0.081103
0 0.522303 0.847526 0.032441 0.081103
0 0.480130 0.847526 0.032441 0.081103
0 0.446067 0.847526 0.032441 0.081103
0 0.414436 0.847526 0.032441 0.081103
0 0.364152 0.847526 0.032441 0.081103
0 0.328467 0.847526 0.032441 0.081103
0 0.291160 0.847526 0.032441 0.081103
0 0.250608 0.847526 0.032441 0.081103
0 0.214923 0.847526 0.032441 0.081103
0 0.152474 0.788321 0.081103 0.032441
0 0.152474 0.752636 0.081103 0.032441
0 0.152474 0.695864 0.081103 0.032441
0 0.152474 0.659367 0.081103 0.032441
0 0.152474 0.625304 0.081103 0.032441
0 0.152474 0.590430 0.081103 0.032441
0 0.152474 0.548256 0.081103 0.032441
0 0.152474 0.514193 0.081103 0.032441
0 0.152474 0.476075 0.081103 0.032441
0 0.152474 0.443633 0.081103 0.032441
0 0.152474 0.412003 0.081103 0.032441
0 0.152474 0.378751 0.081103 0.032441
0 0.152474 0.343877 0.081103 0.032441
0 0.152474 0.300892 0.081103 0.032441
0 0.152474 0.251419 0.081103 0.032441
0 0.152474 0.214923 0.081103 0.032441
