0 0.196269 0.133009 0.032441 0.081103
0 0.240876 0.133009 0.032441 0.081103
0 0.279805 0.133009 0.032441 0.081103
0 0.319546 0.133009 0.032441 0.081103
0 0.356853 0.133009 0.032441 0.081103
0 0.392539 0.133009 0.032441 0.081103
0 0.425791 0.133009 0.032441 0.081103
0 0.463098 0.133009 0.032441 0.081103
0 0.519870 0.133009 0.032441 0.081103
0 0.549878 0.133009 0.032441 0.081103
0 0.583131 0.133009 0.032441 0.081103
0 0.617194 0.133009 0.032441 0.081103
0 0.652879 0.133009 0.032441 0.081103
0 0.703163 0.133009 0.032441 0.081103
0 0.742092 0.133009 0.032441 0.081103
0 0.785077 0.133009 0.032441 0.081103
0 0.866991 0.199513 0.081103 0.032441
0 0.866991 0.240876 0.081103 0.032441
0 0.866991 0.280616 0.081103 0.032441
0 0.866991 0.326034 0.081103 0.032441
0 0.866991 0.362530 0.081103 0.032441
0 0.866991 0.407948 0.081103 0.032441
0 0.866991 0.441200 0.081103 0.032441
0 0.866991 0.471208 0.081103 0.032441
0 0.866991 0.521492 0.081103 0.032441
0 0.866991 0.566099 0.081103 0.032441
0 0.866991 0.599351 0.081103 0.032441
0 0.866991 0.635036 0.081103 0.032441
0 0.866991 0.673155 0.081103 0.032441
0 0.866991 0.721817 0.081103 0.032441
0 0.866991 0.761557 0.081103 0.032441
0 0.866991 0.803731 0.081103 0.032441
0 0.793998 0.866991 0.032441 0.081103
0 0.749392 0.866991 0.032441 0.081103
0 0.708840 0.866991 0.032441 0.081103
0 0.669100 0.866991 0.032441 0.081103
0 0.633414 0.866991 0.032441 0.081103
0 0.597729 0.866991 0.032441 0.081103
0 0.562855 0.866991 0.032441 0.081103
0 0.523925 0.866991 0.032441 0.081103
0 0.479319 0.866991 0.032441 0.081103
0 0.444444 0.866991 0.032441 0.081103
0 0.410381 0.866991 0.032441 0.081103
0 0.362530 0.866991 0.032441 0.081103
0 0.323601 0.866991 0.032441 0.081103
0 0.283861 0.866991 0.032441 0.081103
0 0.241687 0.866991 0.032441 0.081103
0 0.201135 0.866991 0.032441 0.081103
0 0.133009 0.801298 0.081103 0.032441
0 0.133009 0.760746 0.081103 0.032441
0 0.133009 0.708840 0.081103 0.032441
0 0.133009 0.668289 0.081103 0.032441
0 0.133009 0.630981 0.081103 0.032441
0 0.133009 0.593674 0.081103 0.032441
0 0.133009 0.552311 0.081103 0.032441
0 0.133009 0.517437 0.081103 0.032441
0 0.133009 0.476886 0.081103 0.032441
0 0.133009 0.442822 0.081103 0.032441
0 0.133009 0.407948 0.081103 0.032441
0 0.133009 0.372263 0.081103 0.032441
0 0.133009 0.335766 0.081103 0.032441
0 0.133009 0.291160 0.081103 0.032441
0 0.133009 0.240876 0.081103 0.032441
0 0.133009 0.200324 0.081103 0.032441
