0 0.212883 0.149254 0.031422 0.078555
0 0.251375 0.149254 0.031422 0.078555
0 0.289081 0.149254 0.031422 0.078555
0 0.327573 0.149254 0.031422 0.078555
0 0.361351 0.149254 0.031422 0.078555
0 0.395130 0.149254 0.031422 0.078555
0 0.430479 0.149254 0.031422 0.078555
0 0.464258 0.149254 0.031422 0.078555
0 0.518460 0.149254 0.031422 0.078555
0 0.548311 0.149254 0.031422 0.078555
0 0.578947 0.149254 0.031422 0.078555
0 0.611155 0.149254 0.031422 0.078555
0 0.642577 0.149254 0.031422 0.078555
0 0.692852 0.149254 0.031422 0.078555
0 0.729772 0.149254 0.031422 0.078555
0 0.769049 0.149254 0.031422 0.078555
0 0.850746 0.214454 0.078555 0.031422
0 0.850746 0.253731 0.078555 0.031422
0 0.850746 0.291438 0.078555 0.031422
0 0.850746 0.334643 0.078555 0.031422
0 0.850746 0.369992 0.078555 0.031422
0 0.850746 0.414768 0.078555 0.031422
0 0.850746 0.446976 0.078555 0.031422
0 0.850746 0.474470 0.078555 0.031422
0 0.850746 0.524745 0.078555 0.031422
0 0.850746 0.568735 0.078555 0.031422
0 0.850746 0.599372 0.078555 0.031422
0 0.850746 0.633150 0.078555 0.031422
0 0.850746 0.668500 0.078555 0.031422
0 0.850746 0.715632 0.078555 0.031422
0 0.850746 0.754124 0.078555 0.031422
0 0.850746 0.793401 0.078555 0.031422
0 0.779262 0.850746 0.031422 0.078555
0 0.737628 0.850746 0.031422 0.078555
0 0.699136 0.850746 0.031422 0.078555
0 0.663786 0.850746 0.031422 0.078555
0 0.630008 0.850746 0.031422 0.078555
0 0.596229 0.850746 0.031422 0.078555
0 0.563236 0.850746 0.031422 0.078555
0 0.524745 0.850746 0.031422 0.078555
0 0.481540 0.850746 0.031422 0.078555
0 0.447761 0.850746 0.031422 0.078555
0 0.416339 0.850746 0.031422 0.078555
0 0.369207 0.850746 0.031422 0.078555
0 0.332286 0.850746 0.031422 0.078555
0 0.294580 0.850746 0.031422 0.078555
0 0.254517 0.850746 0.031422 0.078555
0 0.216811 0.850746 0.031422 0.078555
0 0.149254 0.789474 0.078555 0.031422
0 0.149254 0.750196 0.078555 0.031422
0 0.149254 0.700707 0.078555 0.031422
0 0.149254 0.659859 0.078555 0.031422
0 0.149254 0.624509 0.078555 0.031422
0 0.149254 0.589159 0.078555 0.031422
0 0.149254 0.549097 0.078555 0.031422
0 0.149254 0.515318 0.078555 0.031422
0 0.149254 0.476041 0.078555 0.031422
0 0.149254 0.443048 0.078555 0.031422
0 0.149254 0.410841 0.078555 0.031422
0 0.149254 0.376277 0.078555 0.031422
0 0.149254 0.340927 0.078555 0.031422
0 0.149254 0.291438 0.078555 0.031422
0 0.149254 0.250589 0.078555 0.031422
0 0.149254 0.211312 0.078555 0.031422
