0 0.205813 0.139827 0.031422 0.078555
0 0.247447 0.139827 0.031422 0.078555
0 0.285939 0.139827 0.031422 0.078555
0 0.325216 0.139827 0.031422 0.078555
0 0.361351 0.139827 0.031422 0.078555
0 0.396701 0.139827 0.031422 0.078555
0 0.430479 0.139827 0.031422 0.078555
0 0.465829 0.139827 0.031422 0.078555
0 0.519246 0.139827 0.031422 0.078555
0 0.549882 0.139827 0.031422 0.078555
0 0.582875 0.139827 0.031422 0.078555
0 0.616654 0.139827 0.031422 0.078555
0 0.652003 0.139827 0.031422 0.078555
0 0.700707 0.139827 0.031422 0.078555
0 0.739984 0.139827 0.031422 0.078555
0 0.780833 0.139827 0.031422 0.078555
0 0.860173 0.207384 0.078555 0.031422
0 0.860173 0.287510 0.078555 0.031422
0 0.860173 0.331500 0.078555 0.031422
0 0.860173 0.368421 0.078555 0.031422
0 0.860173 0.412412 0.078555 0.031422
0 0.860173 0.445405 0.078555 0.031422
0 0.860173 0.474470 0.078555 0.031422
0 0.860173 0.523174 0.078555 0.031422
0 0.860173 0.566379 0.078555 0.031422
0 0.860173 0.598586 0.078555 0.031422
0 0.860173 0.633936 0.078555 0.031422
0 0.860173 0.670856 0.078555 0.031422
0 0.860173 0.717203 0.078555 0.031422
0 0.860173 0.757266 0.078555 0.031422
0 0.860173 0.798115 0.078555 0.031422
0 0.788688 0.860173 0.031422 0.078555
0 0.746269 0.860173 0.031422 0.078555
0 0.705420 0.860173 0.031422 0.078555
0 0.667714 0.860173 0.031422 0.078555
0 0.632364 0.860173 0.031422 0.078555
0 0.597015 0.860173 0.031422 0.078555
0 0.562451 0.860173 0.031422 0.078555
0 0.525530 0.860173 0.031422 0.078555
0 0.481540 0.860173 0.031422 0.078555
0 0.446976 0.860173 0.031422 0.078555
0 0.413983 0.860173 0.031422 0.078555
0 0.367636 0.860173 0.031422 0.078555
0 0.330715 0.860173 0.031422 0.078555
0 0.290652 0.860173 0.031422 0.078555
0 0.249804 0.860173 0.031422 0.078555
0 0.209741 0.860173 0.031422 0.078555
0 0.139827 0.795758 0.078555 0.031422
0 0.139827 0.754910 0.078555 0.031422
0 0.139827 0.705420 0.078555 0.031422
0 0.139827 0.664572 0.078555 0.031422
0 0.139827 0.626866 0.078555 0.031422
0 0.139827 0.590731 0.078555 0.031422
0 0.139827 0.551453 0.078555 0.031422
0 0.139827 0.516889 0.078555 0.031422
0 0.139827 0.476826 0.078555 0.031422
0 0.139827 0.442262 0.078555 0.031422
0 0.139827 0.409269 0.078555 0.031422
0 0.139827 0.373134 0.078555 0.031422
0 0.139827 0.337785 0.078555 0.031422
0 0.139827 0.293009 0.078555 0.031422
0 0.139827 0.245090 0.078555 0.031422
0 0.139827 0.204242 0.078555 0.031422
