0 0.216025 0.153967 0.031422 0.078555
0 0.254517 0.153967 0.031422 0.078555
0 0.290652 0.153967 0.031422 0.078555
0 0.328358 0.153967 0.031422 0.078555
0 0.361351 0.153967 0.031422 0.078555
0 0.394344 0.153967 0.031422 0.078555
0 0.429694 0.153967 0.031422 0.078555
0 0.463472 0.153967 0.031422 0.078555
0 0.518460 0.153967 0.031422 0.078555
0 0.547526 0.153967 0.031422 0.078555
0 0.577376 0.153967 0.031422 0.078555
0 0.608013 0.153967 0.031422 0.078555
0 0.639434 0.153967 0.031422 0.078555
0 0.689709 0.153967 0.031422 0.078555
0 0.725059 0.153967 0.031422 0.078555
0 0.762765 0.153967 0.031422 0.078555
0 0.846033 0.218382 0.078555 0.031422
0 0.846033 0.256088 0.078555 0.031422
0 0.846033 0.293794 0.078555 0.031422
0 0.846033 0.336999 0.078555 0.031422
0 0.846033 0.370778 0.078555 0.031422
0 0.846033 0.416339 0.078555 0.031422
0 0.846033 0.446976 0.078555 0.031422
0 0.846033 0.474470 0.078555 0.031422
0 0.846033 0.524745 0.078555 0.031422
0 0.846033 0.568735 0.078555 0.031422
0 0.846033 0.598586 0.078555 0.031422
0 0.846033 0.633150 0.078555 0.031422
0 0.846033 0.666929 0.078555 0.031422
0 0.846033 0.715632 0.078555 0.031422
0 0.846033 0.752553 0.078555 0.031422
0 0.846033 0.791045 0.078555 0.031422
0 0.774548 0.846033 0.031422 0.078555
0 0.733700 0.846033 0.031422 0.078555
0 0.695994 0.846033 0.031422 0.078555
0 0.628437 0.846033 0.031422 0.078555
0 0.595444 0.846033 0.031422 0.078555
0 0.563236 0.846033 0.031422 0.078555
0 0.525530 0.846033 0.031422 0.078555
0 0.481540 0.846033 0.031422 0.078555
0 0.448547 0.846033 0.031422 0.078555
0 0.417125 0.846033 0.031422 0.078555
0 0.369207 0.846033 0.031422 0.078555
0 0.333071 0.846033 0.031422 0.078555
0 0.296151 0.846033 0.031422 0.078555
0 0.256874 0.846033 0.031422 0.078555
0 0.219953 0.846033 0.031422 0.078555
0 0.153967 0.786332 0.078555 0.031422
0 0.153967 0.747840 0.078555 0.031422
0 0.153967 0.696779 0.078555 0.031422
0 0.153967 0.622938 0.078555 0.031422
0 0.153967 0.588374 0.078555 0.031422
0 0.153967 0.548311 0.078555 0.031422
0 0.153967 0.514533 0.078555 0.031422
0 0.153967 0.476041 0.078555 0.031422
0 0.153967 0.443048 0.078555 0.031422
0 0.153967 0.410841 0.078555 0.031422
0 0.153967 0.377848 0.078555 0.031422
0 0.153967 0.342498 0.078555 0.031422
0 0.153967 0.300079 0.078555 0.031422
0 0.153967 0.252946 0.078555 0.031422
0 0.153967 0.215240 0.078555 0.031422
