0 0.219953 0.158680 0.031422 0.078555
0 0.256874 0.158680 0.031422 0.078555
0 0.293009 0.158680 0.031422 0.078555
0 0.329144 0.158680 0.031422 0.078555
0 0.361351 0.158680 0.031422 0.078555
0 0.394344 0.158680 0.031422 0.078555
0 0.429694 0.158680 0.031422 0.078555
0 0.463472 0.158680 0.031422 0.078555
0 0.518460 0.158680 0.031422 0.078555
0 0.546740 0.158680 0.031422 0.078555
0 0.575805 0.158680 0.031422 0.078555
0 0.604870 0.158680 0.031422 0.078555
0 0.635507 0.158680 0.031422 0.078555
0 0.685782 0.158680 0.031422 0.078555
0 0.720346 0.158680 0.031422 0.078555
0 0.757266 0.158680 0.031422 0.078555
0 0.841320 0.221524 0.078555 0.031422
0 0.841320 0.259230 0.078555 0.031422
0 0.841320 0.295365 0.078555 0.031422
0 0.841320 0.338570 0.078555 0.031422
0 0.841320 0.371563 0.078555 0.031422
0 0.841320 0.417910 0.078555 0.031422
0 0.841320 0.447761 0.078555 0.031422
0 0.841320 0.473684 0.078555 0.031422
0 0.841320 0.525530 0.078555 0.031422
0 0.841320 0.569521 0.078555 0.031422
0 0.841320 0.599372 0.078555 0.031422
0 0.841320 0.632364 0.078555 0.031422
0 0.841320 0.665357 0.078555 0.031422
0 0.841320 0.714061 0.078555 0.031422
0 0.841320 0.750196 0.078555 0.031422
0 0.841320 0.788688 0.078555 0.031422
0 0.769049 0.841320 0.031422 0.078555
0 0.729772 0.841320 0.031422 0.078555
0 0.692852 0.841320 0.031422 0.078555
0 0.659859 0.841320 0.031422 0.078555
0 0.627651 0.841320 0.031422 0.078555
0 0.594658 0.841320 0.031422 0.078555
0 0.563236 0.841320 0.031422 0.078555
0 0.524745 0.841320 0.031422 0.078555
0 0.482325 0.841320 0.031422 0.078555
0 0.448547 0.841320 0.031422 0.078555
0 0.418696 0.841320 0.031422 0.078555
0 0.369207 0.841320 0.031422 0.078555
0 0.334643 0.841320 0.031422 0.078555
0 0.297722 0.841320 0.031422 0.078555
0 0.259230 0.841320 0.031422 0.078555
0 0.223881 0.841320 0.031422 0.078555
0 0.158680 0.783975 0.078555 0.031422
0 0.158680 0.746269 0.078555 0.031422
0 0.158680 0.693637 0.078555 0.031422
0 0.158680 0.655931 0.078555 0.031422
0 0.158680 0.620581 0.078555 0.031422
0 0.158680 0.587588 0.078555 0.031422
0 0.158680 0.546740 0.078555 0.031422
0 0.158680 0.513747 0.078555 0.031422
0 0.158680 0.475255 0.078555 0.031422
0 0.158680 0.412412 0.078555 0.031422
0 0.158680 0.344069 0.078555 0.031422
0 0.158680 0.302435 0.078555 0.031422
0 0.158680 0.255302 0.078555 0.031422
0 0.158680 0.217596 0.078555 0.031422
