0 0.226237 0.168107 0.031422 0.078555
0 0.262372 0.168107 0.031422 0.078555
0 0.296151 0.168107 0.031422 0.078555
0 0.330715 0.168107 0.031422 0.078555
0 0.362137 0.168107 0.031422 0.078555
0 0.392773 0.168107 0.031422 0.078555
0 0.428908 0.168107 0.031422 0.078555
0 0.462687 0.168107 0.031422 0.078555
0 0.518460 0.168107 0.031422 0.078555
0 0.545169 0.168107 0.031422 0.078555
0 0.600157 0.168107 0.031422 0.078555
0 0.628437 0.168107 0.031422 0.078555
0 0.679497 0.168107 0.031422 0.078555
0 0.712490 0.168107 0.031422 0.078555
0 0.831893 0.228594 0.078555 0.031422
0 0.831893 0.263943 0.078555 0.031422
0 0.831893 0.298507 0.078555 0.031422
0 0.831893 0.341712 0.078555 0.031422
0 0.831893 0.373134 0.078555 0.031422
0 0.831893 0.419482 0.078555 0.031422
0 0.831893 0.448547 0.078555 0.031422
0 0.831893 0.472899 0.078555 0.031422
0 0.831893 0.527101 0.078555 0.031422
0 0.831893 0.571877 0.078555 0.031422
0 0.831893 0.599372 0.078555 0.031422
0 0.831893 0.630793 0.078555 0.031422
0 0.831893 0.663786 0.078555 0.031422
0 0.831893 0.712490 0.078555 0.031422
0 0.831893 0.747840 0.078555 0.031422
0 0.831893 0.783975 0.078555 0.031422
0 0.758837 0.831893 0.031422 0.078555
0 0.721131 0.831893 0.031422 0.078555
0 0.685782 0.831893 0.031422 0.078555
0 0.655931 0.831893 0.031422 0.078555
0 0.625295 0.831893 0.031422 0.078555
0 0.594658 0.831893 0.031422 0.078555
0 0.564022 0.831893 0.031422 0.078555
0 0.523959 0.831893 0.031422 0.078555
0 0.482325 0.831893 0.031422 0.078555
0 0.449332 0.831893 0.031422 0.078555
0 0.421053 0.831893 0.031422 0.078555
0 0.370778 0.831893 0.031422 0.078555
0 0.336999 0.831893 0.031422 0.078555
0 0.300864 0.831893 0.031422 0.078555
0 0.263158 0.831893 0.031422 0.078555
0 0.230951 0.831893 0.031422 0.078555
0 0.168107 0.777690 0.078555 0.031422
0 0.168107 0.741555 0.078555 0.031422
0 0.168107 0.688924 0.078555 0.031422
0 0.168107 0.652003 0.078555 0.031422
0 0.168107 0.618225 0.078555 0.031422
0 0.168107 0.586017 0.078555 0.031422
0 0.168107 0.544383 0.078555 0.031422
0 0.168107 0.512176 0.078555 0.031422
0 0.168107 0.474470 0.078555 0.031422
0 0.168107 0.443833 0.078555 0.031422
0 0.168107 0.413983 0.078555 0.031422
0 0.168107 0.382561 0.078555 0.031422
0 0.168107 0.347997 0.078555 0.031422
0 0.168107 0.307148 0.078555 0.031422
0 0.168107 0.260016 0.078555 0.031422
0 0.168107 0.225452 0.078555 0.031422
