0 0.222310 0.163394 0.031422 0.078555
0 0.259230 0.163394 0.031422 0.078555
0 0.294580 0.163394 0.031422 0.078555
0 0.330715 0.163394 0.031422 0.078555
0 0.362137 0.163394 0.031422 0.078555
0 0.393559 0.163394 0.031422 0.078555
0 0.428908 0.163394 0.031422 0.078555
0 0.462687 0.163394 0.031422 0.078555
0 0.517675 0.163394 0.031422 0.078555
0 0.545954 0.163394 0.031422 0.078555
0 0.574234 0.163394 0.031422 0.078555
0 0.602514 0.163394 0.031422 0.078555
0 0.631579 0.163394 0.031422 0.078555
0 0.682639 0.163394 0.031422 0.078555
0 0.716418 0.163394 0.031422 0.078555
0 0.751767 0.163394 0.031422 0.078555
0 0.836606 0.225452 0.078555 0.031422
0 0.836606 0.261587 0.078555 0.031422
0 0.836606 0.296936 0.078555 0.031422
0 0.836606 0.340141 0.078555 0.031422
0 0.836606 0.372349 0.078555 0.031422
0 0.836606 0.418696 0.078555 0.031422
0 0.836606 0.447761 0.078555 0.031422
0 0.836606 0.473684 0.078555 0.031422
0 0.836606 0.526316 0.078555 0.031422
0 0.836606 0.571092 0.078555 0.031422
0 0.836606 0.599372 0.078555 0.031422
0 0.836606 0.631579 0.078555 0.031422
0 0.836606 0.664572 0.078555 0.031422
0 0.836606 0.713276 0.078555 0.031422
0 0.836606 0.748625 0.078555 0.031422
0 0.836606 0.786332 0.078555 0.031422
0 0.764336 0.836606 0.031422 0.078555
0 0.658288 0.836606 0.031422 0.078555
0 0.626080 0.836606 0.031422 0.078555
0 0.594658 0.836606 0.031422 0.078555
0 0.563236 0.836606 0.031422 0.078555
0 0.524745 0.836606 0.031422 0.078555
0 0.482325 0.836606 0.031422 0.078555
0 0.449332 0.836606 0.031422 0.078555
0 0.419482 0.836606 0.031422 0.078555
0 0.369992 0.836606 0.031422 0.078555
0 0.336214 0.836606 0.031422 0.078555
0 0.299293 0.836606 0.031422 0.078555
0 0.261587 0.836606 0.031422 0.078555
0 0.227023 0.836606 0.031422 0.078555
0 0.163394 0.780833 0.078555 0.031422
0 0.163394 0.743912 0.078555 0.031422
0 0.163394 0.691280 0.078555 0.031422
0 0.163394 0.654360 0.078555 0.031422
0 0.163394 0.619796 0.078555 0.031422
0 0.163394 0.586803 0.078555 0.031422
0 0.163394 0.545954 0.078555 0.031422
0 0.163394 0.512962 0.078555 0.031422
0 0.163394 0.475255 0.078555 0.031422
0 0.163394 0.443048 0.078555 0.031422
0 0.163394 0.412412 0.078555 0.031422
0 0.163394 0.380990 0.078555 0.031422
0 0.163394 0.345640 0.078555 0.031422
0 0.163394 0.304792 0.078555 0.031422
0 0.163394 0.257659 0.078555 0.031422
0 0.163394 0.221524 0.078555 0.031422
