0 0.209741 0.144540 0.031422 0.078555
0 0.249804 0.144540 0.031422 0.078555
0 0.287510 0.144540 0.031422 0.078555
0 0.326787 0.144540 0.031422 0.078555
0 0.361351 0.144540 0.031422 0.078555
0 0.395915 0.144540 0.031422 0.078555
0 0.430479 0.144540 0.031422 0.078555
0 0.465043 0.144540 0.031422 0.078555
0 0.518460 0.144540 0.031422 0.078555
0 0.549097 0.144540 0.031422 0.078555
0 0.581304 0.144540 0.031422 0.078555
0 0.613511 0.144540 0.031422 0.078555
0 0.647290 0.144540 0.031422 0.078555
0 0.696779 0.144540 0.031422 0.078555
0 0.734485 0.144540 0.031422 0.078555
0 0.774548 0.144540 0.031422 0.078555
0 0.855460 0.211312 0.078555 0.031422
0 0.855460 0.251375 0.078555 0.031422
0 0.855460 0.289866 0.078555 0.031422
0 0.855460 0.333071 0.078555 0.031422
0 0.855460 0.369207 0.078555 0.031422
0 0.855460 0.413983 0.078555 0.031422
0 0.855460 0.446190 0.078555 0.031422
0 0.855460 0.474470 0.078555 0.031422
0 0.855460 0.523959 0.078555 0.031422
0 0.855460 0.567164 0.078555 0.031422
0 0.855460 0.598586 0.078555 0.031422
0 0.855460 0.633936 0.078555 0.031422
0 0.855460 0.669285 0.078555 0.031422
0 0.855460 0.716418 0.078555 0.031422
0 0.855460 0.755695 0.078555 0.031422
0 0.855460 0.795758 0.078555 0.031422
0 0.783975 0.855460 0.031422 0.078555
0 0.742341 0.855460 0.031422 0.078555
0 0.702278 0.855460 0.031422 0.078555
0 0.666143 0.855460 0.031422 0.078555
0 0.631579 0.855460 0.031422 0.078555
0 0.597015 0.855460 0.031422 0.078555
0 0.563236 0.855460 0.031422 0.078555
0 0.525530 0.855460 0.031422 0.078555
0 0.481540 0.855460 0.031422 0.078555
0 0.446976 0.855460 0.031422 0.078555
0 0.415554 0.855460 0.031422 0.078555
0 0.367636 0.855460 0.031422 0.078555
0 0.331500 0.855460 0.031422 0.078555
0 0.292223 0.855460 0.031422 0.078555
0 0.252160 0.855460 0.031422 0.078555
0 0.212883 0.855460 0.031422 0.078555
0 0.144540 0.792616 0.078555 0.031422
0 0.144540 0.752553 0.078555 0.031422
0 0.144540 0.703064 0.078555 0.031422
0 0.144540 0.662215 0.078555 0.031422
0 0.144540 0.625295 0.078555 0.031422
0 0.144540 0.589945 0.078555 0.031422
0 0.144540 0.549882 0.078555 0.031422
0 0.144540 0.516104 0.078555 0.031422
0 0.144540 0.476041 0.078555 0.031422
0 0.144540 0.443048 0.078555 0.031422
0 0.144540 0.410055 0.078555 0.031422
0 0.144540 0.374705 0.078555 0.031422
0 0.144540 0.338570 0.078555 0.031422
0 0.144540 0.296151 0.078555 0.031422
0 0.144540 0.247447 0.078555 0.031422
0 0.144540 0.208170 0.078555 0.031422
