0 0.192026 0.122050 0.032547 0.081367
0 0.234337 0.122050 0.032547 0.081367
0 0.275020 0.122050 0.032547 0.081367
0 0.316517 0.122050 0.032547 0.081367
0 0.355574 0.122050 0.032547 0.081367
0 0.393002 0.122050 0.032547 0.081367
0 0.426363 0.122050 0.032547 0.081367
0 0.463792 0.122050 0.032547 0.081367
0 0.520749 0.122050 0.032547 0.081367
0 0.553295 0.122050 0.032547 0.081367
0 0.623271 0.122050 0.032547 0.081367
0 0.660700 0.122050 0.032547 0.081367
0 0.711147 0.122050 0.032547 0.081367
0 0.751831 0.122050 0.032547 0.081367
0 0.796583 0.122050 0.032547 0.081367
0 0.877950 0.192026 0.081367 0.032547
0 0.877950 0.234337 0.081367 0.032547
0 0.877950 0.276648 0.081367 0.032547
0 0.877950 0.322213 0.081367 0.032547
0 0.877950 0.361269 0.081367 0.032547
0 0.877950 0.406835 0.081367 0.032547
0 0.877950 0.441823 0.081367 0.032547
0 0.877950 0.471115 0.081367 0.032547
0 0.877950 0.522376 0.081367 0.032547
0 0.877950 0.567128 0.081367 0.032547
0 0.877950 0.602116 0.081367 0.032547
0 0.877950 0.638731 0.081367 0.032547
0 0.877950 0.677787 0.081367 0.032547
0 0.877950 0.726607 0.081367 0.032547
0 0.877950 0.768104 0.081367 0.032547
0 0.877950 0.811229 0.081367 0.032547
0 0.804719 0.877950 0.032547 0.081367
0 0.758340 0.877950 0.032547 0.081367
0 0.715216 0.877950 0.032547 0.081367
0 0.674532 0.877950 0.032547 0.081367
0 0.637103 0.877950 0.032547 0.081367
0 0.599675 0.877950 0.032547 0.081367
0 0.563873 0.877950 0.032547 0.081367
0 0.525631 0.877950 0.032547 0.081367
0 0.479251 0.877950 0.032547 0.081367
0 0.443450 0.877950 0.032547 0.081367
0 0.407648 0.877950 0.032547 0.081367
0 0.359642 0.877950 0.032547 0.081367
0 0.320586 0.877950 0.032547 0.081367
0 0.279089 0.877950 0.032547 0.081367
0 0.235964 0.877950 0.032547 0.081367
0 0.194467 0.877950 0.032547 0.081367
0 0.122050 0.809601 0.081367 0.032547
0 0.122050 0.767290 0.081367 0.032547
0 0.122050 0.715216 0.081367 0.032547
0 0.122050 0.673718 0.081367 0.032547
0 0.122050 0.633849 0.081367 0.032547
0 0.122050 0.596420 0.081367 0.032547
0 0.122050 0.555736 0.081367 0.032547
0 0.122050 0.518308 0.081367 0.032547
0 0.122050 0.477624 0.081367 0.032547
0 0.122050 0.441823 0.081367 0.032547
0 0.122050 0.406021 0.081367 0.032547
0 0.122050 0.368592 0.081367 0.032547
0 0.122050 0.330350 0.081367 0.032547
0 0.122050 0.284784 0.081367 0.032547
0 0.122050 0.232710 0.081367 0.032547
0 0.122050 0.191212 0.081367 0.032547
