0 0.198535 0.131814 0.032547 0.081367
0 0.239219 0.131814 0.032547 0.081367
0 0.279089 0.131814 0.032547 0.081367
0 0.318959 0.131814 0.032547 0.081367
0 0.355574 0.131814 0.032547 0.081367
0 0.391375 0.131814 0.032547 0.081367
0 0.425549 0.131814 0.032547 0.081367
0 0.462164 0.131814 0.032547 0.081367
0 0.519935 0.131814 0.032547 0.081367
0 0.583401 0.131814 0.032547 0.081367
0 0.616762 0.131814 0.032547 0.081367
0 0.652563 0.131814 0.032547 0.081367
0 0.703824 0.131814 0.032547 0.081367
0 0.742880 0.131814 0.032547 0.081367
0 0.784378 0.131814 0.032547 0.081367
0 0.868186 0.199349 0.081367 0.032547
0 0.868186 0.240033 0.081367 0.032547
0 0.868186 0.280716 0.081367 0.032547
0 0.868186 0.326282 0.081367 0.032547
0 0.868186 0.363710 0.081367 0.032547
0 0.868186 0.409276 0.081367 0.032547
0 0.868186 0.442636 0.081367 0.032547
0 0.868186 0.470301 0.081367 0.032547
0 0.868186 0.524003 0.081367 0.032547
0 0.868186 0.569569 0.081367 0.032547
0 0.868186 0.602116 0.081367 0.032547
0 0.868186 0.637917 0.081367 0.032547
0 0.868186 0.675346 0.081367 0.032547
0 0.868186 0.724980 0.081367 0.032547
0 0.868186 0.764849 0.081367 0.032547
0 0.868186 0.807160 0.081367 0.032547
0 0.794142 0.868186 0.032547 0.081367
0 0.749390 0.868186 0.032547 0.081367
0 0.707893 0.868186 0.032547 0.081367
0 0.669650 0.868186 0.032547 0.081367
0 0.634662 0.868186 0.032547 0.081367
0 0.598861 0.868186 0.032547 0.081367
0 0.563873 0.868186 0.032547 0.081367
0 0.524003 0.868186 0.032547 0.081367
0 0.479251 0.868186 0.032547 0.081367
0 0.444264 0.868186 0.032547 0.081367
0 0.409276 0.868186 0.032547 0.081367
0 0.360456 0.868186 0.032547 0.081367
0 0.323027 0.868186 0.032547 0.081367
0 0.282343 0.868186 0.032547 0.081367
0 0.240033 0.868186 0.032547 0.081367
0 0.200976 0.868186 0.032547 0.081367
0 0.131814 0.803092 0.081367 0.032547
0 0.131814 0.763222 0.081367 0.032547
0 0.131814 0.709520 0.081367 0.032547
0 0.131814 0.668836 0.081367 0.032547
0 0.131814 0.630594 0.081367 0.032547
0 0.131814 0.594793 0.081367 0.032547
0 0.131814 0.553295 0.081367 0.032547
0 0.131814 0.516680 0.081367 0.032547
0 0.131814 0.477624 0.081367 0.032547
0 0.131814 0.441823 0.081367 0.032547
0 0.131814 0.407648 0.081367 0.032547
0 0.131814 0.372661 0.081367 0.032547
0 0.131814 0.334418 0.081367 0.032547
0 0.131814 0.290480 0.081367 0.032547
0 0.131814 0.238405 0.081367 0.032547
0 0.131814 0.199349 0.081367 0.032547
