0 0.201790 0.136697 0.032547 0.081367
0 0.280716 0.136697 0.032547 0.081367
0 0.319772 0.136697 0.032547 0.081367
0 0.355574 0.136697 0.032547 0.081367
0 0.425549 0.136697 0.032547 0.081367
0 0.519935 0.136697 0.032547 0.081367
0 0.614321 0.136697 0.032547 0.081367
0 0.649308 0.136697 0.032547 0.081367
0 0.737998 0.136697 0.032547 0.081367
0 0.777868 0.136697 0.032547 0.081367
0 0.863303 0.203417 0.081367 0.032547
0 0.863303 0.243287 0.081367 0.032547
0 0.863303 0.282343 0.081367 0.032547
0 0.863303 0.327909 0.081367 0.032547
0 0.863303 0.364524 0.081367 0.032547
0 0.863303 0.410090 0.081367 0.032547
0 0.863303 0.442636 0.081367 0.032547
0 0.863303 0.470301 0.081367 0.032547
0 0.863303 0.524817 0.081367 0.032547
0 0.863303 0.570382 0.081367 0.032547
0 0.863303 0.602929 0.081367 0.032547
0 0.863303 0.637103 0.081367 0.032547
0 0.863303 0.673718 0.081367 0.032547
0 0.863303 0.724166 0.081367 0.032547
0 0.789260 0.863303 0.032547 0.081367
0 0.744508 0.863303 0.032547 0.081367
0 0.704638 0.863303 0.032547 0.081367
0 0.668023 0.863303 0.032547 0.081367
0 0.633035 0.863303 0.032547 0.081367
0 0.598861 0.863303 0.032547 0.081367
0 0.564687 0.863303 0.032547 0.081367
0 0.524817 0.863303 0.032547 0.081367
0 0.479251 0.863303 0.032547 0.081367
0 0.444264 0.863303 0.032547 0.081367
0 0.410090 0.863303 0.032547 0.081367
0 0.360456 0.863303 0.032547 0.081367
0 0.323841 0.863303 0.032547 0.081367
0 0.283971 0.863303 0.032547 0.081367
0 0.243287 0.863303 0.032547 0.081367
0 0.205045 0.863303 0.032547 0.081367
0 0.136697 0.799837 0.081367 0.032547
0 0.136697 0.759967 0.081367 0.032547
0 0.136697 0.706265 0.081367 0.032547
0 0.136697 0.628967 0.081367 0.032547
0 0.136697 0.594793 0.081367 0.032547
0 0.136697 0.552482 0.081367 0.032547
0 0.136697 0.515867 0.081367 0.032547
0 0.136697 0.477624 0.081367 0.032547
0 0.136697 0.442636 0.081367 0.032547
0 0.136697 0.409276 0.081367 0.032547
0 0.136697 0.374288 0.081367 0.032547
0 0.136697 0.336046 0.081367 0.032547
0 0.136697 0.292921 0.081367 0.032547
0 0.136697 0.241660 0.081367 0.032547
0 0.136697 0.202604 0.081367 0.032547
