0 0.205045 0.141579 0.032547 0.081367
0 0.244101 0.141579 0.032547 0.081367
0 0.282343 0.141579 0.032547 0.081367
0 0.320586 0.141579 0.032547 0.081367
0 0.355574 0.141579 0.032547 0.081367
0 0.424736 0.141579 0.032547 0.081367
0 0.461351 0.141579 0.032547 0.081367
0 0.519935 0.141579 0.032547 0.081367
0 0.548413 0.141579 0.032547 0.081367
0 0.580146 0.141579 0.032547 0.081367
0 0.611880 0.141579 0.032547 0.081367
0 0.645240 0.141579 0.032547 0.081367
0 0.772172 0.141579 0.032547 0.081367
0 0.858421 0.207486 0.081367 0.032547
0 0.858421 0.245728 0.081367 0.032547
0 0.858421 0.284784 0.081367 0.032547
0 0.858421 0.329536 0.081367 0.032547
0 0.858421 0.365338 0.081367 0.032547
0 0.858421 0.411717 0.081367 0.032547
0 0.858421 0.443450 0.081367 0.032547
0 0.858421 0.470301 0.081367 0.032547
0 0.858421 0.524817 0.081367 0.032547
0 0.858421 0.571196 0.081367 0.032547
0 0.858421 0.602929 0.081367 0.032547
0 0.858421 0.637103 0.081367 0.032547
0 0.858421 0.672905 0.081367 0.032547
0 0.858421 0.723352 0.081367 0.032547
0 0.858421 0.761595 0.081367 0.032547
0 0.858421 0.802278 0.081367 0.032547
0 0.783564 0.858421 0.032547 0.081367
0 0.740439 0.858421 0.032547 0.081367
0 0.700570 0.858421 0.032547 0.081367
0 0.665582 0.858421 0.032547 0.081367
0 0.632221 0.858421 0.032547 0.081367
0 0.598047 0.858421 0.032547 0.081367
0 0.564687 0.858421 0.032547 0.081367
0 0.523190 0.858421 0.032547 0.081367
0 0.480065 0.858421 0.032547 0.081367
0 0.445077 0.858421 0.032547 0.081367
0 0.410903 0.858421 0.032547 0.081367
0 0.361269 0.858421 0.032547 0.081367
0 0.324654 0.858421 0.032547 0.081367
0 0.285598 0.858421 0.032547 0.081367
0 0.207486 0.858421 0.032547 0.081367
0 0.141579 0.796583 0.081367 0.032547
0 0.141579 0.758340 0.081367 0.032547
0 0.141579 0.703011 0.081367 0.032547
0 0.141579 0.664768 0.081367 0.032547
0 0.141579 0.628153 0.081367 0.032547
0 0.141579 0.593979 0.081367 0.032547
0 0.141579 0.551668 0.081367 0.032547
0 0.141579 0.515867 0.081367 0.032547
0 0.141579 0.477624 0.081367 0.032547
0 0.141579 0.442636 0.081367 0.032547
0 0.141579 0.410903 0.081367 0.032547
0 0.141579 0.375915 0.081367 0.032547
0 0.141579 0.338487 0.081367 0.032547
0 0.141579 0.296176 0.081367 0.032547
0 0.141579 0.244101 0.081367 0.032547
0 0.141579 0.206672 0.081367 0.032547
