0 0.246542 0.146461 0.032547 0.081367
0 0.283971 0.146461 0.032547 0.081367
0 0.321400 0.146461 0.032547 0.081367
0 0.355574 0.146461 0.032547 0.081367
0 0.389748 0.146461 0.032547 0.081367
0 0.424736 0.146461 0.032547 0.081367
0 0.460537 0.146461 0.032547 0.081367
0 0.519121 0.146461 0.032547 0.081367
0 0.578519 0.146461 0.032547 0.081367
0 0.608625 0.146461 0.032547 0.081367
0 0.641172 0.146461 0.032547 0.081367
0 0.692433 0.146461 0.032547 0.081367
0 0.728234 0.146461 0.032547 0.081367
0 0.766477 0.146461 0.032547 0.081367
0 0.853539 0.210740 0.081367 0.032547
0 0.853539 0.248983 0.081367 0.032547
0 0.853539 0.287225 0.081367 0.032547
0 0.853539 0.331164 0.081367 0.032547
0 0.853539 0.366151 0.081367 0.032547
0 0.853539 0.412531 0.081367 0.032547
0 0.853539 0.444264 0.081367 0.032547
0 0.853539 0.469487 0.081367 0.032547
0 0.853539 0.525631 0.081367 0.032547
0 0.853539 0.572010 0.081367 0.032547
0 0.853539 0.602929 0.081367 0.032547
0 0.853539 0.636290 0.081367 0.032547
0 0.853539 0.672091 0.081367 0.032547
0 0.853539 0.722539 0.081367 0.032547
0 0.853539 0.759967 0.081367 0.032547
0 0.853539 0.799837 0.081367 0.032547
0 0.777055 0.853539 0.032547 0.081367
0 0.735557 0.853539 0.032547 0.081367
0 0.697315 0.853539 0.032547 0.081367
0 0.663141 0.853539 0.032547 0.081367
0 0.629780 0.853539 0.032547 0.081367
0 0.597234 0.853539 0.032547 0.081367
0 0.523190 0.853539 0.032547 0.081367
0 0.479251 0.853539 0.032547 0.081367
0 0.445077 0.853539 0.032547 0.081367
0 0.411717 0.853539 0.032547 0.081367
0 0.361269 0.853539 0.032547 0.081367
0 0.326282 0.853539 0.032547 0.081367
0 0.211554 0.853539 0.032547 0.081367
0 0.146461 0.793328 0.081367 0.032547
0 0.146461 0.756713 0.081367 0.032547
0 0.146461 0.700570 0.081367 0.032547
0 0.146461 0.663141 0.081367 0.032547
0 0.146461 0.626526 0.081367 0.032547
0 0.146461 0.593165 0.081367 0.032547
0 0.146461 0.550041 0.081367 0.032547
0 0.146461 0.515053 0.081367 0.032547
0 0.146461 0.477624 0.081367 0.032547
0 0.146461 0.443450 0.081367 0.032547
0 0.146461 0.411717 0.081367 0.032547
0 0.146461 0.378356 0.081367 0.032547
0 0.146461 0.340928 0.081367 0.032547
0 0.146461 0.299430 0.081367 0.032547
0 0.146461 0.247356 0.081367 0.032547
0 0.146461 0.209927 0.081367 0.032547
