0 0.210740 0.151343 0.032547 0.081367
0 0.248983 0.151343 0.032547 0.081367
0 0.285598 0.151343 0.032547 0.081367
0 0.322213 0.151343 0.032547 0.081367
0 0.355574 0.151343 0.032547 0.081367
0 0.388934 0.151343 0.032547 0.081367
0 0.423922 0.151343 0.032547 0.081367
0 0.459723 0.151343 0.032547 0.081367
0 0.519935 0.151343 0.032547 0.081367
0 0.546786 0.151343 0.032547 0.081367
0 0.606184 0.151343 0.032547 0.081367
0 0.637917 0.151343 0.032547 0.081367
0 0.724166 0.151343 0.032547 0.081367
0 0.760781 0.151343 0.032547 0.081367
0 0.848657 0.213995 0.081367 0.032547
0 0.848657 0.251424 0.081367 0.032547
0 0.848657 0.288039 0.081367 0.032547
0 0.848657 0.332791 0.081367 0.032547
0 0.848657 0.367779 0.081367 0.032547
0 0.848657 0.414158 0.081367 0.032547
0 0.848657 0.444264 0.081367 0.032547
0 0.848657 0.469487 0.081367 0.032547
0 0.848657 0.526444 0.081367 0.032547
0 0.848657 0.572823 0.081367 0.032547
0 0.848657 0.602929 0.081367 0.032547
0 0.848657 0.635476 0.081367 0.032547
0 0.848657 0.670464 0.081367 0.032547
0 0.848657 0.721725 0.081367 0.032547
0 0.848657 0.758340 0.081367 0.032547
0 0.848657 0.797396 0.081367 0.032547
0 0.771359 0.848657 0.032547 0.081367
0 0.730675 0.848657 0.032547 0.081367
0 0.694060 0.848657 0.032547 0.081367
0 0.661513 0.848657 0.032547 0.081367
0 0.628967 0.848657 0.032547 0.081367
0 0.596420 0.848657 0.032547 0.081367
0 0.480065 0.848657 0.032547 0.081367
0 0.445891 0.848657 0.032547 0.081367
0 0.413344 0.848657 0.032547 0.081367
0 0.327095 0.848657 0.032547 0.081367
0 0.288853 0.848657 0.032547 0.081367
0 0.249797 0.848657 0.032547 0.081367
0 0.214809 0.848657 0.032547 0.081367
0 0.151343 0.790073 0.081367 0.032547
0 0.151343 0.753458 0.081367 0.032547
0 0.151343 0.697315 0.081367 0.032547
0 0.151343 0.660700 0.081367 0.032547
0 0.151343 0.624898 0.081367 0.032547
0 0.151343 0.593165 0.081367 0.032547
0 0.151343 0.550041 0.081367 0.032547
0 0.151343 0.514239 0.081367 0.032547
0 0.151343 0.477624 0.081367 0.032547
0 0.151343 0.444264 0.081367 0.032547
0 0.151343 0.413344 0.081367 0.032547
0 0.151343 0.380797 0.081367 0.032547
0 0.151343 0.342555 0.081367 0.032547
0 0.151343 0.301871 0.081367 0.032547
0 0.151343 0.250610 0.081367 0.032547
0 0.151343 0.214809 0.081367 0.032547
