0 0.236778 0.126932 0.032547 0.081367
0 0.277461 0.126932 0.032547 0.081367
0 0.318145 0.126932 0.032547 0.081367
0 0.355574 0.126932 0.032547 0.081367
0 0.392189 0.126932 0.032547 0.081367
0 0.426363 0.126932 0.032547 0.081367
0 0.462978 0.126932 0.032547 0.081367
0 0.520749 0.126932 0.032547 0.081367
0 0.551668 0.126932 0.032547 0.081367
0 0.585028 0.126932 0.032547 0.081367
0 0.620016 0.126932 0.032547 0.081367
0 0.656631 0.126932 0.032547 0.081367
0 0.707079 0.126932 0.032547 0.081367
0 0.747762 0.126932 0.032547 0.081367
0 0.790073 0.126932 0.032547 0.081367
0 0.873068 0.195281 0.081367 0.032547
0 0.873068 0.236778 0.081367 0.032547
0 0.873068 0.279089 0.081367 0.032547
0 0.873068 0.324654 0.081367 0.032547
0 0.873068 0.362897 0.081367 0.032547
0 0.873068 0.407648 0.081367 0.032547
0 0.873068 0.441823 0.081367 0.032547
0 0.873068 0.471115 0.081367 0.032547
0 0.873068 0.523190 0.081367 0.032547
0 0.873068 0.567941 0.081367 0.032547
0 0.873068 0.602116 0.081367 0.032547
0 0.873068 0.638731 0.081367 0.032547
0 0.873068 0.676159 0.081367 0.032547
0 0.873068 0.725793 0.081367 0.032547
0 0.873068 0.766477 0.081367 0.032547
0 0.873068 0.809601 0.081367 0.032547
0 0.799024 0.873068 0.032547 0.081367
0 0.754272 0.873068 0.032547 0.081367
0 0.711961 0.873068 0.032547 0.081367
0 0.672091 0.873068 0.032547 0.081367
0 0.636290 0.873068 0.032547 0.081367
0 0.598861 0.873068 0.032547 0.081367
0 0.563873 0.873068 0.032547 0.081367
0 0.524817 0.873068 0.032547 0.081367
0 0.479251 0.873068 0.032547 0.081367
0 0.444264 0.873068 0.032547 0.081367
0 0.408462 0.873068 0.032547 0.081367
0 0.359642 0.873068 0.032547 0.081367
0 0.322213 0.873068 0.032547 0.081367
0 0.280716 0.873068 0.032547 0.081367
0 0.238405 0.873068 0.032547 0.081367
0 0.196908 0.873068 0.032547 0.081367
0 0.126932 0.806347 0.081367 0.032547
0 0.126932 0.764849 0.081367 0.032547
0 0.126932 0.711961 0.081367 0.032547
0 0.126932 0.671277 0.081367 0.032547
0 0.126932 0.632221 0.081367 0.032547
0 0.126932 0.595606 0.081367 0.032547
0 0.126932 0.554109 0.081367 0.032547
0 0.126932 0.517494 0.081367 0.032547
0 0.126932 0.477624 0.081367 0.032547
0 0.126932 0.441823 0.081367 0.032547
0 0.126932 0.406835 0.081367 0.032547
0 0.126932 0.370220 0.081367 0.032547
0 0.126932 0.332791 0.081367 0.032547
0 0.126932 0.287225 0.081367 0.032547
0 0.126932 0.235964 0.081367 0.032547
0 0.126932 0.195281 0.081367 0.032547
