0 0.204380 0.136253 0.032441 0.081103
0 0.243309 0.136253 0.032441 0.081103
0 0.282238 0.136253 0.032441 0.081103
0 0.320357 0.136253 0.032441 0.081103
0 0.355231 0.136253 0.032441 0.081103
0 0.390916 0.136253 0.032441 0.081103
0 0.427413 0.136253 0.032441 0.081103
0 0.463098 0.136253 0.032441 0.081103
0 0.519870 0.136253 0.032441 0.081103
0 0.551500 0.136253 0.032441 0.081103
0 0.584753 0.136253 0.032441 0.081103
0 0.618005 0.136253 0.032441 0.081103
0 0.652879 0.136253 0.032441 0.081103
0 0.703974 0.136253 0.032441 0.081103
0 0.742092 0.136253 0.032441 0.081103
0 0.779400 0.136253 0.032441 0.081103
0 0.863747 0.193025 0.081103 0.032441
0 0.863747 0.232766 0.081103 0.032441
0 0.863747 0.271695 0.081103 0.032441
0 0.863747 0.316302 0.081103 0.032441
0 0.863747 0.351176 0.081103 0.032441
0 0.863747 0.396594 0.081103 0.032441
0 0.863747 0.428224 0.081103 0.032441
0 0.863747 0.459043 0.081103 0.032441
0 0.863747 0.512571 0.081103 0.032441
0 0.863747 0.553122 0.081103 0.032441
0 0.863747 0.584753 0.081103 0.032441
0 0.863747 0.620438 0.081103 0.032441
0 0.863747 0.656934 0.081103 0.032441
0 0.863747 0.708840 0.081103 0.032441
0 0.863747 0.747770 0.081103 0.032441
0 0.863747 0.789943 0.081103 0.032441
0 0.785888 0.863747 0.032441 0.081103
0 0.741281 0.863747 0.032441 0.081103
0 0.698297 0.863747 0.032441 0.081103
0 0.660178 0.863747 0.032441 0.081103
0 0.626115 0.863747 0.032441 0.081103
0 0.590430 0.863747 0.032441 0.081103
0 0.555556 0.863747 0.032441 0.081103
0 0.519059 0.863747 0.032441 0.081103
0 0.476886 0.863747 0.032441 0.081103
0 0.443633 0.863747 0.032441 0.081103
0 0.412003 0.863747 0.032441 0.081103
0 0.363341 0.863747 0.032441 0.081103
0 0.325223 0.863747 0.032441 0.081103
0 0.287105 0.863747 0.032441 0.081103
0 0.243309 0.863747 0.032441 0.081103
0 0.203569 0.863747 0.032441 0.081103
0 0.136253 0.793187 0.081103 0.032441
0 0.136253 0.751825 0.081103 0.032441
0 0.136253 0.696675 0.081103 0.032441
0 0.136253 0.656123 0.081103 0.032441
0 0.136253 0.618816 0.081103 0.032441
0 0.136253 0.583131 0.081103 0.032441
0 0.136253 0.545012 0.081103 0.032441
0 0.136253 0.508516 0.081103 0.032441
0 0.136253 0.467964 0.081103 0.032441
0 0.136253 0.429846 0.081103 0.032441
0 0.136253 0.396594 0.081103 0.032441
0 0.136253 0.361719 0.081103 0.032441
0 0.136253 0.329278 0.081103 0.032441
0 0.136253 0.285483 0.081103 0.032441
0 0.136253 0.232766 0.081103 0.032441
0 0.136253 0.192214 0.081103 0.032441
