0 0.197080 0.126521 0.032441 0.081103
0 0.236010 0.126521 0.032441 0.081103
0 0.278994 0.126521 0.032441 0.081103
0 0.318735 0.126521 0.032441 0.081103
0 0.355231 0.126521 0.032441 0.081103
0 0.392539 0.126521 0.032441 0.081103
0 0.428224 0.126521 0.032441 0.081103
0 0.464720 0.126521 0.032441 0.081103
0 0.520681 0.126521 0.032441 0.081103
0 0.553122 0.126521 0.032441 0.081103
0 0.587997 0.126521 0.032441 0.081103
0 0.623682 0.126521 0.032441 0.081103
0 0.660178 0.126521 0.032441 0.081103
0 0.711273 0.126521 0.032441 0.081103
0 0.751825 0.126521 0.032441 0.081103
0 0.792376 0.126521 0.032441 0.081103
0 0.873479 0.189781 0.081103 0.032441
0 0.873479 0.230333 0.081103 0.032441
0 0.873479 0.271695 0.081103 0.032441
0 0.873479 0.316302 0.081103 0.032441
0 0.873479 0.351987 0.081103 0.032441
0 0.873479 0.397405 0.081103 0.032441
0 0.873479 0.430657 0.081103 0.032441
0 0.873479 0.463098 0.081103 0.032441
0 0.873479 0.515004 0.081103 0.032441
0 0.873479 0.554745 0.081103 0.032441
0 0.873479 0.587997 0.081103 0.032441
0 0.873479 0.625304 0.081103 0.032441
0 0.873479 0.665045 0.081103 0.032441
0 0.873479 0.714517 0.081103 0.032441
0 0.873479 0.756691 0.081103 0.032441
0 0.873479 0.799676 0.081103 0.032441
0 0.797242 0.873479 0.032441 0.081103
0 0.751825 0.873479 0.032441 0.081103
0 0.707218 0.873479 0.032441 0.081103
0 0.666667 0.873479 0.032441 0.081103
0 0.630170 0.873479 0.032441 0.081103
0 0.592863 0.873479 0.032441 0.081103
0 0.556367 0.873479 0.032441 0.081103
0 0.520681 0.873479 0.032441 0.081103
0 0.477697 0.873479 0.032441 0.081103
0 0.443633 0.873479 0.032441 0.081103
0 0.409570 0.873479 0.032441 0.081103
0 0.362530 0.873479 0.032441 0.081103
0 0.322790 0.873479 0.032441 0.081103
0 0.283049 0.873479 0.032441 0.081103
0 0.238443 0.873479 0.032441 0.081103
0 0.196269 0.873479 0.032441 0.081103
0 0.126521 0.802109 0.081103 0.032441
0 0.126521 0.759124 0.081103 0.032441
0 0.126521 0.707218 0.081103 0.032441
0 0.126521 0.664234 0.081103 0.032441
0 0.126521 0.625304 0.081103 0.032441
0 0.126521 0.587186 0.081103 0.032441
0 0.126521 0.549878 0.081103 0.032441
0 0.126521 0.516626 0.081103 0.032441
0 0.126521 0.471208 0.081103 0.032441
0 0.126521 0.432279 0.081103 0.032441
0 0.126521 0.397405 0.081103 0.032441
0 0.126521 0.361719 0.081103 0.032441
0 0.126521 0.330900 0.081103 0.032441
0 0.126521 0.283049 0.081103 0.032441
0 0.126521 0.231144 0.081103 0.032441
0 0.126521 0.188159 0.081103 0.032441
