0 0.208435 0.141119 0.032441 0.081103
0 0.245742 0.141119 0.032441 0.081103
0 0.283861 0.141119 0.032441 0.081103
0 0.320357 0.141119 0.032441 0.081103
0 0.389294 0.141119 0.032441 0.081103
0 0.427413 0.141119 0.032441 0.081103
0 0.463098 0.141119 0.032441 0.081103
0 0.520681 0.141119 0.032441 0.081103
0 0.583131 0.141119 0.032441 0.081103
0 0.701541 0.141119 0.032441 0.081103
0 0.737226 0.141119 0.032441 0.081103
0 0.772912 0.141119 0.032441 0.081103
0 0.858881 0.195458 0.081103 0.032441
0 0.858881 0.233577 0.081103 0.032441
0 0.858881 0.272506 0.081103 0.032441
0 0.858881 0.316302 0.081103 0.032441
0 0.858881 0.350365 0.081103 0.032441
0 0.858881 0.395783 0.081103 0.032441
0 0.858881 0.427413 0.081103 0.032441
0 0.858881 0.457421 0.081103 0.032441
0 0.858881 0.511760 0.081103 0.032441
0 0.858881 0.551500 0.081103 0.032441
0 0.858881 0.583131 0.081103 0.032441
0 0.858881 0.617194 0.081103 0.032441
0 0.858881 0.653690 0.081103 0.032441
0 0.858881 0.705596 0.081103 0.032441
0 0.858881 0.744526 0.081103 0.032441
0 0.858881 0.785077 0.081103 0.032441
0 0.781022 0.858881 0.032441 0.081103
0 0.736415 0.858881 0.032441 0.081103
0 0.694242 0.858881 0.032441 0.081103
0 0.657745 0.858881 0.032441 0.081103
0 0.624493 0.858881 0.032441 0.081103
0 0.588808 0.858881 0.032441 0.081103
0 0.555556 0.858881 0.032441 0.081103
0 0.518248 0.858881 0.032441 0.081103
0 0.476886 0.858881 0.032441 0.081103
0 0.444444 0.858881 0.032441 0.081103
0 0.412814 0.858881 0.032441 0.081103
0 0.364964 0.858881 0.032441 0.081103
0 0.326034 0.858881 0.032441 0.081103
0 0.288727 0.858881 0.032441 0.081103
0 0.254663 0.858881 0.032441 0.081103
0 0.206002 0.858881 0.032441 0.081103
0 0.141119 0.788321 0.081103 0.032441
0 0.141119 0.747770 0.081103 0.032441
0 0.141119 0.690998 0.081103 0.032441
0 0.141119 0.652879 0.081103 0.032441
0 0.141119 0.615572 0.081103 0.032441
0 0.141119 0.580697 0.081103 0.032441
0 0.141119 0.542579 0.081103 0.032441
0 0.141119 0.506894 0.081103 0.032441
0 0.141119 0.467153 0.081103 0.032441
0 0.141119 0.429035 0.081103 0.032441
0 0.141119 0.395783 0.081103 0.032441
0 0.141119 0.361719 0.081103 0.032441
0 0.141119 0.330900 0.081103 0.032441
0 0.141119 0.287105 0.081103 0.032441
0 0.141119 0.234388 0.081103 0.032441
0 0.141119 0.193836 0.081103 0.032441
