0 0.211679 0.145985 0.032441 0.081103
0 0.248175 0.145985 0.032441 0.081103
0 0.284672 0.145985 0.032441 0.081103
0 0.321168 0.145985 0.032441 0.081103
0 0.354420 0.145985 0.032441 0.081103
0 0.388483 0.145985 0.032441 0.081103
0 0.427413 0.145985 0.032441 0.081103
0 0.469586 0.145985 0.032441 0.081103
0 0.519870 0.145985 0.032441 0.081103
0 0.549067 0.145985 0.032441 0.081103
0 0.581509 0.145985 0.032441 0.081103
0 0.613139 0.145985 0.032441 0.081103
0 0.697486 0.145985 0.032441 0.081103
0 0.854015 0.197080 0.081103 0.032441
0 0.854015 0.235199 0.081103 0.032441
0 0.854015 0.272506 0.081103 0.032441
0 0.854015 0.316302 0.081103 0.032441
0 0.854015 0.348743 0.081103 0.032441
0 0.854015 0.395783 0.081103 0.032441
0 0.854015 0.426602 0.081103 0.032441
0 0.854015 0.455799 0.081103 0.032441
0 0.854015 0.510949 0.081103 0.032441
0 0.854015 0.550689 0.081103 0.032441
0 0.854015 0.582320 0.081103 0.032441
0 0.854015 0.614761 0.081103 0.032441
0 0.854015 0.650446 0.081103 0.032441
0 0.854015 0.703163 0.081103 0.032441
0 0.854015 0.740470 0.081103 0.032441
0 0.854015 0.781022 0.081103 0.032441
0 0.774534 0.854015 0.032441 0.081103
0 0.731549 0.854015 0.032441 0.081103
0 0.690187 0.854015 0.032441 0.081103
0 0.654501 0.854015 0.032441 0.081103
0 0.622871 0.854015 0.032441 0.081103
0 0.587997 0.854015 0.032441 0.081103
0 0.554745 0.854015 0.032441 0.081103
0 0.516626 0.854015 0.032441 0.081103
0 0.476886 0.854015 0.032441 0.081103
0 0.444444 0.854015 0.032441 0.081103
0 0.414436 0.854015 0.032441 0.081103
0 0.364964 0.854015 0.032441 0.081103
0 0.327656 0.854015 0.032441 0.081103
0 0.290349 0.854015 0.032441 0.081103
0 0.248175 0.854015 0.032441 0.081103
0 0.209246 0.854015 0.032441 0.081103
0 0.145985 0.784266 0.081103 0.032441
0 0.145985 0.744526 0.081103 0.032441
0 0.145985 0.686131 0.081103 0.032441
0 0.145985 0.648824 0.081103 0.032441
0 0.145985 0.613139 0.081103 0.032441
0 0.145985 0.578264 0.081103 0.032441
0 0.145985 0.540957 0.081103 0.032441
0 0.145985 0.504461 0.081103 0.032441
0 0.145985 0.465531 0.081103 0.032441
0 0.145985 0.428224 0.081103 0.032441
0 0.145985 0.395783 0.081103 0.032441
0 0.145985 0.361719 0.081103 0.032441
0 0.145985 0.331711 0.081103 0.032441
0 0.145985 0.287916 0.081103 0.032441
0 0.145985 0.236010 0.081103 0.032441
0 0.145985 0.196269 0.081103 0.032441
