0 0.214923 0.150852 0.032441 0.081103
0 0.249797 0.150852 0.032441 0.081103
0 0.286294 0.150852 0.032441 0.081103
0 0.321979 0.150852 0.032441 0.081103
0 0.354420 0.150852 0.032441 0.081103
0 0.387672 0.150852 0.032441 0.081103
0 0.426602 0.150852 0.032441 0.081103
0 0.461476 0.150852 0.032441 0.081103
0 0.519059 0.150852 0.032441 0.081103
0 0.548256 0.150852 0.032441 0.081103
0 0.579886 0.150852 0.032441 0.081103
0 0.610706 0.150852 0.032441 0.081103
0 0.694242 0.150852 0.032441 0.081103
0 0.728305 0.150852 0.032441 0.081103
0 0.849148 0.199513 0.081103 0.032441
0 0.849148 0.236010 0.081103 0.032441
0 0.849148 0.272506 0.081103 0.032441
0 0.849148 0.316302 0.081103 0.032441
0 0.849148 0.348743 0.081103 0.032441
0 0.849148 0.394972 0.081103 0.032441
0 0.849148 0.424980 0.081103 0.032441
0 0.849148 0.454177 0.081103 0.032441
0 0.849148 0.510949 0.081103 0.032441
0 0.849148 0.550689 0.081103 0.032441
0 0.849148 0.579886 0.081103 0.032441
0 0.849148 0.613139 0.081103 0.032441
0 0.849148 0.647202 0.081103 0.032441
0 0.849148 0.699919 0.081103 0.032441
0 0.849148 0.736415 0.081103 0.032441
0 0.849148 0.776156 0.081103 0.032441
0 0.769667 0.849148 0.032441 0.081103
0 0.727494 0.849148 0.032441 0.081103
0 0.686131 0.849148 0.032441 0.081103
0 0.652068 0.849148 0.032441 0.081103
0 0.620438 0.849148 0.032441 0.081103
0 0.587186 0.849148 0.032441 0.081103
0 0.554745 0.849148 0.032441 0.081103
0 0.516626 0.849148 0.032441 0.081103
0 0.477697 0.849148 0.032441 0.081103
0 0.445255 0.849148 0.032441 0.081103
0 0.416058 0.849148 0.032441 0.081103
0 0.365775 0.849148 0.032441 0.081103
0 0.328467 0.849148 0.032441 0.081103
0 0.291971 0.849148 0.032441 0.081103
0 0.249797 0.849148 0.032441 0.081103
0 0.212490 0.849148 0.032441 0.081103
0 0.150852 0.780211 0.081103 0.032441
0 0.150852 0.741281 0.081103 0.032441
0 0.150852 0.682076 0.081103 0.032441
0 0.150852 0.644769 0.081103 0.032441
0 0.150852 0.609895 0.081103 0.032441
0 0.150852 0.575831 0.081103 0.032441
0 0.150852 0.538524 0.081103 0.032441
0 0.150852 0.502839 0.081103 0.032441
0 0.150852 0.463909 0.081103 0.032441
0 0.150852 0.426602 0.081103 0.032441
0 0.150852 0.395783 0.081103 0.032441
0 0.150852 0.362530 0.081103 0.032441
0 0.150852 0.333333 0.081103 0.032441
0 0.150852 0.289538 0.081103 0.032441
0 0.150852 0.237632 0.081103 0.032441
