0 0.218978 0.155718 0.032441 0.081103
0 0.287916 0.155718 0.032441 0.081103
0 0.321979 0.155718 0.032441 0.081103
0 0.353609 0.155718 0.032441 0.081103
0 0.386861 0.155718 0.032441 0.081103
0 0.426602 0.155718 0.032441 0.081103
0 0.461476 0.155718 0.032441 0.081103
0 0.519059 0.155718 0.032441 0.081103
0 0.546634 0.155718 0.032441 0.081103
0 0.578264 0.155718 0.032441 0.081103
0 0.637470 0.155718 0.032441 0.081103
0 0.690187 0.155718 0.032441 0.081103
0 0.723439 0.155718 0.032441 0.081103
0 0.754258 0.155718 0.032441 0.081103
0 0.844282 0.236821 0.081103 0.032441
0 0.844282 0.272506 0.081103 0.032441
0 0.844282 0.317113 0.081103 0.032441
0 0.844282 0.347932 0.081103 0.032441
0 0.844282 0.394972 0.081103 0.032441
0 0.844282 0.424980 0.081103 0.032441
0 0.844282 0.453366 0.081103 0.032441
0 0.844282 0.510138 0.081103 0.032441
0 0.844282 0.549878 0.081103 0.032441
0 0.844282 0.579075 0.081103 0.032441
0 0.844282 0.610706 0.081103 0.032441
0 0.844282 0.643958 0.081103 0.032441
0 0.844282 0.697486 0.081103 0.032441
0 0.844282 0.733171 0.081103 0.032441
0 0.844282 0.772101 0.081103 0.032441
0 0.764801 0.844282 0.032441 0.081103
0 0.722628 0.844282 0.032441 0.081103
0 0.682076 0.844282 0.032441 0.081103
0 0.650446 0.844282 0.032441 0.081103
0 0.618816 0.844282 0.032441 0.081103
0 0.587186 0.844282 0.032441 0.081103
0 0.554745 0.844282 0.032441 0.081103
0 0.515815 0.844282 0.032441 0.081103
0 0.477697 0.844282 0.032441 0.081103
0 0.445255 0.844282 0.032441 0.081103
0 0.416869 0.844282 0.032441 0.081103
0 0.366586 0.844282 0.032441 0.081103
0 0.329278 0.844282 0.032441 0.081103
0 0.293593 0.844282 0.032441 0.081103
0 0.252230 0.844282 0.032441 0.081103
0 0.215734 0.844282 0.032441 0.081103
0 0.155718 0.776156 0.081103 0.032441
0 0.155718 0.738037 0.081103 0.032441
0 0.155718 0.677210 0.081103 0.032441
0 0.155718 0.641525 0.081103 0.032441
0 0.155718 0.607461 0.081103 0.032441
0 0.155718 0.573398 0.081103 0.032441
0 0.155718 0.536091 0.081103 0.032441
0 0.155718 0.500406 0.081103 0.032441
0 0.155718 0.463098 0.081103 0.032441
0 0.155718 0.425791 0.081103 0.032441
0 0.155718 0.394972 0.081103 0.032441
0 0.155718 0.362530 0.081103 0.032441
0 0.155718 0.334144 0.081103 0.032441
0 0.155718 0.290349 0.081103 0.032441
0 0.155718 0.238443 0.081103 0.032441
