0 0.201135 0.131387 0.032441 0.081103
0 0.240876 0.131387 0.032441 0.081103
0 0.280616 0.131387 0.032441 0.081103
0 0.319546 0.131387 0.032441 0.081103
0 0.355231 0.131387 0.032441 0.081103
0 0.391727 0.131387 0.032441 0.081103
0 0.428224 0.131387 0.032441 0.081103
0 0.463909 0.131387 0.032441 0.081103
0 0.520681 0.131387 0.032441 0.081103
0 0.552311 0.131387 0.032441 0.081103
0 0.586375 0.131387 0.032441 0.081103
0 0.620438 0.131387 0.032441 0.081103
0 0.656934 0.131387 0.032441 0.081103
0 0.708029 0.131387 0.032441 0.081103
0 0.747770 0.131387 0.032441 0.081103
0 0.785077 0.131387 0.032441 0.081103
0 0.868613 0.191403 0.081103 0.032441
0 0.868613 0.231955 0.081103 0.032441
0 0.868613 0.271695 0.081103 0.032441
0 0.868613 0.316302 0.081103 0.032441
0 0.868613 0.351176 0.081103 0.032441
0 0.868613 0.396594 0.081103 0.032441
0 0.868613 0.429846 0.081103 0.032441
0 0.868613 0.460665 0.081103 0.032441
0 0.868613 0.514193 0.081103 0.032441
0 0.868613 0.553933 0.081103 0.032441
0 0.868613 0.586375 0.081103 0.032441
0 0.868613 0.622871 0.081103 0.032441
0 0.868613 0.660989 0.081103 0.032441
0 0.868613 0.712084 0.081103 0.032441
0 0.868613 0.752636 0.081103 0.032441
0 0.868613 0.795620 0.081103 0.032441
0 0.791565 0.868613 0.032441 0.081103
0 0.746148 0.868613 0.032441 0.081103
0 0.703163 0.868613 0.032441 0.081103
0 0.663423 0.868613 0.032441 0.081103
0 0.627737 0.868613 0.032441 0.081103
0 0.591241 0.868613 0.032441 0.081103
0 0.556367 0.868613 0.032441 0.081103
0 0.519870 0.868613 0.032441 0.081103
0 0.477697 0.868613 0.032441 0.081103
0 0.443633 0.868613 0.032441 0.081103
0 0.410381 0.868613 0.032441 0.081103
0 0.362530 0.868613 0.032441 0.081103
0 0.324412 0.868613 0.032441 0.081103
0 0.284672 0.868613 0.032441 0.081103
0 0.240876 0.868613 0.032441 0.081103
0 0.200324 0.868613 0.032441 0.081103
0 0.131387 0.807786 0.081103 0.032441
0 0.131387 0.756691 0.081103 0.032441
0 0.131387 0.701541 0.081103 0.032441
0 0.131387 0.660178 0.081103 0.032441
0 0.131387 0.621249 0.081103 0.032441
0 0.131387 0.584753 0.081103 0.032441
0 0.131387 0.547445 0.081103 0.032441
0 0.131387 0.510138 0.081103 0.032441
0 0.131387 0.469586 0.081103 0.032441
0 0.131387 0.430657 0.081103 0.032441
0 0.131387 0.397405 0.081103 0.032441
0 0.131387 0.360908 0.081103 0.032441
0 0.131387 0.328467 0.081103 0.032441
0 0.131387 0.283861 0.081103 0.032441
0 0.131387 0.231955 0.081103 0.032441
0 0.131387 0.189781 0.081103 0.032441
