0 0.192526 0.123477 0.032494 0.081235
0 0.236393 0.123477 0.032494 0.081235
0 0.276198 0.123477 0.032494 0.081235
0 0.316816 0.123477 0.032494 0.081235
0 0.354996 0.123477 0.032494 0.081235
0 0.392364 0.123477 0.032494 0.081235
0 0.428107 0.123477 0.032494 0.081235
0 0.465475 0.123477 0.032494 0.081235
0 0.521527 0.123477 0.032494 0.081235
0 0.554021 0.123477 0.032494 0.081235
0 0.588952 0.123477 0.032494 0.081235
0 0.625508 0.123477 0.032494 0.081235
0 0.662063 0.123477 0.032494 0.081235
0 0.713241 0.123477 0.032494 0.081235
0 0.753859 0.123477 0.032494 0.081235
0 0.796101 0.123477 0.032494 0.081235
0 0.876523 0.188465 0.081235 0.032494
0 0.876523 0.230707 0.081235 0.032494
0 0.876523 0.271324 0.081235 0.032494
0 0.876523 0.316003 0.081235 0.032494
0 0.876523 0.354184 0.081235 0.032494
0 0.876523 0.398863 0.081235 0.032494
0 0.876523 0.433794 0.081235 0.032494
0 0.876523 0.466288 0.081235 0.032494
0 0.876523 0.518278 0.081235 0.032494
0 0.876523 0.560520 0.081235 0.032494
0 0.876523 0.593826 0.081235 0.032494
0 0.876523 0.632006 0.081235 0.032494
0 0.876523 0.670187 0.081235 0.032494
0 0.876523 0.720552 0.081235 0.032494
0 0.876523 0.761982 0.081235 0.032494
0 0.876523 0.804224 0.081235 0.032494
0 0.801787 0.876523 0.032494 0.081235
0 0.755483 0.876523 0.032494 0.081235
0 0.711617 0.876523 0.032494 0.081235
0 0.668562 0.876523 0.032494 0.081235
0 0.632006 0.876523 0.032494 0.081235
0 0.597076 0.876523 0.032494 0.081235
0 0.561332 0.876523 0.032494 0.081235
0 0.523964 0.876523 0.032494 0.081235
0 0.477660 0.876523 0.032494 0.081235
0 0.442729 0.876523 0.032494 0.081235
0 0.407799 0.876523 0.032494 0.081235
0 0.360682 0.876523 0.032494 0.081235
0 0.320877 0.876523 0.032494 0.081235
0 0.279448 0.876523 0.032494 0.081235
0 0.235581 0.876523 0.032494 0.081235
0 0.193339 0.876523 0.032494 0.081235
0 0.123477 0.803412 0.081235 0.032494
0 0.123477 0.760357 0.081235 0.032494
0 0.123477 0.708367 0.081235 0.032494
0 0.123477 0.666125 0.081235 0.032494
0 0.123477 0.625508 0.081235 0.032494
0 0.123477 0.591389 0.081235 0.032494
0 0.123477 0.550772 0.081235 0.032494
0 0.123477 0.513404 0.081235 0.032494
0 0.123477 0.471974 0.081235 0.032494
0 0.123477 0.433794 0.081235 0.032494
0 0.123477 0.398050 0.081235 0.032494
0 0.123477 0.361495 0.081235 0.032494
0 0.123477 0.328188 0.081235 0.032494
0 0.123477 0.282697 0.081235 0.032494
0 0.123477 0.229894 0.081235 0.032494
0 0.123477 0.189277 0.081235 0.032494
