0 0.199025 0.133225 0.032494 0.081235
0 0.241267 0.133225 0.032494 0.081235
0 0.279448 0.133225 0.032494 0.081235
0 0.318440 0.133225 0.032494 0.081235
0 0.354996 0.133225 0.032494 0.081235
0 0.389927 0.133225 0.032494 0.081235
0 0.427295 0.133225 0.032494 0.081235
0 0.463851 0.133225 0.032494 0.081235
0 0.520715 0.133225 0.032494 0.081235
0 0.551584 0.133225 0.032494 0.081235
0 0.585703 0.133225 0.032494 0.081235
0 0.619821 0.133225 0.032494 0.081235
0 0.654752 0.133225 0.032494 0.081235
0 0.705930 0.133225 0.032494 0.081235
0 0.744923 0.133225 0.032494 0.081235
0 0.783103 0.133225 0.032494 0.081235
0 0.866775 0.192526 0.081235 0.032494
0 0.866775 0.233956 0.081235 0.032494
0 0.866775 0.272136 0.081235 0.032494
0 0.866775 0.316816 0.081235 0.032494
0 0.866775 0.353371 0.081235 0.032494
0 0.866775 0.398863 0.081235 0.032494
0 0.866775 0.432169 0.081235 0.032494
0 0.866775 0.464663 0.081235 0.032494
0 0.866775 0.517465 0.081235 0.032494
0 0.866775 0.559708 0.081235 0.032494
0 0.866775 0.592201 0.081235 0.032494
0 0.866775 0.627945 0.081235 0.032494
0 0.866775 0.665313 0.081235 0.032494
0 0.866775 0.715678 0.081235 0.032494
0 0.866775 0.755483 0.081235 0.032494
0 0.866775 0.796101 0.081235 0.032494
0 0.792039 0.866775 0.032494 0.081235
0 0.745735 0.866775 0.032494 0.081235
0 0.703493 0.866775 0.032494 0.081235
0 0.662876 0.866775 0.032494 0.081235
0 0.628757 0.866775 0.032494 0.081235
0 0.595451 0.866775 0.032494 0.081235
0 0.561332 0.866775 0.032494 0.081235
0 0.523152 0.866775 0.032494 0.081235
0 0.478473 0.866775 0.032494 0.081235
0 0.443542 0.866775 0.032494 0.081235
0 0.409423 0.866775 0.032494 0.081235
0 0.362307 0.866775 0.032494 0.081235
0 0.323314 0.866775 0.032494 0.081235
0 0.282697 0.866775 0.032494 0.081235
0 0.240455 0.866775 0.032494 0.081235
0 0.199838 0.866775 0.032494 0.081235
0 0.133225 0.795288 0.081235 0.032494
0 0.133225 0.753859 0.081235 0.032494
0 0.133225 0.698619 0.081235 0.032494
0 0.133225 0.661251 0.081235 0.032494
0 0.133225 0.620634 0.081235 0.032494
0 0.133225 0.583266 0.081235 0.032494
0 0.133225 0.546710 0.081235 0.032494
0 0.133225 0.510154 0.081235 0.032494
0 0.133225 0.469537 0.081235 0.032494
0 0.133225 0.432169 0.081235 0.032494
0 0.133225 0.397238 0.081235 0.032494
0 0.133225 0.362307 0.081235 0.032494
0 0.133225 0.329001 0.081235 0.032494
0 0.133225 0.285946 0.081235 0.032494
0 0.133225 0.233144 0.081235 0.032494
0 0.133225 0.194963 0.081235 0.032494
