0 0.202275 0.138099 0.032494 0.081235
0 0.244517 0.138099 0.032494 0.081235
0 0.281072 0.138099 0.032494 0.081235
0 0.319253 0.138099 0.032494 0.081235
0 0.389115 0.138099 0.032494 0.081235
0 0.427295 0.138099 0.032494 0.081235
0 0.551584 0.138099 0.032494 0.081235
0 0.584078 0.138099 0.032494 0.081235
0 0.616572 0.138099 0.032494 0.081235
0 0.650690 0.138099 0.032494 0.081235
0 0.702681 0.138099 0.032494 0.081235
0 0.740049 0.138099 0.032494 0.081235
0 0.776604 0.138099 0.032494 0.081235
0 0.861901 0.194151 0.081235 0.032494
0 0.861901 0.234768 0.081235 0.032494
0 0.861901 0.272949 0.081235 0.032494
0 0.861901 0.317628 0.081235 0.032494
0 0.861901 0.352559 0.081235 0.032494
0 0.861901 0.398863 0.081235 0.032494
0 0.861901 0.431357 0.081235 0.032494
0 0.861901 0.463038 0.081235 0.032494
0 0.861901 0.517465 0.081235 0.032494
0 0.861901 0.559708 0.081235 0.032494
0 0.861901 0.591389 0.081235 0.032494
0 0.861901 0.625508 0.081235 0.032494
0 0.861901 0.662876 0.081235 0.032494
0 0.861901 0.713241 0.081235 0.032494
0 0.861901 0.752234 0.081235 0.032494
0 0.861901 0.792039 0.081235 0.032494
0 0.786353 0.861901 0.032494 0.081235
0 0.740861 0.861901 0.032494 0.081235
0 0.699431 0.861901 0.032494 0.081235
0 0.659626 0.861901 0.032494 0.081235
0 0.627132 0.861901 0.032494 0.081235
0 0.594639 0.861901 0.032494 0.081235
0 0.561332 0.861901 0.032494 0.081235
0 0.522340 0.861901 0.032494 0.081235
0 0.478473 0.861901 0.032494 0.081235
0 0.443542 0.861901 0.032494 0.081235
0 0.411048 0.861901 0.032494 0.081235
0 0.362307 0.861901 0.032494 0.081235
0 0.324127 0.861901 0.032494 0.081235
0 0.285134 0.861901 0.032494 0.081235
0 0.242892 0.861901 0.032494 0.081235
0 0.202275 0.861901 0.032494 0.081235
0 0.138099 0.790414 0.081235 0.032494
0 0.138099 0.749797 0.081235 0.032494
0 0.138099 0.692933 0.081235 0.032494
0 0.138099 0.655565 0.081235 0.032494
0 0.138099 0.617384 0.081235 0.032494
0 0.138099 0.580829 0.081235 0.032494
0 0.138099 0.544273 0.081235 0.032494
0 0.138099 0.507717 0.081235 0.032494
0 0.138099 0.467912 0.081235 0.032494
0 0.138099 0.431357 0.081235 0.032494
0 0.138099 0.397238 0.081235 0.032494
0 0.138099 0.363119 0.081235 0.032494
0 0.138099 0.325751 0.081235 0.032494
0 0.138099 0.287571 0.081235 0.032494
0 0.138099 0.233956 0.081235 0.032494
0 0.138099 0.197400 0.081235 0.032494
