0 0.195776 0.128351 0.032494 0.081235
0 0.238830 0.128351 0.032494 0.081235
0 0.277823 0.128351 0.032494 0.081235
0 0.317628 0.128351 0.032494 0.081235
0 0.354996 0.128351 0.032494 0.081235
0 0.390739 0.128351 0.032494 0.081235
0 0.428107 0.128351 0.032494 0.081235
0 0.464663 0.128351 0.032494 0.081235
0 0.521527 0.128351 0.032494 0.081235
0 0.552396 0.128351 0.032494 0.081235
0 0.587327 0.128351 0.032494 0.081235
0 0.622258 0.128351 0.032494 0.081235
0 0.658814 0.128351 0.032494 0.081235
0 0.709180 0.128351 0.032494 0.081235
0 0.749797 0.128351 0.032494 0.081235
0 0.789602 0.128351 0.032494 0.081235
0 0.871649 0.190089 0.081235 0.032494
0 0.871649 0.232331 0.081235 0.032494
0 0.871649 0.272136 0.081235 0.032494
0 0.871649 0.316816 0.081235 0.032494
0 0.871649 0.353371 0.081235 0.032494
0 0.871649 0.398863 0.081235 0.032494
0 0.871649 0.432981 0.081235 0.032494
0 0.871649 0.465475 0.081235 0.032494
0 0.871649 0.517465 0.081235 0.032494
0 0.871649 0.593014 0.081235 0.032494
0 0.871649 0.629569 0.081235 0.032494
0 0.871649 0.667750 0.081235 0.032494
0 0.871649 0.718115 0.081235 0.032494
0 0.871649 0.758733 0.081235 0.032494
0 0.871649 0.800162 0.081235 0.032494
0 0.796913 0.871649 0.032494 0.081235
0 0.749797 0.871649 0.032494 0.081235
0 0.707555 0.871649 0.032494 0.081235
0 0.666125 0.871649 0.032494 0.081235
0 0.630382 0.871649 0.032494 0.081235
0 0.596263 0.871649 0.032494 0.081235
0 0.561332 0.871649 0.032494 0.081235
0 0.523152 0.871649 0.032494 0.081235
0 0.477660 0.871649 0.032494 0.081235
0 0.443542 0.871649 0.032494 0.081235
0 0.408611 0.871649 0.032494 0.081235
0 0.361495 0.871649 0.032494 0.081235
0 0.322502 0.871649 0.032494 0.081235
0 0.281072 0.871649 0.032494 0.081235
0 0.238018 0.871649 0.032494 0.081235
0 0.196588 0.871649 0.032494 0.081235
0 0.128351 0.800162 0.081235 0.032494
0 0.128351 0.757920 0.081235 0.032494
0 0.128351 0.703493 0.081235 0.032494
0 0.128351 0.662063 0.081235 0.032494
0 0.128351 0.623883 0.081235 0.032494
0 0.128351 0.584890 0.081235 0.032494
0 0.128351 0.548335 0.081235 0.032494
0 0.128351 0.511779 0.081235 0.032494
0 0.128351 0.470349 0.081235 0.032494
0 0.128351 0.432981 0.081235 0.032494
0 0.128351 0.397238 0.081235 0.032494
0 0.128351 0.362307 0.081235 0.032494
0 0.128351 0.328188 0.081235 0.032494
0 0.128351 0.284322 0.081235 0.032494
0 0.128351 0.231519 0.081235 0.032494
0 0.128351 0.191714 0.081235 0.032494
