0 0.199674 0.135289 0.032600 0.081500
0 0.239609 0.135289 0.032600 0.081500
0 0.277914 0.135289 0.032600 0.081500
0 0.317033 0.135289 0.032600 0.081500
0 0.352078 0.135289 0.032600 0.081500
0 0.387123 0.135289 0.032600 0.081500
0 0.424613 0.135289 0.032600 0.081500
0 0.462103 0.135289 0.032600 0.081500
0 0.521597 0.135289 0.032600 0.081500
0 0.550937 0.135289 0.032600 0.081500
0 0.584352 0.135289 0.032600 0.081500
0 0.616952 0.135289 0.032600 0.081500
0 0.651997 0.135289 0.032600 0.081500
0 0.704156 0.135289 0.032600 0.081500
0 0.741646 0.135289 0.032600 0.081500
0 0.778321 0.135289 0.032600 0.081500
0 0.864711 0.191524 0.081500 0.032600
0 0.864711 0.231459 0.081500 0.032600
0 0.864711 0.269764 0.081500 0.032600
0 0.864711 0.314588 0.081500 0.032600
0 0.864711 0.350448 0.081500 0.032600
0 0.864711 0.396088 0.081500 0.032600
0 0.864711 0.427873 0.081500 0.032600
0 0.864711 0.459658 0.081500 0.032600
0 0.864711 0.515892 0.081500 0.032600
0 0.864711 0.556642 0.081500 0.032600
0 0.864711 0.589242 0.081500 0.032600
0 0.864711 0.624287 0.081500 0.032600
0 0.864711 0.661777 0.081500 0.032600
0 0.864711 0.713121 0.081500 0.032600
0 0.864711 0.752241 0.081500 0.032600
0 0.864711 0.791361 0.081500 0.032600
0 0.784841 0.864711 0.032600 0.081500
0 0.741646 0.864711 0.032600 0.081500
0 0.700081 0.864711 0.032600 0.081500
0 0.662592 0.864711 0.032600 0.081500
0 0.629177 0.864711 0.032600 0.081500
0 0.594132 0.864711 0.032600 0.081500
0 0.559902 0.864711 0.032600 0.081500
0 0.521597 0.864711 0.032600 0.081500
0 0.476773 0.864711 0.032600 0.081500
0 0.441728 0.864711 0.032600 0.081500
0 0.409943 0.864711 0.032600 0.081500
0 0.361043 0.864711 0.032600 0.081500
0 0.322738 0.864711 0.032600 0.081500
0 0.281989 0.864711 0.032600 0.081500
0 0.239609 0.864711 0.032600 0.081500
0 0.199674 0.864711 0.032600 0.081500
0 0.135289 0.792176 0.081500 0.032600
0 0.135289 0.752241 0.081500 0.032600
0 0.135289 0.696007 0.081500 0.032600
0 0.135289 0.654442 0.081500 0.032600
0 0.135289 0.618582 0.081500 0.032600
0 0.135289 0.581907 0.081500 0.032600
0 0.135289 0.543602 0.081500 0.032600
0 0.135289 0.507742 0.081500 0.032600
0 0.135289 0.466178 0.081500 0.032600
0 0.135289 0.428688 0.081500 0.032600
0 0.135289 0.395273 0.081500 0.032600
0 0.135289 0.361043 0.081500 0.032600
0 0.135289 0.329258 0.081500 0.032600
0 0.135289 0.285249 0.081500 0.032600
0 0.135289 0.230644 0.081500 0.032600
0 0.135289 0.193969 0.081500 0.032600
