0 0.197229 0.130399 0.032600 0.081500
0 0.237164 0.130399 0.032600 0.081500
0 0.276284 0.130399 0.032600 0.081500
0 0.317033 0.130399 0.032600 0.081500
0 0.352893 0.130399 0.032600 0.081500
0 0.387938 0.130399 0.032600 0.081500
0 0.425428 0.130399 0.032600 0.081500
0 0.462918 0.130399 0.032600 0.081500
0 0.521597 0.130399 0.032600 0.081500
0 0.551752 0.130399 0.032600 0.081500
0 0.585982 0.130399 0.032600 0.081500
0 0.620212 0.130399 0.032600 0.081500
0 0.655257 0.130399 0.032600 0.081500
0 0.707416 0.130399 0.032600 0.081500
0 0.746536 0.130399 0.032600 0.081500
0 0.784841 0.130399 0.032600 0.081500
0 0.869601 0.189079 0.081500 0.032600
0 0.869601 0.229829 0.081500 0.032600
0 0.869601 0.269764 0.081500 0.032600
0 0.869601 0.314588 0.081500 0.032600
0 0.869601 0.350448 0.081500 0.032600
0 0.869601 0.396088 0.081500 0.032600
0 0.869601 0.428688 0.081500 0.032600
0 0.869601 0.461288 0.081500 0.032600
0 0.869601 0.516707 0.081500 0.032600
0 0.869601 0.557457 0.081500 0.032600
0 0.869601 0.590872 0.081500 0.032600
0 0.869601 0.626732 0.081500 0.032600
0 0.869601 0.665037 0.081500 0.032600
0 0.869601 0.715566 0.081500 0.032600
0 0.869601 0.756316 0.081500 0.032600
0 0.869601 0.796251 0.081500 0.032600
0 0.790546 0.869601 0.032600 0.081500
0 0.745721 0.869601 0.032600 0.081500
0 0.704971 0.869601 0.032600 0.081500
0 0.665852 0.869601 0.032600 0.081500
0 0.630807 0.869601 0.032600 0.081500
0 0.594947 0.869601 0.032600 0.081500
0 0.560717 0.869601 0.032600 0.081500
0 0.522412 0.869601 0.032600 0.081500
0 0.476773 0.869601 0.032600 0.081500
0 0.440913 0.869601 0.032600 0.081500
0 0.409128 0.869601 0.032600 0.081500
0 0.361043 0.869601 0.032600 0.081500
0 0.321108 0.869601 0.032600 0.081500
0 0.280359 0.869601 0.032600 0.081500
0 0.237979 0.869601 0.032600 0.081500
0 0.197229 0.869601 0.032600 0.081500
0 0.130399 0.797066 0.081500 0.032600
0 0.130399 0.755501 0.081500 0.032600
0 0.130399 0.700081 0.081500 0.032600
0 0.130399 0.659332 0.081500 0.032600
0 0.130399 0.621027 0.081500 0.032600
0 0.130399 0.584352 0.081500 0.032600
0 0.130399 0.546047 0.081500 0.032600
0 0.130399 0.509372 0.081500 0.032600
0 0.130399 0.467808 0.081500 0.032600
0 0.130399 0.429503 0.081500 0.032600
0 0.130399 0.395273 0.081500 0.032600
0 0.130399 0.361043 0.081500 0.032600
0 0.130399 0.327628 0.081500 0.032600
0 0.130399 0.283619 0.081500 0.032600
0 0.130399 0.229829 0.081500 0.032600
0 0.130399 0.191524 0.081500 0.032600
