0 0.190709 0.120619 0.032600 0.081500
0 0.232274 0.120619 0.032600 0.081500
0 0.273839 0.120619 0.032600 0.081500
0 0.315403 0.120619 0.032600 0.081500
0 0.352893 0.120619 0.032600 0.081500
0 0.390383 0.120619 0.032600 0.081500
0 0.426243 0.120619 0.032600 0.081500
0 0.464548 0.120619 0.032600 0.081500
0 0.521597 0.120619 0.032600 0.081500
0 0.553382 0.120619 0.032600 0.081500
0 0.589242 0.120619 0.032600 0.081500
0 0.625917 0.120619 0.032600 0.081500
0 0.663407 0.120619 0.032600 0.081500
0 0.715566 0.120619 0.032600 0.081500
0 0.756316 0.120619 0.032600 0.081500
0 0.797881 0.120619 0.032600 0.081500
0 0.879381 0.185819 0.081500 0.032600
0 0.879381 0.228199 0.081500 0.032600
0 0.879381 0.268949 0.081500 0.032600
0 0.879381 0.313773 0.081500 0.032600
0 0.879381 0.352078 0.081500 0.032600
0 0.879381 0.396903 0.081500 0.032600
0 0.879381 0.431133 0.081500 0.032600
0 0.879381 0.463733 0.081500 0.032600
0 0.879381 0.517522 0.081500 0.032600
0 0.879381 0.559087 0.081500 0.032600
0 0.879381 0.593317 0.081500 0.032600
0 0.879381 0.631622 0.081500 0.032600
0 0.879381 0.670742 0.081500 0.032600
0 0.879381 0.721271 0.081500 0.032600
0 0.879381 0.763651 0.081500 0.032600
0 0.879381 0.806031 0.081500 0.032600
0 0.801141 0.879381 0.032600 0.081500
0 0.756316 0.879381 0.032600 0.081500
0 0.713121 0.879381 0.032600 0.081500
0 0.670742 0.879381 0.032600 0.081500
0 0.634067 0.879381 0.032600 0.081500
0 0.597392 0.879381 0.032600 0.081500
0 0.559902 0.879381 0.032600 0.081500
0 0.524042 0.879381 0.032600 0.081500
0 0.476773 0.879381 0.032600 0.081500
0 0.440913 0.879381 0.032600 0.081500
0 0.406683 0.879381 0.032600 0.081500
0 0.358598 0.879381 0.032600 0.081500
0 0.323553 0.879381 0.032600 0.081500
0 0.277099 0.879381 0.032600 0.081500
0 0.233089 0.879381 0.032600 0.081500
0 0.190709 0.879381 0.032600 0.081500
0 0.120619 0.806846 0.081500 0.032600
0 0.120619 0.763651 0.081500 0.032600
0 0.120619 0.709861 0.081500 0.032600
0 0.120619 0.666667 0.081500 0.032600
0 0.120619 0.626732 0.081500 0.032600
0 0.120619 0.588427 0.081500 0.032600
0 0.120619 0.550122 0.081500 0.032600
0 0.120619 0.513447 0.081500 0.032600
0 0.120619 0.471068 0.081500 0.032600
0 0.120619 0.431948 0.081500 0.032600
0 0.120619 0.396088 0.081500 0.032600
0 0.120619 0.361043 0.081500 0.032600
0 0.120619 0.328443 0.081500 0.032600
0 0.120619 0.281174 0.081500 0.032600
0 0.120619 0.227384 0.081500 0.032600
0 0.120619 0.185819 0.081500 0.032600
