0 0.202934 0.140179 0.032600 0.081500
0 0.242054 0.140179 0.032600 0.081500
0 0.278729 0.140179 0.032600 0.081500
0 0.317033 0.140179 0.032600 0.081500
0 0.352078 0.140179 0.032600 0.081500
0 0.385493 0.140179 0.032600 0.081500
0 0.424613 0.140179 0.032600 0.081500
0 0.461288 0.140179 0.032600 0.081500
0 0.520782 0.140179 0.032600 0.081500
0 0.550122 0.140179 0.032600 0.081500
0 0.582722 0.140179 0.032600 0.081500
0 0.614507 0.140179 0.032600 0.081500
0 0.647922 0.140179 0.032600 0.081500
0 0.700896 0.140179 0.032600 0.081500
0 0.737571 0.140179 0.032600 0.081500
0 0.772616 0.140179 0.032600 0.081500
0 0.859821 0.193154 0.081500 0.032600
0 0.859821 0.270579 0.081500 0.032600
0 0.859821 0.315403 0.081500 0.032600
0 0.859821 0.349633 0.081500 0.032600
0 0.859821 0.396088 0.081500 0.032600
0 0.859821 0.427058 0.081500 0.032600
0 0.859821 0.458028 0.081500 0.032600
0 0.859821 0.515892 0.081500 0.032600
0 0.859821 0.556642 0.081500 0.032600
0 0.859821 0.588427 0.081500 0.032600
0 0.859821 0.622657 0.081500 0.032600
0 0.859821 0.658517 0.081500 0.032600
0 0.859821 0.710676 0.081500 0.032600
0 0.859821 0.748981 0.081500 0.032600
0 0.779136 0.859821 0.032600 0.081500
0 0.736756 0.859821 0.032600 0.081500
0 0.696007 0.859821 0.032600 0.081500
0 0.660147 0.859821 0.032600 0.081500
0 0.627547 0.859821 0.032600 0.081500
0 0.593317 0.859821 0.032600 0.081500
0 0.560717 0.859821 0.032600 0.081500
0 0.520782 0.859821 0.032600 0.081500
0 0.476773 0.859821 0.032600 0.081500
0 0.441728 0.859821 0.032600 0.081500
0 0.410758 0.859821 0.032600 0.081500
0 0.364303 0.859821 0.032600 0.081500
0 0.323553 0.859821 0.032600 0.081500
0 0.284434 0.859821 0.032600 0.081500
0 0.241239 0.859821 0.032600 0.081500
0 0.202934 0.859821 0.032600 0.081500
0 0.140179 0.787286 0.081500 0.032600
0 0.140179 0.748166 0.081500 0.032600
0 0.140179 0.691117 0.081500 0.032600
0 0.140179 0.651182 0.081500 0.032600
0 0.140179 0.616137 0.081500 0.032600
0 0.140179 0.580277 0.081500 0.032600
0 0.140179 0.541972 0.081500 0.032600
0 0.140179 0.505297 0.081500 0.032600
0 0.140179 0.464548 0.081500 0.032600
0 0.140179 0.427058 0.081500 0.032600
0 0.140179 0.394458 0.081500 0.032600
0 0.140179 0.361858 0.081500 0.032600
0 0.140179 0.330073 0.081500 0.032600
0 0.140179 0.286064 0.081500 0.032600
0 0.140179 0.232274 0.081500 0.032600
0 0.140179 0.197229 0.081500 0.032600
