0 0.206194 0.145069 0.032600 0.081500
0 0.244499 0.145069 0.032600 0.081500
0 0.281174 0.145069 0.032600 0.081500
0 0.317848 0.145069 0.032600 0.081500
0 0.351263 0.145069 0.032600 0.081500
0 0.384678 0.145069 0.032600 0.081500
0 0.423798 0.145069 0.032600 0.081500
0 0.460473 0.145069 0.032600 0.081500
0 0.519967 0.145069 0.032600 0.081500
0 0.611247 0.145069 0.032600 0.081500
0 0.643847 0.145069 0.032600 0.081500
0 0.696822 0.145069 0.032600 0.081500
0 0.733496 0.145069 0.032600 0.081500
0 0.766096 0.145069 0.032600 0.081500
0 0.854931 0.270579 0.081500 0.032600
0 0.854931 0.315403 0.081500 0.032600
0 0.854931 0.349633 0.081500 0.032600
0 0.854931 0.426243 0.081500 0.032600
0 0.854931 0.464548 0.081500 0.032600
0 0.854931 0.515077 0.081500 0.032600
0 0.854931 0.556642 0.081500 0.032600
0 0.854931 0.621027 0.081500 0.032600
0 0.854931 0.708231 0.081500 0.032600
0 0.854931 0.745721 0.081500 0.032600
0 0.773431 0.854931 0.032600 0.081500
0 0.731866 0.854931 0.032600 0.081500
0 0.691932 0.854931 0.032600 0.081500
0 0.657702 0.854931 0.032600 0.081500
0 0.625917 0.854931 0.032600 0.081500
0 0.592502 0.854931 0.032600 0.081500
0 0.560717 0.854931 0.032600 0.081500
0 0.520782 0.854931 0.032600 0.081500
0 0.476773 0.854931 0.032600 0.081500
0 0.442543 0.854931 0.032600 0.081500
0 0.412388 0.854931 0.032600 0.081500
0 0.361858 0.854931 0.032600 0.081500
0 0.324368 0.854931 0.032600 0.081500
0 0.285249 0.854931 0.032600 0.081500
0 0.244499 0.854931 0.032600 0.081500
0 0.205379 0.854931 0.032600 0.081500
0 0.145069 0.783211 0.081500 0.032600
0 0.145069 0.744091 0.081500 0.032600
0 0.145069 0.686227 0.081500 0.032600
0 0.145069 0.647922 0.081500 0.032600
0 0.145069 0.612877 0.081500 0.032600
0 0.145069 0.577832 0.081500 0.032600
0 0.145069 0.539527 0.081500 0.032600
0 0.145069 0.503667 0.081500 0.032600
0 0.145069 0.462918 0.081500 0.032600
0 0.145069 0.426243 0.081500 0.032600
0 0.145069 0.394458 0.081500 0.032600
0 0.145069 0.361858 0.081500 0.032600
0 0.145069 0.330888 0.081500 0.032600
0 0.145069 0.287694 0.081500 0.032600
0 0.145069 0.233904 0.081500 0.032600
0 0.145069 0.199674 0.081500 0.032600
