0 0.209454 0.149959 0.032600 0.081500
0 0.246944 0.149959 0.032600 0.081500
0 0.282804 0.149959 0.032600 0.081500
0 0.318663 0.149959 0.032600 0.081500
0 0.351263 0.149959 0.032600 0.081500
0 0.423798 0.149959 0.032600 0.081500
0 0.459658 0.149959 0.032600 0.081500
0 0.519967 0.149959 0.032600 0.081500
0 0.547677 0.149959 0.032600 0.081500
0 0.578647 0.149959 0.032600 0.081500
0 0.608802 0.149959 0.032600 0.081500
0 0.639772 0.149959 0.032600 0.081500
0 0.693562 0.149959 0.032600 0.081500
0 0.727791 0.149959 0.032600 0.081500
0 0.759576 0.149959 0.032600 0.081500
0 0.850041 0.234719 0.081500 0.032600
0 0.850041 0.315403 0.081500 0.032600
0 0.850041 0.348818 0.081500 0.032600
0 0.850041 0.462918 0.081500 0.032600
0 0.850041 0.515077 0.081500 0.032600
0 0.850041 0.555827 0.081500 0.032600
0 0.850041 0.618582 0.081500 0.032600
0 0.850041 0.653627 0.081500 0.032600
0 0.850041 0.742461 0.081500 0.032600
0 0.850041 0.778321 0.081500 0.032600
0 0.768541 0.850041 0.032600 0.081500
0 0.726976 0.850041 0.032600 0.081500
0 0.688672 0.850041 0.032600 0.081500
0 0.654442 0.850041 0.032600 0.081500
0 0.623472 0.850041 0.032600 0.081500
0 0.592502 0.850041 0.032600 0.081500
0 0.560717 0.850041 0.032600 0.081500
0 0.519967 0.850041 0.032600 0.081500
0 0.476773 0.850041 0.032600 0.081500
0 0.442543 0.850041 0.032600 0.081500
0 0.413203 0.850041 0.032600 0.081500
0 0.361858 0.850041 0.032600 0.081500
0 0.325183 0.850041 0.032600 0.081500
0 0.287694 0.850041 0.032600 0.081500
0 0.246129 0.850041 0.032600 0.081500
0 0.208639 0.850041 0.032600 0.081500
0 0.149959 0.778321 0.081500 0.032600
0 0.149959 0.740831 0.081500 0.032600
0 0.149959 0.682152 0.081500 0.032600
0 0.149959 0.643847 0.081500 0.032600
0 0.149959 0.610432 0.081500 0.032600
0 0.149959 0.576202 0.081500 0.032600
0 0.149959 0.537897 0.081500 0.032600
0 0.149959 0.502037 0.081500 0.032600
0 0.149959 0.462103 0.081500 0.032600
0 0.149959 0.425428 0.081500 0.032600
0 0.149959 0.393643 0.081500 0.032600
0 0.149959 0.362673 0.081500 0.032600
0 0.149959 0.331703 0.081500 0.032600
0 0.149959 0.289324 0.081500 0.032600
0 0.149959 0.235534 0.081500 0.032600
0 0.149959 0.202119 0.081500 0.032600
