0 0.193969 0.125509 0.032600 0.081500
0 0.235534 0.125509 0.032600 0.081500
0 0.275469 0.125509 0.032600 0.081500
0 0.316218 0.125509 0.032600 0.081500
0 0.352893 0.125509 0.032600 0.081500
0 0.388753 0.125509 0.032600 0.081500
0 0.425428 0.125509 0.032600 0.081500
0 0.463733 0.125509 0.032600 0.081500
0 0.521597 0.125509 0.032600 0.081500
0 0.552567 0.125509 0.032600 0.081500
0 0.587612 0.125509 0.032600 0.081500
0 0.622657 0.125509 0.032600 0.081500
0 0.659332 0.125509 0.032600 0.081500
0 0.711491 0.125509 0.032600 0.081500
0 0.751426 0.125509 0.032600 0.081500
0 0.791361 0.125509 0.032600 0.081500
0 0.874491 0.187449 0.081500 0.032600
0 0.874491 0.229014 0.081500 0.032600
0 0.874491 0.269764 0.081500 0.032600
0 0.874491 0.314588 0.081500 0.032600
0 0.874491 0.351263 0.081500 0.032600
0 0.874491 0.396903 0.081500 0.032600
0 0.874491 0.430318 0.081500 0.032600
0 0.874491 0.462103 0.081500 0.032600
0 0.874491 0.516707 0.081500 0.032600
0 0.874491 0.558272 0.081500 0.032600
0 0.874491 0.591687 0.081500 0.032600
0 0.874491 0.629177 0.081500 0.032600
0 0.874491 0.668297 0.081500 0.032600
0 0.874491 0.718011 0.081500 0.032600
0 0.874491 0.759576 0.081500 0.032600
0 0.874491 0.800326 0.081500 0.032600
0 0.796251 0.874491 0.032600 0.081500
0 0.751426 0.874491 0.032600 0.081500
0 0.709046 0.874491 0.032600 0.081500
0 0.668297 0.874491 0.032600 0.081500
0 0.632437 0.874491 0.032600 0.081500
0 0.595762 0.874491 0.032600 0.081500
0 0.560717 0.874491 0.032600 0.081500
0 0.522412 0.874491 0.032600 0.081500
0 0.476773 0.874491 0.032600 0.081500
0 0.440913 0.874491 0.032600 0.081500
0 0.407498 0.874491 0.032600 0.081500
0 0.359413 0.874491 0.032600 0.081500
0 0.320293 0.874491 0.032600 0.081500
0 0.278729 0.874491 0.032600 0.081500
0 0.235534 0.874491 0.032600 0.081500
0 0.193969 0.874491 0.032600 0.081500
0 0.125509 0.801956 0.081500 0.032600
0 0.125509 0.759576 0.081500 0.032600
0 0.125509 0.705786 0.081500 0.032600
0 0.125509 0.662592 0.081500 0.032600
0 0.125509 0.624287 0.081500 0.032600
0 0.125509 0.585982 0.081500 0.032600
0 0.125509 0.548492 0.081500 0.032600
0 0.125509 0.511002 0.081500 0.032600
0 0.125509 0.469438 0.081500 0.032600
0 0.125509 0.430318 0.081500 0.032600
0 0.125509 0.395273 0.081500 0.032600
0 0.125509 0.360228 0.081500 0.032600
0 0.125509 0.326813 0.081500 0.032600
0 0.125509 0.281989 0.081500 0.032600
0 0.125509 0.255094 0.081500 0.032600
0 0.125509 0.228199 0.081500 0.032600
0 0.125509 0.189079 0.081500 0.032600
