0 0.190709 0.127954 0.032600 0.081500
0 0.231459 0.127954 0.032600 0.081500
0 0.271394 0.127954 0.032600 0.081500
0 0.309698 0.127954 0.032600 0.081500
0 0.347188 0.127954 0.032600 0.081500
0 0.383048 0.127954 0.032600 0.081500
0 0.421353 0.127954 0.032600 0.081500
0 0.460473 0.127954 0.032600 0.081500
0 0.519152 0.127954 0.032600 0.081500
0 0.550122 0.127954 0.032600 0.081500
0 0.584352 0.127954 0.032600 0.081500
0 0.618582 0.127954 0.032600 0.081500
0 0.654442 0.127954 0.032600 0.081500
0 0.707416 0.127954 0.032600 0.081500
0 0.746536 0.127954 0.032600 0.081500
0 0.783211 0.127954 0.032600 0.081500
0 0.872046 0.187449 0.081500 0.032600
0 0.872046 0.229014 0.081500 0.032600
0 0.872046 0.268134 0.081500 0.032600
0 0.872046 0.313773 0.081500 0.032600
0 0.872046 0.349633 0.081500 0.032600
0 0.872046 0.396088 0.081500 0.032600
0 0.872046 0.429503 0.081500 0.032600
0 0.872046 0.462103 0.081500 0.032600
0 0.872046 0.517522 0.081500 0.032600
0 0.872046 0.559902 0.081500 0.032600
0 0.872046 0.593317 0.081500 0.032600
0 0.872046 0.628362 0.081500 0.032600
0 0.872046 0.668297 0.081500 0.032600
0 0.872046 0.718011 0.081500 0.032600
0 0.872046 0.759576 0.081500 0.032600
0 0.872046 0.792991 0.081500 0.032600
0 0.784026 0.872046 0.032600 0.081500
0 0.741646 0.872046 0.032600 0.081500
0 0.699267 0.872046 0.032600 0.081500
0 0.663407 0.872046 0.032600 0.081500
0 0.628362 0.872046 0.032600 0.081500
0 0.593317 0.872046 0.032600 0.081500
0 0.559087 0.872046 0.032600 0.081500
0 0.517522 0.872046 0.032600 0.081500
0 0.474328 0.872046 0.032600 0.081500
0 0.439283 0.872046 0.032600 0.081500
0 0.405868 0.872046 0.032600 0.081500
0 0.356968 0.872046 0.032600 0.081500
0 0.318663 0.872046 0.032600 0.081500
0 0.278729 0.872046 0.032600 0.081500
0 0.234719 0.872046 0.032600 0.081500
0 0.193154 0.872046 0.032600 0.081500
0 0.127954 0.799511 0.081500 0.032600
0 0.127954 0.757946 0.081500 0.032600
0 0.127954 0.701711 0.081500 0.032600
0 0.127954 0.659332 0.081500 0.032600
0 0.127954 0.621027 0.081500 0.032600
0 0.127954 0.581907 0.081500 0.032600
0 0.127954 0.544417 0.081500 0.032600
0 0.127954 0.507742 0.081500 0.032600
0 0.127954 0.464548 0.081500 0.032600
0 0.127954 0.425428 0.081500 0.032600
0 0.127954 0.392013 0.081500 0.032600
0 0.127954 0.355338 0.081500 0.032600
0 0.127954 0.325183 0.081500 0.032600
0 0.127954 0.281174 0.081500 0.032600
0 0.127954 0.225754 0.081500 0.032600
0 0.127954 0.189079 0.081500 0.032600
