0 0.193154 0.132844 0.032600 0.081500
0 0.233089 0.132844 0.032600 0.081500
0 0.272209 0.132844 0.032600 0.081500
0 0.310513 0.132844 0.032600 0.081500
0 0.346373 0.132844 0.032600 0.081500
0 0.382233 0.132844 0.032600 0.081500
0 0.420538 0.132844 0.032600 0.081500
0 0.459658 0.132844 0.032600 0.081500
0 0.519152 0.132844 0.032600 0.081500
0 0.548492 0.132844 0.032600 0.081500
0 0.581907 0.132844 0.032600 0.081500
0 0.615322 0.132844 0.032600 0.081500
0 0.649552 0.132844 0.032600 0.081500
0 0.702526 0.132844 0.032600 0.081500
0 0.740831 0.132844 0.032600 0.081500
0 0.776691 0.132844 0.032600 0.081500
0 0.867156 0.189079 0.081500 0.032600
0 0.867156 0.229014 0.081500 0.032600
0 0.867156 0.268134 0.081500 0.032600
0 0.867156 0.313773 0.081500 0.032600
0 0.867156 0.348818 0.081500 0.032600
0 0.867156 0.428688 0.081500 0.032600
0 0.867156 0.461288 0.081500 0.032600
0 0.867156 0.516707 0.081500 0.032600
0 0.867156 0.559087 0.081500 0.032600
0 0.867156 0.591687 0.081500 0.032600
0 0.867156 0.626732 0.081500 0.032600
0 0.867156 0.665037 0.081500 0.032600
0 0.867156 0.715566 0.081500 0.032600
0 0.867156 0.755501 0.081500 0.032600
0 0.867156 0.788101 0.081500 0.032600
0 0.779136 0.867156 0.032600 0.081500
0 0.736756 0.867156 0.032600 0.081500
0 0.694377 0.867156 0.032600 0.081500
0 0.660147 0.867156 0.032600 0.081500
0 0.626732 0.867156 0.032600 0.081500
0 0.592502 0.867156 0.032600 0.081500
0 0.559087 0.867156 0.032600 0.081500
0 0.517522 0.867156 0.032600 0.081500
0 0.475143 0.867156 0.032600 0.081500
0 0.439283 0.867156 0.032600 0.081500
0 0.406683 0.867156 0.032600 0.081500
0 0.356968 0.867156 0.032600 0.081500
0 0.318663 0.867156 0.032600 0.081500
0 0.280359 0.867156 0.032600 0.081500
0 0.237164 0.867156 0.032600 0.081500
0 0.208639 0.867156 0.032600 0.081500
0 0.132844 0.794621 0.081500 0.032600
0 0.132844 0.753056 0.081500 0.032600
0 0.132844 0.696007 0.081500 0.032600
0 0.132844 0.655257 0.081500 0.032600
0 0.132844 0.617767 0.081500 0.032600
0 0.132844 0.580277 0.081500 0.032600
0 0.132844 0.541972 0.081500 0.032600
0 0.132844 0.503667 0.081500 0.032600
0 0.132844 0.462918 0.081500 0.032600
0 0.132844 0.423798 0.081500 0.032600
0 0.132844 0.390383 0.081500 0.032600
0 0.132844 0.355338 0.081500 0.032600
0 0.132844 0.325183 0.081500 0.032600
0 0.132844 0.281989 0.081500 0.032600
0 0.132844 0.227384 0.081500 0.032600
0 0.132844 0.191524 0.081500 0.032600
