0 0.185004 0.118174 0.032600 0.081500
0 0.227384 0.118174 0.032600 0.081500
0 0.269764 0.118174 0.032600 0.081500
0 0.310513 0.118174 0.032600 0.081500
0 0.348818 0.118174 0.032600 0.081500
0 0.386308 0.118174 0.032600 0.081500
0 0.422983 0.118174 0.032600 0.081500
0 0.462103 0.118174 0.032600 0.081500
0 0.520782 0.118174 0.032600 0.081500
0 0.553382 0.118174 0.032600 0.081500
0 0.588427 0.118174 0.032600 0.081500
0 0.624287 0.118174 0.032600 0.081500
0 0.663407 0.118174 0.032600 0.081500
0 0.714751 0.118174 0.032600 0.081500
0 0.757131 0.118174 0.032600 0.081500
0 0.797881 0.118174 0.032600 0.081500
0 0.881826 0.184189 0.081500 0.032600
0 0.881826 0.227384 0.081500 0.032600
0 0.881826 0.268134 0.081500 0.032600
0 0.881826 0.313773 0.081500 0.032600
0 0.881826 0.351263 0.081500 0.032600
0 0.881826 0.397718 0.081500 0.032600
0 0.881826 0.431948 0.081500 0.032600
0 0.881826 0.465363 0.081500 0.032600
0 0.881826 0.519152 0.081500 0.032600
0 0.881826 0.560717 0.081500 0.032600
0 0.881826 0.596577 0.081500 0.032600
0 0.881826 0.634067 0.081500 0.032600
0 0.881826 0.674002 0.081500 0.032600
0 0.881826 0.723716 0.081500 0.032600
0 0.881826 0.766911 0.081500 0.032600
0 0.881826 0.805216 0.081500 0.032600
0 0.797066 0.881826 0.032600 0.081500
0 0.752241 0.881826 0.032600 0.081500
0 0.709046 0.881826 0.032600 0.081500
0 0.669112 0.881826 0.032600 0.081500
0 0.632437 0.881826 0.032600 0.081500
0 0.594947 0.881826 0.032600 0.081500
0 0.559902 0.881826 0.032600 0.081500
0 0.519152 0.881826 0.032600 0.081500
0 0.475143 0.881826 0.032600 0.081500
0 0.439283 0.881826 0.032600 0.081500
0 0.405053 0.881826 0.032600 0.081500
0 0.356968 0.881826 0.032600 0.081500
0 0.316218 0.881826 0.032600 0.081500
0 0.275469 0.881826 0.032600 0.081500
0 0.231459 0.881826 0.032600 0.081500
0 0.188264 0.881826 0.032600 0.081500
0 0.118174 0.810106 0.081500 0.032600
0 0.118174 0.766096 0.081500 0.032600
0 0.118174 0.712306 0.081500 0.032600
0 0.118174 0.667482 0.081500 0.032600
0 0.118174 0.627547 0.081500 0.032600
0 0.118174 0.587612 0.081500 0.032600
0 0.118174 0.550122 0.081500 0.032600
0 0.118174 0.512632 0.081500 0.032600
0 0.118174 0.469438 0.081500 0.032600
0 0.118174 0.428688 0.081500 0.032600
0 0.118174 0.393643 0.081500 0.032600
0 0.118174 0.356968 0.081500 0.032600
0 0.118174 0.324368 0.081500 0.032600
0 0.118174 0.279544 0.081500 0.032600
0 0.118174 0.224939 0.081500 0.032600
0 0.118174 0.184189 0.081500 0.032600
