0 0.195599 0.137734 0.032600 0.081500
0 0.234719 0.137734 0.032600 0.081500
0 0.273839 0.137734 0.032600 0.081500
0 0.310513 0.137734 0.032600 0.081500
0 0.346373 0.137734 0.032600 0.081500
0 0.380603 0.137734 0.032600 0.081500
0 0.419723 0.137734 0.032600 0.081500
0 0.458843 0.137734 0.032600 0.081500
0 0.518337 0.137734 0.032600 0.081500
0 0.547677 0.137734 0.032600 0.081500
0 0.579462 0.137734 0.032600 0.081500
0 0.612062 0.137734 0.032600 0.081500
0 0.645477 0.137734 0.032600 0.081500
0 0.698452 0.137734 0.032600 0.081500
0 0.735941 0.137734 0.032600 0.081500
0 0.769356 0.137734 0.032600 0.081500
0 0.862266 0.190709 0.081500 0.032600
0 0.862266 0.230644 0.081500 0.032600
0 0.862266 0.268134 0.081500 0.032600
0 0.862266 0.313773 0.081500 0.032600
0 0.862266 0.348003 0.081500 0.032600
0 0.862266 0.395273 0.081500 0.032600
0 0.862266 0.427058 0.081500 0.032600
0 0.862266 0.459658 0.081500 0.032600
0 0.862266 0.516707 0.081500 0.032600
0 0.862266 0.558272 0.081500 0.032600
0 0.862266 0.590872 0.081500 0.032600
0 0.862266 0.624287 0.081500 0.032600
0 0.862266 0.661777 0.081500 0.032600
0 0.862266 0.712306 0.081500 0.032600
0 0.862266 0.753056 0.081500 0.032600
0 0.862266 0.784026 0.081500 0.032600
0 0.772616 0.862266 0.032600 0.081500
0 0.731051 0.862266 0.032600 0.081500
0 0.690302 0.862266 0.032600 0.081500
0 0.656887 0.862266 0.032600 0.081500
0 0.625102 0.862266 0.032600 0.081500
0 0.591687 0.862266 0.032600 0.081500
0 0.559087 0.862266 0.032600 0.081500
0 0.516707 0.862266 0.032600 0.081500
0 0.474328 0.862266 0.032600 0.081500
0 0.440098 0.862266 0.032600 0.081500
0 0.407498 0.862266 0.032600 0.081500
0 0.357783 0.862266 0.032600 0.081500
0 0.320293 0.862266 0.032600 0.081500
0 0.281174 0.862266 0.032600 0.081500
0 0.238794 0.862266 0.032600 0.081500
0 0.198859 0.862266 0.032600 0.081500
0 0.137734 0.788916 0.081500 0.032600
0 0.137734 0.748981 0.081500 0.032600
0 0.137734 0.690302 0.081500 0.032600
0 0.137734 0.651182 0.081500 0.032600
0 0.137734 0.613692 0.081500 0.032600
0 0.137734 0.576202 0.081500 0.032600
0 0.137734 0.539527 0.081500 0.032600
0 0.137734 0.502037 0.081500 0.032600
0 0.137734 0.461288 0.081500 0.032600
0 0.137734 0.422168 0.081500 0.032600
0 0.137734 0.390383 0.081500 0.032600
0 0.137734 0.355338 0.081500 0.032600
0 0.137734 0.325998 0.081500 0.032600
0 0.137734 0.282804 0.081500 0.032600
0 0.137734 0.228199 0.081500 0.032600
0 0.137734 0.194784 0.081500 0.032600
