0 0.198044 0.142624 0.032600 0.081500
0 0.237164 0.142624 0.032600 0.081500
0 0.274654 0.142624 0.032600 0.081500
0 0.310513 0.142624 0.032600 0.081500
0 0.345558 0.142624 0.032600 0.081500
0 0.379788 0.142624 0.032600 0.081500
0 0.418908 0.142624 0.032600 0.081500
0 0.458028 0.142624 0.032600 0.081500
0 0.546862 0.142624 0.032600 0.081500
0 0.577832 0.142624 0.032600 0.081500
0 0.608802 0.142624 0.032600 0.081500
0 0.641402 0.142624 0.032600 0.081500
0 0.695192 0.142624 0.032600 0.081500
0 0.731051 0.142624 0.032600 0.081500
0 0.762021 0.142624 0.032600 0.081500
0 0.857376 0.192339 0.081500 0.032600
0 0.857376 0.231459 0.081500 0.032600
0 0.857376 0.268134 0.081500 0.032600
0 0.857376 0.312958 0.081500 0.032600
0 0.857376 0.347188 0.081500 0.032600
0 0.857376 0.395273 0.081500 0.032600
0 0.857376 0.426243 0.081500 0.032600
0 0.857376 0.458028 0.081500 0.032600
0 0.857376 0.515892 0.081500 0.032600
0 0.857376 0.557457 0.081500 0.032600
0 0.857376 0.589242 0.081500 0.032600
0 0.857376 0.621842 0.081500 0.032600
0 0.857376 0.659332 0.081500 0.032600
0 0.857376 0.709861 0.081500 0.032600
0 0.857376 0.748981 0.081500 0.032600
0 0.857376 0.779136 0.081500 0.032600
0 0.766911 0.857376 0.032600 0.081500
0 0.726976 0.857376 0.032600 0.081500
0 0.687042 0.857376 0.032600 0.081500
0 0.654442 0.857376 0.032600 0.081500
0 0.624287 0.857376 0.032600 0.081500
0 0.590872 0.857376 0.032600 0.081500
0 0.559087 0.857376 0.032600 0.081500
0 0.515892 0.857376 0.032600 0.081500
0 0.474328 0.857376 0.032600 0.081500
0 0.440098 0.857376 0.032600 0.081500
0 0.409128 0.857376 0.032600 0.081500
0 0.357783 0.857376 0.032600 0.081500
0 0.321108 0.857376 0.032600 0.081500
0 0.282804 0.857376 0.032600 0.081500
0 0.240424 0.857376 0.032600 0.081500
0 0.201304 0.857376 0.032600 0.081500
0 0.142624 0.784026 0.081500 0.032600
0 0.142624 0.744906 0.081500 0.032600
0 0.142624 0.685412 0.081500 0.032600
0 0.142624 0.647922 0.081500 0.032600
0 0.142624 0.610432 0.081500 0.032600
0 0.142624 0.574572 0.081500 0.032600
0 0.142624 0.536267 0.081500 0.032600
0 0.142624 0.499593 0.081500 0.032600
0 0.142624 0.459658 0.081500 0.032600
0 0.142624 0.421353 0.081500 0.032600
0 0.142624 0.389568 0.081500 0.032600
0 0.142624 0.355338 0.081500 0.032600
0 0.142624 0.325998 0.081500 0.032600
0 0.142624 0.283619 0.081500 0.032600
0 0.142624 0.229014 0.081500 0.032600
0 0.142624 0.197229 0.081500 0.032600
