0 0.187449 0.123064 0.032600 0.081500
0 0.229014 0.123064 0.032600 0.081500
0 0.270579 0.123064 0.032600 0.081500
0 0.310513 0.123064 0.032600 0.081500
0 0.347188 0.123064 0.032600 0.081500
0 0.385493 0.123064 0.032600 0.081500
0 0.422168 0.123064 0.032600 0.081500
0 0.461288 0.123064 0.032600 0.081500
0 0.519967 0.123064 0.032600 0.081500
0 0.552567 0.123064 0.032600 0.081500
0 0.585982 0.123064 0.032600 0.081500
0 0.621842 0.123064 0.032600 0.081500
0 0.658517 0.123064 0.032600 0.081500
0 0.710676 0.123064 0.032600 0.081500
0 0.751426 0.123064 0.032600 0.081500
0 0.790546 0.123064 0.032600 0.081500
0 0.876936 0.185819 0.081500 0.032600
0 0.876936 0.227384 0.081500 0.032600
0 0.876936 0.268134 0.081500 0.032600
0 0.876936 0.313773 0.081500 0.032600
0 0.876936 0.350448 0.081500 0.032600
0 0.876936 0.396903 0.081500 0.032600
0 0.876936 0.431133 0.081500 0.032600
0 0.876936 0.463733 0.081500 0.032600
0 0.876936 0.522412 0.081500 0.032600
0 0.876936 0.560717 0.081500 0.032600
0 0.876936 0.631622 0.081500 0.032600
0 0.876936 0.670742 0.081500 0.032600
0 0.876936 0.720456 0.081500 0.032600
0 0.876936 0.763651 0.081500 0.032600
0 0.876936 0.798696 0.081500 0.032600
0 0.789731 0.876936 0.032600 0.081500
0 0.747351 0.876936 0.032600 0.081500
0 0.702526 0.876936 0.032600 0.081500
0 0.665852 0.876936 0.032600 0.081500
0 0.630807 0.876936 0.032600 0.081500
0 0.594132 0.876936 0.032600 0.081500
0 0.559087 0.876936 0.032600 0.081500
0 0.518337 0.876936 0.032600 0.081500
0 0.475143 0.876936 0.032600 0.081500
0 0.439283 0.876936 0.032600 0.081500
0 0.405053 0.876936 0.032600 0.081500
0 0.356968 0.876936 0.032600 0.081500
0 0.317848 0.876936 0.032600 0.081500
0 0.277099 0.876936 0.032600 0.081500
0 0.233089 0.876936 0.032600 0.081500
0 0.190709 0.876936 0.032600 0.081500
0 0.123064 0.804401 0.081500 0.032600
0 0.123064 0.762021 0.081500 0.032600
0 0.123064 0.707416 0.081500 0.032600
0 0.123064 0.663407 0.081500 0.032600
0 0.123064 0.624287 0.081500 0.032600
0 0.123064 0.584352 0.081500 0.032600
0 0.123064 0.546862 0.081500 0.032600
0 0.123064 0.509372 0.081500 0.032600
0 0.123064 0.466993 0.081500 0.032600
0 0.123064 0.431948 0.081500 0.032600
0 0.123064 0.392828 0.081500 0.032600
0 0.123064 0.356153 0.081500 0.032600
0 0.123064 0.324368 0.081500 0.032600
0 0.123064 0.280359 0.081500 0.032600
0 0.123064 0.225754 0.081500 0.032600
0 0.123064 0.186634 0.081500 0.032600
