0 0.192026 0.131001 0.032547 0.081367
0 0.235964 0.131001 0.032547 0.081367
0 0.275020 0.131001 0.032547 0.081367
0 0.315704 0.131001 0.032547 0.081367
0 0.352319 0.131001 0.032547 0.081367
0 0.388120 0.131001 0.032547 0.081367
0 0.438568 0.131001 0.032547 0.081367
0 0.517494 0.131001 0.032547 0.081367
0 0.549227 0.131001 0.032547 0.081367
0 0.581774 0.131001 0.032547 0.081367
0 0.615948 0.131001 0.032547 0.081367
0 0.651749 0.131001 0.032547 0.081367
0 0.703824 0.131001 0.032547 0.081367
0 0.743694 0.131001 0.032547 0.081367
0 0.783564 0.131001 0.032547 0.081367
0 0.868999 0.204231 0.081367 0.032547
0 0.868999 0.245728 0.081367 0.032547
0 0.868999 0.285598 0.081367 0.032547
0 0.868999 0.369406 0.081367 0.032547
0 0.868999 0.417413 0.081367 0.032547
0 0.868999 0.449146 0.081367 0.032547
0 0.868999 0.476810 0.081367 0.032547
0 0.868999 0.531326 0.081367 0.032547
0 0.868999 0.578519 0.081367 0.032547
0 0.868999 0.611880 0.081367 0.032547
0 0.868999 0.647681 0.081367 0.032547
0 0.868999 0.734744 0.081367 0.032547
0 0.868999 0.773800 0.081367 0.032547
0 0.868999 0.816924 0.081367 0.032547
0 0.778682 0.868999 0.032547 0.081367
0 0.735557 0.868999 0.032547 0.081367
0 0.698129 0.868999 0.032547 0.081367
0 0.663954 0.868999 0.032547 0.081367
0 0.627339 0.868999 0.032547 0.081367
0 0.594793 0.868999 0.032547 0.081367
0 0.562246 0.868999 0.032547 0.081367
0 0.519935 0.868999 0.032547 0.081367
0 0.474369 0.868999 0.032547 0.081367
0 0.441009 0.868999 0.032547 0.081367
0 0.407648 0.868999 0.032547 0.081367
0 0.353133 0.868999 0.032547 0.081367
0 0.316517 0.868999 0.032547 0.081367
0 0.278275 0.868999 0.032547 0.081367
0 0.235964 0.868999 0.032547 0.081367
0 0.198535 0.868999 0.032547 0.081367
0 0.131001 0.811229 0.081367 0.032547
0 0.131001 0.770545 0.081367 0.032547
0 0.131001 0.716843 0.081367 0.032547
0 0.131001 0.676973 0.081367 0.032547
0 0.131001 0.639544 0.081367 0.032547
0 0.131001 0.604557 0.081367 0.032547
0 0.131001 0.559805 0.081367 0.032547
0 0.131001 0.524003 0.081367 0.032547
0 0.131001 0.480065 0.081367 0.032547
0 0.131001 0.449146 0.081367 0.032547
0 0.131001 0.414972 0.081367 0.032547
0 0.131001 0.378356 0.081367 0.032547
0 0.131001 0.339300 0.081367 0.032547
0 0.131001 0.295362 0.081367 0.032547
0 0.131001 0.243287 0.081367 0.032547
