0 0.233523 0.126119 0.032547 0.081367
0 0.273393 0.126119 0.032547 0.081367
0 0.314890 0.126119 0.032547 0.081367
0 0.353133 0.126119 0.032547 0.081367
0 0.423922 0.126119 0.032547 0.081367
0 0.461351 0.126119 0.032547 0.081367
0 0.518308 0.126119 0.032547 0.081367
0 0.550041 0.126119 0.032547 0.081367
0 0.584215 0.126119 0.032547 0.081367
0 0.619203 0.126119 0.032547 0.081367
0 0.655004 0.126119 0.032547 0.081367
0 0.708706 0.126119 0.032547 0.081367
0 0.748576 0.126119 0.032547 0.081367
0 0.790073 0.126119 0.032547 0.081367
0 0.873881 0.200163 0.081367 0.032547
0 0.873881 0.242474 0.081367 0.032547
0 0.873881 0.283157 0.081367 0.032547
0 0.873881 0.330350 0.081367 0.032547
0 0.873881 0.368592 0.081367 0.032547
0 0.873881 0.414972 0.081367 0.032547
0 0.873881 0.476810 0.081367 0.032547
0 0.873881 0.530513 0.081367 0.032547
0 0.873881 0.577705 0.081367 0.032547
0 0.873881 0.611066 0.081367 0.032547
0 0.873881 0.647681 0.081367 0.032547
0 0.873881 0.684296 0.081367 0.032547
0 0.873881 0.734744 0.081367 0.032547
0 0.873881 0.774614 0.081367 0.032547
0 0.873881 0.819365 0.081367 0.032547
0 0.784378 0.873881 0.032547 0.081367
0 0.741253 0.873881 0.032547 0.081367
0 0.702197 0.873881 0.032547 0.081367
0 0.666395 0.873881 0.032547 0.081367
0 0.629780 0.873881 0.032547 0.081367
0 0.595606 0.873881 0.032547 0.081367
0 0.562246 0.873881 0.032547 0.081367
0 0.520749 0.873881 0.032547 0.081367
0 0.474369 0.873881 0.032547 0.081367
0 0.440195 0.873881 0.032547 0.081367
0 0.406835 0.873881 0.032547 0.081367
0 0.353133 0.873881 0.032547 0.081367
0 0.316517 0.873881 0.032547 0.081367
0 0.275834 0.873881 0.032547 0.081367
0 0.233523 0.873881 0.032547 0.081367
0 0.194467 0.873881 0.032547 0.081367
0 0.126119 0.814483 0.081367 0.032547
0 0.126119 0.772172 0.081367 0.032547
0 0.126119 0.719284 0.081367 0.032547
0 0.126119 0.678600 0.081367 0.032547
0 0.126119 0.640358 0.081367 0.032547
0 0.126119 0.604557 0.081367 0.032547
0 0.126119 0.559805 0.081367 0.032547
0 0.126119 0.524817 0.081367 0.032547
0 0.126119 0.482506 0.081367 0.032547
0 0.126119 0.448332 0.081367 0.032547
0 0.126119 0.413344 0.081367 0.032547
0 0.126119 0.376729 0.081367 0.032547
0 0.126119 0.336859 0.081367 0.032547
0 0.126119 0.292107 0.081367 0.032547
0 0.126119 0.240846 0.081367 0.032547
