0 0.183889 0.116355 0.032547 0.081367
0 0.228641 0.116355 0.032547 0.081367
0 0.270952 0.116355 0.032547 0.081367
0 0.314076 0.116355 0.032547 0.081367
0 0.353133 0.116355 0.032547 0.081367
0 0.390561 0.116355 0.032547 0.081367
0 0.424736 0.116355 0.032547 0.081367
0 0.462978 0.116355 0.032547 0.081367
0 0.519121 0.116355 0.032547 0.081367
0 0.553295 0.116355 0.032547 0.081367
0 0.588283 0.116355 0.032547 0.081367
0 0.626526 0.116355 0.032547 0.081367
0 0.663954 0.116355 0.032547 0.081367
0 0.716843 0.116355 0.032547 0.081367
0 0.759154 0.116355 0.032547 0.081367
0 0.804719 0.116355 0.032547 0.081367
0 0.883645 0.192026 0.081367 0.032547
0 0.883645 0.235964 0.081367 0.032547
0 0.883645 0.279089 0.081367 0.032547
0 0.883645 0.325468 0.081367 0.032547
0 0.883645 0.365338 0.081367 0.032547
0 0.883645 0.411717 0.081367 0.032547
0 0.883645 0.445891 0.081367 0.032547
0 0.883645 0.477624 0.081367 0.032547
0 0.883645 0.528885 0.081367 0.032547
0 0.883645 0.575264 0.081367 0.032547
0 0.883645 0.609439 0.081367 0.032547
0 0.883645 0.647681 0.081367 0.032547
0 0.883645 0.685924 0.081367 0.032547
0 0.883645 0.822620 0.081367 0.032547
0 0.798210 0.883645 0.032547 0.081367
0 0.751831 0.883645 0.032547 0.081367
0 0.710334 0.883645 0.032547 0.081367
0 0.671277 0.883645 0.032547 0.081367
0 0.633849 0.883645 0.032547 0.081367
0 0.598047 0.883645 0.032547 0.081367
0 0.562246 0.883645 0.032547 0.081367
0 0.521562 0.883645 0.032547 0.081367
0 0.475183 0.883645 0.032547 0.081367
0 0.440195 0.883645 0.032547 0.081367
0 0.404394 0.883645 0.032547 0.081367
0 0.353133 0.883645 0.032547 0.081367
0 0.314890 0.883645 0.032547 0.081367
0 0.273393 0.883645 0.032547 0.081367
0 0.230269 0.883645 0.032547 0.081367
0 0.116355 0.820179 0.081367 0.032547
0 0.116355 0.777055 0.081367 0.032547
0 0.116355 0.724166 0.081367 0.032547
0 0.116355 0.681855 0.081367 0.032547
0 0.116355 0.641985 0.081367 0.032547
0 0.116355 0.604557 0.081367 0.032547
0 0.116355 0.558177 0.081367 0.032547
0 0.116355 0.521562 0.081367 0.032547
0 0.116355 0.482506 0.081367 0.032547
0 0.116355 0.446705 0.081367 0.032547
0 0.116355 0.410090 0.081367 0.032547
0 0.116355 0.371847 0.081367 0.032547
0 0.116355 0.331977 0.081367 0.032547
0 0.116355 0.279089 0.081367 0.032547
0 0.116355 0.234337 0.081367 0.032547
0 0.116355 0.191212 0.081367 0.032547
