0 0.194467 0.135883 0.032547 0.081367
0 0.237592 0.135883 0.032547 0.081367
0 0.276648 0.135883 0.032547 0.081367
0 0.315704 0.135883 0.032547 0.081367
0 0.352319 0.135883 0.032547 0.081367
0 0.387307 0.135883 0.032547 0.081367
0 0.422295 0.135883 0.032547 0.081367
0 0.460537 0.135883 0.032547 0.081367
0 0.516680 0.135883 0.032547 0.081367
0 0.547600 0.135883 0.032547 0.081367
0 0.579333 0.135883 0.032547 0.081367
0 0.613507 0.135883 0.032547 0.081367
0 0.646054 0.135883 0.032547 0.081367
0 0.699756 0.135883 0.032547 0.081367
0 0.777055 0.135883 0.032547 0.081367
0 0.864117 0.208299 0.081367 0.032547
0 0.864117 0.248983 0.081367 0.032547
0 0.864117 0.288039 0.081367 0.032547
0 0.864117 0.335232 0.081367 0.032547
0 0.864117 0.371033 0.081367 0.032547
0 0.864117 0.418226 0.081367 0.032547
0 0.864117 0.449959 0.081367 0.032547
0 0.864117 0.477624 0.081367 0.032547
0 0.864117 0.532954 0.081367 0.032547
0 0.864117 0.580146 0.081367 0.032547
0 0.864117 0.611880 0.081367 0.032547
0 0.864117 0.647681 0.081367 0.032547
0 0.864117 0.682669 0.081367 0.032547
0 0.864117 0.733930 0.081367 0.032547
0 0.864117 0.772986 0.081367 0.032547
0 0.864117 0.815297 0.081367 0.032547
0 0.772172 0.864117 0.032547 0.081367
0 0.730675 0.864117 0.032547 0.081367
0 0.694060 0.864117 0.032547 0.081367
0 0.661513 0.864117 0.032547 0.081367
0 0.625712 0.864117 0.032547 0.081367
0 0.593979 0.864117 0.032547 0.081367
0 0.562246 0.864117 0.032547 0.081367
0 0.519121 0.864117 0.032547 0.081367
0 0.474369 0.864117 0.032547 0.081367
0 0.441009 0.864117 0.032547 0.081367
0 0.353133 0.864117 0.032547 0.081367
0 0.318145 0.864117 0.032547 0.081367
0 0.279089 0.864117 0.032547 0.081367
0 0.237592 0.864117 0.032547 0.081367
0 0.201790 0.864117 0.032547 0.081367
0 0.135883 0.807974 0.081367 0.032547
0 0.135883 0.715216 0.081367 0.032547
0 0.135883 0.675346 0.081367 0.032547
0 0.135883 0.637917 0.081367 0.032547
0 0.135883 0.603743 0.081367 0.032547
0 0.135883 0.558991 0.081367 0.032547
0 0.135883 0.524003 0.081367 0.032547
0 0.135883 0.483320 0.081367 0.032547
0 0.135883 0.449959 0.081367 0.032547
0 0.135883 0.416599 0.081367 0.032547
0 0.135883 0.380797 0.081367 0.032547
0 0.135883 0.342555 0.081367 0.032547
0 0.135883 0.298617 0.081367 0.032547
0 0.135883 0.247356 0.081367 0.032547
0 0.135883 0.208299 0.081367 0.032547
