0 0.197722 0.140765 0.032547 0.081367
0 0.240033 0.140765 0.032547 0.081367
0 0.277461 0.140765 0.032547 0.081367
0 0.352319 0.140765 0.032547 0.081367
0 0.386493 0.140765 0.032547 0.081367
0 0.437754 0.140765 0.032547 0.081367
0 0.467860 0.140765 0.032547 0.081367
0 0.516680 0.140765 0.032547 0.081367
0 0.577705 0.140765 0.032547 0.081367
0 0.611066 0.140765 0.032547 0.081367
0 0.733116 0.140765 0.032547 0.081367
0 0.770545 0.140765 0.032547 0.081367
0 0.859235 0.212368 0.081367 0.032547
0 0.859235 0.251424 0.081367 0.032547
0 0.859235 0.290480 0.081367 0.032547
0 0.859235 0.336859 0.081367 0.032547
0 0.859235 0.371847 0.081367 0.032547
0 0.859235 0.419854 0.081367 0.032547
0 0.859235 0.450773 0.081367 0.032547
0 0.859235 0.477624 0.081367 0.032547
0 0.859235 0.533767 0.081367 0.032547
0 0.859235 0.581774 0.081367 0.032547
0 0.859235 0.646867 0.081367 0.032547
0 0.859235 0.681855 0.081367 0.032547
0 0.859235 0.733930 0.081367 0.032547
0 0.859235 0.771359 0.081367 0.032547
0 0.765663 0.859235 0.032547 0.081367
0 0.724980 0.859235 0.032547 0.081367
0 0.689992 0.859235 0.032547 0.081367
0 0.659072 0.859235 0.032547 0.081367
0 0.623271 0.859235 0.032547 0.081367
0 0.592352 0.859235 0.032547 0.081367
0 0.562246 0.859235 0.032547 0.081367
0 0.518308 0.859235 0.032547 0.081367
0 0.473556 0.859235 0.032547 0.081367
0 0.409276 0.859235 0.032547 0.081367
0 0.353133 0.859235 0.032547 0.081367
0 0.318959 0.859235 0.032547 0.081367
0 0.240033 0.859235 0.032547 0.081367
0 0.205045 0.859235 0.032547 0.081367
0 0.140765 0.805533 0.081367 0.032547
0 0.140765 0.767290 0.081367 0.032547
0 0.140765 0.711961 0.081367 0.032547
0 0.140765 0.673718 0.081367 0.032547
0 0.140765 0.637103 0.081367 0.032547
0 0.140765 0.602929 0.081367 0.032547
0 0.140765 0.558991 0.081367 0.032547
0 0.140765 0.523190 0.081367 0.032547
0 0.140765 0.484133 0.081367 0.032547
0 0.140765 0.418226 0.081367 0.032547
0 0.140765 0.383238 0.081367 0.032547
0 0.140765 0.344996 0.081367 0.032547
0 0.140765 0.301871 0.081367 0.032547
0 0.140765 0.250610 0.081367 0.032547
0 0.140765 0.212368 0.081367 0.032547
