0 0.186330 0.121237 0.032547 0.081367
0 0.231082 0.121237 0.032547 0.081367
0 0.271766 0.121237 0.032547 0.081367
0 0.314076 0.121237 0.032547 0.081367
0 0.352319 0.121237 0.032547 0.081367
0 0.389748 0.121237 0.032547 0.081367
0 0.423922 0.121237 0.032547 0.081367
0 0.462164 0.121237 0.032547 0.081367
0 0.519121 0.121237 0.032547 0.081367
0 0.551668 0.121237 0.032547 0.081367
0 0.585842 0.121237 0.032547 0.081367
0 0.622457 0.121237 0.032547 0.081367
0 0.659886 0.121237 0.032547 0.081367
0 0.711961 0.121237 0.032547 0.081367
0 0.753458 0.121237 0.032547 0.081367
0 0.798210 0.121237 0.032547 0.081367
0 0.878763 0.196908 0.081367 0.032547
0 0.878763 0.239219 0.081367 0.032547
0 0.878763 0.280716 0.081367 0.032547
0 0.878763 0.327909 0.081367 0.032547
0 0.878763 0.366965 0.081367 0.032547
0 0.878763 0.413344 0.081367 0.032547
0 0.878763 0.447518 0.081367 0.032547
0 0.878763 0.476810 0.081367 0.032547
0 0.878763 0.529699 0.081367 0.032547
0 0.878763 0.576078 0.081367 0.032547
0 0.878763 0.610252 0.081367 0.032547
0 0.878763 0.647681 0.081367 0.032547
0 0.878763 0.685924 0.081367 0.032547
0 0.878763 0.735557 0.081367 0.032547
0 0.878763 0.776241 0.081367 0.032547
0 0.878763 0.820993 0.081367 0.032547
0 0.791701 0.878763 0.032547 0.081367
0 0.746135 0.878763 0.032547 0.081367
0 0.706265 0.878763 0.032547 0.081367
0 0.668836 0.878763 0.032547 0.081367
0 0.631408 0.878763 0.032547 0.081367
0 0.596420 0.878763 0.032547 0.081367
0 0.562246 0.878763 0.032547 0.081367
0 0.520749 0.878763 0.032547 0.081367
0 0.474369 0.878763 0.032547 0.081367
0 0.440195 0.878763 0.032547 0.081367
0 0.406021 0.878763 0.032547 0.081367
0 0.353133 0.878763 0.032547 0.081367
0 0.315704 0.878763 0.032547 0.081367
0 0.275020 0.878763 0.032547 0.081367
0 0.232710 0.878763 0.032547 0.081367
0 0.192026 0.878763 0.032547 0.081367
0 0.121237 0.816924 0.081367 0.032547
0 0.121237 0.773800 0.081367 0.032547
0 0.121237 0.721725 0.081367 0.032547
0 0.121237 0.680228 0.081367 0.032547
0 0.121237 0.641172 0.081367 0.032547
0 0.121237 0.604557 0.081367 0.032547
0 0.121237 0.561432 0.081367 0.032547
0 0.121237 0.524817 0.081367 0.032547
0 0.121237 0.482506 0.081367 0.032547
0 0.121237 0.447518 0.081367 0.032547
0 0.121237 0.411717 0.081367 0.032547
0 0.121237 0.374288 0.081367 0.032547
0 0.121237 0.334418 0.081367 0.032547
0 0.121237 0.288853 0.081367 0.032547
0 0.121237 0.237592 0.081367 0.032547
0 0.121237 0.195281 0.081367 0.032547
