0 0.196761 0.126316 0.032389 0.080972
0 0.238057 0.126316 0.032389 0.080972
0 0.279352 0.126316 0.032389 0.080972
0 0.319838 0.126316 0.032389 0.080972
0 0.357895 0.126316 0.032389 0.080972
0 0.393522 0.126316 0.032389 0.080972
0 0.428340 0.126316 0.032389 0.080972
0 0.464777 0.126316 0.032389 0.080972
0 0.520648 0.126316 0.032389 0.080972
0 0.552227 0.126316 0.032389 0.080972
0 0.587045 0.126316 0.032389 0.080972
0 0.621862 0.126316 0.032389 0.080972
0 0.659919 0.126316 0.032389 0.080972
0 0.708502 0.126316 0.032389 0.080972
0 0.749798 0.126316 0.032389 0.080972
0 0.793522 0.126316 0.032389 0.080972
0 0.873684 0.195951 0.080972 0.032389
0 0.873684 0.238866 0.080972 0.032389
0 0.873684 0.280162 0.080972 0.032389
0 0.873684 0.325506 0.080972 0.032389
0 0.873684 0.363563 0.080972 0.032389
0 0.873684 0.408097 0.080972 0.032389
0 0.873684 0.442915 0.080972 0.032389
0 0.873684 0.472874 0.080972 0.032389
0 0.873684 0.523077 0.080972 0.032389
0 0.873684 0.567611 0.080972 0.032389
0 0.873684 0.601619 0.080972 0.032389
0 0.873684 0.638057 0.080972 0.032389
0 0.873684 0.676923 0.080972 0.032389
0 0.873684 0.725506 0.080972 0.032389
0 0.873684 0.765992 0.080972 0.032389
0 0.873684 0.808907 0.080972 0.032389
0 0.800810 0.873684 0.032389 0.080972
0 0.755466 0.873684 0.032389 0.080972
0 0.711741 0.873684 0.032389 0.080972
0 0.672874 0.873684 0.032389 0.080972
0 0.636437 0.873684 0.032389 0.080972
0 0.599190 0.873684 0.032389 0.080972
0 0.564372 0.873684 0.032389 0.080972
0 0.524696 0.873684 0.032389 0.080972
0 0.480162 0.873684 0.032389 0.080972
0 0.443725 0.873684 0.032389 0.080972
0 0.409717 0.873684 0.032389 0.080972
0 0.361943 0.873684 0.032389 0.080972
0 0.323077 0.873684 0.032389 0.080972
0 0.281781 0.873684 0.032389 0.080972
0 0.239676 0.873684 0.032389 0.080972
0 0.199190 0.873684 0.032389 0.080972
0 0.126316 0.808097 0.080972 0.032389
0 0.126316 0.765182 0.080972 0.032389
0 0.126316 0.714170 0.080972 0.032389
0 0.126316 0.672065 0.080972 0.032389
0 0.126316 0.632389 0.080972 0.032389
0 0.126316 0.595142 0.080972 0.032389
0 0.126316 0.554656 0.080972 0.032389
0 0.126316 0.518219 0.080972 0.032389
0 0.126316 0.477733 0.080972 0.032389
0 0.126316 0.441296 0.080972 0.032389
0 0.126316 0.406478 0.080972 0.032389
0 0.126316 0.369231 0.080972 0.032389
0 0.126316 0.331174 0.080972 0.032389
0 0.126316 0.285830 0.080972 0.032389
0 0.126316 0.236437 0.080972 0.032389
0 0.126316 0.193522 0.080972 0.032389
