0 0.203239 0.136032 0.032389 0.080972
0 0.242915 0.136032 0.032389 0.080972
0 0.282591 0.136032 0.032389 0.080972
0 0.321457 0.136032 0.032389 0.080972
0 0.357085 0.136032 0.032389 0.080972
0 0.391903 0.136032 0.032389 0.080972
0 0.427530 0.136032 0.032389 0.080972
0 0.463158 0.136032 0.032389 0.080972
0 0.519838 0.136032 0.032389 0.080972
0 0.549798 0.136032 0.032389 0.080972
0 0.583806 0.136032 0.032389 0.080972
0 0.615385 0.136032 0.032389 0.080972
0 0.650202 0.136032 0.032389 0.080972
0 0.701215 0.136032 0.032389 0.080972
0 0.740081 0.136032 0.032389 0.080972
0 0.781377 0.136032 0.032389 0.080972
0 0.863968 0.204049 0.080972 0.032389
0 0.863968 0.244534 0.080972 0.032389
0 0.863968 0.284211 0.080972 0.032389
0 0.863968 0.329555 0.080972 0.032389
0 0.863968 0.365992 0.080972 0.032389
0 0.863968 0.410526 0.080972 0.032389
0 0.863968 0.443725 0.080972 0.032389
0 0.863968 0.472065 0.080972 0.032389
0 0.863968 0.524696 0.080972 0.032389
0 0.863968 0.570040 0.080972 0.032389
0 0.863968 0.601619 0.080972 0.032389
0 0.863968 0.637247 0.080972 0.032389
0 0.863968 0.674494 0.080972 0.032389
0 0.863968 0.723887 0.080972 0.032389
0 0.863968 0.762753 0.080972 0.032389
0 0.863968 0.804049 0.080972 0.032389
0 0.790283 0.863968 0.032389 0.080972
0 0.746559 0.863968 0.032389 0.080972
0 0.705263 0.863968 0.032389 0.080972
0 0.668016 0.863968 0.032389 0.080972
0 0.634008 0.863968 0.032389 0.080972
0 0.598381 0.863968 0.032389 0.080972
0 0.564372 0.863968 0.032389 0.080972
0 0.523887 0.863968 0.032389 0.080972
0 0.480972 0.863968 0.032389 0.080972
0 0.445344 0.863968 0.032389 0.080972
0 0.412955 0.863968 0.032389 0.080972
0 0.363563 0.863968 0.032389 0.080972
0 0.325506 0.863968 0.032389 0.080972
0 0.285830 0.863968 0.032389 0.080972
0 0.244534 0.863968 0.032389 0.080972
0 0.206478 0.863968 0.032389 0.080972
0 0.136032 0.802429 0.080972 0.032389
0 0.136032 0.760324 0.080972 0.032389
0 0.136032 0.707692 0.080972 0.032389
0 0.136032 0.667206 0.080972 0.032389
0 0.136032 0.629960 0.080972 0.032389
0 0.136032 0.593522 0.080972 0.032389
0 0.136032 0.552227 0.080972 0.032389
0 0.136032 0.516599 0.080972 0.032389
0 0.136032 0.477733 0.080972 0.032389
0 0.136032 0.441296 0.080972 0.032389
0 0.136032 0.408097 0.080972 0.032389
0 0.136032 0.372470 0.080972 0.032389
0 0.136032 0.335223 0.080972 0.032389
0 0.136032 0.291498 0.080972 0.032389
0 0.136032 0.241296 0.080972 0.032389
0 0.136032 0.200810 0.080972 0.032389
