0 0.206478 0.140891 0.032389 0.080972
0 0.246154 0.140891 0.032389 0.080972
0 0.284211 0.140891 0.032389 0.080972
0 0.322267 0.140891 0.032389 0.080972
0 0.357895 0.140891 0.032389 0.080972
0 0.391093 0.140891 0.032389 0.080972
0 0.427530 0.140891 0.032389 0.080972
0 0.463158 0.140891 0.032389 0.080972
0 0.519838 0.140891 0.032389 0.080972
0 0.548988 0.140891 0.032389 0.080972
0 0.581377 0.140891 0.032389 0.080972
0 0.612955 0.140891 0.032389 0.080972
0 0.646964 0.140891 0.032389 0.080972
0 0.697976 0.140891 0.032389 0.080972
0 0.734413 0.140891 0.032389 0.080972
0 0.775709 0.140891 0.032389 0.080972
0 0.859109 0.208097 0.080972 0.032389
0 0.859109 0.285830 0.080972 0.032389
0 0.859109 0.331174 0.080972 0.032389
0 0.859109 0.367611 0.080972 0.032389
0 0.859109 0.412146 0.080972 0.032389
0 0.859109 0.444534 0.080972 0.032389
0 0.859109 0.472065 0.080972 0.032389
0 0.859109 0.525506 0.080972 0.032389
0 0.859109 0.570850 0.080972 0.032389
0 0.859109 0.601619 0.080972 0.032389
0 0.859109 0.636437 0.080972 0.032389
0 0.859109 0.672874 0.080972 0.032389
0 0.859109 0.723077 0.080972 0.032389
0 0.859109 0.761134 0.080972 0.032389
0 0.859109 0.801619 0.080972 0.032389
0 0.785425 0.859109 0.032389 0.080972
0 0.742510 0.859109 0.032389 0.080972
0 0.702024 0.859109 0.032389 0.080972
0 0.665587 0.859109 0.032389 0.080972
0 0.632389 0.859109 0.032389 0.080972
0 0.598381 0.859109 0.032389 0.080972
0 0.564372 0.859109 0.032389 0.080972
0 0.523887 0.859109 0.032389 0.080972
0 0.480972 0.859109 0.032389 0.080972
0 0.445344 0.859109 0.032389 0.080972
0 0.413765 0.859109 0.032389 0.080972
0 0.364372 0.859109 0.032389 0.080972
0 0.326316 0.859109 0.032389 0.080972
0 0.288259 0.859109 0.032389 0.080972
0 0.246964 0.859109 0.032389 0.080972
0 0.210526 0.859109 0.032389 0.080972
0 0.140891 0.799190 0.080972 0.032389
0 0.140891 0.757085 0.080972 0.032389
0 0.140891 0.705263 0.080972 0.032389
0 0.140891 0.664777 0.080972 0.032389
0 0.140891 0.628340 0.080972 0.032389
0 0.140891 0.592713 0.080972 0.032389
0 0.140891 0.551417 0.080972 0.032389
0 0.140891 0.515789 0.080972 0.032389
0 0.140891 0.477733 0.080972 0.032389
0 0.140891 0.442105 0.080972 0.032389
0 0.140891 0.408907 0.080972 0.032389
0 0.140891 0.374089 0.080972 0.032389
0 0.140891 0.336842 0.080972 0.032389
0 0.140891 0.293117 0.080972 0.032389
0 0.140891 0.244534 0.080972 0.032389
0 0.140891 0.204049 0.080972 0.032389
