0 0.209717 0.145749 0.032389 0.080972
0 0.248583 0.145749 0.032389 0.080972
0 0.286640 0.145749 0.032389 0.080972
0 0.323887 0.145749 0.032389 0.080972
0 0.357895 0.145749 0.032389 0.080972
0 0.391093 0.145749 0.032389 0.080972
0 0.434818 0.145749 0.032389 0.080972
0 0.519838 0.145749 0.032389 0.080972
0 0.579757 0.145749 0.032389 0.080972
0 0.610526 0.145749 0.032389 0.080972
0 0.770040 0.145749 0.032389 0.080972
0 0.854251 0.211336 0.080972 0.032389
0 0.854251 0.250202 0.080972 0.032389
0 0.854251 0.288259 0.080972 0.032389
0 0.854251 0.333603 0.080972 0.032389
0 0.854251 0.368421 0.080972 0.032389
0 0.854251 0.412955 0.080972 0.032389
0 0.854251 0.445344 0.080972 0.032389
0 0.854251 0.472065 0.080972 0.032389
0 0.854251 0.526316 0.080972 0.032389
0 0.854251 0.571660 0.080972 0.032389
0 0.854251 0.601619 0.080972 0.032389
0 0.854251 0.636437 0.080972 0.032389
0 0.854251 0.672065 0.080972 0.032389
0 0.854251 0.722267 0.080972 0.032389
0 0.854251 0.758704 0.080972 0.032389
0 0.854251 0.799190 0.080972 0.032389
0 0.778947 0.854251 0.032389 0.080972
0 0.737652 0.854251 0.032389 0.080972
0 0.698785 0.854251 0.032389 0.080972
0 0.663968 0.854251 0.032389 0.080972
0 0.631579 0.854251 0.032389 0.080972
0 0.597571 0.854251 0.032389 0.080972
0 0.523887 0.854251 0.032389 0.080972
0 0.481781 0.854251 0.032389 0.080972
0 0.446154 0.854251 0.032389 0.080972
0 0.414575 0.854251 0.032389 0.080972
0 0.364372 0.854251 0.032389 0.080972
0 0.327126 0.854251 0.032389 0.080972
0 0.289879 0.854251 0.032389 0.080972
0 0.249393 0.854251 0.032389 0.080972
0 0.213765 0.854251 0.032389 0.080972
0 0.145749 0.795951 0.080972 0.032389
0 0.145749 0.755466 0.080972 0.032389
0 0.145749 0.701215 0.080972 0.032389
0 0.145749 0.663158 0.080972 0.032389
0 0.145749 0.626721 0.080972 0.032389
0 0.145749 0.591903 0.080972 0.032389
0 0.145749 0.549798 0.080972 0.032389
0 0.145749 0.514980 0.080972 0.032389
0 0.145749 0.476923 0.080972 0.032389
0 0.145749 0.442105 0.080972 0.032389
0 0.145749 0.410526 0.080972 0.032389
0 0.145749 0.376518 0.080972 0.032389
0 0.145749 0.339271 0.080972 0.032389
0 0.145749 0.295547 0.080972 0.032389
0 0.145749 0.246964 0.080972 0.032389
0 0.145749 0.208097 0.080972 0.032389
