0 0.212955 0.150607 0.032389 0.080972
0 0.251012 0.150607 0.032389 0.080972
0 0.287449 0.150607 0.032389 0.080972
0 0.323887 0.150607 0.032389 0.080972
0 0.357895 0.150607 0.032389 0.080972
0 0.390283 0.150607 0.032389 0.080972
0 0.426721 0.150607 0.032389 0.080972
0 0.470445 0.150607 0.032389 0.080972
0 0.519838 0.150607 0.032389 0.080972
0 0.638866 0.150607 0.032389 0.080972
0 0.849393 0.215385 0.080972 0.032389
0 0.849393 0.252632 0.080972 0.032389
0 0.849393 0.289879 0.080972 0.032389
0 0.849393 0.334413 0.080972 0.032389
0 0.849393 0.369231 0.080972 0.032389
0 0.849393 0.413765 0.080972 0.032389
0 0.849393 0.445344 0.080972 0.032389
0 0.849393 0.472065 0.080972 0.032389
0 0.849393 0.526316 0.080972 0.032389
0 0.849393 0.572470 0.080972 0.032389
0 0.849393 0.601619 0.080972 0.032389
0 0.849393 0.635628 0.080972 0.032389
0 0.849393 0.671255 0.080972 0.032389
0 0.849393 0.721457 0.080972 0.032389
0 0.849393 0.757895 0.080972 0.032389
0 0.849393 0.796761 0.080972 0.032389
0 0.775709 0.849393 0.032389 0.080972
0 0.734413 0.849393 0.032389 0.080972
0 0.695547 0.849393 0.032389 0.080972
0 0.662348 0.849393 0.032389 0.080972
0 0.629960 0.849393 0.032389 0.080972
0 0.596761 0.849393 0.032389 0.080972
0 0.565182 0.849393 0.032389 0.080972
0 0.523887 0.849393 0.032389 0.080972
0 0.446154 0.849393 0.032389 0.080972
0 0.416194 0.849393 0.032389 0.080972
0 0.364372 0.849393 0.032389 0.080972
0 0.328745 0.849393 0.032389 0.080972
0 0.291498 0.849393 0.032389 0.080972
0 0.251822 0.849393 0.032389 0.080972
0 0.217004 0.849393 0.032389 0.080972
0 0.150607 0.792713 0.080972 0.032389
0 0.150607 0.753036 0.080972 0.032389
0 0.150607 0.698785 0.080972 0.032389
0 0.150607 0.660729 0.080972 0.032389
0 0.150607 0.625101 0.080972 0.032389
0 0.150607 0.591093 0.080972 0.032389
0 0.150607 0.548988 0.080972 0.032389
0 0.150607 0.514170 0.080972 0.032389
0 0.150607 0.476923 0.080972 0.032389
0 0.150607 0.442105 0.080972 0.032389
0 0.150607 0.411336 0.080972 0.032389
0 0.150607 0.378138 0.080972 0.032389
0 0.150607 0.340891 0.080972 0.032389
0 0.150607 0.298785 0.080972 0.032389
0 0.150607 0.249393 0.080972 0.032389
0 0.150607 0.211336 0.080972 0.032389
