0 0.216194 0.155466 0.032389 0.080972
0 0.253441 0.155466 0.032389 0.080972
0 0.289879 0.155466 0.032389 0.080972
0 0.324696 0.155466 0.032389 0.080972
0 0.389474 0.155466 0.032389 0.080972
0 0.425911 0.155466 0.032389 0.080972
0 0.460729 0.155466 0.032389 0.080972
0 0.546559 0.155466 0.032389 0.080972
0 0.635628 0.155466 0.032389 0.080972
0 0.687449 0.155466 0.032389 0.080972
0 0.757085 0.155466 0.032389 0.080972
0 0.844534 0.218623 0.080972 0.032389
0 0.844534 0.255870 0.080972 0.032389
0 0.844534 0.291498 0.080972 0.032389
0 0.844534 0.336032 0.080972 0.032389
0 0.844534 0.370040 0.080972 0.032389
0 0.844534 0.415385 0.080972 0.032389
0 0.844534 0.446154 0.080972 0.032389
0 0.844534 0.471255 0.080972 0.032389
0 0.844534 0.527126 0.080972 0.032389
0 0.844534 0.573279 0.080972 0.032389
0 0.844534 0.602429 0.080972 0.032389
0 0.844534 0.634818 0.080972 0.032389
0 0.844534 0.669636 0.080972 0.032389
0 0.844534 0.720648 0.080972 0.032389
0 0.844534 0.756275 0.080972 0.032389
0 0.844534 0.794332 0.080972 0.032389
0 0.770040 0.844534 0.032389 0.080972
0 0.730364 0.844534 0.032389 0.080972
0 0.692308 0.844534 0.032389 0.080972
0 0.659919 0.844534 0.032389 0.080972
0 0.629150 0.844534 0.032389 0.080972
0 0.596761 0.844534 0.032389 0.080972
0 0.565992 0.844534 0.032389 0.080972
0 0.523077 0.844534 0.032389 0.080972
0 0.481781 0.844534 0.032389 0.080972
0 0.446964 0.844534 0.032389 0.080972
0 0.417004 0.844534 0.032389 0.080972
0 0.365182 0.844534 0.032389 0.080972
0 0.329555 0.844534 0.032389 0.080972
0 0.293117 0.844534 0.032389 0.080972
0 0.254251 0.844534 0.032389 0.080972
0 0.221053 0.844534 0.032389 0.080972
0 0.155466 0.790283 0.080972 0.032389
0 0.155466 0.751417 0.080972 0.032389
0 0.155466 0.695547 0.080972 0.032389
0 0.155466 0.658300 0.080972 0.032389
0 0.155466 0.624291 0.080972 0.032389
0 0.155466 0.591093 0.080972 0.032389
0 0.155466 0.547368 0.080972 0.032389
0 0.155466 0.513360 0.080972 0.032389
0 0.155466 0.476923 0.080972 0.032389
0 0.155466 0.442915 0.080972 0.032389
0 0.155466 0.412146 0.080972 0.032389
0 0.155466 0.379757 0.080972 0.032389
0 0.155466 0.343320 0.080972 0.032389
0 0.155466 0.300405 0.080972 0.032389
0 0.155466 0.252632 0.080972 0.032389
0 0.155466 0.213765 0.080972 0.032389
