0 0.200000 0.131174 0.032389 0.080972
0 0.241296 0.131174 0.032389 0.080972
0 0.280162 0.131174 0.032389 0.080972
0 0.320648 0.131174 0.032389 0.080972
0 0.357085 0.131174 0.032389 0.080972
0 0.392713 0.131174 0.032389 0.080972
0 0.427530 0.131174 0.032389 0.080972
0 0.463968 0.131174 0.032389 0.080972
0 0.520648 0.131174 0.032389 0.080972
0 0.551417 0.131174 0.032389 0.080972
0 0.585425 0.131174 0.032389 0.080972
0 0.618623 0.131174 0.032389 0.080972
0 0.705263 0.131174 0.032389 0.080972
0 0.744939 0.131174 0.032389 0.080972
0 0.787854 0.131174 0.032389 0.080972
0 0.868826 0.200000 0.080972 0.032389
0 0.868826 0.241296 0.080972 0.032389
0 0.868826 0.281781 0.080972 0.032389
0 0.868826 0.327935 0.080972 0.032389
0 0.868826 0.365182 0.080972 0.032389
0 0.868826 0.409717 0.080972 0.032389
0 0.868826 0.442915 0.080972 0.032389
0 0.868826 0.472874 0.080972 0.032389
0 0.868826 0.523887 0.080972 0.032389
0 0.868826 0.568421 0.080972 0.032389
0 0.868826 0.600810 0.080972 0.032389
0 0.868826 0.638057 0.080972 0.032389
0 0.868826 0.675304 0.080972 0.032389
0 0.868826 0.724696 0.080972 0.032389
0 0.868826 0.763563 0.080972 0.032389
0 0.868826 0.806478 0.080972 0.032389
0 0.795142 0.868826 0.032389 0.080972
0 0.751417 0.868826 0.032389 0.080972
0 0.708502 0.868826 0.032389 0.080972
0 0.670445 0.868826 0.032389 0.080972
0 0.634818 0.868826 0.032389 0.080972
0 0.598381 0.868826 0.032389 0.080972
0 0.563563 0.868826 0.032389 0.080972
0 0.525506 0.868826 0.032389 0.080972
0 0.480972 0.868826 0.032389 0.080972
0 0.444534 0.868826 0.032389 0.080972
0 0.411336 0.868826 0.032389 0.080972
0 0.363563 0.868826 0.032389 0.080972
0 0.323887 0.868826 0.032389 0.080972
0 0.284211 0.868826 0.032389 0.080972
0 0.241296 0.868826 0.032389 0.080972
0 0.202429 0.868826 0.032389 0.080972
0 0.131174 0.804858 0.080972 0.032389
0 0.131174 0.762753 0.080972 0.032389
0 0.131174 0.710931 0.080972 0.032389
0 0.131174 0.669636 0.080972 0.032389
0 0.131174 0.630769 0.080972 0.032389
0 0.131174 0.594332 0.080972 0.032389
0 0.131174 0.553036 0.080972 0.032389
0 0.131174 0.517409 0.080972 0.032389
0 0.131174 0.477733 0.080972 0.032389
0 0.131174 0.441296 0.080972 0.032389
0 0.131174 0.407287 0.080972 0.032389
0 0.131174 0.370850 0.080972 0.032389
0 0.131174 0.333603 0.080972 0.032389
0 0.131174 0.289069 0.080972 0.032389
0 0.131174 0.238866 0.080972 0.032389
0 0.131174 0.197571 0.080972 0.032389
