0 0.202052 0.133386 0.031571 0.078927
0 0.233623 0.133386 0.031571 0.078927
0 0.282557 0.133386 0.031571 0.078927
0 0.323599 0.133386 0.031571 0.078927
0 0.359116 0.133386 0.031571 0.078927
0 0.394633 0.133386 0.031571 0.078927
0 0.430150 0.133386 0.031571 0.078927
0 0.466456 0.133386 0.031571 0.078927
0 0.521705 0.133386 0.031571 0.078927
0 0.553275 0.133386 0.031571 0.078927
0 0.587214 0.133386 0.031571 0.078927
0 0.622731 0.133386 0.031571 0.078927
0 0.659037 0.133386 0.031571 0.078927
0 0.708761 0.133386 0.031571 0.078927
0 0.749013 0.133386 0.031571 0.078927
0 0.788477 0.133386 0.031571 0.078927
0 0.866614 0.196527 0.078927 0.031571
0 0.866614 0.237569 0.078927 0.031571
0 0.866614 0.277822 0.078927 0.031571
0 0.866614 0.321231 0.078927 0.031571
0 0.866614 0.358327 0.078927 0.031571
0 0.866614 0.401736 0.078927 0.031571
0 0.866614 0.434886 0.078927 0.031571
0 0.866614 0.465667 0.078927 0.031571
0 0.866614 0.518548 0.078927 0.031571
0 0.866614 0.558800 0.078927 0.031571
0 0.866614 0.591949 0.078927 0.031571
0 0.866614 0.628256 0.078927 0.031571
0 0.866614 0.666140 0.078927 0.031571
0 0.866614 0.714286 0.078927 0.031571
0 0.866614 0.755328 0.078927 0.031571
0 0.866614 0.797948 0.078927 0.031571
0 0.793212 0.866614 0.031571 0.078927
0 0.748224 0.866614 0.031571 0.078927
0 0.706393 0.866614 0.031571 0.078927
0 0.666930 0.866614 0.031571 0.078927
0 0.631413 0.866614 0.031571 0.078927
0 0.595896 0.866614 0.031571 0.078927
0 0.561168 0.866614 0.031571 0.078927
0 0.524073 0.866614 0.031571 0.078927
0 0.479874 0.866614 0.031571 0.078927
0 0.445935 0.866614 0.031571 0.078927
0 0.411997 0.866614 0.031571 0.078927
0 0.364641 0.866614 0.031571 0.078927
0 0.326756 0.866614 0.031571 0.078927
0 0.286504 0.866614 0.031571 0.078927
0 0.244672 0.866614 0.031571 0.078927
0 0.202841 0.866614 0.031571 0.078927
0 0.133386 0.797159 0.078927 0.031571
0 0.133386 0.755328 0.078927 0.031571
0 0.133386 0.704815 0.078927 0.031571
0 0.133386 0.662194 0.078927 0.031571
0 0.133386 0.624309 0.078927 0.031571
0 0.133386 0.586425 0.078927 0.031571
0 0.133386 0.548540 0.078927 0.031571
0 0.133386 0.513812 0.078927 0.031571
0 0.133386 0.471981 0.078927 0.031571
0 0.133386 0.434886 0.078927 0.031571
0 0.133386 0.400158 0.078927 0.031571
0 0.133386 0.365430 0.078927 0.031571
0 0.133386 0.331492 0.078927 0.031571
0 0.133386 0.287293 0.078927 0.031571
0 0.133386 0.235201 0.078927 0.031571
0 0.133386 0.194949 0.078927 0.031571
