0 0.208366 0.142857 0.031571 0.078927
0 0.247830 0.142857 0.031571 0.078927
0 0.284925 0.142857 0.031571 0.078927
0 0.324388 0.142857 0.031571 0.078927
0 0.359116 0.142857 0.031571 0.078927
0 0.393054 0.142857 0.031571 0.078927
0 0.429361 0.142857 0.031571 0.078927
0 0.465667 0.142857 0.031571 0.078927
0 0.521705 0.142857 0.031571 0.078927
0 0.551697 0.142857 0.031571 0.078927
0 0.584057 0.142857 0.031571 0.078927
0 0.617206 0.142857 0.031571 0.078927
0 0.651144 0.142857 0.031571 0.078927
0 0.701657 0.142857 0.031571 0.078927
0 0.741121 0.142857 0.031571 0.078927
0 0.777427 0.142857 0.031571 0.078927
0 0.857143 0.200474 0.078927 0.031571
0 0.857143 0.239937 0.078927 0.031571
0 0.857143 0.278611 0.078927 0.031571
0 0.857143 0.322021 0.078927 0.031571
0 0.857143 0.357537 0.078927 0.031571
0 0.857143 0.401736 0.078927 0.031571
0 0.857143 0.433307 0.078927 0.031571
0 0.857143 0.463299 0.078927 0.031571
0 0.857143 0.517758 0.078927 0.031571
0 0.857143 0.558011 0.078927 0.031571
0 0.857143 0.589582 0.078927 0.031571
0 0.857143 0.625099 0.078927 0.031571
0 0.857143 0.660616 0.078927 0.031571
0 0.857143 0.709550 0.078927 0.031571
0 0.857143 0.749013 0.078927 0.031571
0 0.782952 0.857143 0.031571 0.078927
0 0.739542 0.857143 0.031571 0.078927
0 0.699290 0.857143 0.031571 0.078927
0 0.662194 0.857143 0.031571 0.078927
0 0.628256 0.857143 0.031571 0.078927
0 0.594317 0.857143 0.031571 0.078927
0 0.561168 0.857143 0.031571 0.078927
0 0.523283 0.857143 0.031571 0.078927
0 0.479874 0.857143 0.031571 0.078927
0 0.445935 0.857143 0.031571 0.078927
0 0.414365 0.857143 0.031571 0.078927
0 0.366219 0.857143 0.031571 0.078927
0 0.329124 0.857143 0.031571 0.078927
0 0.290450 0.857143 0.031571 0.078927
0 0.248619 0.857143 0.031571 0.078927
0 0.209155 0.857143 0.031571 0.078927
0 0.142857 0.789266 0.078927 0.031571
0 0.142857 0.748224 0.078927 0.031571
0 0.142857 0.695343 0.078927 0.031571
0 0.142857 0.655091 0.078927 0.031571
0 0.142857 0.617995 0.078927 0.031571
0 0.142857 0.581689 0.078927 0.031571
0 0.142857 0.544594 0.078927 0.031571
0 0.142857 0.509866 0.078927 0.031571
0 0.142857 0.469613 0.078927 0.031571
0 0.142857 0.433307 0.078927 0.031571
0 0.142857 0.400158 0.078927 0.031571
0 0.142857 0.366219 0.078927 0.031571
0 0.142857 0.328335 0.078927 0.031571
0 0.142857 0.289661 0.078927 0.031571
