0 0.250197 0.147593 0.031571 0.078927
0 0.285714 0.147593 0.031571 0.078927
0 0.325178 0.147593 0.031571 0.078927
0 0.358327 0.147593 0.031571 0.078927
0 0.391476 0.147593 0.031571 0.078927
0 0.429361 0.147593 0.031571 0.078927
0 0.464878 0.147593 0.031571 0.078927
0 0.520916 0.147593 0.031571 0.078927
0 0.550908 0.147593 0.031571 0.078927
0 0.582478 0.147593 0.031571 0.078927
0 0.614838 0.147593 0.031571 0.078927
0 0.647987 0.147593 0.031571 0.078927
0 0.698500 0.147593 0.031571 0.078927
0 0.735596 0.147593 0.031571 0.078927
0 0.771113 0.147593 0.031571 0.078927
0 0.852407 0.241515 0.078927 0.031571
0 0.852407 0.278611 0.078927 0.031571
0 0.852407 0.322021 0.078927 0.031571
0 0.852407 0.356748 0.078927 0.031571
0 0.852407 0.401736 0.078927 0.031571
0 0.852407 0.432518 0.078927 0.031571
0 0.852407 0.461721 0.078927 0.031571
0 0.852407 0.517758 0.078927 0.031571
0 0.852407 0.558011 0.078927 0.031571
0 0.852407 0.588792 0.078927 0.031571
0 0.852407 0.622731 0.078927 0.031571
0 0.852407 0.658248 0.078927 0.031571
0 0.852407 0.707972 0.078927 0.031571
0 0.852407 0.746646 0.078927 0.031571
0 0.852407 0.786898 0.078927 0.031571
0 0.778216 0.852407 0.031571 0.078927
0 0.734807 0.852407 0.031571 0.078927
0 0.695343 0.852407 0.031571 0.078927
0 0.660616 0.852407 0.031571 0.078927
0 0.626677 0.852407 0.031571 0.078927
0 0.593528 0.852407 0.031571 0.078927
0 0.561168 0.852407 0.031571 0.078927
0 0.522494 0.852407 0.031571 0.078927
0 0.480663 0.852407 0.031571 0.078927
0 0.446725 0.852407 0.031571 0.078927
0 0.415154 0.852407 0.031571 0.078927
0 0.367009 0.852407 0.031571 0.078927
0 0.330702 0.852407 0.031571 0.078927
0 0.292028 0.852407 0.031571 0.078927
0 0.251776 0.852407 0.031571 0.078927
0 0.211523 0.852407 0.031571 0.078927
0 0.147593 0.784530 0.078927 0.031571
0 0.147593 0.691397 0.078927 0.031571
0 0.147593 0.651144 0.078927 0.031571
0 0.147593 0.615627 0.078927 0.031571
0 0.147593 0.580110 0.078927 0.031571
0 0.147593 0.539069 0.078927 0.031571
0 0.147593 0.502762 0.078927 0.031571
0 0.147593 0.468824 0.078927 0.031571
0 0.147593 0.432518 0.078927 0.031571
0 0.147593 0.400158 0.078927 0.031571
0 0.147593 0.367009 0.078927 0.031571
0 0.147593 0.329124 0.078927 0.031571
0 0.147593 0.290450 0.078927 0.031571
0 0.147593 0.239148 0.078927 0.031571
0 0.147593 0.201263 0.078927 0.031571
