0 0.215470 0.152328 0.031571 0.078927
0 0.252565 0.152328 0.031571 0.078927
0 0.288082 0.152328 0.031571 0.078927
0 0.325967 0.152328 0.031571 0.078927
0 0.358327 0.152328 0.031571 0.078927
0 0.428571 0.152328 0.031571 0.078927
0 0.464088 0.152328 0.031571 0.078927
0 0.520916 0.152328 0.031571 0.078927
0 0.550118 0.152328 0.031571 0.078927
0 0.580900 0.152328 0.031571 0.078927
0 0.612470 0.152328 0.031571 0.078927
0 0.695343 0.152328 0.031571 0.078927
0 0.731650 0.152328 0.031571 0.078927
0 0.765588 0.152328 0.031571 0.078927
0 0.847672 0.205209 0.078927 0.031571
0 0.847672 0.242305 0.078927 0.031571
0 0.847672 0.279400 0.078927 0.031571
0 0.847672 0.322810 0.078927 0.031571
0 0.847672 0.355959 0.078927 0.031571
0 0.847672 0.401736 0.078927 0.031571
0 0.847672 0.431728 0.078927 0.031571
0 0.847672 0.460142 0.078927 0.031571
0 0.847672 0.517758 0.078927 0.031571
0 0.847672 0.557222 0.078927 0.031571
0 0.847672 0.587214 0.078927 0.031571
0 0.847672 0.621942 0.078927 0.031571
0 0.847672 0.655091 0.078927 0.031571
0 0.847672 0.706393 0.078927 0.031571
0 0.847672 0.743489 0.078927 0.031571
0 0.847672 0.782952 0.078927 0.031571
0 0.772691 0.847672 0.031571 0.078927
0 0.730071 0.847672 0.031571 0.078927
0 0.692186 0.847672 0.031571 0.078927
0 0.657459 0.847672 0.031571 0.078927
0 0.625099 0.847672 0.031571 0.078927
0 0.593528 0.847672 0.031571 0.078927
0 0.561168 0.847672 0.031571 0.078927
0 0.522494 0.847672 0.031571 0.078927
0 0.480663 0.847672 0.031571 0.078927
0 0.447514 0.847672 0.031571 0.078927
0 0.415943 0.847672 0.031571 0.078927
0 0.367798 0.847672 0.031571 0.078927
0 0.331492 0.847672 0.031571 0.078927
0 0.293607 0.847672 0.031571 0.078927
0 0.215470 0.847672 0.031571 0.078927
0 0.152328 0.780584 0.078927 0.031571
0 0.152328 0.741121 0.078927 0.031571
0 0.152328 0.685872 0.078927 0.031571
0 0.152328 0.647987 0.078927 0.031571
0 0.152328 0.612470 0.078927 0.031571
0 0.152328 0.577743 0.078927 0.031571
0 0.152328 0.537490 0.078927 0.031571
0 0.152328 0.506709 0.078927 0.031571
0 0.152328 0.467245 0.078927 0.031571
0 0.152328 0.431728 0.078927 0.031571
0 0.152328 0.399369 0.078927 0.031571
0 0.152328 0.367009 0.078927 0.031571
0 0.152328 0.334649 0.078927 0.031571
0 0.152328 0.287293 0.078927 0.031571
0 0.152328 0.239937 0.078927 0.031571
