0 0.218627 0.157064 0.031571 0.078927
0 0.254933 0.157064 0.031571 0.078927
0 0.288871 0.157064 0.031571 0.078927
0 0.326756 0.157064 0.031571 0.078927
0 0.358327 0.157064 0.031571 0.078927
0 0.389897 0.157064 0.031571 0.078927
0 0.427782 0.157064 0.031571 0.078927
0 0.464088 0.157064 0.031571 0.078927
0 0.520916 0.157064 0.031571 0.078927
0 0.549329 0.157064 0.031571 0.078927
0 0.579321 0.157064 0.031571 0.078927
0 0.609313 0.157064 0.031571 0.078927
0 0.640884 0.157064 0.031571 0.078927
0 0.692186 0.157064 0.031571 0.078927
0 0.727703 0.157064 0.031571 0.078927
0 0.759274 0.157064 0.031571 0.078927
0 0.842936 0.206788 0.078927 0.031571
0 0.842936 0.243883 0.078927 0.031571
0 0.842936 0.279400 0.078927 0.031571
0 0.842936 0.322810 0.078927 0.031571
0 0.842936 0.355959 0.078927 0.031571
0 0.842936 0.401736 0.078927 0.031571
0 0.842936 0.430939 0.078927 0.031571
0 0.842936 0.458564 0.078927 0.031571
0 0.842936 0.517758 0.078927 0.031571
0 0.842936 0.557222 0.078927 0.031571
0 0.842936 0.620363 0.078927 0.031571
0 0.842936 0.653512 0.078927 0.031571
0 0.842936 0.704025 0.078927 0.031571
0 0.842936 0.740331 0.078927 0.031571
0 0.842936 0.778216 0.078927 0.031571
0 0.767167 0.842936 0.031571 0.078927
0 0.725335 0.842936 0.031571 0.078927
0 0.689029 0.842936 0.031571 0.078927
0 0.655880 0.842936 0.031571 0.078927
0 0.624309 0.842936 0.031571 0.078927
0 0.592739 0.842936 0.031571 0.078927
0 0.561957 0.842936 0.031571 0.078927
0 0.522494 0.842936 0.031571 0.078927
0 0.447514 0.842936 0.031571 0.078927
0 0.367798 0.842936 0.031571 0.078927
0 0.333070 0.842936 0.031571 0.078927
0 0.295975 0.842936 0.031571 0.078927
0 0.254933 0.842936 0.031571 0.078927
0 0.217837 0.842936 0.031571 0.078927
0 0.157064 0.776638 0.078927 0.031571
0 0.157064 0.737964 0.078927 0.031571
0 0.157064 0.681926 0.078927 0.031571
0 0.157064 0.644041 0.078927 0.031571
0 0.157064 0.610103 0.078927 0.031571
0 0.157064 0.576164 0.078927 0.031571
0 0.157064 0.535122 0.078927 0.031571
0 0.157064 0.505130 0.078927 0.031571
0 0.157064 0.466456 0.078927 0.031571
0 0.157064 0.430939 0.078927 0.031571
0 0.157064 0.367798 0.078927 0.031571
0 0.157064 0.331492 0.078927 0.031571
0 0.157064 0.293607 0.078927 0.031571
0 0.157064 0.240726 0.078927 0.031571
