0 0.221784 0.161800 0.031571 0.078927
0 0.257301 0.161800 0.031571 0.078927
0 0.290450 0.161800 0.031571 0.078927
0 0.326756 0.161800 0.031571 0.078927
0 0.358327 0.161800 0.031571 0.078927
0 0.389108 0.161800 0.031571 0.078927
0 0.437253 0.161800 0.031571 0.078927
0 0.463299 0.161800 0.031571 0.078927
0 0.520916 0.161800 0.031571 0.078927
0 0.548540 0.161800 0.031571 0.078927
0 0.576953 0.161800 0.031571 0.078927
0 0.606946 0.161800 0.031571 0.078927
0 0.637727 0.161800 0.031571 0.078927
0 0.688240 0.161800 0.031571 0.078927
0 0.722968 0.161800 0.031571 0.078927
0 0.754538 0.161800 0.031571 0.078927
0 0.838200 0.209155 0.078927 0.031571
0 0.838200 0.244672 0.078927 0.031571
0 0.838200 0.280189 0.078927 0.031571
0 0.838200 0.323599 0.078927 0.031571
0 0.838200 0.355959 0.078927 0.031571
0 0.838200 0.401736 0.078927 0.031571
0 0.838200 0.430150 0.078927 0.031571
0 0.838200 0.458564 0.078927 0.031571
0 0.838200 0.517758 0.078927 0.031571
0 0.838200 0.557222 0.078927 0.031571
0 0.838200 0.586425 0.078927 0.031571
0 0.838200 0.618785 0.078927 0.031571
0 0.838200 0.651144 0.078927 0.031571
0 0.838200 0.701657 0.078927 0.031571
0 0.838200 0.737964 0.078927 0.031571
0 0.838200 0.775059 0.078927 0.031571
0 0.763220 0.838200 0.031571 0.078927
0 0.721389 0.838200 0.031571 0.078927
0 0.685872 0.838200 0.031571 0.078927
0 0.653512 0.838200 0.031571 0.078927
0 0.623520 0.838200 0.031571 0.078927
0 0.592739 0.838200 0.031571 0.078927
0 0.481452 0.838200 0.031571 0.078927
0 0.448303 0.838200 0.031571 0.078927
0 0.418311 0.838200 0.031571 0.078927
0 0.297553 0.838200 0.031571 0.078927
0 0.257301 0.838200 0.031571 0.078927
0 0.220994 0.838200 0.031571 0.078927
0 0.161800 0.771902 0.078927 0.031571
0 0.161800 0.734807 0.078927 0.031571
0 0.161800 0.677190 0.078927 0.031571
0 0.161800 0.608524 0.078927 0.031571
0 0.161800 0.537490 0.078927 0.031571
0 0.161800 0.502762 0.078927 0.031571
0 0.161800 0.465667 0.078927 0.031571
0 0.161800 0.430150 0.078927 0.031571
0 0.161800 0.399369 0.078927 0.031571
0 0.161800 0.368587 0.078927 0.031571
0 0.161800 0.337017 0.078927 0.031571
0 0.161800 0.281768 0.078927 0.031571
0 0.161800 0.242305 0.078927 0.031571
0 0.161800 0.208366 0.078927 0.031571
