0 0.205209 0.138122 0.031571 0.078927
0 0.245462 0.138122 0.031571 0.078927
0 0.283346 0.138122 0.031571 0.078927
0 0.323599 0.138122 0.031571 0.078927
0 0.359116 0.138122 0.031571 0.078927
0 0.393844 0.138122 0.031571 0.078927
0 0.429361 0.138122 0.031571 0.078927
0 0.465667 0.138122 0.031571 0.078927
0 0.521705 0.138122 0.031571 0.078927
0 0.552486 0.138122 0.031571 0.078927
0 0.585635 0.138122 0.031571 0.078927
0 0.620363 0.138122 0.031571 0.078927
0 0.655091 0.138122 0.031571 0.078927
0 0.704815 0.138122 0.031571 0.078927
0 0.745067 0.138122 0.031571 0.078927
0 0.782952 0.138122 0.031571 0.078927
0 0.861878 0.198895 0.078927 0.031571
0 0.861878 0.239148 0.078927 0.031571
0 0.861878 0.277822 0.078927 0.031571
0 0.861878 0.322021 0.078927 0.031571
0 0.861878 0.357537 0.078927 0.031571
0 0.861878 0.401736 0.078927 0.031571
0 0.861878 0.434096 0.078927 0.031571
0 0.861878 0.464088 0.078927 0.031571
0 0.861878 0.518548 0.078927 0.031571
0 0.861878 0.558800 0.078927 0.031571
0 0.861878 0.590371 0.078927 0.031571
0 0.861878 0.626677 0.078927 0.031571
0 0.861878 0.662983 0.078927 0.031571
0 0.861878 0.711918 0.078927 0.031571
0 0.861878 0.752170 0.078927 0.031571
0 0.861878 0.794002 0.078927 0.031571
0 0.788477 0.861878 0.031571 0.078927
0 0.743489 0.861878 0.031571 0.078927
0 0.703236 0.861878 0.031571 0.078927
0 0.664562 0.861878 0.031571 0.078927
0 0.629834 0.861878 0.031571 0.078927
0 0.595107 0.861878 0.031571 0.078927
0 0.561168 0.861878 0.031571 0.078927
0 0.523283 0.861878 0.031571 0.078927
0 0.479874 0.861878 0.031571 0.078927
0 0.445935 0.861878 0.031571 0.078927
0 0.412786 0.861878 0.031571 0.078927
0 0.365430 0.861878 0.031571 0.078927
0 0.327545 0.861878 0.031571 0.078927
0 0.288082 0.861878 0.031571 0.078927
0 0.247040 0.861878 0.031571 0.078927
0 0.205998 0.861878 0.031571 0.078927
0 0.138122 0.793212 0.078927 0.031571
0 0.138122 0.751381 0.078927 0.031571
0 0.138122 0.700079 0.078927 0.031571
0 0.138122 0.658248 0.078927 0.031571
0 0.138122 0.620363 0.078927 0.031571
0 0.138122 0.584057 0.078927 0.031571
0 0.138122 0.546961 0.078927 0.031571
0 0.138122 0.511444 0.078927 0.031571
0 0.138122 0.470403 0.078927 0.031571
0 0.138122 0.434096 0.078927 0.031571
0 0.138122 0.400158 0.078927 0.031571
0 0.138122 0.366219 0.078927 0.031571
0 0.138122 0.331492 0.078927 0.031571
0 0.138122 0.288082 0.078927 0.031571
0 0.138122 0.236780 0.078927 0.031571
0 0.138122 0.197316 0.078927 0.031571
