0 0.196669 0.130056 0.031721 0.079302
0 0.238699 0.130056 0.031721 0.079302
0 0.279144 0.130056 0.031721 0.079302
0 0.319588 0.130056 0.031721 0.079302
0 0.356860 0.130056 0.031721 0.079302
0 0.394132 0.130056 0.031721 0.079302
0 0.428232 0.130056 0.031721 0.079302
0 0.463918 0.130056 0.031721 0.079302
0 0.520222 0.130056 0.031721 0.079302
0 0.552736 0.130056 0.031721 0.079302
0 0.586836 0.130056 0.031721 0.079302
0 0.621729 0.130056 0.031721 0.079302
0 0.659001 0.130056 0.031721 0.079302
0 0.709754 0.130056 0.031721 0.079302
0 0.750198 0.130056 0.031721 0.079302
0 0.791435 0.130056 0.031721 0.079302
0 0.869944 0.194290 0.079302 0.031721
0 0.869944 0.236320 0.079302 0.031721
0 0.869944 0.275971 0.079302 0.031721
0 0.869944 0.321174 0.079302 0.031721
0 0.869944 0.357653 0.079302 0.031721
0 0.869944 0.402062 0.079302 0.031721
0 0.869944 0.435369 0.079302 0.031721
0 0.869944 0.467090 0.079302 0.031721
0 0.869944 0.518636 0.079302 0.031721
0 0.869944 0.559873 0.079302 0.031721
0 0.869944 0.593973 0.079302 0.031721
0 0.869944 0.630452 0.079302 0.031721
0 0.869944 0.668517 0.079302 0.031721
0 0.869944 0.716891 0.079302 0.031721
0 0.869944 0.757335 0.079302 0.031721
0 0.869944 0.799366 0.079302 0.031721
0 0.795400 0.869944 0.031721 0.079302
0 0.750198 0.869944 0.031721 0.079302
0 0.708168 0.869944 0.031721 0.079302
0 0.669310 0.869944 0.031721 0.079302
0 0.632038 0.869944 0.031721 0.079302
0 0.596352 0.869944 0.031721 0.079302
0 0.561459 0.869944 0.031721 0.079302
0 0.524187 0.869944 0.031721 0.079302
0 0.478985 0.869944 0.031721 0.079302
0 0.444885 0.869944 0.031721 0.079302
0 0.410785 0.869944 0.031721 0.079302
0 0.363204 0.869944 0.031721 0.079302
0 0.325139 0.869944 0.031721 0.079302
0 0.283902 0.869944 0.031721 0.079302
0 0.241872 0.869944 0.031721 0.079302
0 0.199841 0.869944 0.031721 0.079302
0 0.130056 0.799366 0.079302 0.031721
0 0.130056 0.758128 0.079302 0.031721
0 0.130056 0.705789 0.079302 0.031721
0 0.130056 0.664552 0.079302 0.031721
0 0.130056 0.624108 0.079302 0.031721
0 0.130056 0.586836 0.079302 0.031721
0 0.130056 0.550357 0.079302 0.031721
0 0.130056 0.513878 0.079302 0.031721
0 0.130056 0.472641 0.079302 0.031721
0 0.130056 0.435369 0.079302 0.031721
0 0.130056 0.400476 0.079302 0.031721
0 0.130056 0.365583 0.079302 0.031721
0 0.130056 0.331483 0.079302 0.031721
0 0.130056 0.287074 0.079302 0.031721
0 0.130056 0.234734 0.079302 0.031721
0 0.130056 0.195083 0.079302 0.031721
