0 0.203013 0.139572 0.031721 0.079302
0 0.244251 0.139572 0.031721 0.079302
0 0.282316 0.139572 0.031721 0.079302
0 0.321174 0.139572 0.031721 0.079302
0 0.356860 0.139572 0.031721 0.079302
0 0.392546 0.139572 0.031721 0.079302
0 0.428232 0.139572 0.031721 0.079302
0 0.462331 0.139572 0.031721 0.079302
0 0.520222 0.139572 0.031721 0.079302
0 0.551150 0.139572 0.031721 0.079302
0 0.583664 0.139572 0.031721 0.079302
0 0.616178 0.139572 0.031721 0.079302
0 0.651071 0.139572 0.031721 0.079302
0 0.703410 0.139572 0.031721 0.079302
0 0.741475 0.139572 0.031721 0.079302
0 0.779540 0.139572 0.031721 0.079302
0 0.860428 0.198255 0.079302 0.031721
0 0.860428 0.238699 0.079302 0.031721
0 0.860428 0.278351 0.079302 0.031721
0 0.860428 0.321967 0.079302 0.031721
0 0.860428 0.357653 0.079302 0.031721
0 0.860428 0.402062 0.079302 0.031721
0 0.860428 0.434576 0.079302 0.031721
0 0.860428 0.464711 0.079302 0.031721
0 0.860428 0.519429 0.079302 0.031721
0 0.860428 0.559873 0.079302 0.031721
0 0.860428 0.591594 0.079302 0.031721
0 0.860428 0.626487 0.079302 0.031721
0 0.860428 0.663759 0.079302 0.031721
0 0.860428 0.712926 0.079302 0.031721
0 0.860428 0.751784 0.079302 0.031721
0 0.860428 0.791435 0.079302 0.031721
0 0.784298 0.860428 0.031721 0.079302
0 0.740682 0.860428 0.031721 0.079302
0 0.700238 0.860428 0.031721 0.079302
0 0.664552 0.860428 0.031721 0.079302
0 0.628866 0.860428 0.031721 0.079302
0 0.594766 0.860428 0.031721 0.079302
0 0.562252 0.860428 0.031721 0.079302
0 0.523394 0.860428 0.031721 0.079302
0 0.479778 0.860428 0.031721 0.079302
0 0.445678 0.860428 0.031721 0.079302
0 0.412371 0.860428 0.031721 0.079302
0 0.363997 0.860428 0.031721 0.079302
0 0.327518 0.860428 0.031721 0.079302
0 0.287074 0.860428 0.031721 0.079302
0 0.245837 0.860428 0.031721 0.079302
0 0.206186 0.860428 0.031721 0.079302
0 0.139572 0.790642 0.079302 0.031721
0 0.139572 0.750991 0.079302 0.031721
0 0.139572 0.696273 0.079302 0.031721
0 0.139572 0.656622 0.079302 0.031721
0 0.139572 0.618557 0.079302 0.031721
0 0.139572 0.582871 0.079302 0.031721
0 0.139572 0.545599 0.079302 0.031721
0 0.139572 0.510706 0.079302 0.031721
0 0.139572 0.470262 0.079302 0.031721
0 0.139572 0.433783 0.079302 0.031721
0 0.139572 0.366376 0.079302 0.031721
0 0.139572 0.333862 0.079302 0.031721
0 0.139572 0.290246 0.079302 0.031721
0 0.139572 0.237906 0.079302 0.031721
