0 0.206186 0.144330 0.031721 0.079302
0 0.245837 0.144330 0.031721 0.079302
0 0.283902 0.144330 0.031721 0.079302
0 0.321967 0.144330 0.031721 0.079302
0 0.356860 0.144330 0.031721 0.079302
0 0.390960 0.144330 0.031721 0.079302
0 0.427439 0.144330 0.031721 0.079302
0 0.461538 0.144330 0.031721 0.079302
0 0.519429 0.144330 0.031721 0.079302
0 0.549564 0.144330 0.031721 0.079302
0 0.581285 0.144330 0.031721 0.079302
0 0.613006 0.144330 0.031721 0.079302
0 0.647898 0.144330 0.031721 0.079302
0 0.700238 0.144330 0.031721 0.079302
0 0.737510 0.144330 0.031721 0.079302
0 0.773196 0.144330 0.031721 0.079302
0 0.855670 0.200634 0.079302 0.031721
0 0.855670 0.240285 0.079302 0.031721
0 0.855670 0.278351 0.079302 0.031721
0 0.855670 0.321967 0.079302 0.031721
0 0.855670 0.356860 0.079302 0.031721
0 0.855670 0.402855 0.079302 0.031721
0 0.855670 0.433783 0.079302 0.031721
0 0.855670 0.463918 0.079302 0.031721
0 0.855670 0.519429 0.079302 0.031721
0 0.855670 0.559873 0.079302 0.031721
0 0.855670 0.591594 0.079302 0.031721
0 0.855670 0.624901 0.079302 0.031721
0 0.855670 0.661380 0.079302 0.031721
0 0.855670 0.710547 0.079302 0.031721
0 0.855670 0.748612 0.079302 0.031721
0 0.855670 0.788263 0.079302 0.031721
0 0.778747 0.855670 0.031721 0.079302
0 0.735131 0.855670 0.031721 0.079302
0 0.696273 0.855670 0.031721 0.079302
0 0.661380 0.855670 0.031721 0.079302
0 0.626487 0.855670 0.031721 0.079302
0 0.594766 0.855670 0.031721 0.079302
0 0.561459 0.855670 0.031721 0.079302
0 0.522601 0.855670 0.031721 0.079302
0 0.478985 0.855670 0.031721 0.079302
0 0.445678 0.855670 0.031721 0.079302
0 0.414750 0.855670 0.031721 0.079302
0 0.364790 0.855670 0.031721 0.079302
0 0.329104 0.855670 0.031721 0.079302
0 0.289453 0.855670 0.031721 0.079302
0 0.248216 0.855670 0.031721 0.079302
0 0.144330 0.785884 0.079302 0.031721
0 0.144330 0.747819 0.079302 0.031721
0 0.144330 0.691515 0.079302 0.031721
0 0.144330 0.653450 0.079302 0.031721
0 0.144330 0.616971 0.079302 0.031721
0 0.144330 0.580492 0.079302 0.031721
0 0.144330 0.544806 0.079302 0.031721
0 0.144330 0.509913 0.079302 0.031721
0 0.144330 0.468676 0.079302 0.031721
0 0.144330 0.432990 0.079302 0.031721
0 0.144330 0.400476 0.079302 0.031721
0 0.144330 0.367169 0.079302 0.031721
0 0.144330 0.335448 0.079302 0.031721
0 0.144330 0.291832 0.079302 0.031721
0 0.144330 0.240285 0.079302 0.031721
0 0.144330 0.203013 0.079302 0.031721
