0 0.209358 0.149088 0.031721 0.079302
0 0.322760 0.149088 0.031721 0.079302
0 0.356860 0.149088 0.031721 0.079302
0 0.390960 0.149088 0.031721 0.079302
0 0.426646 0.149088 0.031721 0.079302
0 0.460745 0.149088 0.031721 0.079302
0 0.519429 0.149088 0.031721 0.079302
0 0.548771 0.149088 0.031721 0.079302
0 0.580492 0.149088 0.031721 0.079302
0 0.610626 0.149088 0.031721 0.079302
0 0.643933 0.149088 0.031721 0.079302
0 0.697066 0.149088 0.031721 0.079302
0 0.732752 0.149088 0.031721 0.079302
0 0.767645 0.149088 0.031721 0.079302
0 0.850912 0.202220 0.079302 0.031721
0 0.850912 0.241872 0.079302 0.031721
0 0.850912 0.279144 0.079302 0.031721
0 0.850912 0.322760 0.079302 0.031721
0 0.850912 0.356860 0.079302 0.031721
0 0.850912 0.402855 0.079302 0.031721
0 0.850912 0.432990 0.079302 0.031721
0 0.850912 0.462331 0.079302 0.031721
0 0.850912 0.518636 0.079302 0.031721
0 0.850912 0.559873 0.079302 0.031721
0 0.850912 0.590801 0.079302 0.031721
0 0.850912 0.624108 0.079302 0.031721
0 0.850912 0.659001 0.079302 0.031721
0 0.850912 0.708961 0.079302 0.031721
0 0.850912 0.746233 0.079302 0.031721
0 0.850912 0.784298 0.079302 0.031721
0 0.773196 0.850912 0.031721 0.079302
0 0.730373 0.850912 0.031721 0.079302
0 0.692308 0.850912 0.031721 0.079302
0 0.659001 0.850912 0.031721 0.079302
0 0.624901 0.850912 0.031721 0.079302
0 0.593973 0.850912 0.031721 0.079302
0 0.562252 0.850912 0.031721 0.079302
0 0.521808 0.850912 0.031721 0.079302
0 0.478985 0.850912 0.031721 0.079302
0 0.445678 0.850912 0.031721 0.079302
0 0.414750 0.850912 0.031721 0.079302
0 0.365583 0.850912 0.031721 0.079302
0 0.329104 0.850912 0.031721 0.079302
0 0.249802 0.850912 0.031721 0.079302
0 0.211737 0.850912 0.031721 0.079302
0 0.149088 0.781919 0.079302 0.031721
0 0.149088 0.743854 0.079302 0.031721
0 0.149088 0.686757 0.079302 0.031721
0 0.149088 0.649485 0.079302 0.031721
0 0.149088 0.614592 0.079302 0.031721
0 0.149088 0.578906 0.079302 0.031721
0 0.149088 0.542427 0.079302 0.031721
0 0.149088 0.508327 0.079302 0.031721
0 0.149088 0.468676 0.079302 0.031721
0 0.149088 0.432197 0.079302 0.031721
0 0.149088 0.400476 0.079302 0.031721
0 0.149088 0.367962 0.079302 0.031721
0 0.149088 0.337034 0.079302 0.031721
0 0.149088 0.288660 0.079302 0.031721
0 0.149088 0.241872 0.079302 0.031721
0 0.149088 0.206186 0.079302 0.031721
