0 0.212530 0.153846 0.031721 0.079302
0 0.250595 0.153846 0.031721 0.079302
0 0.286281 0.153846 0.031721 0.079302
0 0.322760 0.153846 0.031721 0.079302
0 0.390167 0.153846 0.031721 0.079302
0 0.426646 0.153846 0.031721 0.079302
0 0.459952 0.153846 0.031721 0.079302
0 0.578906 0.153846 0.031721 0.079302
0 0.608247 0.153846 0.031721 0.079302
0 0.640761 0.153846 0.031721 0.079302
0 0.693894 0.153846 0.031721 0.079302
0 0.728787 0.153846 0.031721 0.079302
0 0.761301 0.153846 0.031721 0.079302
0 0.846154 0.204600 0.079302 0.031721
0 0.846154 0.243458 0.079302 0.031721
0 0.846154 0.279937 0.079302 0.031721
0 0.846154 0.323553 0.079302 0.031721
0 0.846154 0.356860 0.079302 0.031721
0 0.846154 0.402855 0.079302 0.031721
0 0.846154 0.432990 0.079302 0.031721
0 0.846154 0.461538 0.079302 0.031721
0 0.846154 0.518636 0.079302 0.031721
0 0.846154 0.559873 0.079302 0.031721
0 0.846154 0.590008 0.079302 0.031721
0 0.846154 0.622522 0.079302 0.031721
0 0.846154 0.656622 0.079302 0.031721
0 0.846154 0.707375 0.079302 0.031721
0 0.846154 0.743854 0.079302 0.031721
0 0.846154 0.780333 0.079302 0.031721
0 0.767645 0.846154 0.031721 0.079302
0 0.725615 0.846154 0.031721 0.079302
0 0.689136 0.846154 0.031721 0.079302
0 0.656622 0.846154 0.031721 0.079302
0 0.623315 0.846154 0.031721 0.079302
0 0.593180 0.846154 0.031721 0.079302
0 0.562252 0.846154 0.031721 0.079302
0 0.521015 0.846154 0.031721 0.079302
0 0.478985 0.846154 0.031721 0.079302
0 0.446471 0.846154 0.031721 0.079302
0 0.416336 0.846154 0.031721 0.079302
0 0.365583 0.846154 0.031721 0.079302
0 0.330690 0.846154 0.031721 0.079302
0 0.292625 0.846154 0.031721 0.079302
0 0.252181 0.846154 0.031721 0.079302
0 0.214909 0.846154 0.031721 0.079302
0 0.153846 0.777954 0.079302 0.031721
0 0.153846 0.741475 0.079302 0.031721
0 0.153846 0.681998 0.079302 0.031721
0 0.153846 0.611420 0.079302 0.031721
0 0.153846 0.576527 0.079302 0.031721
0 0.153846 0.540841 0.079302 0.031721
0 0.153846 0.506741 0.079302 0.031721
0 0.153846 0.467090 0.079302 0.031721
0 0.153846 0.432197 0.079302 0.031721
0 0.153846 0.400476 0.079302 0.031721
0 0.153846 0.368755 0.079302 0.031721
0 0.153846 0.337827 0.079302 0.031721
0 0.153846 0.295797 0.079302 0.031721
0 0.153846 0.243458 0.079302 0.031721
0 0.153846 0.208565 0.079302 0.031721
