0 0.215702 0.158604 0.031721 0.079302
0 0.252974 0.158604 0.031721 0.079302
0 0.287867 0.158604 0.031721 0.079302
0 0.323553 0.158604 0.031721 0.079302
0 0.356860 0.158604 0.031721 0.079302
0 0.389374 0.158604 0.031721 0.079302
0 0.426646 0.158604 0.031721 0.079302
0 0.459159 0.158604 0.031721 0.079302
0 0.519429 0.158604 0.031721 0.079302
0 0.576527 0.158604 0.031721 0.079302
0 0.605868 0.158604 0.031721 0.079302
0 0.690722 0.158604 0.031721 0.079302
0 0.724822 0.158604 0.031721 0.079302
0 0.754956 0.158604 0.031721 0.079302
0 0.841396 0.245044 0.079302 0.031721
0 0.841396 0.280730 0.079302 0.031721
0 0.841396 0.324346 0.079302 0.031721
0 0.841396 0.356860 0.079302 0.031721
0 0.841396 0.460745 0.079302 0.031721
0 0.841396 0.518636 0.079302 0.031721
0 0.841396 0.559873 0.079302 0.031721
0 0.841396 0.590008 0.079302 0.031721
0 0.841396 0.655036 0.079302 0.031721
0 0.841396 0.704996 0.079302 0.031721
0 0.841396 0.741475 0.079302 0.031721
0 0.841396 0.777161 0.079302 0.031721
0 0.762094 0.841396 0.031721 0.079302
0 0.721649 0.841396 0.031721 0.079302
0 0.685170 0.841396 0.031721 0.079302
0 0.654243 0.841396 0.031721 0.079302
0 0.621729 0.841396 0.031721 0.079302
0 0.593180 0.841396 0.031721 0.079302
0 0.562252 0.841396 0.031721 0.079302
0 0.516257 0.841396 0.031721 0.079302
0 0.479778 0.841396 0.031721 0.079302
0 0.447264 0.841396 0.031721 0.079302
0 0.417129 0.841396 0.031721 0.079302
0 0.366376 0.841396 0.031721 0.079302
0 0.332276 0.841396 0.031721 0.079302
0 0.295004 0.841396 0.031721 0.079302
0 0.254560 0.841396 0.031721 0.079302
0 0.218081 0.841396 0.031721 0.079302
0 0.158604 0.773989 0.079302 0.031721
0 0.158604 0.737510 0.079302 0.031721
0 0.158604 0.678033 0.079302 0.031721
0 0.158604 0.643140 0.079302 0.031721
0 0.158604 0.609040 0.079302 0.031721
0 0.158604 0.574941 0.079302 0.031721
0 0.158604 0.539255 0.079302 0.031721
0 0.158604 0.466297 0.079302 0.031721
0 0.158604 0.431404 0.079302 0.031721
0 0.158604 0.400476 0.079302 0.031721
0 0.158604 0.369548 0.079302 0.031721
0 0.158604 0.339413 0.079302 0.031721
0 0.158604 0.297383 0.079302 0.031721
0 0.158604 0.245044 0.079302 0.031721
0 0.158604 0.211737 0.079302 0.031721
