0 0.199841 0.134814 0.031721 0.079302
0 0.241079 0.134814 0.031721 0.079302
0 0.280730 0.134814 0.031721 0.079302
0 0.320381 0.134814 0.031721 0.079302
0 0.357653 0.134814 0.031721 0.079302
0 0.393339 0.134814 0.031721 0.079302
0 0.428232 0.134814 0.031721 0.079302
0 0.463125 0.134814 0.031721 0.079302
0 0.520222 0.134814 0.031721 0.079302
0 0.551943 0.134814 0.031721 0.079302
0 0.584457 0.134814 0.031721 0.079302
0 0.619350 0.134814 0.031721 0.079302
0 0.655036 0.134814 0.031721 0.079302
0 0.706582 0.134814 0.031721 0.079302
0 0.745440 0.134814 0.031721 0.079302
0 0.785091 0.134814 0.031721 0.079302
0 0.865186 0.195876 0.079302 0.031721
0 0.865186 0.237113 0.079302 0.031721
0 0.865186 0.277557 0.079302 0.031721
0 0.865186 0.321174 0.079302 0.031721
0 0.865186 0.357653 0.079302 0.031721
0 0.865186 0.402062 0.079302 0.031721
0 0.865186 0.434576 0.079302 0.031721
0 0.865186 0.465504 0.079302 0.031721
0 0.865186 0.519429 0.079302 0.031721
0 0.865186 0.559873 0.079302 0.031721
0 0.865186 0.592387 0.079302 0.031721
0 0.865186 0.628866 0.079302 0.031721
0 0.865186 0.666138 0.079302 0.031721
0 0.865186 0.754163 0.079302 0.031721
0 0.865186 0.795400 0.079302 0.031721
0 0.789849 0.865186 0.031721 0.079302
0 0.744647 0.865186 0.031721 0.079302
0 0.704203 0.865186 0.031721 0.079302
0 0.666931 0.865186 0.031721 0.079302
0 0.630452 0.865186 0.031721 0.079302
0 0.596352 0.865186 0.031721 0.079302
0 0.561459 0.865186 0.031721 0.079302
0 0.523394 0.865186 0.031721 0.079302
0 0.478985 0.865186 0.031721 0.079302
0 0.444885 0.865186 0.031721 0.079302
0 0.411578 0.865186 0.031721 0.079302
0 0.363997 0.865186 0.031721 0.079302
0 0.325932 0.865186 0.031721 0.079302
0 0.285488 0.865186 0.031721 0.079302
0 0.243458 0.865186 0.031721 0.079302
0 0.203013 0.865186 0.031721 0.079302
0 0.134814 0.794607 0.079302 0.031721
0 0.134814 0.754163 0.079302 0.031721
0 0.134814 0.700238 0.079302 0.031721
0 0.134814 0.660587 0.079302 0.031721
0 0.134814 0.620936 0.079302 0.031721
0 0.134814 0.584457 0.079302 0.031721
0 0.134814 0.547978 0.079302 0.031721
0 0.134814 0.513085 0.079302 0.031721
0 0.134814 0.471848 0.079302 0.031721
0 0.134814 0.434576 0.079302 0.031721
0 0.134814 0.400476 0.079302 0.031721
0 0.134814 0.365583 0.079302 0.031721
0 0.134814 0.332276 0.079302 0.031721
0 0.134814 0.288660 0.079302 0.031721
0 0.134814 0.236320 0.079302 0.031721
0 0.134814 0.197462 0.079302 0.031721
