0 0.193136 0.126895 0.031923 0.079808
0 0.235435 0.126895 0.031923 0.079808
0 0.276137 0.126895 0.031923 0.079808
0 0.318436 0.126895 0.031923 0.079808
0 0.355148 0.126895 0.031923 0.079808
0 0.393456 0.126895 0.031923 0.079808
0 0.426177 0.126895 0.031923 0.079808
0 0.464485 0.126895 0.031923 0.079808
0 0.519553 0.126895 0.031923 0.079808
0 0.552275 0.126895 0.031923 0.079808
0 0.588188 0.126895 0.031923 0.079808
0 0.624102 0.126895 0.031923 0.079808
0 0.661612 0.126895 0.031923 0.079808
0 0.711891 0.126895 0.031923 0.079808
0 0.752594 0.126895 0.031923 0.079808
0 0.795690 0.126895 0.031923 0.079808
0 0.873105 0.192338 0.079808 0.031923
0 0.873105 0.234637 0.079808 0.031923
0 0.873105 0.274541 0.079808 0.031923
0 0.873105 0.319234 0.079808 0.031923
0 0.873105 0.355946 0.079808 0.031923
0 0.873105 0.400638 0.079808 0.031923
0 0.873105 0.434956 0.079808 0.031923
0 0.873105 0.466879 0.079808 0.031923
0 0.873105 0.518755 0.079808 0.031923
0 0.873105 0.559457 0.079808 0.031923
0 0.873105 0.592977 0.079808 0.031923
0 0.873105 0.630487 0.079808 0.031923
0 0.873105 0.668795 0.079808 0.031923
0 0.873105 0.718276 0.079808 0.031923
0 0.873105 0.759777 0.079808 0.031923
0 0.873105 0.800479 0.079808 0.031923
0 0.794892 0.873105 0.031923 0.079808
0 0.750200 0.873105 0.031923 0.079808
0 0.707103 0.873105 0.031923 0.079808
0 0.667199 0.873105 0.031923 0.079808
0 0.632083 0.873105 0.031923 0.079808
0 0.596169 0.873105 0.031923 0.079808
0 0.560255 0.873105 0.031923 0.079808
0 0.521947 0.873105 0.031923 0.079808
0 0.477255 0.873105 0.031923 0.079808
0 0.442937 0.873105 0.031923 0.079808
0 0.407023 0.873105 0.031923 0.079808
0 0.360734 0.873105 0.031923 0.079808
0 0.321628 0.873105 0.031923 0.079808
0 0.280128 0.873105 0.031923 0.079808
0 0.237829 0.873105 0.031923 0.079808
0 0.195531 0.873105 0.031923 0.079808
0 0.126895 0.801277 0.079808 0.031923
0 0.126895 0.759777 0.079808 0.031923
0 0.126895 0.707103 0.079808 0.031923
0 0.126895 0.664804 0.079808 0.031923
0 0.126895 0.625698 0.079808 0.031923
0 0.126895 0.586592 0.079808 0.031923
0 0.126895 0.550678 0.079808 0.031923
0 0.126895 0.513966 0.079808 0.031923
0 0.126895 0.472466 0.079808 0.031923
0 0.126895 0.434956 0.079808 0.031923
0 0.126895 0.399042 0.079808 0.031923
0 0.126895 0.363128 0.079808 0.031923
0 0.126895 0.329609 0.079808 0.031923
0 0.126895 0.286512 0.079808 0.031923
0 0.126895 0.234637 0.079808 0.031923
0 0.126895 0.194733 0.079808 0.031923
