0 0.198723 0.136472 0.031923 0.079808
0 0.239425 0.136472 0.031923 0.079808
0 0.278532 0.136472 0.031923 0.079808
0 0.319234 0.136472 0.031923 0.079808
0 0.354350 0.136472 0.031923 0.079808
0 0.425379 0.136472 0.031923 0.079808
0 0.462889 0.136472 0.031923 0.079808
0 0.519553 0.136472 0.031923 0.079808
0 0.550678 0.136472 0.031923 0.079808
0 0.584996 0.136472 0.031923 0.079808
0 0.618516 0.136472 0.031923 0.079808
0 0.653631 0.136472 0.031923 0.079808
0 0.705507 0.136472 0.031923 0.079808
0 0.743815 0.136472 0.031923 0.079808
0 0.783719 0.136472 0.031923 0.079808
0 0.863528 0.197127 0.079808 0.031923
0 0.863528 0.237031 0.079808 0.031923
0 0.863528 0.276137 0.079808 0.031923
0 0.863528 0.320830 0.079808 0.031923
0 0.863528 0.355148 0.079808 0.031923
0 0.863528 0.400638 0.079808 0.031923
0 0.863528 0.434158 0.079808 0.031923
0 0.863528 0.464485 0.079808 0.031923
0 0.863528 0.518755 0.079808 0.031923
0 0.863528 0.558659 0.079808 0.031923
0 0.863528 0.590583 0.079808 0.031923
0 0.863528 0.626496 0.079808 0.031923
0 0.863528 0.664006 0.079808 0.031923
0 0.863528 0.713488 0.079808 0.031923
0 0.863528 0.752594 0.079808 0.031923
0 0.863528 0.792498 0.079808 0.031923
0 0.783719 0.863528 0.031923 0.079808
0 0.740623 0.863528 0.031923 0.079808
0 0.698324 0.863528 0.031923 0.079808
0 0.661612 0.863528 0.031923 0.079808
0 0.628093 0.863528 0.031923 0.079808
0 0.594573 0.863528 0.031923 0.079808
0 0.561053 0.863528 0.031923 0.079808
0 0.520351 0.863528 0.031923 0.079808
0 0.477255 0.863528 0.031923 0.079808
0 0.443735 0.863528 0.031923 0.079808
0 0.409417 0.863528 0.031923 0.079808
0 0.361532 0.863528 0.031923 0.079808
0 0.324022 0.863528 0.031923 0.079808
0 0.284118 0.863528 0.031923 0.079808
0 0.241820 0.863528 0.031923 0.079808
0 0.201915 0.863528 0.031923 0.079808
0 0.136472 0.791700 0.079808 0.031923
0 0.136472 0.752594 0.079808 0.031923
0 0.136472 0.696728 0.079808 0.031923
0 0.136472 0.657622 0.079808 0.031923
0 0.136472 0.620112 0.079808 0.031923
0 0.136472 0.582602 0.079808 0.031923
0 0.136472 0.546688 0.079808 0.031923
0 0.136472 0.510774 0.079808 0.031923
0 0.136472 0.470072 0.079808 0.031923
0 0.136472 0.432562 0.079808 0.031923
0 0.136472 0.398244 0.079808 0.031923
0 0.136472 0.363927 0.079808 0.031923
0 0.136472 0.331205 0.079808 0.031923
0 0.136472 0.288907 0.079808 0.031923
0 0.136472 0.237031 0.079808 0.031923
0 0.136472 0.207502 0.079808 0.031923
