0 0.201117 0.141261 0.031923 0.079808
0 0.241820 0.141261 0.031923 0.079808
0 0.280128 0.141261 0.031923 0.079808
0 0.320032 0.141261 0.031923 0.079808
0 0.354350 0.141261 0.031923 0.079808
0 0.390263 0.141261 0.031923 0.079808
0 0.425379 0.141261 0.031923 0.079808
0 0.461293 0.141261 0.031923 0.079808
0 0.518755 0.141261 0.031923 0.079808
0 0.549880 0.141261 0.031923 0.079808
0 0.583400 0.141261 0.031923 0.079808
0 0.615323 0.141261 0.031923 0.079808
0 0.650439 0.141261 0.031923 0.079808
0 0.701516 0.141261 0.031923 0.079808
0 0.739026 0.141261 0.031923 0.079808
0 0.777334 0.141261 0.031923 0.079808
0 0.858739 0.199521 0.079808 0.031923
0 0.858739 0.238627 0.079808 0.031923
0 0.858739 0.276137 0.079808 0.031923
0 0.858739 0.320830 0.079808 0.031923
0 0.858739 0.355148 0.079808 0.031923
0 0.858739 0.400638 0.079808 0.031923
0 0.858739 0.433360 0.079808 0.031923
0 0.858739 0.463687 0.079808 0.031923
0 0.858739 0.518755 0.079808 0.031923
0 0.858739 0.589785 0.079808 0.031923
0 0.858739 0.624900 0.079808 0.031923
0 0.858739 0.661612 0.079808 0.031923
0 0.858739 0.711093 0.079808 0.031923
0 0.858739 0.749401 0.079808 0.031923
0 0.858739 0.787709 0.079808 0.031923
0 0.777334 0.858739 0.031923 0.079808
0 0.735036 0.858739 0.031923 0.079808
0 0.694334 0.858739 0.031923 0.079808
0 0.658420 0.858739 0.031923 0.079808
0 0.626496 0.858739 0.031923 0.079808
0 0.593775 0.858739 0.031923 0.079808
0 0.561053 0.858739 0.031923 0.079808
0 0.519553 0.858739 0.031923 0.079808
0 0.477255 0.858739 0.031923 0.079808
0 0.443735 0.858739 0.031923 0.079808
0 0.410215 0.858739 0.031923 0.079808
0 0.362330 0.858739 0.031923 0.079808
0 0.325619 0.858739 0.031923 0.079808
0 0.285714 0.858739 0.031923 0.079808
0 0.244214 0.858739 0.031923 0.079808
0 0.206704 0.858739 0.031923 0.079808
0 0.141261 0.787709 0.079808 0.031923
0 0.141261 0.749401 0.079808 0.031923
0 0.141261 0.692737 0.079808 0.031923
0 0.141261 0.655227 0.079808 0.031923
0 0.141261 0.617717 0.079808 0.031923
0 0.141261 0.580208 0.079808 0.031923
0 0.141261 0.544294 0.079808 0.031923
0 0.141261 0.509178 0.079808 0.031923
0 0.141261 0.468476 0.079808 0.031923
0 0.141261 0.431764 0.079808 0.031923
0 0.141261 0.397446 0.079808 0.031923
0 0.141261 0.363927 0.079808 0.031923
0 0.141261 0.332003 0.079808 0.031923
0 0.141261 0.290503 0.079808 0.031923
0 0.141261 0.238627 0.079808 0.031923
0 0.141261 0.202713 0.079808 0.031923
