0 0.204310 0.146049 0.031923 0.079808
0 0.243416 0.146049 0.031923 0.079808
0 0.280926 0.146049 0.031923 0.079808
0 0.320032 0.146049 0.031923 0.079808
0 0.354350 0.146049 0.031923 0.079808
0 0.388667 0.146049 0.031923 0.079808
0 0.424581 0.146049 0.031923 0.079808
0 0.460495 0.146049 0.031923 0.079808
0 0.518755 0.146049 0.031923 0.079808
0 0.549082 0.146049 0.031923 0.079808
0 0.581006 0.146049 0.031923 0.079808
0 0.612929 0.146049 0.031923 0.079808
0 0.646449 0.146049 0.031923 0.079808
0 0.698324 0.146049 0.031923 0.079808
0 0.734238 0.146049 0.031923 0.079808
0 0.771748 0.146049 0.031923 0.079808
0 0.853951 0.201117 0.079808 0.031923
0 0.853951 0.239425 0.079808 0.031923
0 0.853951 0.276935 0.079808 0.031923
0 0.853951 0.321628 0.079808 0.031923
0 0.853951 0.355148 0.079808 0.031923
0 0.853951 0.401437 0.079808 0.031923
0 0.853951 0.432562 0.079808 0.031923
0 0.853951 0.462889 0.079808 0.031923
0 0.853951 0.517957 0.079808 0.031923
0 0.853951 0.557861 0.079808 0.031923
0 0.853951 0.588986 0.079808 0.031923
0 0.853951 0.623304 0.079808 0.031923
0 0.853951 0.658420 0.079808 0.031923
0 0.853951 0.708699 0.079808 0.031923
0 0.853951 0.747007 0.079808 0.031923
0 0.853951 0.783719 0.079808 0.031923
0 0.771748 0.853951 0.031923 0.079808
0 0.730247 0.853951 0.031923 0.079808
0 0.690343 0.853951 0.031923 0.079808
0 0.655227 0.853951 0.031923 0.079808
0 0.624900 0.853951 0.031923 0.079808
0 0.592977 0.853951 0.031923 0.079808
0 0.560255 0.853951 0.031923 0.079808
0 0.518755 0.853951 0.031923 0.079808
0 0.478053 0.853951 0.031923 0.079808
0 0.443735 0.853951 0.031923 0.079808
0 0.411812 0.853951 0.031923 0.079808
0 0.362330 0.853951 0.031923 0.079808
0 0.325619 0.853951 0.031923 0.079808
0 0.287310 0.853951 0.031923 0.079808
0 0.245810 0.853951 0.031923 0.079808
0 0.208300 0.853951 0.031923 0.079808
0 0.146049 0.783719 0.079808 0.031923
0 0.146049 0.745411 0.079808 0.031923
0 0.146049 0.687949 0.079808 0.031923
0 0.146049 0.651237 0.079808 0.031923
0 0.146049 0.614525 0.079808 0.031923
0 0.146049 0.578611 0.079808 0.031923
0 0.146049 0.542698 0.079808 0.031923
0 0.146049 0.506784 0.079808 0.031923
0 0.146049 0.466879 0.079808 0.031923
0 0.146049 0.430168 0.079808 0.031923
0 0.146049 0.396648 0.079808 0.031923
0 0.146049 0.363927 0.079808 0.031923
0 0.146049 0.332801 0.079808 0.031923
0 0.146049 0.292099 0.079808 0.031923
0 0.146049 0.240223 0.079808 0.031923
0 0.146049 0.205108 0.079808 0.031923
