0 0.245012 0.150838 0.031923 0.079808
0 0.282522 0.150838 0.031923 0.079808
0 0.320830 0.150838 0.031923 0.079808
0 0.353551 0.150838 0.031923 0.079808
0 0.387869 0.150838 0.031923 0.079808
0 0.423783 0.150838 0.031923 0.079808
0 0.459697 0.150838 0.031923 0.079808
0 0.517957 0.150838 0.031923 0.079808
0 0.547486 0.150838 0.031923 0.079808
0 0.580208 0.150838 0.031923 0.079808
0 0.609737 0.150838 0.031923 0.079808
0 0.643256 0.150838 0.031923 0.079808
0 0.695132 0.150838 0.031923 0.079808
0 0.730247 0.150838 0.031923 0.079808
0 0.766959 0.150838 0.031923 0.079808
0 0.849162 0.202713 0.079808 0.031923
0 0.849162 0.241022 0.079808 0.031923
0 0.849162 0.277733 0.079808 0.031923
0 0.849162 0.322426 0.079808 0.031923
0 0.849162 0.354350 0.079808 0.031923
0 0.849162 0.401437 0.079808 0.031923
0 0.849162 0.431764 0.079808 0.031923
0 0.849162 0.462091 0.079808 0.031923
0 0.849162 0.517957 0.079808 0.031923
0 0.849162 0.557861 0.079808 0.031923
0 0.849162 0.588188 0.079808 0.031923
0 0.849162 0.621708 0.079808 0.031923
0 0.849162 0.656824 0.079808 0.031923
0 0.849162 0.706305 0.079808 0.031923
0 0.849162 0.743815 0.079808 0.031923
0 0.849162 0.780527 0.079808 0.031923
0 0.765363 0.849162 0.031923 0.079808
0 0.724661 0.849162 0.031923 0.079808
0 0.686353 0.849162 0.031923 0.079808
0 0.652833 0.849162 0.031923 0.079808
0 0.623304 0.849162 0.031923 0.079808
0 0.592179 0.849162 0.031923 0.079808
0 0.561053 0.849162 0.031923 0.079808
0 0.518755 0.849162 0.031923 0.079808
0 0.478053 0.849162 0.031923 0.079808
0 0.444533 0.849162 0.031923 0.079808
0 0.412610 0.849162 0.031923 0.079808
0 0.363128 0.849162 0.031923 0.079808
0 0.327215 0.849162 0.031923 0.079808
0 0.289705 0.849162 0.031923 0.079808
0 0.248204 0.849162 0.031923 0.079808
0 0.212291 0.849162 0.031923 0.079808
0 0.150838 0.778132 0.079808 0.031923
0 0.150838 0.742219 0.079808 0.031923
0 0.150838 0.682362 0.079808 0.031923
0 0.150838 0.647247 0.079808 0.031923
0 0.150838 0.612131 0.079808 0.031923
0 0.150838 0.576217 0.079808 0.031923
0 0.150838 0.540303 0.079808 0.031923
0 0.150838 0.505188 0.079808 0.031923
0 0.150838 0.466081 0.079808 0.031923
0 0.150838 0.429370 0.079808 0.031923
0 0.150838 0.396648 0.079808 0.031923
0 0.150838 0.363927 0.079808 0.031923
0 0.150838 0.333599 0.079808 0.031923
0 0.150838 0.293695 0.079808 0.031923
0 0.150838 0.241022 0.079808 0.031923
0 0.150838 0.208300 0.079808 0.031923
