0 0.247406 0.155626 0.031923 0.079808
0 0.283320 0.155626 0.031923 0.079808
0 0.321628 0.155626 0.031923 0.079808
0 0.352753 0.155626 0.031923 0.079808
0 0.387071 0.155626 0.031923 0.079808
0 0.422985 0.155626 0.031923 0.079808
0 0.459697 0.155626 0.031923 0.079808
0 0.517957 0.155626 0.031923 0.079808
0 0.545890 0.155626 0.031923 0.079808
0 0.577813 0.155626 0.031923 0.079808
0 0.607342 0.155626 0.031923 0.079808
0 0.639266 0.155626 0.031923 0.079808
0 0.691141 0.155626 0.031923 0.079808
0 0.725459 0.155626 0.031923 0.079808
0 0.759777 0.155626 0.031923 0.079808
0 0.844374 0.205906 0.079808 0.031923
0 0.844374 0.242618 0.079808 0.031923
0 0.844374 0.278532 0.079808 0.031923
0 0.844374 0.322426 0.079808 0.031923
0 0.844374 0.354350 0.079808 0.031923
0 0.844374 0.401437 0.079808 0.031923
0 0.844374 0.431764 0.079808 0.031923
0 0.844374 0.460495 0.079808 0.031923
0 0.844374 0.518755 0.079808 0.031923
0 0.844374 0.557861 0.079808 0.031923
0 0.844374 0.587390 0.079808 0.031923
0 0.844374 0.620112 0.079808 0.031923
0 0.844374 0.704709 0.079808 0.031923
0 0.844374 0.740623 0.079808 0.031923
0 0.844374 0.776536 0.079808 0.031923
0 0.760575 0.844374 0.031923 0.079808
0 0.720670 0.844374 0.031923 0.079808
0 0.683160 0.844374 0.031923 0.079808
0 0.650439 0.844374 0.031923 0.079808
0 0.621708 0.844374 0.031923 0.079808
0 0.591381 0.844374 0.031923 0.079808
0 0.561053 0.844374 0.031923 0.079808
0 0.517957 0.844374 0.031923 0.079808
0 0.478053 0.844374 0.031923 0.079808
0 0.444533 0.844374 0.031923 0.079808
0 0.414206 0.844374 0.031923 0.079808
0 0.363927 0.844374 0.031923 0.079808
0 0.328811 0.844374 0.031923 0.079808
0 0.290503 0.844374 0.031923 0.079808
0 0.249800 0.844374 0.031923 0.079808
0 0.215483 0.844374 0.031923 0.079808
0 0.155626 0.774940 0.079808 0.031923
0 0.155626 0.739026 0.079808 0.031923
0 0.155626 0.678372 0.079808 0.031923
0 0.155626 0.644054 0.079808 0.031923
0 0.155626 0.609737 0.079808 0.031923
0 0.155626 0.574621 0.079808 0.031923
0 0.155626 0.538707 0.079808 0.031923
0 0.155626 0.503591 0.079808 0.031923
0 0.155626 0.464485 0.079808 0.031923
0 0.155626 0.428571 0.079808 0.031923
0 0.155626 0.395850 0.079808 0.031923
0 0.155626 0.364725 0.079808 0.031923
0 0.155626 0.334397 0.079808 0.031923
0 0.155626 0.295291 0.079808 0.031923
0 0.155626 0.242618 0.079808 0.031923
0 0.155626 0.210694 0.079808 0.031923
