0 0.195531 0.131684 0.031923 0.079808
0 0.237031 0.131684 0.031923 0.079808
0 0.277733 0.131684 0.031923 0.079808
0 0.319234 0.131684 0.031923 0.079808
0 0.355148 0.131684 0.031923 0.079808
0 0.391860 0.131684 0.031923 0.079808
0 0.426177 0.131684 0.031923 0.079808
0 0.462889 0.131684 0.031923 0.079808
0 0.520351 0.131684 0.031923 0.079808
0 0.552275 0.131684 0.031923 0.079808
0 0.586592 0.131684 0.031923 0.079808
0 0.620910 0.131684 0.031923 0.079808
0 0.658420 0.131684 0.031923 0.079808
0 0.707901 0.131684 0.031923 0.079808
0 0.747805 0.131684 0.031923 0.079808
0 0.790104 0.131684 0.031923 0.079808
0 0.868316 0.194733 0.079808 0.031923
0 0.868316 0.235435 0.079808 0.031923
0 0.868316 0.275339 0.079808 0.031923
0 0.868316 0.319234 0.079808 0.031923
0 0.868316 0.355946 0.079808 0.031923
0 0.868316 0.400638 0.079808 0.031923
0 0.868316 0.434158 0.079808 0.031923
0 0.868316 0.466081 0.079808 0.031923
0 0.868316 0.518755 0.079808 0.031923
0 0.868316 0.558659 0.079808 0.031923
0 0.868316 0.592179 0.079808 0.031923
0 0.868316 0.628093 0.079808 0.031923
0 0.868316 0.666401 0.079808 0.031923
0 0.868316 0.715882 0.079808 0.031923
0 0.868316 0.755786 0.079808 0.031923
0 0.868316 0.796488 0.079808 0.031923
0 0.788508 0.868316 0.031923 0.079808
0 0.745411 0.868316 0.031923 0.079808
0 0.703113 0.868316 0.031923 0.079808
0 0.664006 0.868316 0.031923 0.079808
0 0.629689 0.868316 0.031923 0.079808
0 0.595371 0.868316 0.031923 0.079808
0 0.560255 0.868316 0.031923 0.079808
0 0.520351 0.868316 0.031923 0.079808
0 0.477255 0.868316 0.031923 0.079808
0 0.442937 0.868316 0.031923 0.079808
0 0.407821 0.868316 0.031923 0.079808
0 0.361532 0.868316 0.031923 0.079808
0 0.322426 0.868316 0.031923 0.079808
0 0.281724 0.868316 0.031923 0.079808
0 0.239425 0.868316 0.031923 0.079808
0 0.198723 0.868316 0.031923 0.079808
0 0.131684 0.796488 0.079808 0.031923
0 0.131684 0.755786 0.079808 0.031923
0 0.131684 0.701516 0.079808 0.031923
0 0.131684 0.660814 0.079808 0.031923
0 0.131684 0.623304 0.079808 0.031923
0 0.131684 0.584996 0.079808 0.031923
0 0.131684 0.548284 0.079808 0.031923
0 0.131684 0.512370 0.079808 0.031923
0 0.131684 0.470870 0.079808 0.031923
0 0.131684 0.433360 0.079808 0.031923
0 0.131684 0.398244 0.079808 0.031923
0 0.131684 0.363128 0.079808 0.031923
0 0.131684 0.330407 0.079808 0.031923
0 0.131684 0.288109 0.079808 0.031923
0 0.131684 0.235435 0.079808 0.031923
0 0.131684 0.197127 0.079808 0.031923
