0 0.188151 0.124099 0.032026 0.080064
0 0.231385 0.124099 0.032026 0.080064
0 0.272218 0.124099 0.032026 0.080064
0 0.313851 0.124099 0.032026 0.080064
0 0.351481 0.124099 0.032026 0.080064
0 0.389111 0.124099 0.032026 0.080064
0 0.421938 0.124099 0.032026 0.080064
0 0.460368 0.124099 0.032026 0.080064
0 0.516413 0.124099 0.032026 0.080064
0 0.549239 0.124099 0.032026 0.080064
0 0.583667 0.124099 0.032026 0.080064
0 0.621297 0.124099 0.032026 0.080064
0 0.658927 0.124099 0.032026 0.080064
0 0.710168 0.124099 0.032026 0.080064
0 0.751001 0.124099 0.032026 0.080064
0 0.793435 0.124099 0.032026 0.080064
0 0.875901 0.188151 0.080064 0.032026
0 0.875901 0.230584 0.080064 0.032026
0 0.875901 0.270616 0.080064 0.032026
0 0.875901 0.314652 0.080064 0.032026
0 0.875901 0.352282 0.080064 0.032026
0 0.875901 0.396317 0.080064 0.032026
0 0.875901 0.429944 0.080064 0.032026
0 0.875901 0.463571 0.080064 0.032026
0 0.875901 0.515612 0.080064 0.032026
0 0.875901 0.555645 0.080064 0.032026
0 0.875901 0.590072 0.080064 0.032026
0 0.875901 0.626101 0.080064 0.032026
0 0.875901 0.664532 0.080064 0.032026
0 0.875901 0.715773 0.080064 0.032026
0 0.875901 0.756605 0.080064 0.032026
0 0.875901 0.799039 0.080064 0.032026
0 0.791833 0.875901 0.032026 0.080064
0 0.746998 0.875901 0.032026 0.080064
0 0.703763 0.875901 0.032026 0.080064
0 0.664532 0.875901 0.032026 0.080064
0 0.626902 0.875901 0.032026 0.080064
0 0.590072 0.875901 0.032026 0.080064
0 0.555645 0.875901 0.032026 0.080064
0 0.518815 0.875901 0.032026 0.080064
0 0.472378 0.875901 0.032026 0.080064
0 0.437150 0.875901 0.032026 0.080064
0 0.404323 0.875901 0.032026 0.080064
0 0.355484 0.875901 0.032026 0.080064
0 0.317854 0.875901 0.032026 0.080064
0 0.276221 0.875901 0.032026 0.080064
0 0.232186 0.875901 0.032026 0.080064
0 0.190552 0.875901 0.032026 0.080064
0 0.124099 0.800641 0.080064 0.032026
0 0.124099 0.758207 0.080064 0.032026
0 0.124099 0.702962 0.080064 0.032026
0 0.124099 0.662130 0.080064 0.032026
0 0.124099 0.622898 0.080064 0.032026
0 0.124099 0.583667 0.080064 0.032026
0 0.124099 0.546837 0.080064 0.032026
0 0.124099 0.509207 0.080064 0.032026
0 0.124099 0.466773 0.080064 0.032026
0 0.124099 0.428343 0.080064 0.032026
0 0.124099 0.392314 0.080064 0.032026
0 0.124099 0.356285 0.080064 0.032026
0 0.124099 0.320256 0.080064 0.032026
0 0.124099 0.279424 0.080064 0.032026
0 0.124099 0.223379 0.080064 0.032026
0 0.124099 0.184147 0.080064 0.032026
