0 0.192154 0.133707 0.032026 0.080064
0 0.234588 0.133707 0.032026 0.080064
0 0.313851 0.133707 0.032026 0.080064
0 0.349079 0.133707 0.032026 0.080064
0 0.385108 0.133707 0.032026 0.080064
0 0.419536 0.133707 0.032026 0.080064
0 0.457166 0.133707 0.032026 0.080064
0 0.514011 0.133707 0.032026 0.080064
0 0.546037 0.133707 0.032026 0.080064
0 0.578863 0.133707 0.032026 0.080064
0 0.614892 0.133707 0.032026 0.080064
0 0.649319 0.133707 0.032026 0.080064
0 0.701361 0.133707 0.032026 0.080064
0 0.739792 0.133707 0.032026 0.080064
0 0.778223 0.133707 0.032026 0.080064
0 0.866293 0.191353 0.080064 0.032026
0 0.866293 0.232186 0.080064 0.032026
0 0.866293 0.270616 0.080064 0.032026
0 0.866293 0.314652 0.080064 0.032026
0 0.866293 0.349880 0.080064 0.032026
0 0.866293 0.394716 0.080064 0.032026
0 0.866293 0.426741 0.080064 0.032026
0 0.866293 0.461169 0.080064 0.032026
0 0.866293 0.513211 0.080064 0.032026
0 0.866293 0.586869 0.080064 0.032026
0 0.866293 0.621297 0.080064 0.032026
0 0.866293 0.658127 0.080064 0.032026
0 0.866293 0.709367 0.080064 0.032026
0 0.866293 0.750200 0.080064 0.032026
0 0.866293 0.789432 0.080064 0.032026
0 0.777422 0.866293 0.032026 0.080064
0 0.734187 0.866293 0.032026 0.080064
0 0.693355 0.866293 0.032026 0.080064
0 0.658127 0.866293 0.032026 0.080064
0 0.621297 0.866293 0.032026 0.080064
0 0.587670 0.866293 0.032026 0.080064
0 0.554043 0.866293 0.032026 0.080064
0 0.516413 0.866293 0.032026 0.080064
0 0.470777 0.866293 0.032026 0.080064
0 0.436349 0.866293 0.032026 0.080064
0 0.405124 0.866293 0.032026 0.080064
0 0.354684 0.866293 0.032026 0.080064
0 0.317854 0.866293 0.032026 0.080064
0 0.277822 0.866293 0.032026 0.080064
0 0.235388 0.866293 0.032026 0.080064
0 0.195356 0.866293 0.032026 0.080064
0 0.133707 0.789432 0.080064 0.032026
0 0.133707 0.749400 0.080064 0.032026
0 0.133707 0.691753 0.080064 0.032026
0 0.133707 0.654123 0.080064 0.032026
0 0.133707 0.614892 0.080064 0.032026
0 0.133707 0.578863 0.080064 0.032026
0 0.133707 0.542034 0.080064 0.032026
0 0.133707 0.504404 0.080064 0.032026
0 0.133707 0.463571 0.080064 0.032026
0 0.133707 0.424339 0.080064 0.032026
0 0.133707 0.390713 0.080064 0.032026
0 0.133707 0.355484 0.080064 0.032026
0 0.133707 0.324259 0.080064 0.032026
0 0.133707 0.280224 0.080064 0.032026
0 0.133707 0.223379 0.080064 0.032026
0 0.133707 0.187350 0.080064 0.032026
