0 0.193755 0.138511 0.032026 0.080064
0 0.235388 0.138511 0.032026 0.080064
0 0.273819 0.138511 0.032026 0.080064
0 0.313851 0.138511 0.032026 0.080064
0 0.349079 0.138511 0.032026 0.080064
0 0.384307 0.138511 0.032026 0.080064
0 0.418735 0.138511 0.032026 0.080064
0 0.465973 0.138511 0.032026 0.080064
0 0.513211 0.138511 0.032026 0.080064
0 0.544436 0.138511 0.032026 0.080064
0 0.576461 0.138511 0.032026 0.080064
0 0.610889 0.138511 0.032026 0.080064
0 0.644516 0.138511 0.032026 0.080064
0 0.696557 0.138511 0.032026 0.080064
0 0.734187 0.138511 0.032026 0.080064
0 0.771017 0.138511 0.032026 0.080064
0 0.861489 0.192954 0.080064 0.032026
0 0.861489 0.233787 0.080064 0.032026
0 0.861489 0.270616 0.080064 0.032026
0 0.861489 0.313851 0.080064 0.032026
0 0.861489 0.349079 0.080064 0.032026
0 0.861489 0.393915 0.080064 0.032026
0 0.861489 0.425941 0.080064 0.032026
0 0.861489 0.459568 0.080064 0.032026
0 0.861489 0.512410 0.080064 0.032026
0 0.861489 0.553243 0.080064 0.032026
0 0.861489 0.586069 0.080064 0.032026
0 0.861489 0.618895 0.080064 0.032026
0 0.861489 0.654924 0.080064 0.032026
0 0.861489 0.706966 0.080064 0.032026
0 0.861489 0.745396 0.080064 0.032026
0 0.861489 0.784628 0.080064 0.032026
0 0.770216 0.861489 0.032026 0.080064
0 0.728583 0.861489 0.032026 0.080064
0 0.688551 0.861489 0.032026 0.080064
0 0.654924 0.861489 0.032026 0.080064
0 0.618895 0.861489 0.032026 0.080064
0 0.585268 0.861489 0.032026 0.080064
0 0.554043 0.861489 0.032026 0.080064
0 0.514812 0.861489 0.032026 0.080064
0 0.470777 0.861489 0.032026 0.080064
0 0.436349 0.861489 0.032026 0.080064
0 0.405124 0.861489 0.032026 0.080064
0 0.354684 0.861489 0.032026 0.080064
0 0.318655 0.861489 0.032026 0.080064
0 0.279424 0.861489 0.032026 0.080064
0 0.236990 0.861489 0.032026 0.080064
0 0.198559 0.861489 0.032026 0.080064
0 0.138511 0.784628 0.080064 0.032026
0 0.138511 0.745396 0.080064 0.032026
0 0.138511 0.686950 0.080064 0.032026
0 0.138511 0.650120 0.080064 0.032026
0 0.138511 0.613291 0.080064 0.032026
0 0.138511 0.576461 0.080064 0.032026
0 0.138511 0.539632 0.080064 0.032026
0 0.138511 0.502002 0.080064 0.032026
0 0.138511 0.461169 0.080064 0.032026
0 0.138511 0.423539 0.080064 0.032026
0 0.138511 0.390713 0.080064 0.032026
0 0.138511 0.355484 0.080064 0.032026
0 0.138511 0.325060 0.080064 0.032026
0 0.138511 0.281025 0.080064 0.032026
0 0.138511 0.224179 0.080064 0.032026
0 0.138511 0.188951 0.080064 0.032026
