0 0.195356 0.143315 0.032026 0.080064
0 0.236990 0.143315 0.032026 0.080064
0 0.348279 0.143315 0.032026 0.080064
0 0.382706 0.143315 0.032026 0.080064
0 0.417134 0.143315 0.032026 0.080064
0 0.454764 0.143315 0.032026 0.080064
0 0.543635 0.143315 0.032026 0.080064
0 0.574860 0.143315 0.032026 0.080064
0 0.607686 0.143315 0.032026 0.080064
0 0.639712 0.143315 0.032026 0.080064
0 0.693355 0.143315 0.032026 0.080064
0 0.729384 0.143315 0.032026 0.080064
0 0.763811 0.143315 0.032026 0.080064
0 0.856685 0.194556 0.080064 0.032026
0 0.856685 0.234588 0.080064 0.032026
0 0.856685 0.270616 0.080064 0.032026
0 0.856685 0.313851 0.080064 0.032026
0 0.856685 0.348279 0.080064 0.032026
0 0.856685 0.393915 0.080064 0.032026
0 0.856685 0.424339 0.080064 0.032026
0 0.856685 0.458767 0.080064 0.032026
0 0.856685 0.511609 0.080064 0.032026
0 0.856685 0.552442 0.080064 0.032026
0 0.856685 0.584468 0.080064 0.032026
0 0.856685 0.617294 0.080064 0.032026
0 0.856685 0.652522 0.080064 0.032026
0 0.856685 0.704564 0.080064 0.032026
0 0.856685 0.742194 0.080064 0.032026
0 0.856685 0.780624 0.080064 0.032026
0 0.763811 0.856685 0.032026 0.080064
0 0.722978 0.856685 0.032026 0.080064
0 0.684548 0.856685 0.032026 0.080064
0 0.651721 0.856685 0.032026 0.080064
0 0.616493 0.856685 0.032026 0.080064
0 0.584468 0.856685 0.032026 0.080064
0 0.553243 0.856685 0.032026 0.080064
0 0.514812 0.856685 0.032026 0.080064
0 0.469976 0.856685 0.032026 0.080064
0 0.436349 0.856685 0.032026 0.080064
0 0.406725 0.856685 0.032026 0.080064
0 0.354684 0.856685 0.032026 0.080064
0 0.319456 0.856685 0.032026 0.080064
0 0.280224 0.856685 0.032026 0.080064
0 0.238591 0.856685 0.032026 0.080064
0 0.200160 0.856685 0.032026 0.080064
0 0.143315 0.779023 0.080064 0.032026
0 0.143315 0.741393 0.080064 0.032026
0 0.143315 0.681345 0.080064 0.032026
0 0.143315 0.646117 0.080064 0.032026
0 0.143315 0.609287 0.080064 0.032026
0 0.143315 0.574059 0.080064 0.032026
0 0.143315 0.537230 0.080064 0.032026
0 0.143315 0.499600 0.080064 0.032026
0 0.143315 0.459568 0.080064 0.032026
0 0.143315 0.421938 0.080064 0.032026
0 0.143315 0.389912 0.080064 0.032026
0 0.143315 0.355484 0.080064 0.032026
0 0.143315 0.325060 0.080064 0.032026
0 0.143315 0.282626 0.080064 0.032026
0 0.143315 0.224980 0.080064 0.032026
0 0.143315 0.191353 0.080064 0.032026
