0 0.197758 0.148118 0.032026 0.080064
0 0.274620 0.148118 0.032026 0.080064
0 0.314652 0.148118 0.032026 0.080064
0 0.347478 0.148118 0.032026 0.080064
0 0.381105 0.148118 0.032026 0.080064
0 0.416333 0.148118 0.032026 0.080064
0 0.463571 0.148118 0.032026 0.080064
0 0.512410 0.148118 0.032026 0.080064
0 0.572458 0.148118 0.032026 0.080064
0 0.604484 0.148118 0.032026 0.080064
0 0.635709 0.148118 0.032026 0.080064
0 0.688551 0.148118 0.032026 0.080064
0 0.757406 0.148118 0.032026 0.080064
0 0.851882 0.196157 0.080064 0.032026
0 0.851882 0.235388 0.080064 0.032026
0 0.851882 0.270616 0.080064 0.032026
0 0.851882 0.313851 0.080064 0.032026
0 0.851882 0.347478 0.080064 0.032026
0 0.851882 0.393114 0.080064 0.032026
0 0.851882 0.423539 0.080064 0.032026
0 0.851882 0.457166 0.080064 0.032026
0 0.851882 0.511609 0.080064 0.032026
0 0.851882 0.551641 0.080064 0.032026
0 0.851882 0.582866 0.080064 0.032026
0 0.851882 0.615693 0.080064 0.032026
0 0.851882 0.649319 0.080064 0.032026
0 0.851882 0.702162 0.080064 0.032026
0 0.851882 0.738991 0.080064 0.032026
0 0.851882 0.775020 0.080064 0.032026
0 0.756605 0.851882 0.032026 0.080064
0 0.717374 0.851882 0.032026 0.080064
0 0.679744 0.851882 0.032026 0.080064
0 0.648519 0.851882 0.032026 0.080064
0 0.614892 0.851882 0.032026 0.080064
0 0.582866 0.851882 0.032026 0.080064
0 0.552442 0.851882 0.032026 0.080064
0 0.514011 0.851882 0.032026 0.080064
0 0.469175 0.851882 0.032026 0.080064
0 0.435548 0.851882 0.032026 0.080064
0 0.406725 0.851882 0.032026 0.080064
0 0.354684 0.851882 0.032026 0.080064
0 0.281025 0.851882 0.032026 0.080064
0 0.202562 0.851882 0.032026 0.080064
0 0.148118 0.774219 0.080064 0.032026
0 0.148118 0.737390 0.080064 0.032026
0 0.148118 0.676541 0.080064 0.032026
0 0.148118 0.642114 0.080064 0.032026
0 0.148118 0.606886 0.080064 0.032026
0 0.148118 0.571657 0.080064 0.032026
0 0.148118 0.534828 0.080064 0.032026
0 0.148118 0.497998 0.080064 0.032026
0 0.148118 0.457966 0.080064 0.032026
0 0.148118 0.421137 0.080064 0.032026
0 0.148118 0.389111 0.080064 0.032026
0 0.148118 0.355484 0.080064 0.032026
0 0.148118 0.325861 0.080064 0.032026
0 0.148118 0.282626 0.080064 0.032026
0 0.148118 0.226581 0.080064 0.032026
