0 0.200961 0.152922 0.032026 0.080064
0 0.239392 0.152922 0.032026 0.080064
0 0.275420 0.152922 0.032026 0.080064
0 0.313851 0.152922 0.032026 0.080064
0 0.380304 0.152922 0.032026 0.080064
0 0.415532 0.152922 0.032026 0.080064
0 0.511609 0.152922 0.032026 0.080064
0 0.540432 0.152922 0.032026 0.080064
0 0.570056 0.152922 0.032026 0.080064
0 0.632506 0.152922 0.032026 0.080064
0 0.685348 0.152922 0.032026 0.080064
0 0.718975 0.152922 0.032026 0.080064
0 0.751001 0.152922 0.032026 0.080064
0 0.847078 0.236189 0.080064 0.032026
0 0.847078 0.270616 0.080064 0.032026
0 0.847078 0.313851 0.080064 0.032026
0 0.847078 0.346677 0.080064 0.032026
0 0.847078 0.392314 0.080064 0.032026
0 0.847078 0.422738 0.080064 0.032026
0 0.847078 0.455564 0.080064 0.032026
0 0.847078 0.510809 0.080064 0.032026
0 0.847078 0.551641 0.080064 0.032026
0 0.847078 0.582066 0.080064 0.032026
0 0.847078 0.613291 0.080064 0.032026
0 0.847078 0.646117 0.080064 0.032026
0 0.847078 0.699760 0.080064 0.032026
0 0.847078 0.771817 0.080064 0.032026
0 0.751001 0.847078 0.032026 0.080064
0 0.712570 0.847078 0.032026 0.080064
0 0.675741 0.847078 0.032026 0.080064
0 0.646117 0.847078 0.032026 0.080064
0 0.613291 0.847078 0.032026 0.080064
0 0.582066 0.847078 0.032026 0.080064
0 0.552442 0.847078 0.032026 0.080064
0 0.469175 0.847078 0.032026 0.080064
0 0.435548 0.847078 0.032026 0.080064
0 0.407526 0.847078 0.032026 0.080064
0 0.354684 0.847078 0.032026 0.080064
0 0.320256 0.847078 0.032026 0.080064
0 0.282626 0.847078 0.032026 0.080064
0 0.240993 0.847078 0.032026 0.080064
0 0.204964 0.847078 0.032026 0.080064
0 0.152922 0.769416 0.080064 0.032026
0 0.152922 0.733387 0.080064 0.032026
0 0.152922 0.671737 0.080064 0.032026
0 0.152922 0.638911 0.080064 0.032026
0 0.152922 0.603683 0.080064 0.032026
0 0.152922 0.532426 0.080064 0.032026
0 0.152922 0.495596 0.080064 0.032026
0 0.152922 0.457166 0.080064 0.032026
0 0.152922 0.420336 0.080064 0.032026
0 0.152922 0.389111 0.080064 0.032026
0 0.152922 0.356285 0.080064 0.032026
0 0.152922 0.326661 0.080064 0.032026
0 0.152922 0.283427 0.080064 0.032026
0 0.152922 0.227382 0.080064 0.032026
