0 0.189752 0.128903 0.032026 0.080064
0 0.232186 0.128903 0.032026 0.080064
0 0.272218 0.128903 0.032026 0.080064
0 0.313851 0.128903 0.032026 0.080064
0 0.350681 0.128903 0.032026 0.080064
0 0.386709 0.128903 0.032026 0.080064
0 0.420336 0.128903 0.032026 0.080064
0 0.458767 0.128903 0.032026 0.080064
0 0.515612 0.128903 0.032026 0.080064
0 0.547638 0.128903 0.032026 0.080064
0 0.581265 0.128903 0.032026 0.080064
0 0.618094 0.128903 0.032026 0.080064
0 0.654123 0.128903 0.032026 0.080064
0 0.705364 0.128903 0.032026 0.080064
0 0.745396 0.128903 0.032026 0.080064
0 0.786229 0.128903 0.032026 0.080064
0 0.871097 0.190552 0.080064 0.032026
0 0.871097 0.231385 0.080064 0.032026
0 0.871097 0.270616 0.080064 0.032026
0 0.871097 0.314652 0.080064 0.032026
0 0.871097 0.395516 0.080064 0.032026
0 0.871097 0.428343 0.080064 0.032026
0 0.871097 0.462770 0.080064 0.032026
0 0.871097 0.514011 0.080064 0.032026
0 0.871097 0.554844 0.080064 0.032026
0 0.871097 0.588471 0.080064 0.032026
0 0.871097 0.623699 0.080064 0.032026
0 0.871097 0.660528 0.080064 0.032026
0 0.871097 0.712570 0.080064 0.032026
0 0.871097 0.793435 0.080064 0.032026
0 0.784628 0.871097 0.032026 0.080064
0 0.739792 0.871097 0.032026 0.080064
0 0.698959 0.871097 0.032026 0.080064
0 0.661329 0.871097 0.032026 0.080064
0 0.624500 0.871097 0.032026 0.080064
0 0.588471 0.871097 0.032026 0.080064
0 0.554844 0.871097 0.032026 0.080064
0 0.517214 0.871097 0.032026 0.080064
0 0.471577 0.871097 0.032026 0.080064
0 0.437150 0.871097 0.032026 0.080064
0 0.404323 0.871097 0.032026 0.080064
0 0.355484 0.871097 0.032026 0.080064
0 0.317054 0.871097 0.032026 0.080064
0 0.277022 0.871097 0.032026 0.080064
0 0.233787 0.871097 0.032026 0.080064
0 0.192954 0.871097 0.032026 0.080064
0 0.128903 0.794235 0.080064 0.032026
0 0.128903 0.753403 0.080064 0.032026
0 0.128903 0.697358 0.080064 0.032026
0 0.128903 0.657326 0.080064 0.032026
0 0.128903 0.618895 0.080064 0.032026
0 0.128903 0.581265 0.080064 0.032026
0 0.128903 0.544436 0.080064 0.032026
0 0.128903 0.506005 0.080064 0.032026
0 0.128903 0.464371 0.080064 0.032026
0 0.128903 0.425941 0.080064 0.032026
0 0.128903 0.391513 0.080064 0.032026
0 0.128903 0.324259 0.080064 0.032026
0 0.128903 0.280224 0.080064 0.032026
0 0.128903 0.223379 0.080064 0.032026
0 0.128903 0.185749 0.080064 0.032026
