0 0.195635 0.126920 0.032336 0.080841
0 0.238480 0.126920 0.032336 0.080841
0 0.278901 0.126920 0.032336 0.080841
0 0.319321 0.126920 0.032336 0.080841
0 0.357316 0.126920 0.032336 0.080841
0 0.393694 0.126920 0.032336 0.080841
0 0.428456 0.126920 0.032336 0.080841
0 0.465643 0.126920 0.032336 0.080841
0 0.520614 0.126920 0.032336 0.080841
0 0.552142 0.126920 0.032336 0.080841
0 0.585287 0.126920 0.032336 0.080841
0 0.620049 0.126920 0.032336 0.080841
0 0.656427 0.126920 0.032336 0.080841
0 0.706548 0.126920 0.032336 0.080841
0 0.747777 0.126920 0.032336 0.080841
0 0.789814 0.126920 0.032336 0.080841
0 0.873080 0.195635 0.080841 0.032336
0 0.873080 0.237672 0.080841 0.032336
0 0.873080 0.279709 0.080841 0.032336
0 0.873080 0.325788 0.080841 0.032336
0 0.873080 0.363783 0.080841 0.032336
0 0.873080 0.409863 0.080841 0.032336
0 0.873080 0.443816 0.080841 0.032336
0 0.873080 0.472918 0.080841 0.032336
0 0.873080 0.523848 0.080841 0.032336
0 0.873080 0.568310 0.080841 0.032336
0 0.873080 0.602264 0.080841 0.032336
0 0.873080 0.639450 0.080841 0.032336
0 0.873080 0.676637 0.080841 0.032336
0 0.873080 0.725141 0.080841 0.032336
0 0.873080 0.765562 0.080841 0.032336
0 0.873080 0.809216 0.080841 0.032336
0 0.797898 0.873080 0.032336 0.080841
0 0.751819 0.873080 0.032336 0.080841
0 0.710590 0.873080 0.032336 0.080841
0 0.670170 0.873080 0.032336 0.080841
0 0.633791 0.873080 0.032336 0.080841
0 0.598222 0.873080 0.032336 0.080841
0 0.561843 0.873080 0.032336 0.080841
0 0.521423 0.873080 0.032336 0.080841
0 0.477769 0.873080 0.032336 0.080841
0 0.440582 0.873080 0.032336 0.080841
0 0.407437 0.873080 0.032336 0.080841
0 0.360550 0.873080 0.032336 0.080841
0 0.324980 0.873080 0.032336 0.080841
0 0.282134 0.873080 0.032336 0.080841
0 0.241714 0.873080 0.032336 0.080841
0 0.198060 0.873080 0.032336 0.080841
0 0.126920 0.805982 0.080841 0.032336
0 0.126920 0.763137 0.080841 0.032336
0 0.126920 0.712207 0.080841 0.032336
0 0.126920 0.670978 0.080841 0.032336
0 0.126920 0.632175 0.080841 0.032336
0 0.126920 0.595796 0.080841 0.032336
0 0.126920 0.554568 0.080841 0.032336
0 0.126920 0.518998 0.080841 0.032336
0 0.126920 0.479386 0.080841 0.032336
0 0.126920 0.443816 0.080841 0.032336
0 0.126920 0.408246 0.080841 0.032336
0 0.126920 0.371059 0.080841 0.032336
0 0.126920 0.332255 0.080841 0.032336
0 0.126920 0.288601 0.080841 0.032336
0 0.126920 0.238480 0.080841 0.032336
0 0.126920 0.195635 0.080841 0.032336
