0 0.201293 0.136621 0.032336 0.080841
0 0.242522 0.136621 0.032336 0.080841
0 0.282134 0.136621 0.032336 0.080841
0 0.320129 0.136621 0.032336 0.080841
0 0.356508 0.136621 0.032336 0.080841
0 0.391269 0.136621 0.032336 0.080841
0 0.428456 0.136621 0.032336 0.080841
0 0.463217 0.136621 0.032336 0.080841
0 0.518998 0.136621 0.032336 0.080841
0 0.549717 0.136621 0.032336 0.080841
0 0.581245 0.136621 0.032336 0.080841
0 0.613581 0.136621 0.032336 0.080841
0 0.648343 0.136621 0.032336 0.080841
0 0.738076 0.136621 0.032336 0.080841
0 0.776880 0.136621 0.032336 0.080841
0 0.863379 0.203719 0.080841 0.032336
0 0.863379 0.244139 0.080841 0.032336
0 0.863379 0.284559 0.080841 0.032336
0 0.863379 0.329830 0.080841 0.032336
0 0.863379 0.367017 0.080841 0.032336
0 0.863379 0.413096 0.080841 0.032336
0 0.863379 0.445432 0.080841 0.032336
0 0.863379 0.472918 0.080841 0.032336
0 0.863379 0.525465 0.080841 0.032336
0 0.863379 0.570736 0.080841 0.032336
0 0.863379 0.603072 0.080841 0.032336
0 0.863379 0.638642 0.080841 0.032336
0 0.863379 0.675020 0.080841 0.032336
0 0.863379 0.724333 0.080841 0.032336
0 0.863379 0.763137 0.080841 0.032336
0 0.863379 0.805174 0.080841 0.032336
0 0.785772 0.863379 0.032336 0.080841
0 0.742118 0.863379 0.032336 0.080841
0 0.703314 0.863379 0.032336 0.080841
0 0.664511 0.863379 0.032336 0.080841
0 0.630558 0.863379 0.032336 0.080841
0 0.595796 0.863379 0.032336 0.080841
0 0.561843 0.863379 0.032336 0.080841
0 0.520614 0.863379 0.032336 0.080841
0 0.476960 0.863379 0.032336 0.080841
0 0.440582 0.863379 0.032336 0.080841
0 0.409054 0.863379 0.032336 0.080841
0 0.362167 0.863379 0.032336 0.080841
0 0.324980 0.863379 0.032336 0.080841
0 0.285368 0.863379 0.032336 0.080841
0 0.246564 0.863379 0.032336 0.080841
0 0.205335 0.863379 0.032336 0.080841
0 0.136621 0.798707 0.080841 0.032336
0 0.136621 0.758286 0.080841 0.032336
0 0.136621 0.705740 0.080841 0.032336
0 0.136621 0.666936 0.080841 0.032336
0 0.136621 0.629749 0.080841 0.032336
0 0.136621 0.594988 0.080841 0.032336
0 0.136621 0.552951 0.080841 0.032336
0 0.136621 0.518189 0.080841 0.032336
0 0.136621 0.480194 0.080841 0.032336
0 0.136621 0.445432 0.080841 0.032336
0 0.136621 0.411479 0.080841 0.032336
0 0.136621 0.375909 0.080841 0.032336
0 0.136621 0.337914 0.080841 0.032336
0 0.136621 0.295069 0.080841 0.032336
0 0.136621 0.244947 0.080841 0.032336
0 0.136621 0.203719 0.080841 0.032336
