0 0.204527 0.141471 0.032336 0.080841
0 0.245756 0.141471 0.032336 0.080841
0 0.282943 0.141471 0.032336 0.080841
0 0.321746 0.141471 0.032336 0.080841
0 0.356508 0.141471 0.032336 0.080841
0 0.390461 0.141471 0.032336 0.080841
0 0.427648 0.141471 0.032336 0.080841
0 0.462409 0.141471 0.032336 0.080841
0 0.518998 0.141471 0.032336 0.080841
0 0.579628 0.141471 0.032336 0.080841
0 0.611156 0.141471 0.032336 0.080841
0 0.644301 0.141471 0.032336 0.080841
0 0.694422 0.141471 0.032336 0.080841
0 0.733226 0.141471 0.032336 0.080841
0 0.769604 0.141471 0.032336 0.080841
0 0.858529 0.207761 0.080841 0.032336
0 0.858529 0.248181 0.080841 0.032336
0 0.858529 0.286985 0.080841 0.032336
0 0.858529 0.333064 0.080841 0.032336
0 0.858529 0.368634 0.080841 0.032336
0 0.858529 0.414713 0.080841 0.032336
0 0.858529 0.446241 0.080841 0.032336
0 0.858529 0.472918 0.080841 0.032336
0 0.858529 0.527082 0.080841 0.032336
0 0.858529 0.572352 0.080841 0.032336
0 0.858529 0.603880 0.080841 0.032336
0 0.858529 0.638642 0.080841 0.032336
0 0.858529 0.674212 0.080841 0.032336
0 0.858529 0.761520 0.080841 0.032336
0 0.858529 0.803557 0.080841 0.032336
0 0.779305 0.858529 0.032336 0.080841
0 0.737268 0.858529 0.032336 0.080841
0 0.698464 0.858529 0.032336 0.080841
0 0.662086 0.858529 0.032336 0.080841
0 0.629749 0.858529 0.032336 0.080841
0 0.595796 0.858529 0.032336 0.080841
0 0.561843 0.858529 0.032336 0.080841
0 0.519806 0.858529 0.032336 0.080841
0 0.477769 0.858529 0.032336 0.080841
0 0.440582 0.858529 0.032336 0.080841
0 0.409863 0.858529 0.032336 0.080841
0 0.362167 0.858529 0.032336 0.080841
0 0.324980 0.858529 0.032336 0.080841
0 0.287793 0.858529 0.032336 0.080841
0 0.248989 0.858529 0.032336 0.080841
0 0.208569 0.858529 0.032336 0.080841
0 0.141471 0.796281 0.080841 0.032336
0 0.141471 0.755861 0.080841 0.032336
0 0.141471 0.702506 0.080841 0.032336
0 0.141471 0.664511 0.080841 0.032336
0 0.141471 0.628133 0.080841 0.032336
0 0.141471 0.594179 0.080841 0.032336
0 0.141471 0.552142 0.080841 0.032336
0 0.141471 0.517381 0.080841 0.032336
0 0.141471 0.480194 0.080841 0.032336
0 0.141471 0.446241 0.080841 0.032336
0 0.141471 0.413096 0.080841 0.032336
0 0.141471 0.377526 0.080841 0.032336
0 0.141471 0.339531 0.080841 0.032336
0 0.141471 0.298302 0.080841 0.032336
0 0.141471 0.248181 0.080841 0.032336
0 0.141471 0.207761 0.080841 0.032336
