0 0.206952 0.146322 0.032336 0.080841
0 0.247373 0.146322 0.032336 0.080841
0 0.284559 0.146322 0.032336 0.080841
0 0.321746 0.146322 0.032336 0.080841
0 0.357316 0.146322 0.032336 0.080841
0 0.389652 0.146322 0.032336 0.080841
0 0.427648 0.146322 0.032336 0.080841
0 0.462409 0.146322 0.032336 0.080841
0 0.518189 0.146322 0.032336 0.080841
0 0.547292 0.146322 0.032336 0.080841
0 0.578011 0.146322 0.032336 0.080841
0 0.607922 0.146322 0.032336 0.080841
0 0.639450 0.146322 0.032336 0.080841
0 0.690380 0.146322 0.032336 0.080841
0 0.728375 0.146322 0.032336 0.080841
0 0.763137 0.146322 0.032336 0.080841
0 0.853678 0.288601 0.080841 0.032336
0 0.853678 0.335489 0.080841 0.032336
0 0.853678 0.416330 0.080841 0.032336
0 0.853678 0.447049 0.080841 0.032336
0 0.853678 0.478577 0.080841 0.032336
0 0.853678 0.527890 0.080841 0.032336
0 0.853678 0.573969 0.080841 0.032336
0 0.853678 0.603880 0.080841 0.032336
0 0.853678 0.673403 0.080841 0.032336
0 0.853678 0.723525 0.080841 0.032336
0 0.853678 0.759903 0.080841 0.032336
0 0.853678 0.801132 0.080841 0.032336
0 0.773646 0.853678 0.032336 0.080841
0 0.732417 0.853678 0.032336 0.080841
0 0.694422 0.853678 0.032336 0.080841
0 0.658852 0.853678 0.032336 0.080841
0 0.628133 0.853678 0.032336 0.080841
0 0.594988 0.853678 0.032336 0.080841
0 0.561843 0.853678 0.032336 0.080841
0 0.518998 0.853678 0.032336 0.080841
0 0.476960 0.853678 0.032336 0.080841
0 0.441390 0.853678 0.032336 0.080841
0 0.410671 0.853678 0.032336 0.080841
0 0.362167 0.853678 0.032336 0.080841
0 0.326597 0.853678 0.032336 0.080841
0 0.289410 0.853678 0.032336 0.080841
0 0.251415 0.853678 0.032336 0.080841
0 0.211803 0.853678 0.032336 0.080841
0 0.146322 0.792239 0.080841 0.032336
0 0.146322 0.753436 0.080841 0.032336
0 0.146322 0.698464 0.080841 0.032336
0 0.146322 0.662086 0.080841 0.032336
0 0.146322 0.626516 0.080841 0.032336
0 0.146322 0.594179 0.080841 0.032336
0 0.146322 0.551334 0.080841 0.032336
0 0.146322 0.517381 0.080841 0.032336
0 0.146322 0.481002 0.080841 0.032336
0 0.146322 0.447049 0.080841 0.032336
0 0.146322 0.414713 0.080841 0.032336
0 0.146322 0.379143 0.080841 0.032336
0 0.146322 0.342765 0.080841 0.032336
0 0.146322 0.299919 0.080841 0.032336
0 0.146322 0.251415 0.080841 0.032336
0 0.146322 0.210994 0.080841 0.032336
