0 0.210186 0.151172 0.032336 0.080841
0 0.249798 0.151172 0.032336 0.080841
0 0.286176 0.151172 0.032336 0.080841
0 0.323363 0.151172 0.032336 0.080841
0 0.356508 0.151172 0.032336 0.080841
0 0.388844 0.151172 0.032336 0.080841
0 0.426839 0.151172 0.032336 0.080841
0 0.461601 0.151172 0.032336 0.080841
0 0.518189 0.151172 0.032336 0.080841
0 0.546483 0.151172 0.032336 0.080841
0 0.576395 0.151172 0.032336 0.080841
0 0.605497 0.151172 0.032336 0.080841
0 0.636217 0.151172 0.032336 0.080841
0 0.686338 0.151172 0.032336 0.080841
0 0.723525 0.151172 0.032336 0.080841
0 0.757478 0.151172 0.032336 0.080841
0 0.848828 0.215036 0.080841 0.032336
0 0.848828 0.253032 0.080841 0.032336
0 0.848828 0.291027 0.080841 0.032336
0 0.848828 0.337106 0.080841 0.032336
0 0.848828 0.370251 0.080841 0.032336
0 0.848828 0.417947 0.080841 0.032336
0 0.848828 0.472918 0.080841 0.032336
0 0.848828 0.527890 0.080841 0.032336
0 0.848828 0.574778 0.080841 0.032336
0 0.848828 0.604689 0.080841 0.032336
0 0.848828 0.637833 0.080841 0.032336
0 0.848828 0.722716 0.080841 0.032336
0 0.848828 0.759095 0.080841 0.032336
0 0.767987 0.848828 0.032336 0.080841
0 0.727567 0.848828 0.032336 0.080841
0 0.689572 0.848828 0.032336 0.080841
0 0.656427 0.848828 0.032336 0.080841
0 0.625707 0.848828 0.032336 0.080841
0 0.594179 0.848828 0.032336 0.080841
0 0.561843 0.848828 0.032336 0.080841
0 0.518189 0.848828 0.032336 0.080841
0 0.477769 0.848828 0.032336 0.080841
0 0.441390 0.848828 0.032336 0.080841
0 0.411479 0.848828 0.032336 0.080841
0 0.362975 0.848828 0.032336 0.080841
0 0.327405 0.848828 0.032336 0.080841
0 0.291027 0.848828 0.032336 0.080841
0 0.253032 0.848828 0.032336 0.080841
0 0.215845 0.848828 0.032336 0.080841
0 0.151172 0.789006 0.080841 0.032336
0 0.151172 0.751011 0.080841 0.032336
0 0.151172 0.695230 0.080841 0.032336
0 0.151172 0.659660 0.080841 0.032336
0 0.151172 0.624899 0.080841 0.032336
0 0.151172 0.593371 0.080841 0.032336
0 0.151172 0.550525 0.080841 0.032336
0 0.151172 0.516572 0.080841 0.032336
0 0.151172 0.481002 0.080841 0.032336
0 0.151172 0.447858 0.080841 0.032336
0 0.151172 0.416330 0.080841 0.032336
0 0.151172 0.381568 0.080841 0.032336
0 0.151172 0.344382 0.080841 0.032336
0 0.151172 0.303961 0.080841 0.032336
0 0.151172 0.253840 0.080841 0.032336
0 0.151172 0.215036 0.080841 0.032336
