0 0.212611 0.156023 0.032336 0.080841
0 0.252223 0.156023 0.032336 0.080841
0 0.356508 0.156023 0.032336 0.080841
0 0.388036 0.156023 0.032336 0.080841
0 0.426839 0.156023 0.032336 0.080841
0 0.461601 0.156023 0.032336 0.080841
0 0.518189 0.156023 0.032336 0.080841
0 0.573969 0.156023 0.032336 0.080841
0 0.602264 0.156023 0.032336 0.080841
0 0.683104 0.156023 0.032336 0.080841
0 0.718674 0.156023 0.032336 0.080841
0 0.751011 0.156023 0.032336 0.080841
0 0.843977 0.255457 0.080841 0.032336
0 0.843977 0.292643 0.080841 0.032336
0 0.843977 0.338723 0.080841 0.032336
0 0.843977 0.371059 0.080841 0.032336
0 0.843977 0.418755 0.080841 0.032336
0 0.843977 0.448666 0.080841 0.032336
0 0.843977 0.473727 0.080841 0.032336
0 0.843977 0.529507 0.080841 0.032336
0 0.843977 0.575586 0.080841 0.032336
0 0.843977 0.604689 0.080841 0.032336
0 0.843977 0.637833 0.080841 0.032336
0 0.843977 0.670978 0.080841 0.032336
0 0.843977 0.721908 0.080841 0.032336
0 0.843977 0.757478 0.080841 0.032336
0 0.762328 0.843977 0.032336 0.080841
0 0.722716 0.843977 0.032336 0.080841
0 0.687146 0.843977 0.032336 0.080841
0 0.654002 0.843977 0.032336 0.080841
0 0.624899 0.843977 0.032336 0.080841
0 0.593371 0.843977 0.032336 0.080841
0 0.561843 0.843977 0.032336 0.080841
0 0.517381 0.843977 0.032336 0.080841
0 0.477769 0.843977 0.032336 0.080841
0 0.441390 0.843977 0.032336 0.080841
0 0.412288 0.843977 0.032336 0.080841
0 0.362975 0.843977 0.032336 0.080841
0 0.328213 0.843977 0.032336 0.080841
0 0.293452 0.843977 0.032336 0.080841
0 0.255457 0.843977 0.032336 0.080841
0 0.219078 0.843977 0.032336 0.080841
0 0.156023 0.785772 0.080841 0.032336
0 0.156023 0.748585 0.080841 0.032336
0 0.156023 0.692805 0.080841 0.032336
0 0.156023 0.657235 0.080841 0.032336
0 0.156023 0.623282 0.080841 0.032336
0 0.156023 0.592563 0.080841 0.032336
0 0.156023 0.549717 0.080841 0.032336
0 0.156023 0.516572 0.080841 0.032336
0 0.156023 0.481811 0.080841 0.032336
0 0.156023 0.447858 0.080841 0.032336
0 0.156023 0.417138 0.080841 0.032336
0 0.156023 0.383994 0.080841 0.032336
0 0.156023 0.347615 0.080841 0.032336
0 0.156023 0.306386 0.080841 0.032336
0 0.156023 0.257882 0.080841 0.032336
0 0.156023 0.219078 0.080841 0.032336
