0 0.198060 0.131770 0.032336 0.080841
0 0.240905 0.131770 0.032336 0.080841
0 0.280517 0.131770 0.032336 0.080841
0 0.320129 0.131770 0.032336 0.080841
0 0.357316 0.131770 0.032336 0.080841
0 0.392078 0.131770 0.032336 0.080841
0 0.428456 0.131770 0.032336 0.080841
0 0.464026 0.131770 0.032336 0.080841
0 0.519806 0.131770 0.032336 0.080841
0 0.550525 0.131770 0.032336 0.080841
0 0.582862 0.131770 0.032336 0.080841
0 0.616815 0.131770 0.032336 0.080841
0 0.652385 0.131770 0.032336 0.080841
0 0.702506 0.131770 0.032336 0.080841
0 0.742926 0.131770 0.032336 0.080841
0 0.783347 0.131770 0.032336 0.080841
0 0.868230 0.199677 0.080841 0.032336
0 0.868230 0.240905 0.080841 0.032336
0 0.868230 0.282134 0.080841 0.032336
0 0.868230 0.328213 0.080841 0.032336
0 0.868230 0.365400 0.080841 0.032336
0 0.868230 0.411479 0.080841 0.032336
0 0.868230 0.444624 0.080841 0.032336
0 0.868230 0.472918 0.080841 0.032336
0 0.868230 0.524656 0.080841 0.032336
0 0.868230 0.569927 0.080841 0.032336
0 0.868230 0.602264 0.080841 0.032336
0 0.868230 0.638642 0.080841 0.032336
0 0.868230 0.675829 0.080841 0.032336
0 0.868230 0.724333 0.080841 0.032336
0 0.868230 0.763945 0.080841 0.032336
0 0.868230 0.807599 0.080841 0.032336
0 0.791431 0.868230 0.032336 0.080841
0 0.747777 0.868230 0.032336 0.080841
0 0.706548 0.868230 0.032336 0.080841
0 0.666936 0.868230 0.032336 0.080841
0 0.632175 0.868230 0.032336 0.080841
0 0.597413 0.868230 0.032336 0.080841
0 0.561035 0.868230 0.032336 0.080841
0 0.520614 0.868230 0.032336 0.080841
0 0.476960 0.868230 0.032336 0.080841
0 0.440582 0.868230 0.032336 0.080841
0 0.410671 0.868230 0.032336 0.080841
0 0.362167 0.868230 0.032336 0.080841
0 0.323363 0.868230 0.032336 0.080841
0 0.283751 0.868230 0.032336 0.080841
0 0.244139 0.868230 0.032336 0.080841
0 0.200485 0.868230 0.032336 0.080841
0 0.131770 0.801940 0.080841 0.032336
0 0.131770 0.760711 0.080841 0.032336
0 0.131770 0.708973 0.080841 0.032336
0 0.131770 0.669361 0.080841 0.032336
0 0.131770 0.630558 0.080841 0.032336
0 0.131770 0.594988 0.080841 0.032336
0 0.131770 0.553759 0.080841 0.032336
0 0.131770 0.518998 0.080841 0.032336
0 0.131770 0.479386 0.080841 0.032336
0 0.131770 0.444624 0.080841 0.032336
0 0.131770 0.409863 0.080841 0.032336
0 0.131770 0.372676 0.080841 0.032336
0 0.131770 0.334681 0.080841 0.032336
0 0.131770 0.291835 0.080841 0.032336
0 0.131770 0.240905 0.080841 0.032336
0 0.131770 0.198868 0.080841 0.032336
