0 0.192771 0.128514 0.032129 0.080321
0 0.234538 0.128514 0.032129 0.080321
0 0.274699 0.128514 0.032129 0.080321
0 0.315663 0.128514 0.032129 0.080321
0 0.353414 0.128514 0.032129 0.080321
0 0.389558 0.128514 0.032129 0.080321
0 0.422490 0.128514 0.032129 0.080321
0 0.458635 0.128514 0.032129 0.080321
0 0.514859 0.128514 0.032129 0.080321
0 0.547791 0.128514 0.032129 0.080321
0 0.579920 0.128514 0.032129 0.080321
0 0.614458 0.128514 0.032129 0.080321
0 0.649799 0.128514 0.032129 0.080321
0 0.701205 0.128514 0.032129 0.080321
0 0.742972 0.128514 0.032129 0.080321
0 0.784739 0.128514 0.032129 0.080321
0 0.871486 0.198394 0.080321 0.032129
0 0.871486 0.240964 0.080321 0.032129
0 0.871486 0.281928 0.080321 0.032129
0 0.871486 0.328514 0.080321 0.032129
0 0.871486 0.366265 0.080321 0.032129
0 0.871486 0.411245 0.080321 0.032129
0 0.871486 0.474699 0.080321 0.032129
0 0.871486 0.528514 0.080321 0.032129
0 0.871486 0.570281 0.080321 0.032129
0 0.871486 0.604016 0.080321 0.032129
0 0.871486 0.678715 0.080321 0.032129
0 0.871486 0.726908 0.080321 0.032129
0 0.871486 0.767068 0.080321 0.032129
0 0.871486 0.811245 0.080321 0.032129
0 0.790361 0.871486 0.032129 0.080321
0 0.702811 0.871486 0.032129 0.080321
0 0.664257 0.871486 0.032129 0.080321
0 0.628112 0.871486 0.032129 0.080321
0 0.591165 0.871486 0.032129 0.080321
0 0.556627 0.871486 0.032129 0.080321
0 0.518072 0.871486 0.032129 0.080321
0 0.472289 0.871486 0.032129 0.080321
0 0.437751 0.871486 0.032129 0.080321
0 0.402410 0.871486 0.032129 0.080321
0 0.354217 0.871486 0.032129 0.080321
0 0.316466 0.871486 0.032129 0.080321
0 0.275502 0.871486 0.032129 0.080321
0 0.233735 0.871486 0.032129 0.080321
0 0.191968 0.871486 0.032129 0.080321
0 0.128514 0.810442 0.080321 0.032129
0 0.128514 0.767871 0.080321 0.032129
0 0.128514 0.675502 0.080321 0.032129
0 0.128514 0.636948 0.080321 0.032129
0 0.128514 0.600803 0.080321 0.032129
0 0.128514 0.559036 0.080321 0.032129
0 0.128514 0.522088 0.080321 0.032129
0 0.128514 0.481124 0.080321 0.032129
0 0.128514 0.446586 0.080321 0.032129
0 0.128514 0.412851 0.080321 0.032129
0 0.128514 0.375904 0.080321 0.032129
0 0.128514 0.336546 0.080321 0.032129
0 0.128514 0.293173 0.080321 0.032129
0 0.128514 0.242570 0.080321 0.032129
0 0.128514 0.200803 0.080321 0.032129
0 0.197590 0.138153 0.032129 0.080321
0 0.237751 0.138153 0.032129 0.080321
0 0.277108 0.138153 0.032129 0.080321
0 0.315663 0.138153 0.032129 0.080321
0 0.351807 0.138153 0.032129 0.080321
0 0.387149 0.138153 0.032129 0.080321
0 0.420080 0.138153 0.032129 0.080321
0 0.456225 0.138153 0.032129 0.080321
0 0.514056 0.138153 0.032129 0.080321
0 0.544578 0.138153 0.032129 0.080321
0 0.575100 0.138153 0.032129 0.080321
0 0.607229 0.138153 0.032129 0.080321
0 0.640161 0.138153 0.032129 0.080321
0 0.692369 0.138153 0.032129 0.080321
0 0.731727 0.138153 0.032129 0.080321
0 0.771084 0.138153 0.032129 0.080321
0 0.861847 0.207229 0.080321 0.032129
0 0.861847 0.248193 0.080321 0.032129
0 0.861847 0.287550 0.080321 0.032129
0 0.861847 0.333333 0.080321 0.032129
0 0.861847 0.370281 0.080321 0.032129
0 0.861847 0.415261 0.080321 0.032129
0 0.861847 0.474699 0.080321 0.032129
0 0.861847 0.528514 0.080321 0.032129
0 0.861847 0.573494 0.080321 0.032129
0 0.861847 0.605622 0.080321 0.032129
0 0.861847 0.641767 0.080321 0.032129
0 0.861847 0.677108 0.080321 0.032129
0 0.861847 0.765462 0.080321 0.032129
0 0.861847 0.808032 0.080321 0.032129
0 0.776707 0.861847 0.032129 0.080321
0 0.734137 0.861847 0.032129 0.080321
0 0.693173 0.861847 0.032129 0.080321
0 0.657028 0.861847 0.032129 0.080321
0 0.624096 0.861847 0.032129 0.080321
0 0.588755 0.861847 0.032129 0.080321
0 0.555823 0.861847 0.032129 0.080321
0 0.515663 0.861847 0.032129 0.080321
0 0.471486 0.861847 0.032129 0.080321
0 0.437751 0.861847 0.032129 0.080321
0 0.403213 0.861847 0.032129 0.080321
0 0.353414 0.861847 0.032129 0.080321
0 0.317269 0.861847 0.032129 0.080321
0 0.277912 0.861847 0.032129 0.080321
0 0.235341 0.861847 0.032129 0.080321
0 0.196787 0.861847 0.032129 0.080321
0 0.138153 0.805622 0.080321 0.032129
0 0.138153 0.766265 0.080321 0.032129
0 0.138153 0.714056 0.080321 0.032129
0 0.138153 0.673092 0.080321 0.032129
0 0.138153 0.635341 0.080321 0.032129
0 0.138153 0.601606 0.080321 0.032129
0 0.138153 0.559036 0.080321 0.032129
0 0.138153 0.522088 0.080321 0.032129
0 0.138153 0.482731 0.080321 0.032129
0 0.138153 0.448996 0.080321 0.032129
0 0.138153 0.416867 0.080321 0.032129
0 0.138153 0.381526 0.080321 0.032129
0 0.138153 0.342972 0.080321 0.032129
0 0.138153 0.299598 0.080321 0.032129
0 0.138153 0.249799 0.080321 0.032129
0 0.138153 0.209639 0.080321 0.032129
0 0.200000 0.142972 0.032129 0.080321
0 0.239357 0.142972 0.032129 0.080321
0 0.277912 0.142972 0.032129 0.080321
0 0.315663 0.142972 0.032129 0.080321
0 0.351807 0.142972 0.032129 0.080321
0 0.385542 0.142972 0.032129 0.080321
0 0.419277 0.142972 0.032129 0.080321
0 0.454618 0.142972 0.032129 0.080321
0 0.513253 0.142972 0.032129 0.080321
0 0.543775 0.142972 0.032129 0.080321
0 0.572691 0.142972 0.032129 0.080321
0 0.603213 0.142972 0.032129 0.080321
0 0.635341 0.142972 0.032129 0.080321
0 0.687550 0.142972 0.032129 0.080321
0 0.726908 0.142972 0.032129 0.080321
0 0.763855 0.142972 0.032129 0.080321
0 0.857028 0.251406 0.080321 0.032129
0 0.857028 0.289960 0.080321 0.032129
0 0.857028 0.335743 0.080321 0.032129
0 0.857028 0.371888 0.080321 0.032129
0 0.857028 0.417671 0.080321 0.032129
0 0.857028 0.475502 0.080321 0.032129
0 0.857028 0.529317 0.080321 0.032129
0 0.857028 0.575100 0.080321 0.032129
0 0.857028 0.606426 0.080321 0.032129
0 0.857028 0.641767 0.080321 0.032129
0 0.857028 0.676305 0.080321 0.032129
0 0.857028 0.763855 0.080321 0.032129
0 0.857028 0.807229 0.080321 0.032129
0 0.770281 0.857028 0.032129 0.080321
0 0.728514 0.857028 0.032129 0.080321
0 0.688353 0.857028 0.032129 0.080321
0 0.654618 0.857028 0.032129 0.080321
0 0.621687 0.857028 0.032129 0.080321
0 0.587952 0.857028 0.032129 0.080321
0 0.555823 0.857028 0.032129 0.080321
0 0.515663 0.857028 0.032129 0.080321
0 0.471486 0.857028 0.032129 0.080321
0 0.437751 0.857028 0.032129 0.080321
0 0.404016 0.857028 0.032129 0.080321
0 0.353414 0.857028 0.032129 0.080321
0 0.317269 0.857028 0.032129 0.080321
0 0.278715 0.857028 0.032129 0.080321
0 0.236948 0.857028 0.032129 0.080321
0 0.199197 0.857028 0.032129 0.080321
0 0.142972 0.803213 0.080321 0.032129
0 0.142972 0.764659 0.080321 0.032129
0 0.142972 0.711647 0.080321 0.032129
0 0.142972 0.671486 0.080321 0.032129
0 0.142972 0.601606 0.080321 0.032129
0 0.142972 0.551807 0.080321 0.032129
0 0.142972 0.522088 0.080321 0.032129
0 0.142972 0.482731 0.080321 0.032129
0 0.142972 0.449799 0.080321 0.032129
0 0.142972 0.418474 0.080321 0.032129
0 0.142972 0.384739 0.080321 0.032129
0 0.142972 0.345382 0.080321 0.032129
0 0.142972 0.302811 0.080321 0.032129
0 0.142972 0.254618 0.080321 0.032129
0 0.142972 0.214458 0.080321 0.032129
0 0.201606 0.147791 0.032129 0.080321
0 0.240964 0.147791 0.032129 0.080321
0 0.278715 0.147791 0.032129 0.080321
0 0.316466 0.147791 0.032129 0.080321
0 0.351004 0.147791 0.032129 0.080321
0 0.384739 0.147791 0.032129 0.080321
0 0.417671 0.147791 0.032129 0.080321
0 0.453815 0.147791 0.032129 0.080321
0 0.512450 0.147791 0.032129 0.080321
0 0.541365 0.147791 0.032129 0.080321
0 0.570281 0.147791 0.032129 0.080321
0 0.600000 0.147791 0.032129 0.080321
0 0.630522 0.147791 0.032129 0.080321
0 0.721285 0.147791 0.032129 0.080321
0 0.757430 0.147791 0.032129 0.080321
0 0.852209 0.293173 0.080321 0.032129
0 0.852209 0.338153 0.080321 0.032129
0 0.852209 0.372691 0.080321 0.032129
0 0.852209 0.419277 0.080321 0.032129
0 0.852209 0.449799 0.080321 0.032129
0 0.852209 0.475502 0.080321 0.032129
0 0.852209 0.530924 0.080321 0.032129
0 0.852209 0.576707 0.080321 0.032129
0 0.852209 0.607229 0.080321 0.032129
0 0.852209 0.641767 0.080321 0.032129
0 0.852209 0.726104 0.080321 0.032129
0 0.852209 0.763052 0.080321 0.032129
0 0.763855 0.852209 0.032129 0.080321
0 0.723695 0.852209 0.032129 0.080321
0 0.684337 0.852209 0.032129 0.080321
0 0.651406 0.852209 0.032129 0.080321
0 0.620080 0.852209 0.032129 0.080321
0 0.587149 0.852209 0.032129 0.080321
0 0.555823 0.852209 0.032129 0.080321
0 0.514056 0.852209 0.032129 0.080321
0 0.471486 0.852209 0.032129 0.080321
0 0.437751 0.852209 0.032129 0.080321
0 0.404819 0.852209 0.032129 0.080321
0 0.353414 0.852209 0.032129 0.080321
0 0.318072 0.852209 0.032129 0.080321
0 0.279518 0.852209 0.032129 0.080321
0 0.238554 0.852209 0.032129 0.080321
0 0.201606 0.852209 0.032129 0.080321
0 0.147791 0.710040 0.080321 0.032129
0 0.147791 0.633735 0.080321 0.032129
0 0.147791 0.601606 0.080321 0.032129
0 0.147791 0.558233 0.080321 0.032129
0 0.147791 0.522088 0.080321 0.032129
0 0.147791 0.483534 0.080321 0.032129
0 0.147791 0.419277 0.080321 0.032129
0 0.147791 0.342169 0.080321 0.032129
0 0.147791 0.306827 0.080321 0.032129
0 0.147791 0.257831 0.080321 0.032129
0 0.147791 0.219277 0.080321 0.032129
0 0.204819 0.152610 0.032129 0.080321
0 0.242570 0.152610 0.032129 0.080321
0 0.279518 0.152610 0.032129 0.080321
0 0.316466 0.152610 0.032129 0.080321
0 0.351004 0.152610 0.032129 0.080321
0 0.383133 0.152610 0.032129 0.080321
0 0.417671 0.152610 0.032129 0.080321
0 0.452209 0.152610 0.032129 0.080321
0 0.511647 0.152610 0.032129 0.080321
0 0.539759 0.152610 0.032129 0.080321
0 0.567068 0.152610 0.032129 0.080321
0 0.596787 0.152610 0.032129 0.080321
0 0.626506 0.152610 0.032129 0.080321
0 0.679518 0.152610 0.032129 0.080321
0 0.715663 0.152610 0.032129 0.080321
0 0.750201 0.152610 0.032129 0.080321
0 0.847390 0.220080 0.080321 0.032129
0 0.847390 0.257831 0.080321 0.032129
0 0.847390 0.294779 0.080321 0.032129
0 0.847390 0.339759 0.080321 0.032129
0 0.847390 0.374297 0.080321 0.032129
0 0.847390 0.420884 0.080321 0.032129
0 0.847390 0.451406 0.080321 0.032129
0 0.847390 0.481928 0.080321 0.032129
0 0.847390 0.532530 0.080321 0.032129
0 0.847390 0.608032 0.080321 0.032129
0 0.847390 0.641767 0.080321 0.032129
0 0.847390 0.726908 0.080321 0.032129
0 0.757430 0.847390 0.032129 0.080321
0 0.718072 0.847390 0.032129 0.080321
0 0.679518 0.847390 0.032129 0.080321
0 0.648996 0.847390 0.032129 0.080321
0 0.618474 0.847390 0.032129 0.080321
0 0.586345 0.847390 0.032129 0.080321
0 0.555020 0.847390 0.032129 0.080321
0 0.514056 0.847390 0.032129 0.080321
0 0.470683 0.847390 0.032129 0.080321
0 0.437751 0.847390 0.032129 0.080321
0 0.406426 0.847390 0.032129 0.080321
0 0.352610 0.847390 0.032129 0.080321
0 0.318876 0.847390 0.032129 0.080321
0 0.281124 0.847390 0.032129 0.080321
0 0.240161 0.847390 0.032129 0.080321
0 0.204016 0.847390 0.032129 0.080321
0 0.152610 0.797590 0.080321 0.032129
0 0.152610 0.762249 0.080321 0.032129
0 0.152610 0.707631 0.080321 0.032129
0 0.152610 0.669076 0.080321 0.032129
0 0.152610 0.601606 0.080321 0.032129
0 0.152610 0.557430 0.080321 0.032129
0 0.152610 0.484337 0.080321 0.032129
0 0.152610 0.420884 0.080321 0.032129
0 0.152610 0.345382 0.080321 0.032129
0 0.152610 0.310040 0.080321 0.032129
0 0.152610 0.261847 0.080321 0.032129
0 0.152610 0.224096 0.080321 0.032129
0 0.195181 0.133333 0.032129 0.080321
0 0.236145 0.133333 0.032129 0.080321
0 0.275502 0.133333 0.032129 0.080321
0 0.315663 0.133333 0.032129 0.080321
0 0.353414 0.133333 0.032129 0.080321
0 0.387952 0.133333 0.032129 0.080321
0 0.420884 0.133333 0.032129 0.080321
0 0.457028 0.133333 0.032129 0.080321
0 0.514056 0.133333 0.032129 0.080321
0 0.546185 0.133333 0.032129 0.080321
0 0.577510 0.133333 0.032129 0.080321
0 0.611245 0.133333 0.032129 0.080321
0 0.644980 0.133333 0.032129 0.080321
0 0.737349 0.133333 0.032129 0.080321
0 0.778313 0.133333 0.032129 0.080321
0 0.866667 0.203213 0.080321 0.032129
0 0.866667 0.244177 0.080321 0.032129
0 0.866667 0.285141 0.080321 0.032129
0 0.866667 0.330924 0.080321 0.032129
0 0.866667 0.368675 0.080321 0.032129
0 0.866667 0.413655 0.080321 0.032129
0 0.866667 0.447390 0.080321 0.032129
0 0.866667 0.474699 0.080321 0.032129
0 0.866667 0.526908 0.080321 0.032129
0 0.866667 0.571888 0.080321 0.032129
0 0.866667 0.604819 0.080321 0.032129
0 0.866667 0.640964 0.080321 0.032129
0 0.866667 0.677912 0.080321 0.032129
0 0.866667 0.726908 0.080321 0.032129
0 0.866667 0.809639 0.080321 0.032129
0 0.783133 0.866667 0.032129 0.080321
0 0.740562 0.866667 0.032129 0.080321
0 0.697992 0.866667 0.032129 0.080321
0 0.661044 0.866667 0.032129 0.080321
0 0.625703 0.866667 0.032129 0.080321
0 0.590361 0.866667 0.032129 0.080321
0 0.556627 0.866667 0.032129 0.080321
0 0.517269 0.866667 0.032129 0.080321
0 0.472289 0.866667 0.032129 0.080321
0 0.437751 0.866667 0.032129 0.080321
0 0.403213 0.866667 0.032129 0.080321
0 0.354217 0.866667 0.032129 0.080321
0 0.316466 0.866667 0.032129 0.080321
0 0.277108 0.866667 0.032129 0.080321
0 0.234538 0.866667 0.032129 0.080321
0 0.193574 0.866667 0.032129 0.080321
0 0.133333 0.808032 0.080321 0.032129
0 0.133333 0.767068 0.080321 0.032129
0 0.133333 0.715663 0.080321 0.032129
0 0.133333 0.674699 0.080321 0.032129
0 0.133333 0.636145 0.080321 0.032129
0 0.133333 0.600803 0.080321 0.032129
0 0.133333 0.559036 0.080321 0.032129
0 0.133333 0.522088 0.080321 0.032129
0 0.133333 0.481928 0.080321 0.032129
0 0.133333 0.447390 0.080321 0.032129
0 0.133333 0.414458 0.080321 0.032129
0 0.133333 0.379116 0.080321 0.032129
0 0.133333 0.339759 0.080321 0.032129
0 0.133333 0.295582 0.080321 0.032129
0 0.133333 0.246586 0.080321 0.032129
0 0.133333 0.204819 0.080321 0.032129
1 0.721440 0.177650 0.040000 0.100000
1 0.693261 0.178090 0.040000 0.100000
1 0.663320 0.177210 0.040000 0.100000
1 0.607402 0.178971 0.040000 0.100000
1 0.583186 0.178971 0.040000 0.100000
1 0.559409 0.178531 0.040000 0.100000
1 0.535193 0.178090 0.040000 0.100000
1 0.510536 0.178090 0.040000 0.100000
1 0.415108 0.179572 0.040000 0.100000
1 0.448571 0.177810 0.040000 0.100000
1 0.458698 0.178251 0.040000 0.100000
1 0.379884 0.176930 0.040000 0.100000
1 0.349944 0.176049 0.040000 0.100000
1 0.320444 0.179131 0.040000 0.100000
1 0.285660 0.176930 0.040000 0.100000
1 0.254398 0.179131 0.040000 0.100000
1 0.220055 0.177810 0.040000 0.100000
1 0.177122 0.243981 0.100000 0.040000
1 0.178003 0.277003 0.100000 0.040000
1 0.175801 0.326757 0.100000 0.040000
1 0.178931 0.352804 0.100000 0.040000
1 0.178050 0.366453 0.100000 0.040000
1 0.177170 0.317139 0.100000 0.040000
1 0.178050 0.400797 0.100000 0.040000
1 0.178491 0.429416 0.100000 0.040000
1 0.178491 0.455834 0.100000 0.040000
1 0.179371 0.479611 0.100000 0.040000
1 0.178491 0.487536 0.100000 0.040000
1 0.179371 0.516596 0.100000 0.040000
1 0.179811 0.522320 0.100000 0.040000
1 0.179661 0.557222 0.100000 0.040000
1 0.179661 0.600284 0.100000 0.040000
1 0.179916 0.626784 0.100000 0.040000
1 0.822918 0.239570 0.100000 0.040000
1 0.821156 0.271738 0.100000 0.040000
1 0.821596 0.306109 0.100000 0.040000
1 0.822037 0.348852 0.100000 0.040000
1 0.821076 0.379506 0.100000 0.040000
1 0.821517 0.428860 0.100000 0.040000
1 0.821517 0.454858 0.100000 0.040000
1 0.820195 0.475569 0.100000 0.040000
1 0.822839 0.483501 0.100000 0.040000
1 0.822316 0.538147 0.100000 0.040000
1 0.821434 0.548723 0.100000 0.040000
1 0.820994 0.586619 0.100000 0.040000
1 0.820553 0.610855 0.100000 0.040000
1 0.821434 0.641261 0.100000 0.040000
1 0.820553 0.670785 0.100000 0.040000
1 0.821875 0.724985 0.100000 0.040000
1 0.821875 0.755831 0.100000 0.040000
1 0.820978 0.794713 0.100000 0.040000
1 0.729295 0.822257 0.040000 0.100000
1 0.694043 0.821376 0.040000 0.100000
1 0.660553 0.821817 0.040000 0.100000
1 0.637004 0.821573 0.040000 0.100000
1 0.611887 0.821573 0.040000 0.100000
1 0.582804 0.822014 0.040000 0.100000
1 0.557686 0.821573 0.040000 0.100000
1 0.512739 0.821133 0.040000 0.100000
1 0.504808 0.822455 0.040000 0.100000
1 0.472640 0.821573 0.040000 0.100000
1 0.440031 0.821573 0.040000 0.100000
1 0.177767 0.782767 0.100000 0.040000
1 0.176886 0.753684 0.100000 0.040000
1 0.177327 0.695518 0.100000 0.040000
1 0.223595 0.820664 0.040000 0.100000
1 0.252679 0.820223 0.040000 0.100000
1 0.414701 0.819407 0.040000 0.100000
1 0.355653 0.820288 0.040000 0.100000
1 0.291753 0.821157 0.040000 0.100000
1 0.325683 0.821157 0.040000 0.100000
1 0.806331 0.250270 0.100000 0.040000
1 0.806772 0.278450 0.100000 0.040000
1 0.806331 0.311032 0.100000 0.040000
1 0.805891 0.352861 0.100000 0.040000
1 0.805011 0.381920 0.100000 0.040000
1 0.806772 0.429473 0.100000 0.040000
1 0.703741 0.193912 0.040000 0.100000
1 0.682607 0.193912 0.040000 0.100000
1 0.655308 0.193912 0.040000 0.100000
1 0.600255 0.192660 0.040000 0.100000
1 0.578240 0.193540 0.040000 0.100000
1 0.555344 0.194861 0.040000 0.100000
1 0.533329 0.193100 0.040000 0.100000
1 0.512635 0.193980 0.040000 0.100000
1 0.457597 0.192660 0.040000 0.100000
1 0.414888 0.193980 0.040000 0.100000
1 0.447910 0.193540 0.040000 0.100000
1 0.377902 0.193100 0.040000 0.100000
1 0.350604 0.192660 0.040000 0.100000
1 0.323076 0.194741 0.040000 0.100000
1 0.291815 0.193861 0.040000 0.100000
1 0.261874 0.195182 0.040000 0.100000
1 0.229292 0.195182 0.040000 0.100000
1 0.193187 0.255063 0.100000 0.040000
1 0.194508 0.285003 0.100000 0.040000
1 0.195833 0.319794 0.100000 0.040000
1 0.194304 0.335337 0.100000 0.040000
1 0.194559 0.358525 0.100000 0.040000
1 0.194050 0.370500 0.100000 0.040000
1 0.193540 0.405918 0.100000 0.040000
1 0.194050 0.432418 0.100000 0.040000
1 0.193640 0.456795 0.100000 0.040000
1 0.193640 0.477489 0.100000 0.040000
1 0.194080 0.487616 0.100000 0.040000
1 0.194080 0.512714 0.100000 0.040000
1 0.195293 0.553690 0.100000 0.040000
1 0.195548 0.597006 0.100000 0.040000
1 0.195038 0.621722 0.100000 0.040000
1 0.194274 0.652299 0.100000 0.040000
1 0.194442 0.684817 0.100000 0.040000
1 0.194001 0.746459 0.100000 0.040000
1 0.194442 0.771996 0.100000 0.040000
1 0.236270 0.803258 0.040000 0.100000
1 0.263569 0.804138 0.040000 0.100000
1 0.299234 0.805900 0.040000 0.100000
1 0.333137 0.803258 0.040000 0.100000
1 0.360876 0.805900 0.040000 0.100000
1 0.584205 0.805958 0.040000 0.100000
1 0.559548 0.804637 0.040000 0.100000
1 0.609302 0.805958 0.040000 0.100000
1 0.631758 0.804197 0.040000 0.100000
1 0.652892 0.804197 0.040000 0.100000
1 0.684154 0.806838 0.040000 0.100000
1 0.715855 0.805958 0.040000 0.100000
1 0.505391 0.805077 0.040000 0.100000
1 0.512876 0.805958 0.040000 0.100000
1 0.474570 0.806838 0.040000 0.100000
1 0.442869 0.806838 0.040000 0.100000
1 0.418400 0.805907 0.040000 0.100000
1 0.805353 0.788141 0.100000 0.040000
1 0.804912 0.750276 0.100000 0.040000
1 0.804472 0.723417 0.100000 0.040000
1 0.805793 0.667499 0.100000 0.040000
1 0.805189 0.539098 0.100000 0.040000
1 0.805629 0.550986 0.100000 0.040000
1 0.804749 0.588852 0.100000 0.040000
1 0.806070 0.611748 0.100000 0.040000
1 0.805189 0.639927 0.100000 0.040000
1 0.806070 0.482740 0.100000 0.040000
1 0.806070 0.473934 0.100000 0.040000
1 0.806070 0.455441 0.100000 0.040000
1 0.790082 0.258683 0.100000 0.040000
1 0.789642 0.285101 0.100000 0.040000
1 0.789201 0.313280 0.100000 0.040000
1 0.788761 0.356870 0.100000 0.040000
1 0.690134 0.211570 0.040000 0.100000
1 0.671201 0.210690 0.040000 0.100000
1 0.645834 0.211266 0.040000 0.100000
1 0.591677 0.211266 0.040000 0.100000
1 0.572744 0.209064 0.040000 0.100000
1 0.553371 0.209945 0.040000 0.100000
1 0.534878 0.208624 0.040000 0.100000
1 0.458303 0.210947 0.040000 0.100000
1 0.414713 0.209626 0.040000 0.100000
1 0.448176 0.210507 0.040000 0.100000
1 0.378168 0.209626 0.040000 0.100000
1 0.353951 0.210066 0.040000 0.100000
1 0.327533 0.209186 0.040000 0.100000
1 0.299794 0.210507 0.040000 0.100000
1 0.271175 0.210507 0.040000 0.100000
1 0.242555 0.210066 0.040000 0.100000
1 0.209492 0.265197 0.100000 0.040000
1 0.209492 0.290735 0.100000 0.040000
1 0.210372 0.325078 0.100000 0.040000
1 0.209932 0.341810 0.100000 0.040000
1 0.209932 0.362504 0.100000 0.040000
1 0.209932 0.377474 0.100000 0.040000
1 0.209052 0.409616 0.100000 0.040000
1 0.210607 0.432063 0.100000 0.040000
1 0.211047 0.455839 0.100000 0.040000
1 0.209726 0.475212 0.100000 0.040000
1 0.209726 0.486660 0.100000 0.040000
1 0.210166 0.509115 0.100000 0.040000
1 0.210166 0.534213 0.100000 0.040000
1 0.210166 0.550063 0.100000 0.040000
1 0.790302 0.381327 0.100000 0.040000
1 0.789421 0.431121 0.100000 0.040000
1 0.788540 0.453154 0.100000 0.040000
1 0.788540 0.470780 0.100000 0.040000
1 0.789862 0.481797 0.100000 0.040000
1 0.789862 0.540404 0.100000 0.040000
1 0.790302 0.551861 0.100000 0.040000
1 0.789126 0.588970 0.100000 0.040000
1 0.789126 0.611443 0.100000 0.040000
1 0.789126 0.637001 0.100000 0.040000
1 0.788685 0.660356 0.100000 0.040000
1 0.790007 0.719844 0.100000 0.040000
1 0.790007 0.744080 0.100000 0.040000
1 0.790007 0.779333 0.100000 0.040000
1 0.703221 0.789794 0.040000 0.100000
1 0.673697 0.790675 0.040000 0.100000
1 0.645936 0.790234 0.040000 0.100000
1 0.628310 0.790234 0.040000 0.100000
1 0.608040 0.790675 0.040000 0.100000
1 0.584685 0.790234 0.040000 0.100000
1 0.563533 0.789794 0.040000 0.100000
1 0.515830 0.790562 0.040000 0.100000
1 0.507017 0.789681 0.040000 0.100000
1 0.479256 0.790562 0.040000 0.100000
1 0.447969 0.789681 0.040000 0.100000
1 0.426818 0.788800 0.040000 0.100000
1 0.365991 0.790476 0.040000 0.100000
1 0.339111 0.791357 0.040000 0.100000
1 0.310028 0.788713 0.040000 0.100000
1 0.273894 0.790035 0.040000 0.100000
1 0.250099 0.789154 0.040000 0.100000
1 0.209999 0.758749 0.100000 0.040000
1 0.208677 0.738479 0.100000 0.040000
1 0.209559 0.673702 0.100000 0.040000
1 0.209118 0.644178 0.100000 0.040000
1 0.210440 0.615536 0.100000 0.040000
1 0.209938 0.593195 0.100000 0.040000
1 0.772371 0.266059 0.100000 0.040000
1 0.772371 0.290275 0.100000 0.040000
1 0.772371 0.316253 0.100000 0.040000
1 0.773692 0.358082 0.100000 0.040000
1 0.773692 0.380977 0.100000 0.040000
1 0.678587 0.227312 0.040000 0.100000
1 0.663176 0.225111 0.040000 0.100000
1 0.641601 0.223790 0.040000 0.100000
1 0.586044 0.225937 0.040000 0.100000
1 0.568432 0.225937 0.040000 0.100000
1 0.551260 0.226377 0.040000 0.100000
1 0.534969 0.227258 0.040000 0.100000
1 0.517357 0.225937 0.040000 0.100000
1 0.449730 0.226117 0.040000 0.100000
1 0.459167 0.225822 0.040000 0.100000
1 0.417879 0.224789 0.040000 0.100000
1 0.378474 0.227250 0.040000 0.100000
1 0.357071 0.226231 0.040000 0.100000
1 0.334393 0.226486 0.040000 0.100000
1 0.309523 0.227274 0.040000 0.100000
1 0.285572 0.228802 0.040000 0.100000
1 0.260856 0.228802 0.040000 0.100000
1 0.225438 0.272629 0.100000 0.040000
1 0.224164 0.295816 0.100000 0.040000
1 0.225023 0.329066 0.100000 0.040000
1 0.224259 0.347157 0.100000 0.040000
1 0.225788 0.364993 0.100000 0.040000
1 0.226042 0.380536 0.100000 0.040000
1 0.225533 0.412641 0.100000 0.040000
1 0.226042 0.452900 0.100000 0.040000
1 0.225278 0.432007 0.100000 0.040000
1 0.225147 0.470552 0.100000 0.040000
1 0.225656 0.482528 0.100000 0.040000
1 0.226421 0.502912 0.100000 0.040000
1 0.227185 0.509792 0.100000 0.040000
1 0.226675 0.527374 0.100000 0.040000
1 0.226930 0.534763 0.100000 0.040000
1 0.226930 0.544700 0.100000 0.040000
1 0.226070 0.586306 0.100000 0.040000
1 0.226511 0.607000 0.100000 0.040000
1 0.226511 0.634299 0.100000 0.040000
1 0.226951 0.659396 0.100000 0.040000
1 0.226951 0.726762 0.100000 0.040000
1 0.227391 0.747016 0.100000 0.040000
1 0.263936 0.774315 0.040000 0.100000
1 0.285071 0.773874 0.040000 0.100000
1 0.322056 0.772553 0.040000 0.100000
1 0.348915 0.774315 0.040000 0.100000
1 0.372250 0.774315 0.040000 0.100000
1 0.435645 0.772295 0.040000 0.100000
1 0.453257 0.773615 0.040000 0.100000
1 0.482757 0.773615 0.040000 0.100000
1 0.508735 0.773175 0.040000 0.100000
1 0.517101 0.773615 0.040000 0.100000
1 0.773372 0.768302 0.100000 0.040000
1 0.774253 0.736600 0.100000 0.040000
1 0.773372 0.715906 0.100000 0.040000
1 0.774253 0.655585 0.100000 0.040000
1 0.692797 0.773145 0.040000 0.100000
1 0.666379 0.774026 0.040000 0.100000
1 0.639520 0.771384 0.040000 0.100000
1 0.625871 0.773145 0.040000 0.100000
1 0.606498 0.774026 0.040000 0.100000
1 0.586108 0.772770 0.040000 0.100000
1 0.568056 0.773210 0.040000 0.100000
1 0.773870 0.632578 0.100000 0.040000
1 0.772550 0.610123 0.100000 0.040000
1 0.771669 0.590309 0.100000 0.040000
1 0.772109 0.551563 0.100000 0.040000
1 0.772109 0.538794 0.100000 0.040000
1 0.772990 0.478032 0.100000 0.040000
1 0.772990 0.467025 0.100000 0.040000
1 0.772990 0.452935 0.100000 0.040000
1 0.772109 0.431360 0.100000 0.040000
1 0.669023 0.241288 0.040000 0.100000
1 0.653393 0.240846 0.040000 0.100000
1 0.636878 0.240846 0.040000 0.100000
1 0.579737 0.241281 0.040000 0.100000
1 0.565723 0.241790 0.040000 0.100000
1 0.550435 0.241026 0.040000 0.100000
1 0.535656 0.242045 0.040000 0.100000
1 0.460190 0.241738 0.040000 0.100000
1 0.450762 0.241738 0.040000 0.100000
1 0.430888 0.242503 0.040000 0.100000
1 0.420695 0.241993 0.040000 0.100000
1 0.519305 0.241229 0.040000 0.100000
1 0.378908 0.242503 0.040000 0.100000
1 0.360817 0.241484 0.040000 0.100000
1 0.340942 0.242503 0.040000 0.100000
1 0.319219 0.241860 0.040000 0.100000
1 0.298071 0.242624 0.040000 0.100000
1 0.274629 0.243134 0.040000 0.100000
1 0.242268 0.277023 0.100000 0.040000
1 0.242523 0.300210 0.100000 0.040000
1 0.241760 0.332536 0.100000 0.040000
1 0.242524 0.341200 0.100000 0.040000
1 0.242270 0.351647 0.100000 0.040000
1 0.242743 0.368169 0.100000 0.040000
1 0.241979 0.376832 0.100000 0.040000
1 0.241724 0.385496 0.100000 0.040000
1 0.240960 0.412760 0.100000 0.040000
1 0.241469 0.431106 0.100000 0.040000
1 0.241979 0.449961 0.100000 0.040000
1 0.242743 0.466269 0.100000 0.040000
1 0.242998 0.476970 0.100000 0.040000
1 0.242361 0.497405 0.100000 0.040000
1 0.241087 0.504284 0.100000 0.040000
1 0.243126 0.519063 0.100000 0.040000
1 0.242616 0.536645 0.100000 0.040000
1 0.242186 0.580734 0.100000 0.040000
1 0.242626 0.599226 0.100000 0.040000
1 0.242186 0.621241 0.100000 0.040000
1 0.241746 0.643697 0.100000 0.040000
1 0.243276 0.714640 0.100000 0.040000
1 0.242396 0.735334 0.100000 0.040000
1 0.282463 0.758670 0.040000 0.100000
1 0.302276 0.756469 0.040000 0.100000
1 0.333538 0.757789 0.040000 0.100000
1 0.357314 0.759551 0.040000 0.100000
1 0.381090 0.758230 0.040000 0.100000
1 0.444672 0.758302 0.040000 0.100000
1 0.460083 0.758302 0.040000 0.100000
1 0.489143 0.758302 0.040000 0.100000
1 0.512479 0.757421 0.040000 0.100000
1 0.521285 0.757862 0.040000 0.100000
1 0.574561 0.757862 0.040000 0.100000
1 0.589091 0.758742 0.040000 0.100000
1 0.607144 0.758302 0.040000 0.100000
1 0.621674 0.757421 0.040000 0.100000
1 0.635763 0.758742 0.040000 0.100000
1 0.658659 0.757862 0.040000 0.100000
1 0.756474 0.757208 0.040000 0.100000
1 0.685146 0.758529 0.040000 0.100000
1 0.758676 0.729029 0.100000 0.040000
1 0.758236 0.708335 0.100000 0.040000
1 0.756474 0.647133 0.100000 0.040000
1 0.756474 0.627760 0.100000 0.040000
1 0.756915 0.608386 0.100000 0.040000
1 0.758236 0.588573 0.100000 0.040000
1 0.757452 0.429562 0.100000 0.040000
1 0.757452 0.448495 0.100000 0.040000
1 0.757892 0.464346 0.100000 0.040000
1 0.757452 0.474033 0.100000 0.040000
1 0.757012 0.550205 0.100000 0.040000
1 0.757452 0.379808 0.100000 0.040000
1 0.757012 0.358234 0.100000 0.040000
1 0.757012 0.317286 0.100000 0.040000
1 0.756547 0.272766 0.100000 0.040000
1 0.756547 0.293900 0.100000 0.040000
1 0.728102 0.283604 0.100000 0.040000
1 0.729864 0.298134 0.100000 0.040000
1 0.728102 0.316627 0.100000 0.040000
1 0.732065 0.358456 0.100000 0.040000
1 0.731625 0.373866 0.100000 0.040000
1 0.733386 0.428023 0.100000 0.040000
1 0.734707 0.442994 0.100000 0.040000
1 0.733826 0.466330 0.100000 0.040000
1 0.734707 0.540300 0.100000 0.040000
1 0.734707 0.551308 0.100000 0.040000
1 0.733303 0.587180 0.100000 0.040000
1 0.734623 0.602150 0.100000 0.040000
1 0.735064 0.618882 0.100000 0.040000
1 0.734183 0.636934 0.100000 0.040000
1 0.733303 0.697695 0.100000 0.040000
1 0.735944 0.713987 0.100000 0.040000
1 0.730220 0.735121 0.040000 0.100000
1 0.263392 0.625838 0.100000 0.040000
1 0.262512 0.605584 0.100000 0.040000
1 0.262512 0.586651 0.100000 0.040000
1 0.263392 0.569480 0.100000 0.040000
1 0.265594 0.698488 0.100000 0.040000
1 0.267355 0.713898 0.100000 0.040000
1 0.262824 0.527734 0.100000 0.040000
1 0.261062 0.511883 0.100000 0.040000
1 0.260622 0.496032 0.100000 0.040000
1 0.261503 0.472696 0.100000 0.040000
1 0.261503 0.459927 0.100000 0.040000
1 0.261943 0.446718 0.100000 0.040000
1 0.260622 0.429987 0.100000 0.040000
1 0.260622 0.414136 0.100000 0.040000
1 0.260622 0.389039 0.100000 0.040000
1 0.261943 0.379792 0.100000 0.040000
1 0.260182 0.369666 0.100000 0.040000
1 0.259741 0.356457 0.100000 0.040000
1 0.261503 0.346330 0.100000 0.040000
1 0.261943 0.336203 0.100000 0.040000
1 0.262104 0.285716 0.100000 0.040000
1 0.260065 0.302788 0.100000 0.040000
