0 0.239357 0.128514 0.032129 0.080321
0 0.279518 0.128514 0.032129 0.080321
0 0.322088 0.128514 0.032129 0.080321
0 0.358233 0.128514 0.032129 0.080321
0 0.428916 0.128514 0.032129 0.080321
0 0.465060 0.128514 0.032129 0.080321
0 0.519679 0.128514 0.032129 0.080321
0 0.585542 0.128514 0.032129 0.080321
0 0.657028 0.128514 0.032129 0.080321
0 0.749398 0.128514 0.032129 0.080321
0 0.790361 0.128514 0.032129 0.080321
0 0.871486 0.198394 0.080321 0.032129
0 0.871486 0.239357 0.080321 0.032129
0 0.871486 0.281124 0.080321 0.032129
0 0.871486 0.365462 0.080321 0.032129
0 0.871486 0.409639 0.080321 0.032129
0 0.871486 0.444177 0.080321 0.032129
0 0.871486 0.473092 0.080321 0.032129
0 0.871486 0.523695 0.080321 0.032129
0 0.871486 0.567871 0.080321 0.032129
0 0.871486 0.600803 0.080321 0.032129
0 0.871486 0.637751 0.080321 0.032129
0 0.871486 0.675502 0.080321 0.032129
0 0.871486 0.724498 0.080321 0.032129
0 0.871486 0.764659 0.080321 0.032129
0 0.871486 0.807229 0.080321 0.032129
0 0.796787 0.871486 0.032129 0.080321
0 0.752610 0.871486 0.032129 0.080321
0 0.672289 0.871486 0.032129 0.080321
0 0.635341 0.871486 0.032129 0.080321
0 0.598394 0.871486 0.032129 0.080321
0 0.524498 0.871486 0.032129 0.080321
0 0.480321 0.871486 0.032129 0.080321
0 0.444177 0.871486 0.032129 0.080321
0 0.408835 0.871486 0.032129 0.080321
0 0.360643 0.871486 0.032129 0.080321
0 0.323695 0.871486 0.032129 0.080321
0 0.282731 0.871486 0.032129 0.080321
0 0.240161 0.871486 0.032129 0.080321
0 0.198394 0.871486 0.032129 0.080321
0 0.128514 0.805622 0.080321 0.032129
0 0.128514 0.763855 0.080321 0.032129
0 0.128514 0.713253 0.080321 0.032129
0 0.128514 0.671486 0.080321 0.032129
0 0.128514 0.632129 0.080321 0.032129
0 0.128514 0.595181 0.080321 0.032129
0 0.128514 0.554217 0.080321 0.032129
0 0.128514 0.518072 0.080321 0.032129
0 0.128514 0.477108 0.080321 0.032129
0 0.128514 0.442570 0.080321 0.032129
0 0.128514 0.408032 0.080321 0.032129
0 0.128514 0.371084 0.080321 0.032129
0 0.128514 0.332530 0.080321 0.032129
0 0.128514 0.289157 0.080321 0.032129
0 0.128514 0.238554 0.080321 0.032129
0 0.128514 0.197590 0.080321 0.032129
0 0.204016 0.138153 0.032129 0.080321
0 0.245783 0.138153 0.032129 0.080321
0 0.428112 0.138153 0.032129 0.080321
0 0.463454 0.138153 0.032129 0.080321
0 0.519679 0.138153 0.032129 0.080321
0 0.550201 0.138153 0.032129 0.080321
0 0.614458 0.138153 0.032129 0.080321
0 0.699598 0.138153 0.032129 0.080321
0 0.738956 0.138153 0.032129 0.080321
0 0.777510 0.138153 0.032129 0.080321
0 0.861847 0.206426 0.080321 0.032129
0 0.861847 0.285944 0.080321 0.032129
0 0.861847 0.330120 0.080321 0.032129
0 0.861847 0.367871 0.080321 0.032129
0 0.861847 0.412851 0.080321 0.032129
0 0.861847 0.444980 0.080321 0.032129
0 0.861847 0.473092 0.080321 0.032129
0 0.861847 0.524498 0.080321 0.032129
0 0.861847 0.570281 0.080321 0.032129
0 0.861847 0.602410 0.080321 0.032129
0 0.861847 0.637751 0.080321 0.032129
0 0.861847 0.673092 0.080321 0.032129
0 0.861847 0.722892 0.080321 0.032129
0 0.861847 0.761446 0.080321 0.032129
0 0.861847 0.802410 0.080321 0.032129
0 0.786345 0.861847 0.032129 0.080321
0 0.742169 0.861847 0.032129 0.080321
0 0.702811 0.861847 0.032129 0.080321
0 0.666667 0.861847 0.032129 0.080321
0 0.595984 0.861847 0.032129 0.080321
0 0.563052 0.861847 0.032129 0.080321
0 0.522892 0.861847 0.032129 0.080321
0 0.480321 0.861847 0.032129 0.080321
0 0.443373 0.861847 0.032129 0.080321
0 0.411245 0.861847 0.032129 0.080321
0 0.361446 0.861847 0.032129 0.080321
0 0.326104 0.861847 0.032129 0.080321
0 0.285944 0.861847 0.032129 0.080321
0 0.243373 0.861847 0.032129 0.080321
0 0.205622 0.861847 0.032129 0.080321
0 0.138153 0.798394 0.080321 0.032129
0 0.138153 0.759036 0.080321 0.032129
0 0.138153 0.707631 0.080321 0.032129
0 0.138153 0.667470 0.080321 0.032129
0 0.138153 0.629719 0.080321 0.032129
0 0.138153 0.594378 0.080321 0.032129
0 0.138153 0.552610 0.080321 0.032129
0 0.138153 0.517269 0.080321 0.032129
0 0.138153 0.477108 0.080321 0.032129
0 0.138153 0.443373 0.080321 0.032129
0 0.138153 0.409639 0.080321 0.032129
0 0.138153 0.374297 0.080321 0.032129
0 0.138153 0.336546 0.080321 0.032129
0 0.138153 0.293976 0.080321 0.032129
0 0.138153 0.244177 0.080321 0.032129
0 0.138153 0.205622 0.080321 0.032129
0 0.206426 0.142972 0.032129 0.080321
0 0.284337 0.142972 0.032129 0.080321
0 0.323695 0.142972 0.032129 0.080321
0 0.359036 0.142972 0.032129 0.080321
0 0.392771 0.142972 0.032129 0.080321
0 0.427309 0.142972 0.032129 0.080321
0 0.462651 0.142972 0.032129 0.080321
0 0.548594 0.142972 0.032129 0.080321
0 0.611245 0.142972 0.032129 0.080321
0 0.644980 0.142972 0.032129 0.080321
0 0.695582 0.142972 0.032129 0.080321
0 0.771084 0.142972 0.032129 0.080321
0 0.857028 0.248193 0.080321 0.032129
0 0.857028 0.287550 0.080321 0.032129
0 0.857028 0.332530 0.080321 0.032129
0 0.857028 0.368675 0.080321 0.032129
0 0.857028 0.414458 0.080321 0.032129
0 0.857028 0.445783 0.080321 0.032129
0 0.857028 0.472289 0.080321 0.032129
0 0.857028 0.526104 0.080321 0.032129
0 0.857028 0.571888 0.080321 0.032129
0 0.857028 0.602410 0.080321 0.032129
0 0.857028 0.636948 0.080321 0.032129
0 0.857028 0.672289 0.080321 0.032129
0 0.857028 0.722088 0.080321 0.032129
0 0.857028 0.759839 0.080321 0.032129
0 0.857028 0.800803 0.080321 0.032129
0 0.780723 0.857028 0.032129 0.080321
0 0.737349 0.857028 0.032129 0.080321
0 0.698795 0.857028 0.032129 0.080321
0 0.662651 0.857028 0.032129 0.080321
0 0.630522 0.857028 0.032129 0.080321
0 0.522892 0.857028 0.032129 0.080321
0 0.479518 0.857028 0.032129 0.080321
0 0.444177 0.857028 0.032129 0.080321
0 0.412048 0.857028 0.032129 0.080321
0 0.361446 0.857028 0.032129 0.080321
0 0.326104 0.857028 0.032129 0.080321
0 0.287550 0.857028 0.032129 0.080321
0 0.244980 0.857028 0.032129 0.080321
0 0.208835 0.857028 0.032129 0.080321
0 0.142972 0.795181 0.080321 0.032129
0 0.142972 0.757430 0.080321 0.032129
0 0.142972 0.704418 0.080321 0.032129
0 0.142972 0.628112 0.080321 0.032129
0 0.142972 0.593574 0.080321 0.032129
0 0.142972 0.551807 0.080321 0.032129
0 0.142972 0.517269 0.080321 0.032129
0 0.142972 0.477108 0.080321 0.032129
0 0.142972 0.444980 0.080321 0.032129
0 0.142972 0.411245 0.080321 0.032129
0 0.142972 0.376707 0.080321 0.032129
0 0.142972 0.338153 0.080321 0.032129
0 0.142972 0.296386 0.080321 0.032129
0 0.142972 0.247390 0.080321 0.032129
0 0.142972 0.208835 0.080321 0.032129
0 0.209639 0.147791 0.032129 0.080321
0 0.248996 0.147791 0.032129 0.080321
0 0.285141 0.147791 0.032129 0.080321
0 0.391968 0.147791 0.032129 0.080321
0 0.427309 0.147791 0.032129 0.080321
0 0.462651 0.147791 0.032129 0.080321
0 0.547791 0.147791 0.032129 0.080321
0 0.577510 0.147791 0.032129 0.080321
0 0.609639 0.147791 0.032129 0.080321
0 0.730120 0.147791 0.032129 0.080321
0 0.766265 0.147791 0.032129 0.080321
0 0.852209 0.214458 0.080321 0.032129
0 0.852209 0.252209 0.080321 0.032129
0 0.852209 0.289960 0.080321 0.032129
0 0.852209 0.370281 0.080321 0.032129
0 0.852209 0.416064 0.080321 0.032129
0 0.852209 0.446586 0.080321 0.032129
0 0.852209 0.472289 0.080321 0.032129
0 0.852209 0.526908 0.080321 0.032129
0 0.852209 0.572691 0.080321 0.032129
0 0.852209 0.603213 0.080321 0.032129
0 0.852209 0.636145 0.080321 0.032129
0 0.852209 0.670683 0.080321 0.032129
0 0.852209 0.721285 0.080321 0.032129
0 0.852209 0.759036 0.080321 0.032129
0 0.852209 0.798394 0.080321 0.032129
0 0.774297 0.852209 0.032129 0.080321
0 0.733333 0.852209 0.032129 0.080321
0 0.660241 0.852209 0.032129 0.080321
0 0.628112 0.852209 0.032129 0.080321
0 0.594378 0.852209 0.032129 0.080321
0 0.563855 0.852209 0.032129 0.080321
0 0.517269 0.852209 0.032129 0.080321
0 0.444177 0.852209 0.032129 0.080321
0 0.361446 0.852209 0.032129 0.080321
0 0.326908 0.852209 0.032129 0.080321
0 0.288353 0.852209 0.032129 0.080321
0 0.247390 0.852209 0.032129 0.080321
0 0.212048 0.852209 0.032129 0.080321
0 0.147791 0.791968 0.080321 0.032129
0 0.147791 0.755020 0.080321 0.032129
0 0.147791 0.701205 0.080321 0.032129
0 0.147791 0.664257 0.080321 0.032129
0 0.147791 0.626506 0.080321 0.032129
0 0.147791 0.592771 0.080321 0.032129
0 0.147791 0.551004 0.080321 0.032129
0 0.147791 0.515663 0.080321 0.032129
0 0.147791 0.477108 0.080321 0.032129
0 0.147791 0.444980 0.080321 0.032129
0 0.147791 0.412851 0.080321 0.032129
0 0.147791 0.378313 0.080321 0.032129
0 0.147791 0.340562 0.080321 0.032129
0 0.147791 0.298795 0.080321 0.032129
0 0.147791 0.250602 0.080321 0.032129
0 0.147791 0.212851 0.080321 0.032129
0 0.212851 0.152610 0.032129 0.080321
0 0.251406 0.152610 0.032129 0.080321
0 0.359036 0.152610 0.032129 0.080321
0 0.518876 0.152610 0.032129 0.080321
0 0.546988 0.152610 0.032129 0.080321
0 0.575904 0.152610 0.032129 0.080321
0 0.638554 0.152610 0.032129 0.080321
0 0.724498 0.152610 0.032129 0.080321
0 0.759036 0.152610 0.032129 0.080321
0 0.847390 0.217671 0.080321 0.032129
0 0.847390 0.292369 0.080321 0.032129
0 0.847390 0.336546 0.080321 0.032129
0 0.847390 0.371084 0.080321 0.032129
0 0.847390 0.417671 0.080321 0.032129
0 0.847390 0.447390 0.080321 0.032129
0 0.847390 0.473092 0.080321 0.032129
0 0.847390 0.527711 0.080321 0.032129
0 0.847390 0.604016 0.080321 0.032129
0 0.847390 0.636145 0.080321 0.032129
0 0.847390 0.669880 0.080321 0.032129
0 0.847390 0.720482 0.080321 0.032129
0 0.847390 0.757430 0.080321 0.032129
0 0.847390 0.795984 0.080321 0.032129
0 0.769478 0.847390 0.032129 0.080321
0 0.727711 0.847390 0.032129 0.080321
0 0.691566 0.847390 0.032129 0.080321
0 0.658635 0.847390 0.032129 0.080321
0 0.626506 0.847390 0.032129 0.080321
0 0.594378 0.847390 0.032129 0.080321
0 0.517269 0.847390 0.032129 0.080321
0 0.479518 0.847390 0.032129 0.080321
0 0.413655 0.847390 0.032129 0.080321
0 0.360643 0.847390 0.032129 0.080321
0 0.289960 0.847390 0.032129 0.080321
0 0.248996 0.847390 0.032129 0.080321
0 0.216064 0.847390 0.032129 0.080321
0 0.152610 0.789558 0.080321 0.032129
0 0.152610 0.753414 0.080321 0.032129
0 0.152610 0.661847 0.080321 0.032129
0 0.152610 0.625703 0.080321 0.032129
0 0.152610 0.550201 0.080321 0.032129
0 0.152610 0.515663 0.080321 0.032129
0 0.152610 0.477108 0.080321 0.032129
0 0.152610 0.445783 0.080321 0.032129
0 0.152610 0.413655 0.080321 0.032129
0 0.152610 0.380723 0.080321 0.032129
0 0.152610 0.342169 0.080321 0.032129
0 0.152610 0.301205 0.080321 0.032129
0 0.152610 0.253012 0.080321 0.032129
0 0.152610 0.216064 0.080321 0.032129
0 0.359036 0.157430 0.032129 0.080321
0 0.389558 0.157430 0.032129 0.080321
0 0.435341 0.157430 0.032129 0.080321
0 0.546185 0.157430 0.032129 0.080321
0 0.573494 0.157430 0.032129 0.080321
0 0.604016 0.157430 0.032129 0.080321
0 0.720482 0.157430 0.032129 0.080321
0 0.842570 0.221687 0.080321 0.032129
0 0.842570 0.257028 0.080321 0.032129
0 0.842570 0.293976 0.080321 0.032129
0 0.842570 0.338153 0.080321 0.032129
0 0.842570 0.371888 0.080321 0.032129
0 0.842570 0.419277 0.080321 0.032129
0 0.842570 0.448193 0.080321 0.032129
0 0.842570 0.473092 0.080321 0.032129
0 0.842570 0.528514 0.080321 0.032129
0 0.842570 0.574297 0.080321 0.032129
0 0.842570 0.604016 0.080321 0.032129
0 0.842570 0.636145 0.080321 0.032129
0 0.842570 0.669076 0.080321 0.032129
0 0.842570 0.720482 0.080321 0.032129
0 0.842570 0.755823 0.080321 0.032129
0 0.763855 0.842570 0.032129 0.080321
0 0.723695 0.842570 0.032129 0.080321
0 0.688353 0.842570 0.032129 0.080321
0 0.655422 0.842570 0.032129 0.080321
0 0.625703 0.842570 0.032129 0.080321
0 0.592771 0.842570 0.032129 0.080321
0 0.522088 0.842570 0.032129 0.080321
0 0.479518 0.842570 0.032129 0.080321
0 0.444980 0.842570 0.032129 0.080321
0 0.361446 0.842570 0.032129 0.080321
0 0.330120 0.842570 0.032129 0.080321
0 0.291566 0.842570 0.032129 0.080321
0 0.250602 0.842570 0.032129 0.080321
0 0.157430 0.786345 0.080321 0.032129
0 0.157430 0.751004 0.080321 0.032129
0 0.157430 0.695582 0.080321 0.032129
0 0.157430 0.660241 0.080321 0.032129
0 0.157430 0.624096 0.080321 0.032129
0 0.157430 0.591968 0.080321 0.032129
0 0.157430 0.549398 0.080321 0.032129
0 0.157430 0.514859 0.080321 0.032129
0 0.157430 0.477108 0.080321 0.032129
0 0.157430 0.445783 0.080321 0.032129
0 0.157430 0.382329 0.080321 0.032129
0 0.157430 0.343775 0.080321 0.032129
0 0.157430 0.303614 0.080321 0.032129
0 0.157430 0.255422 0.080321 0.032129
0 0.157430 0.220080 0.080321 0.032129
0 0.241767 0.133333 0.032129 0.080321
0 0.281124 0.133333 0.032129 0.080321
0 0.322088 0.133333 0.032129 0.080321
0 0.359036 0.133333 0.032129 0.080321
0 0.393574 0.133333 0.032129 0.080321
0 0.436145 0.133333 0.032129 0.080321
0 0.464257 0.133333 0.032129 0.080321
0 0.519679 0.133333 0.032129 0.080321
0 0.617671 0.133333 0.032129 0.080321
0 0.744578 0.133333 0.032129 0.080321
0 0.784739 0.133333 0.032129 0.080321
0 0.866667 0.201606 0.080321 0.032129
0 0.866667 0.242570 0.080321 0.032129
0 0.866667 0.283534 0.080321 0.032129
0 0.866667 0.328514 0.080321 0.032129
0 0.866667 0.366265 0.080321 0.032129
0 0.866667 0.411245 0.080321 0.032129
0 0.866667 0.444980 0.080321 0.032129
0 0.866667 0.472289 0.080321 0.032129
0 0.866667 0.524498 0.080321 0.032129
0 0.866667 0.569478 0.080321 0.032129
0 0.866667 0.601606 0.080321 0.032129
0 0.866667 0.637751 0.080321 0.032129
0 0.866667 0.673896 0.080321 0.032129
0 0.866667 0.723695 0.080321 0.032129
0 0.866667 0.763052 0.080321 0.032129
0 0.866667 0.804819 0.080321 0.032129
0 0.746988 0.866667 0.032129 0.080321
0 0.706827 0.866667 0.032129 0.080321
0 0.668273 0.866667 0.032129 0.080321
0 0.632129 0.866667 0.032129 0.080321
0 0.563052 0.866667 0.032129 0.080321
0 0.523695 0.866667 0.032129 0.080321
0 0.478715 0.866667 0.032129 0.080321
0 0.444980 0.866667 0.032129 0.080321
0 0.410442 0.866667 0.032129 0.080321
0 0.361446 0.866667 0.032129 0.080321
0 0.325301 0.866667 0.032129 0.080321
0 0.283534 0.866667 0.032129 0.080321
0 0.240964 0.866667 0.032129 0.080321
0 0.202410 0.866667 0.032129 0.080321
0 0.133333 0.801606 0.080321 0.032129
0 0.133333 0.761446 0.080321 0.032129
0 0.133333 0.710040 0.080321 0.032129
0 0.133333 0.669880 0.080321 0.032129
0 0.133333 0.630522 0.080321 0.032129
0 0.133333 0.594378 0.080321 0.032129
0 0.133333 0.554217 0.080321 0.032129
0 0.133333 0.518072 0.080321 0.032129
0 0.133333 0.476305 0.080321 0.032129
0 0.133333 0.443373 0.080321 0.032129
0 0.133333 0.408835 0.080321 0.032129
0 0.133333 0.372691 0.080321 0.032129
0 0.133333 0.334137 0.080321 0.032129
0 0.133333 0.290763 0.080321 0.032129
0 0.133333 0.241767 0.080321 0.032129
0 0.133333 0.200803 0.080321 0.032129
1 0.181437 0.238208 0.100000 0.040000
1 0.181437 0.271228 0.100000 0.040000
1 0.179728 0.302691 0.100000 0.040000
1 0.180960 0.354365 0.100000 0.040000
1 0.180055 0.392065 0.100000 0.040000
1 0.178848 0.419510 0.100000 0.040000
1 0.179176 0.448560 0.100000 0.040000
1 0.180740 0.471491 0.100000 0.040000
1 0.180219 0.544975 0.100000 0.040000
1 0.179301 0.590072 0.100000 0.040000
1 0.180343 0.617694 0.100000 0.040000
1 0.181385 0.652090 0.100000 0.040000
1 0.181906 0.681275 0.100000 0.040000
1 0.181385 0.741209 0.100000 0.040000
1 0.180343 0.772479 0.100000 0.040000
1 0.237149 0.819383 0.040000 0.100000
1 0.265292 0.819383 0.040000 0.100000
1 0.303337 0.820425 0.040000 0.100000
1 0.338255 0.820425 0.040000 0.100000
1 0.363953 0.820236 0.040000 0.100000
1 0.421802 0.820236 0.040000 0.100000
1 0.448902 0.819715 0.040000 0.100000
1 0.481736 0.820236 0.040000 0.100000
1 0.516132 0.818672 0.040000 0.100000
1 0.566685 0.820757 0.040000 0.100000
1 0.591701 0.819193 0.040000 0.100000
1 0.621407 0.820236 0.040000 0.100000
1 0.646571 0.820140 0.040000 0.100000
1 0.673671 0.819098 0.040000 0.100000
1 0.704420 0.821182 0.040000 0.100000
1 0.740380 0.820140 0.040000 0.100000
1 0.820229 0.781689 0.100000 0.040000
1 0.820229 0.749551 0.100000 0.040000
1 0.820663 0.715675 0.100000 0.040000
1 0.820013 0.663033 0.100000 0.040000
1 0.820013 0.633935 0.100000 0.040000
1 0.819144 0.605271 0.100000 0.040000
1 0.819578 0.579213 0.100000 0.040000
1 0.819144 0.544903 0.100000 0.040000
1 0.819144 0.477586 0.100000 0.040000
1 0.820013 0.450225 0.100000 0.040000
1 0.820467 0.425058 0.100000 0.040000
1 0.820033 0.376851 0.100000 0.040000
1 0.819598 0.347319 0.100000 0.040000
1 0.819598 0.303888 0.100000 0.040000
1 0.820033 0.269579 0.100000 0.040000
1 0.818295 0.238743 0.100000 0.040000
1 0.727859 0.179194 0.040000 0.100000
1 0.700064 0.181799 0.040000 0.100000
1 0.671834 0.179628 0.040000 0.100000
1 0.620153 0.179628 0.040000 0.100000
1 0.594250 0.181131 0.040000 0.100000
1 0.566455 0.179393 0.040000 0.100000
1 0.541700 0.180696 0.040000 0.100000
1 0.519550 0.179828 0.040000 0.100000
1 0.467000 0.179828 0.040000 0.100000
1 0.425307 0.179393 0.040000 0.100000
1 0.387957 0.180696 0.040000 0.100000
1 0.360162 0.180696 0.040000 0.100000
1 0.231493 0.179944 0.040000 0.100000
1 0.266671 0.180813 0.040000 0.100000
1 0.298375 0.180813 0.040000 0.100000
1 0.330079 0.180813 0.040000 0.100000
1 0.195755 0.246381 0.100000 0.040000
1 0.195234 0.275045 0.100000 0.040000
1 0.195755 0.309963 0.100000 0.040000
1 0.195234 0.347486 0.100000 0.040000
1 0.195234 0.396476 0.100000 0.040000
1 0.195755 0.423055 0.100000 0.040000
1 0.195234 0.446507 0.100000 0.040000
1 0.197318 0.469959 0.100000 0.040000
1 0.196965 0.503814 0.100000 0.040000
1 0.196530 0.541629 0.100000 0.040000
1 0.196095 0.586832 0.100000 0.040000
1 0.196095 0.611607 0.100000 0.040000
1 0.194791 0.640294 0.100000 0.040000
1 0.196530 0.672893 0.100000 0.040000
1 0.196530 0.732005 0.100000 0.040000
1 0.196095 0.762431 0.100000 0.040000
1 0.249824 0.801888 0.040000 0.100000
1 0.275034 0.801019 0.040000 0.100000
1 0.311110 0.801888 0.040000 0.100000
1 0.343709 0.801019 0.040000 0.100000
1 0.369788 0.801019 0.040000 0.100000
1 0.427773 0.802492 0.040000 0.100000
1 0.452982 0.802926 0.040000 0.100000
1 0.484277 0.800753 0.040000 0.100000
1 0.514268 0.801622 0.040000 0.100000
1 0.569034 0.802492 0.040000 0.100000
1 0.589028 0.802057 0.040000 0.100000
1 0.616845 0.802492 0.040000 0.100000
1 0.639036 0.802525 0.040000 0.100000
1 0.662073 0.802090 0.040000 0.100000
1 0.691629 0.803394 0.040000 0.100000
1 0.724228 0.802959 0.040000 0.100000
1 0.802899 0.773403 0.100000 0.040000
1 0.803334 0.741239 0.100000 0.040000
1 0.802465 0.711248 0.100000 0.040000
1 0.802049 0.659685 0.100000 0.040000
1 0.804222 0.630998 0.100000 0.040000
1 0.803353 0.604484 0.100000 0.040000
1 0.803788 0.582317 0.100000 0.040000
1 0.804182 0.546898 0.100000 0.040000
1 0.802444 0.475616 0.100000 0.040000
1 0.801574 0.449537 0.100000 0.040000
1 0.801574 0.427370 0.100000 0.040000
1 0.801240 0.375895 0.100000 0.040000
1 0.800805 0.350250 0.100000 0.040000
1 0.801240 0.306351 0.100000 0.040000
1 0.801674 0.276360 0.100000 0.040000
1 0.802978 0.247238 0.100000 0.040000
1 0.713006 0.195080 0.040000 0.100000
1 0.689100 0.196819 0.040000 0.100000
1 0.663021 0.195080 0.040000 0.100000
1 0.609875 0.196442 0.040000 0.100000
1 0.587342 0.195691 0.040000 0.100000
1 0.564059 0.197193 0.040000 0.100000
1 0.543789 0.195790 0.040000 0.100000
1 0.520318 0.196659 0.040000 0.100000
1 0.465987 0.197094 0.040000 0.100000
1 0.426869 0.197094 0.040000 0.100000
1 0.387867 0.197248 0.040000 0.100000
1 0.362223 0.195944 0.040000 0.100000
1 0.335275 0.196814 0.040000 0.100000
1 0.303980 0.195075 0.040000 0.100000
1 0.277901 0.197248 0.040000 0.100000
1 0.244433 0.196379 0.040000 0.100000
1 0.786702 0.256549 0.100000 0.040000
1 0.785952 0.282065 0.100000 0.040000
1 0.785952 0.309082 0.100000 0.040000
1 0.784451 0.353360 0.100000 0.040000
1 0.785952 0.378876 0.100000 0.040000
1 0.785952 0.429158 0.100000 0.040000
1 0.785952 0.447169 0.100000 0.040000
1 0.786702 0.467432 0.100000 0.040000
1 0.786521 0.548877 0.100000 0.040000
1 0.786955 0.582753 0.100000 0.040000
1 0.786521 0.604468 0.100000 0.040000
1 0.786955 0.627486 0.100000 0.040000
1 0.786853 0.652406 0.100000 0.040000
1 0.786419 0.708865 0.100000 0.040000
1 0.785985 0.733620 0.100000 0.040000
1 0.785551 0.763153 0.100000 0.040000
1 0.710851 0.786171 0.040000 0.100000
1 0.681929 0.787705 0.040000 0.100000
1 0.654568 0.786402 0.040000 0.100000
1 0.615047 0.787270 0.040000 0.100000
1 0.589857 0.787705 0.040000 0.100000
1 0.570313 0.788139 0.040000 0.100000
1 0.699142 0.212696 0.040000 0.100000
1 0.681116 0.210442 0.040000 0.100000
1 0.656330 0.213447 0.040000 0.100000
1 0.603004 0.210442 0.040000 0.100000
1 0.580360 0.212991 0.040000 0.100000
1 0.561250 0.212557 0.040000 0.100000
1 0.541707 0.212122 0.040000 0.100000
1 0.521729 0.211688 0.040000 0.100000
1 0.466573 0.212991 0.040000 0.100000
1 0.426617 0.212122 0.040000 0.100000
1 0.386227 0.212122 0.040000 0.100000
1 0.363643 0.212991 0.040000 0.100000
1 0.339051 0.212440 0.040000 0.100000
1 0.312558 0.212440 0.040000 0.100000
1 0.286935 0.212874 0.040000 0.100000
1 0.257402 0.211572 0.040000 0.100000
1 0.210932 0.255436 0.100000 0.040000
1 0.211366 0.281928 0.100000 0.040000
1 0.211219 0.447187 0.100000 0.040000
1 0.211219 0.422866 0.100000 0.040000
1 0.209916 0.399848 0.100000 0.040000
1 0.212087 0.332531 0.100000 0.040000
1 0.210350 0.367276 0.100000 0.040000
1 0.212354 0.465489 0.100000 0.040000
1 0.213657 0.475478 0.100000 0.040000
1 0.212354 0.579711 0.100000 0.040000
1 0.212354 0.605334 0.100000 0.040000
1 0.213657 0.632261 0.100000 0.040000
1 0.211920 0.657885 0.100000 0.040000
1 0.213657 0.723464 0.100000 0.040000
1 0.211450 0.749601 0.100000 0.040000
1 0.262263 0.787819 0.040000 0.100000
1 0.285281 0.787385 0.040000 0.100000
1 0.320459 0.786950 0.040000 0.100000
1 0.350001 0.788272 0.040000 0.100000
1 0.374757 0.788707 0.040000 0.100000
1 0.436427 0.785232 0.040000 0.100000
1 0.456405 0.787838 0.040000 0.100000
1 0.487876 0.788104 0.040000 0.100000
1 0.769834 0.427107 0.100000 0.040000
1 0.768072 0.447377 0.100000 0.040000
1 0.769834 0.377313 0.100000 0.040000
1 0.768072 0.354399 0.100000 0.040000
1 0.770275 0.312536 0.100000 0.040000
1 0.770716 0.288300 0.100000 0.040000
1 0.770275 0.264945 0.100000 0.040000
1 0.769394 0.462800 0.100000 0.040000
1 0.769834 0.550049 0.100000 0.040000
1 0.771777 0.585880 0.100000 0.040000
1 0.771015 0.605678 0.100000 0.040000
1 0.771777 0.626237 0.100000 0.040000
1 0.772538 0.648319 0.100000 0.040000
1 0.771015 0.706189 0.100000 0.040000
1 0.771777 0.729033 0.100000 0.040000
1 0.771777 0.754922 0.100000 0.040000
1 0.700200 0.773959 0.040000 0.100000
1 0.671265 0.773197 0.040000 0.100000
1 0.685733 0.231043 0.040000 0.100000
1 0.669742 0.228759 0.040000 0.100000
1 0.648669 0.229788 0.040000 0.100000
1 0.594204 0.231375 0.040000 0.100000
1 0.576754 0.228202 0.040000 0.100000
1 0.558775 0.229788 0.040000 0.100000
1 0.539210 0.227144 0.040000 0.100000
1 0.524933 0.230317 0.040000 0.100000
1 0.467295 0.229788 0.040000 0.100000
1 0.427108 0.229259 0.040000 0.100000
1 0.364711 0.229788 0.040000 0.100000
1 0.386391 0.230317 0.040000 0.100000
1 0.345146 0.228731 0.040000 0.100000
1 0.321350 0.228731 0.040000 0.100000
1 0.271644 0.230846 0.040000 0.100000
1 0.229341 0.266274 0.100000 0.040000
1 0.228813 0.289541 0.100000 0.040000
1 0.229341 0.322855 0.100000 0.040000
1 0.228284 0.358812 0.100000 0.040000
1 0.228284 0.403230 0.100000 0.040000
1 0.228813 0.424910 0.100000 0.040000
1 0.229341 0.446062 0.100000 0.040000
1 0.229341 0.464569 0.100000 0.040000
1 0.229341 0.474087 0.100000 0.040000
1 0.229185 0.495285 0.100000 0.040000
1 0.229185 0.533358 0.100000 0.040000
1 0.229185 0.577247 0.100000 0.040000
1 0.230242 0.598399 0.100000 0.040000
1 0.229185 0.623780 0.100000 0.040000
1 0.229185 0.647576 0.100000 0.040000
1 0.228692 0.714696 0.100000 0.040000
1 0.229750 0.739020 0.100000 0.040000
1 0.276283 0.769690 0.040000 0.100000
1 0.296377 0.769690 0.040000 0.100000
1 0.330219 0.771805 0.040000 0.100000
1 0.356658 0.770747 0.040000 0.100000
1 0.380454 0.770218 0.040000 0.100000
1 0.491560 0.770542 0.040000 0.100000
1 0.461419 0.770542 0.040000 0.100000
1 0.443441 0.769484 0.040000 0.100000
1 0.576695 0.770542 0.040000 0.100000
1 0.593087 0.769484 0.040000 0.100000
1 0.613181 0.770542 0.040000 0.100000
1 0.630631 0.771071 0.040000 0.100000
1 0.649139 0.771600 0.040000 0.100000
1 0.753931 0.315236 0.100000 0.040000
1 0.753931 0.292393 0.100000 0.040000
1 0.753931 0.273356 0.100000 0.040000
1 0.752662 0.356482 0.100000 0.040000
1 0.755835 0.376152 0.100000 0.040000
1 0.756469 0.428185 0.100000 0.040000
1 0.755200 0.444683 0.100000 0.040000
1 0.674781 0.244477 0.040000 0.100000
1 0.754019 0.459473 0.100000 0.040000
1 0.754019 0.550248 0.100000 0.040000
1 0.754459 0.584619 0.100000 0.040000
1 0.640644 0.245948 0.040000 0.100000
1 0.660442 0.245948 0.040000 0.100000
1 0.587342 0.245186 0.040000 0.100000
1 0.557646 0.245186 0.040000 0.100000
1 0.571352 0.244425 0.040000 0.100000
1 0.526426 0.245948 0.040000 0.100000
1 0.540132 0.245186 0.040000 0.100000
1 0.458657 0.243663 0.040000 0.100000
1 0.426676 0.245948 0.040000 0.100000
1 0.386319 0.245948 0.040000 0.100000
1 0.367283 0.244425 0.040000 0.100000
1 0.349008 0.245186 0.040000 0.100000
1 0.288521 0.246493 0.040000 0.100000
1 0.309842 0.246493 0.040000 0.100000
1 0.328117 0.246493 0.040000 0.100000
1 0.243595 0.272382 0.100000 0.040000
1 0.242834 0.293703 0.100000 0.040000
1 0.244810 0.325992 0.100000 0.040000
1 0.244370 0.361657 0.100000 0.040000
1 0.243930 0.406127 0.100000 0.040000
1 0.243490 0.424620 0.100000 0.040000
1 0.243049 0.443993 0.100000 0.040000
1 0.243930 0.460725 0.100000 0.040000
1 0.243930 0.489344 0.100000 0.040000
1 0.245104 0.571020 0.100000 0.040000
1 0.246572 0.590467 0.100000 0.040000
1 0.246205 0.632662 0.100000 0.040000
1 0.244370 0.613216 0.100000 0.040000
1 0.245471 0.703110 0.100000 0.040000
1 0.245471 0.724759 0.100000 0.040000
1 0.292436 0.755213 0.040000 0.100000
1 0.307113 0.756313 0.040000 0.100000
1 0.340503 0.755947 0.040000 0.100000
1 0.362885 0.757047 0.040000 0.100000
1 0.385725 0.755671 0.040000 0.100000
1 0.451159 0.755366 0.040000 0.100000
1 0.465836 0.755977 0.040000 0.100000
1 0.497635 0.757812 0.040000 0.100000
1 0.517204 0.755977 0.040000 0.100000
1 0.580803 0.755977 0.040000 0.100000
1 0.593645 0.755671 0.040000 0.100000
1 0.612908 0.756589 0.040000 0.100000
1 0.624222 0.755671 0.040000 0.100000
1 0.661219 0.754754 0.040000 0.100000
1 0.641345 0.755977 0.040000 0.100000
1 0.686292 0.754143 0.040000 0.100000
1 0.755089 0.742523 0.100000 0.040000
1 0.754783 0.719285 0.100000 0.040000
1 0.754478 0.698799 0.100000 0.040000
1 0.753530 0.639347 0.100000 0.040000
1 0.755364 0.620696 0.100000 0.040000
1 0.754447 0.602656 0.100000 0.040000
1 0.753848 0.532648 0.100000 0.040000
1 0.727720 0.283539 0.100000 0.040000
1 0.727720 0.298509 0.100000 0.040000
1 0.726840 0.315241 0.100000 0.040000
1 0.733444 0.357069 0.100000 0.040000
1 0.729481 0.371599 0.100000 0.040000
1 0.731243 0.426197 0.100000 0.040000
1 0.731243 0.440286 0.100000 0.040000
1 0.732123 0.452615 0.100000 0.040000
1 0.734481 0.631414 0.100000 0.040000
1 0.730959 0.614242 0.100000 0.040000
1 0.732720 0.599272 0.100000 0.040000
1 0.732720 0.584302 0.100000 0.040000
1 0.733160 0.549078 0.100000 0.040000
1 0.733601 0.540272 0.100000 0.040000
1 0.732720 0.532786 0.100000 0.040000
1 0.729638 0.690855 0.100000 0.040000
1 0.729638 0.707146 0.100000 0.040000
1 0.727437 0.722556 0.100000 0.040000
1 0.261362 0.425116 0.100000 0.040000
1 0.260041 0.408385 0.100000 0.040000
1 0.260481 0.382847 0.100000 0.040000
1 0.260921 0.373161 0.100000 0.040000
1 0.261802 0.348504 0.100000 0.040000
1 0.260921 0.332653 0.100000 0.040000
1 0.262242 0.299630 0.100000 0.040000
1 0.263752 0.279330 0.100000 0.040000
1 0.260833 0.441165 0.100000 0.040000
1 0.261088 0.455944 0.100000 0.040000
1 0.261343 0.483718 0.100000 0.040000
1 0.261852 0.504612 0.100000 0.040000
1 0.262108 0.563515 0.100000 0.040000
1 0.262363 0.581861 0.100000 0.040000
1 0.264911 0.616260 0.100000 0.040000
1 0.266608 0.688629 0.100000 0.040000
1 0.267882 0.708758 0.100000 0.040000
1 0.262786 0.598428 0.100000 0.040000
