0 0.200791 0.134387 0.031621 0.079051
0 0.242688 0.134387 0.031621 0.079051
0 0.282213 0.134387 0.031621 0.079051
0 0.322530 0.134387 0.031621 0.079051
0 0.358893 0.134387 0.031621 0.079051
0 0.395257 0.134387 0.031621 0.079051
0 0.427668 0.134387 0.031621 0.079051
0 0.462451 0.134387 0.031621 0.079051
0 0.514625 0.134387 0.031621 0.079051
0 0.547826 0.134387 0.031621 0.079051
0 0.581028 0.134387 0.031621 0.079051
0 0.616601 0.134387 0.031621 0.079051
0 0.652964 0.134387 0.031621 0.079051
0 0.701976 0.134387 0.031621 0.079051
0 0.743083 0.134387 0.031621 0.079051
0 0.785771 0.134387 0.031621 0.079051
0 0.865613 0.204743 0.079051 0.031621
0 0.865613 0.246640 0.079051 0.031621
0 0.865613 0.286957 0.079051 0.031621
0 0.865613 0.332806 0.079051 0.031621
0 0.865613 0.370751 0.079051 0.031621
0 0.865613 0.415020 0.079051 0.031621
0 0.865613 0.448221 0.079051 0.031621
0 0.865613 0.475889 0.079051 0.031621
0 0.865613 0.524901 0.079051 0.031621
0 0.865613 0.569170 0.079051 0.031621
0 0.865613 0.601581 0.079051 0.031621
0 0.865613 0.637154 0.079051 0.031621
0 0.865613 0.674308 0.079051 0.031621
0 0.865613 0.721739 0.079051 0.031621
0 0.865613 0.761265 0.079051 0.031621
0 0.865613 0.803953 0.079051 0.031621
0 0.792095 0.865613 0.031621 0.079051
0 0.747826 0.865613 0.031621 0.079051
0 0.706719 0.865613 0.031621 0.079051
0 0.668775 0.865613 0.031621 0.079051
0 0.632411 0.865613 0.031621 0.079051
0 0.597628 0.865613 0.031621 0.079051
0 0.562055 0.865613 0.031621 0.079051
0 0.525692 0.865613 0.031621 0.079051
0 0.480632 0.865613 0.031621 0.079051
0 0.445850 0.865613 0.031621 0.079051
0 0.411858 0.865613 0.031621 0.079051
0 0.363636 0.865613 0.031621 0.079051
0 0.327273 0.865613 0.031621 0.079051
0 0.286957 0.865613 0.031621 0.079051
0 0.245850 0.865613 0.031621 0.079051
0 0.205534 0.865613 0.031621 0.079051
0 0.134387 0.802372 0.079051 0.031621
0 0.134387 0.761265 0.079051 0.031621
0 0.134387 0.711462 0.079051 0.031621
0 0.134387 0.670356 0.079051 0.031621
0 0.134387 0.631621 0.079051 0.031621
0 0.134387 0.595257 0.079051 0.031621
0 0.134387 0.554941 0.079051 0.031621
0 0.134387 0.519368 0.079051 0.031621
0 0.134387 0.478261 0.079051 0.031621
0 0.134387 0.445059 0.079051 0.031621
0 0.134387 0.410277 0.079051 0.031621
0 0.134387 0.373123 0.079051 0.031621
0 0.134387 0.336759 0.079051 0.031621
0 0.134387 0.292490 0.079051 0.031621
0 0.134387 0.241897 0.079051 0.031621
0 0.134387 0.201581 0.079051 0.031621
0 0.207115 0.143874 0.031621 0.079051
0 0.247431 0.143874 0.031621 0.079051
0 0.284585 0.143874 0.031621 0.079051
0 0.324111 0.143874 0.031621 0.079051
0 0.359684 0.143874 0.031621 0.079051
0 0.393676 0.143874 0.031621 0.079051
0 0.426877 0.143874 0.031621 0.079051
0 0.460870 0.143874 0.031621 0.079051
0 0.513834 0.143874 0.031621 0.079051
0 0.544664 0.143874 0.031621 0.079051
0 0.577075 0.143874 0.031621 0.079051
0 0.610277 0.143874 0.031621 0.079051
0 0.644269 0.143874 0.031621 0.079051
0 0.694862 0.143874 0.031621 0.079051
0 0.732806 0.143874 0.031621 0.079051
0 0.774704 0.143874 0.031621 0.079051
0 0.856126 0.213439 0.079051 0.031621
0 0.856126 0.252964 0.079051 0.031621
0 0.856126 0.292490 0.079051 0.031621
0 0.856126 0.337549 0.079051 0.031621
0 0.856126 0.373913 0.079051 0.031621
0 0.856126 0.418182 0.079051 0.031621
0 0.856126 0.449802 0.079051 0.031621
0 0.856126 0.475889 0.079051 0.031621
0 0.856126 0.527273 0.079051 0.031621
0 0.856126 0.571542 0.079051 0.031621
0 0.856126 0.602372 0.079051 0.031621
0 0.856126 0.636364 0.079051 0.031621
0 0.856126 0.672727 0.079051 0.031621
0 0.856126 0.720949 0.079051 0.031621
0 0.856126 0.758893 0.079051 0.031621
0 0.856126 0.800000 0.079051 0.031621
0 0.781028 0.856126 0.031621 0.079051
0 0.738340 0.856126 0.031621 0.079051
0 0.699605 0.856126 0.031621 0.079051
0 0.664032 0.856126 0.031621 0.079051
0 0.629249 0.856126 0.031621 0.079051
0 0.596838 0.856126 0.031621 0.079051
0 0.563636 0.856126 0.031621 0.079051
0 0.524901 0.856126 0.031621 0.079051
0 0.480632 0.856126 0.031621 0.079051
0 0.445850 0.856126 0.031621 0.079051
0 0.413439 0.856126 0.031621 0.079051
0 0.365217 0.856126 0.031621 0.079051
0 0.328854 0.856126 0.031621 0.079051
0 0.290119 0.856126 0.031621 0.079051
0 0.250593 0.856126 0.031621 0.079051
0 0.211067 0.856126 0.031621 0.079051
0 0.143874 0.796047 0.079051 0.031621
0 0.143874 0.757312 0.079051 0.031621
0 0.143874 0.705929 0.079051 0.031621
0 0.143874 0.666403 0.079051 0.031621
0 0.143874 0.629249 0.079051 0.031621
0 0.143874 0.594466 0.079051 0.031621
0 0.143874 0.552569 0.079051 0.031621
0 0.143874 0.516996 0.079051 0.031621
0 0.143874 0.477470 0.079051 0.031621
0 0.143874 0.445850 0.079051 0.031621
0 0.143874 0.411858 0.079051 0.031621
0 0.143874 0.377075 0.079051 0.031621
0 0.143874 0.341502 0.079051 0.031621
0 0.143874 0.297233 0.079051 0.031621
0 0.143874 0.247431 0.079051 0.031621
0 0.143874 0.208696 0.079051 0.031621
0 0.210277 0.148617 0.031621 0.079051
0 0.249012 0.148617 0.031621 0.079051
0 0.286166 0.148617 0.031621 0.079051
0 0.324901 0.148617 0.031621 0.079051
0 0.359684 0.148617 0.031621 0.079051
0 0.392885 0.148617 0.031621 0.079051
0 0.426877 0.148617 0.031621 0.079051
0 0.460079 0.148617 0.031621 0.079051
0 0.513043 0.148617 0.031621 0.079051
0 0.543083 0.148617 0.031621 0.079051
0 0.574704 0.148617 0.031621 0.079051
0 0.607905 0.148617 0.031621 0.079051
0 0.639526 0.148617 0.031621 0.079051
0 0.690909 0.148617 0.031621 0.079051
0 0.728063 0.148617 0.031621 0.079051
0 0.767589 0.148617 0.031621 0.079051
0 0.851383 0.217391 0.079051 0.031621
0 0.851383 0.256126 0.079051 0.031621
0 0.851383 0.294862 0.079051 0.031621
0 0.851383 0.339921 0.079051 0.031621
0 0.851383 0.419763 0.079051 0.031621
0 0.851383 0.451383 0.079051 0.031621
0 0.851383 0.476680 0.079051 0.031621
0 0.851383 0.528063 0.079051 0.031621
0 0.851383 0.573123 0.079051 0.031621
0 0.851383 0.603162 0.079051 0.031621
0 0.851383 0.636364 0.079051 0.031621
0 0.851383 0.671146 0.079051 0.031621
0 0.851383 0.720158 0.079051 0.031621
0 0.851383 0.758103 0.079051 0.031621
0 0.851383 0.797628 0.079051 0.031621
0 0.775494 0.851383 0.031621 0.079051
0 0.733597 0.851383 0.031621 0.079051
0 0.696443 0.851383 0.031621 0.079051
0 0.661660 0.851383 0.031621 0.079051
0 0.627668 0.851383 0.031621 0.079051
0 0.596047 0.851383 0.031621 0.079051
0 0.563636 0.851383 0.031621 0.079051
0 0.524111 0.851383 0.031621 0.079051
0 0.480632 0.851383 0.031621 0.079051
0 0.446640 0.851383 0.031621 0.079051
0 0.415020 0.851383 0.031621 0.079051
0 0.364427 0.851383 0.031621 0.079051
0 0.329644 0.851383 0.031621 0.079051
0 0.291700 0.851383 0.031621 0.079051
0 0.252174 0.851383 0.031621 0.079051
0 0.215020 0.851383 0.031621 0.079051
0 0.148617 0.792885 0.079051 0.031621
0 0.148617 0.755731 0.079051 0.031621
0 0.148617 0.703557 0.079051 0.031621
0 0.148617 0.664032 0.079051 0.031621
0 0.148617 0.627668 0.079051 0.031621
0 0.148617 0.593676 0.079051 0.031621
0 0.148617 0.551779 0.079051 0.031621
0 0.148617 0.516996 0.079051 0.031621
0 0.148617 0.478261 0.079051 0.031621
0 0.148617 0.446640 0.079051 0.031621
0 0.148617 0.413439 0.079051 0.031621
0 0.148617 0.379447 0.079051 0.031621
0 0.148617 0.343083 0.079051 0.031621
0 0.148617 0.299605 0.079051 0.031621
0 0.148617 0.249802 0.079051 0.031621
0 0.148617 0.212648 0.079051 0.031621
0 0.251383 0.153360 0.031621 0.079051
0 0.287747 0.153360 0.031621 0.079051
0 0.325692 0.153360 0.031621 0.079051
0 0.358893 0.153360 0.031621 0.079051
0 0.392095 0.153360 0.031621 0.079051
0 0.426087 0.153360 0.031621 0.079051
0 0.459289 0.153360 0.031621 0.079051
0 0.513043 0.153360 0.031621 0.079051
0 0.542292 0.153360 0.031621 0.079051
0 0.573123 0.153360 0.031621 0.079051
0 0.603953 0.153360 0.031621 0.079051
0 0.636364 0.153360 0.031621 0.079051
0 0.686957 0.153360 0.031621 0.079051
0 0.723320 0.153360 0.031621 0.079051
0 0.762055 0.153360 0.031621 0.079051
0 0.846640 0.221344 0.079051 0.031621
0 0.846640 0.259289 0.079051 0.031621
0 0.846640 0.297233 0.079051 0.031621
0 0.846640 0.342292 0.079051 0.031621
0 0.846640 0.421344 0.079051 0.031621
0 0.846640 0.452174 0.079051 0.031621
0 0.846640 0.476680 0.079051 0.031621
0 0.846640 0.528854 0.079051 0.031621
0 0.846640 0.574704 0.079051 0.031621
0 0.846640 0.603953 0.079051 0.031621
0 0.846640 0.636364 0.079051 0.031621
0 0.846640 0.670356 0.079051 0.031621
0 0.846640 0.720158 0.079051 0.031621
0 0.846640 0.756522 0.079051 0.031621
0 0.846640 0.795257 0.079051 0.031621
0 0.769960 0.846640 0.031621 0.079051
0 0.729644 0.846640 0.031621 0.079051
0 0.693281 0.846640 0.031621 0.079051
0 0.660079 0.846640 0.031621 0.079051
0 0.626877 0.846640 0.031621 0.079051
0 0.595257 0.846640 0.031621 0.079051
0 0.563636 0.846640 0.031621 0.079051
0 0.523320 0.846640 0.031621 0.079051
0 0.481423 0.846640 0.031621 0.079051
0 0.446640 0.846640 0.031621 0.079051
0 0.415810 0.846640 0.031621 0.079051
0 0.330435 0.846640 0.031621 0.079051
0 0.294071 0.846640 0.031621 0.079051
0 0.254545 0.846640 0.031621 0.079051
0 0.218972 0.846640 0.031621 0.079051
0 0.153360 0.789723 0.079051 0.031621
0 0.153360 0.753360 0.079051 0.031621
0 0.153360 0.701186 0.079051 0.031621
0 0.153360 0.662451 0.079051 0.031621
0 0.153360 0.626877 0.079051 0.031621
0 0.153360 0.593676 0.079051 0.031621
0 0.153360 0.550988 0.079051 0.031621
0 0.153360 0.516206 0.079051 0.031621
0 0.153360 0.478261 0.079051 0.031621
0 0.153360 0.446640 0.079051 0.031621
0 0.153360 0.415020 0.079051 0.031621
0 0.153360 0.381818 0.079051 0.031621
0 0.153360 0.345455 0.079051 0.031621
0 0.153360 0.302767 0.079051 0.031621
0 0.153360 0.252964 0.079051 0.031621
0 0.153360 0.215020 0.079051 0.031621
0 0.216601 0.158103 0.031621 0.079051
0 0.254545 0.158103 0.031621 0.079051
0 0.289328 0.158103 0.031621 0.079051
0 0.326482 0.158103 0.031621 0.079051
0 0.359684 0.158103 0.031621 0.079051
0 0.391304 0.158103 0.031621 0.079051
0 0.426087 0.158103 0.031621 0.079051
0 0.458498 0.158103 0.031621 0.079051
0 0.512253 0.158103 0.031621 0.079051
0 0.540711 0.158103 0.031621 0.079051
0 0.570751 0.158103 0.031621 0.079051
0 0.601581 0.158103 0.031621 0.079051
0 0.632411 0.158103 0.031621 0.079051
0 0.683794 0.158103 0.031621 0.079051
0 0.718577 0.158103 0.031621 0.079051
0 0.755731 0.158103 0.031621 0.079051
0 0.841897 0.225296 0.079051 0.031621
0 0.841897 0.262451 0.079051 0.031621
0 0.841897 0.299605 0.079051 0.031621
0 0.841897 0.343874 0.079051 0.031621
0 0.841897 0.378656 0.079051 0.031621
0 0.841897 0.422925 0.079051 0.031621
0 0.841897 0.452964 0.079051 0.031621
0 0.841897 0.481423 0.079051 0.031621
0 0.841897 0.530435 0.079051 0.031621
0 0.841897 0.575494 0.079051 0.031621
0 0.841897 0.604743 0.079051 0.031621
0 0.841897 0.635573 0.079051 0.031621
0 0.841897 0.669565 0.079051 0.031621
0 0.841897 0.719368 0.079051 0.031621
0 0.841897 0.754941 0.079051 0.031621
0 0.841897 0.792885 0.079051 0.031621
0 0.765217 0.841897 0.031621 0.079051
0 0.724111 0.841897 0.031621 0.079051
0 0.690119 0.841897 0.031621 0.079051
0 0.657708 0.841897 0.031621 0.079051
0 0.625296 0.841897 0.031621 0.079051
0 0.595257 0.841897 0.031621 0.079051
0 0.563636 0.841897 0.031621 0.079051
0 0.523320 0.841897 0.031621 0.079051
0 0.481423 0.841897 0.031621 0.079051
0 0.447431 0.841897 0.031621 0.079051
0 0.416601 0.841897 0.031621 0.079051
0 0.366008 0.841897 0.031621 0.079051
0 0.332016 0.841897 0.031621 0.079051
0 0.295652 0.841897 0.031621 0.079051
0 0.256917 0.841897 0.031621 0.079051
0 0.222134 0.841897 0.031621 0.079051
0 0.158103 0.787352 0.079051 0.031621
0 0.158103 0.751779 0.079051 0.031621
0 0.158103 0.698814 0.079051 0.031621
0 0.158103 0.660870 0.079051 0.031621
0 0.158103 0.625296 0.079051 0.031621
0 0.158103 0.593676 0.079051 0.031621
0 0.158103 0.550198 0.079051 0.031621
0 0.158103 0.515415 0.079051 0.031621
0 0.158103 0.478261 0.079051 0.031621
0 0.158103 0.448221 0.079051 0.031621
0 0.158103 0.415810 0.079051 0.031621
0 0.158103 0.383399 0.079051 0.031621
0 0.158103 0.347826 0.079051 0.031621
0 0.158103 0.305138 0.079051 0.031621
0 0.158103 0.256126 0.079051 0.031621
0 0.158103 0.218972 0.079051 0.031621
0 0.219763 0.162846 0.031621 0.079051
0 0.256917 0.162846 0.031621 0.079051
0 0.290909 0.162846 0.031621 0.079051
0 0.328063 0.162846 0.031621 0.079051
0 0.359684 0.162846 0.031621 0.079051
0 0.391304 0.162846 0.031621 0.079051
0 0.436364 0.162846 0.031621 0.079051
0 0.465613 0.162846 0.031621 0.079051
0 0.512253 0.162846 0.031621 0.079051
0 0.539921 0.162846 0.031621 0.079051
0 0.569170 0.162846 0.031621 0.079051
0 0.599209 0.162846 0.031621 0.079051
0 0.750198 0.162846 0.031621 0.079051
0 0.837154 0.229249 0.079051 0.031621
0 0.837154 0.265613 0.079051 0.031621
0 0.837154 0.301186 0.079051 0.031621
0 0.837154 0.346245 0.079051 0.031621
0 0.837154 0.379447 0.079051 0.031621
0 0.837154 0.453755 0.079051 0.031621
0 0.837154 0.481423 0.079051 0.031621
0 0.837154 0.530435 0.079051 0.031621
0 0.837154 0.604743 0.079051 0.031621
0 0.837154 0.635573 0.079051 0.031621
0 0.837154 0.667984 0.079051 0.031621
0 0.837154 0.718577 0.079051 0.031621
0 0.837154 0.753360 0.079051 0.031621
0 0.837154 0.790514 0.079051 0.031621
0 0.759684 0.837154 0.031621 0.079051
0 0.720158 0.837154 0.031621 0.079051
0 0.686166 0.837154 0.031621 0.079051
0 0.654545 0.837154 0.031621 0.079051
0 0.623715 0.837154 0.031621 0.079051
0 0.594466 0.837154 0.031621 0.079051
0 0.564427 0.837154 0.031621 0.079051
0 0.516996 0.837154 0.031621 0.079051
0 0.481423 0.837154 0.031621 0.079051
0 0.448221 0.837154 0.031621 0.079051
0 0.418182 0.837154 0.031621 0.079051
0 0.366008 0.837154 0.031621 0.079051
0 0.333597 0.837154 0.031621 0.079051
0 0.297233 0.837154 0.031621 0.079051
0 0.259289 0.837154 0.031621 0.079051
0 0.225296 0.837154 0.031621 0.079051
0 0.162846 0.784980 0.079051 0.031621
0 0.162846 0.749407 0.079051 0.031621
0 0.162846 0.695652 0.079051 0.031621
0 0.162846 0.658498 0.079051 0.031621
0 0.162846 0.624506 0.079051 0.031621
0 0.162846 0.592885 0.079051 0.031621
0 0.162846 0.549407 0.079051 0.031621
0 0.162846 0.515415 0.079051 0.031621
0 0.162846 0.478261 0.079051 0.031621
0 0.162846 0.448221 0.079051 0.031621
0 0.162846 0.416601 0.079051 0.031621
0 0.162846 0.384980 0.079051 0.031621
0 0.162846 0.349407 0.079051 0.031621
0 0.162846 0.307510 0.079051 0.031621
0 0.162846 0.258498 0.079051 0.031621
0 0.162846 0.222925 0.079051 0.031621
0 0.203953 0.139130 0.031621 0.079051
0 0.245059 0.139130 0.031621 0.079051
0 0.283794 0.139130 0.031621 0.079051
0 0.323320 0.139130 0.031621 0.079051
0 0.359684 0.139130 0.031621 0.079051
0 0.394466 0.139130 0.031621 0.079051
0 0.427668 0.139130 0.031621 0.079051
0 0.461660 0.139130 0.031621 0.079051
0 0.513834 0.139130 0.031621 0.079051
0 0.545455 0.139130 0.031621 0.079051
0 0.578656 0.139130 0.031621 0.079051
0 0.613439 0.139130 0.031621 0.079051
0 0.648221 0.139130 0.031621 0.079051
0 0.698024 0.139130 0.031621 0.079051
0 0.737549 0.139130 0.031621 0.079051
0 0.779447 0.139130 0.031621 0.079051
0 0.860870 0.209486 0.079051 0.031621
0 0.860870 0.249802 0.079051 0.031621
0 0.860870 0.290119 0.079051 0.031621
0 0.860870 0.335178 0.079051 0.031621
0 0.860870 0.372332 0.079051 0.031621
0 0.860870 0.416601 0.079051 0.031621
0 0.860870 0.449012 0.079051 0.031621
0 0.860870 0.476680 0.079051 0.031621
0 0.860870 0.525692 0.079051 0.031621
0 0.860870 0.570751 0.079051 0.031621
0 0.860870 0.602372 0.079051 0.031621
0 0.860870 0.637154 0.079051 0.031621
0 0.860870 0.673518 0.079051 0.031621
0 0.860870 0.720949 0.079051 0.031621
0 0.860870 0.760474 0.079051 0.031621
0 0.860870 0.801581 0.079051 0.031621
0 0.786561 0.860870 0.031621 0.079051
0 0.743083 0.860870 0.031621 0.079051
0 0.703557 0.860870 0.031621 0.079051
0 0.666403 0.860870 0.031621 0.079051
0 0.630830 0.860870 0.031621 0.079051
0 0.596838 0.860870 0.031621 0.079051
0 0.524901 0.860870 0.031621 0.079051
0 0.480632 0.860870 0.031621 0.079051
0 0.445850 0.860870 0.031621 0.079051
0 0.412648 0.860870 0.031621 0.079051
0 0.364427 0.860870 0.031621 0.079051
0 0.328063 0.860870 0.031621 0.079051
0 0.288538 0.860870 0.031621 0.079051
0 0.248221 0.860870 0.031621 0.079051
0 0.208696 0.860870 0.031621 0.079051
0 0.139130 0.798419 0.079051 0.031621
0 0.139130 0.758893 0.079051 0.031621
0 0.139130 0.709091 0.079051 0.031621
0 0.139130 0.667984 0.079051 0.031621
0 0.139130 0.630040 0.079051 0.031621
0 0.139130 0.594466 0.079051 0.031621
0 0.139130 0.553360 0.079051 0.031621
0 0.139130 0.517787 0.079051 0.031621
0 0.139130 0.478261 0.079051 0.031621
0 0.139130 0.445850 0.079051 0.031621
0 0.139130 0.411067 0.079051 0.031621
0 0.139130 0.375494 0.079051 0.031621
0 0.139130 0.339130 0.079051 0.031621
0 0.139130 0.294862 0.079051 0.031621
0 0.139130 0.245059 0.079051 0.031621
0 0.139130 0.205534 0.079051 0.031621
1 0.726681 0.184793 0.040000 0.100000
1 0.696300 0.184793 0.040000 0.100000
1 0.669001 0.183032 0.040000 0.100000
1 0.615283 0.183472 0.040000 0.100000
1 0.814302 0.247757 0.100000 0.040000
1 0.815182 0.278138 0.100000 0.040000
1 0.813862 0.311601 0.100000 0.040000
1 0.815942 0.353650 0.100000 0.040000
1 0.813300 0.382711 0.100000 0.040000
1 0.814621 0.430704 0.100000 0.040000
1 0.814180 0.455361 0.100000 0.040000
1 0.812859 0.480899 0.100000 0.040000
1 0.814180 0.547826 0.100000 0.040000
1 0.815061 0.534176 0.100000 0.040000
1 0.814621 0.582170 0.100000 0.040000
1 0.813731 0.606374 0.100000 0.040000
1 0.813731 0.633673 0.100000 0.040000
1 0.812851 0.661853 0.100000 0.040000
1 0.813731 0.715130 0.100000 0.040000
1 0.814172 0.745952 0.100000 0.040000
1 0.815272 0.780938 0.100000 0.040000
1 0.737338 0.816163 0.040000 0.100000
1 0.701233 0.815282 0.040000 0.100000
1 0.672173 0.815282 0.040000 0.100000
1 0.618332 0.815595 0.040000 0.100000
1 0.646071 0.816035 0.040000 0.100000
1 0.593234 0.816035 0.040000 0.100000
1 0.568137 0.815155 0.040000 0.100000
1 0.523666 0.815155 0.040000 0.100000
1 0.485359 0.815595 0.040000 0.100000
1 0.452336 0.816035 0.040000 0.100000
1 0.425917 0.816035 0.040000 0.100000
1 0.370286 0.814677 0.040000 0.100000
1 0.340345 0.815558 0.040000 0.100000
1 0.307762 0.815558 0.040000 0.100000
1 0.271657 0.814677 0.040000 0.100000
1 0.243917 0.815998 0.040000 0.100000
1 0.184916 0.773289 0.100000 0.040000
1 0.184476 0.742027 0.100000 0.040000
1 0.185357 0.683466 0.100000 0.040000
1 0.185357 0.649562 0.100000 0.040000
1 0.185840 0.618124 0.100000 0.040000
1 0.185840 0.590095 0.100000 0.040000
1 0.185076 0.545759 0.100000 0.040000
1 0.185189 0.512652 0.100000 0.040000
1 0.185109 0.450293 0.100000 0.040000
1 0.185109 0.478458 0.100000 0.040000
1 0.185404 0.422571 0.100000 0.040000
1 0.184479 0.393015 0.100000 0.040000
1 0.184922 0.359100 0.100000 0.040000
1 0.185217 0.320171 0.100000 0.040000
1 0.184894 0.271101 0.100000 0.040000
1 0.184894 0.306786 0.100000 0.040000
1 0.186811 0.240282 0.100000 0.040000
1 0.236186 0.185753 0.040000 0.100000
1 0.270404 0.185780 0.040000 0.100000
1 0.299158 0.184158 0.040000 0.100000
1 0.332926 0.184747 0.040000 0.100000
1 0.389708 0.184931 0.040000 0.100000
1 0.361543 0.184931 0.040000 0.100000
1 0.425540 0.184341 0.040000 0.100000
1 0.464231 0.184911 0.040000 0.100000
1 0.455822 0.184401 0.040000 0.100000
1 0.512644 0.183892 0.040000 0.100000
1 0.563723 0.184213 0.040000 0.100000
1 0.537223 0.184467 0.040000 0.100000
1 0.589203 0.184467 0.040000 0.100000
1 0.712415 0.200109 0.040000 0.100000
1 0.800917 0.255588 0.100000 0.040000
1 0.798171 0.285545 0.100000 0.040000
1 0.800373 0.314605 0.100000 0.040000
1 0.799932 0.358635 0.100000 0.040000
1 0.799052 0.384614 0.100000 0.040000
1 0.800202 0.431689 0.100000 0.040000
1 0.799321 0.454585 0.100000 0.040000
1 0.798881 0.472198 0.100000 0.040000
1 0.798441 0.539565 0.100000 0.040000
1 0.798441 0.551013 0.100000 0.040000
1 0.800202 0.583155 0.100000 0.040000
1 0.801523 0.605611 0.100000 0.040000
1 0.799762 0.631148 0.100000 0.040000
1 0.800202 0.658447 0.100000 0.040000
1 0.798063 0.710645 0.100000 0.040000
1 0.800611 0.740712 0.100000 0.040000
1 0.799592 0.771034 0.100000 0.040000
1 0.721875 0.799063 0.040000 0.100000
1 0.690095 0.800212 0.040000 0.100000
1 0.664359 0.799447 0.040000 0.100000
1 0.641172 0.800212 0.040000 0.100000
1 0.616965 0.799193 0.040000 0.100000
1 0.523512 0.799715 0.040000 0.100000
1 0.570396 0.799205 0.040000 0.100000
1 0.593839 0.798186 0.040000 0.100000
1 0.487584 0.795893 0.040000 0.100000
1 0.455733 0.798696 0.040000 0.100000
1 0.432800 0.799205 0.040000 0.100000
1 0.374752 0.800156 0.040000 0.100000
1 0.346723 0.798372 0.040000 0.100000
1 0.315382 0.798882 0.040000 0.100000
1 0.280850 0.800885 0.040000 0.100000
1 0.257513 0.800004 0.040000 0.100000
1 0.198512 0.765660 0.100000 0.040000
1 0.201559 0.732029 0.100000 0.040000
1 0.199011 0.673423 0.100000 0.040000
1 0.202553 0.641946 0.100000 0.040000
1 0.199240 0.614172 0.100000 0.040000
1 0.200259 0.587163 0.100000 0.040000
1 0.199495 0.542571 0.100000 0.040000
1 0.202043 0.530341 0.100000 0.040000
1 0.200769 0.504605 0.100000 0.040000
1 0.200982 0.472136 0.100000 0.040000
1 0.200982 0.450987 0.100000 0.040000
1 0.199198 0.424232 0.100000 0.040000
1 0.200472 0.398496 0.100000 0.040000
1 0.200982 0.366391 0.100000 0.040000
1 0.200298 0.249855 0.100000 0.040000
1 0.250495 0.203225 0.040000 0.100000
1 0.202082 0.278903 0.100000 0.040000
1 0.199534 0.326807 0.100000 0.040000
1 0.280190 0.201808 0.040000 0.100000
1 0.307455 0.200024 0.040000 0.100000
1 0.336503 0.200279 0.040000 0.100000
1 0.362493 0.200024 0.040000 0.100000
1 0.389757 0.200279 0.040000 0.100000
1 0.513921 0.198258 0.040000 0.100000
1 0.536599 0.202080 0.040000 0.100000
1 0.463724 0.200296 0.040000 0.100000
1 0.425503 0.201315 0.040000 0.100000
1 0.441556 0.199532 0.040000 0.100000
1 0.558680 0.200644 0.040000 0.100000
1 0.583397 0.200134 0.040000 0.100000
1 0.607094 0.200389 0.040000 0.100000
1 0.685384 0.200620 0.040000 0.100000
1 0.659139 0.200111 0.040000 0.100000
1 0.577367 0.216818 0.040000 0.100000
1 0.599280 0.215543 0.040000 0.100000
1 0.557747 0.215798 0.040000 0.100000
1 0.535578 0.216563 0.040000 0.100000
1 0.517232 0.215543 0.040000 0.100000
1 0.651006 0.216308 0.040000 0.100000
1 0.674703 0.217582 0.040000 0.100000
1 0.698444 0.216653 0.040000 0.100000
1 0.783804 0.264557 0.100000 0.040000
1 0.784059 0.290548 0.100000 0.040000
1 0.783404 0.318178 0.100000 0.040000
1 0.783404 0.360221 0.100000 0.040000
1 0.783404 0.382899 0.100000 0.040000
1 0.783367 0.432988 0.100000 0.040000
1 0.783866 0.453245 0.100000 0.040000
1 0.782846 0.469298 0.100000 0.040000
1 0.783447 0.535272 0.100000 0.040000
1 0.783192 0.550560 0.100000 0.040000
1 0.783192 0.584195 0.100000 0.040000
1 0.783956 0.604579 0.100000 0.040000
1 0.782571 0.762207 0.100000 0.040000
1 0.783320 0.732876 0.100000 0.040000
1 0.783468 0.706923 0.100000 0.040000
1 0.783376 0.651301 0.100000 0.040000
1 0.782492 0.627707 0.100000 0.040000
1 0.216751 0.257317 0.100000 0.040000
1 0.216338 0.285549 0.100000 0.040000
1 0.260964 0.215421 0.040000 0.100000
1 0.365390 0.215847 0.040000 0.100000
1 0.341675 0.214827 0.040000 0.100000
1 0.314134 0.214827 0.040000 0.100000
1 0.289143 0.214317 0.040000 0.100000
1 0.387576 0.213552 0.040000 0.100000
1 0.426593 0.214827 0.040000 0.100000
1 0.464673 0.215544 0.040000 0.100000
1 0.443508 0.216564 0.040000 0.100000
1 0.456768 0.215799 0.040000 0.100000
1 0.217529 0.320876 0.100000 0.040000
1 0.216764 0.334647 0.100000 0.040000
1 0.215489 0.370858 0.100000 0.040000
1 0.216879 0.402074 0.100000 0.040000
1 0.216624 0.425280 0.100000 0.040000
1 0.217389 0.448741 0.100000 0.040000
1 0.217644 0.468376 0.100000 0.040000
1 0.216624 0.476792 0.100000 0.040000
1 0.217389 0.499997 0.100000 0.040000
1 0.217644 0.524478 0.100000 0.040000
1 0.217899 0.537229 0.100000 0.040000
1 0.217696 0.582228 0.100000 0.040000
1 0.216676 0.606708 0.100000 0.040000
1 0.216421 0.633484 0.100000 0.040000
1 0.216345 0.660557 0.100000 0.040000
1 0.215835 0.724819 0.100000 0.040000
1 0.217110 0.750320 0.100000 0.040000
1 0.271172 0.784746 0.040000 0.100000
1 0.292082 0.783981 0.040000 0.100000
1 0.325649 0.783689 0.040000 0.100000
1 0.353700 0.784199 0.040000 0.100000
1 0.379966 0.783944 0.040000 0.100000
1 0.440895 0.782661 0.040000 0.100000
1 0.460276 0.783172 0.040000 0.100000
1 0.490877 0.782917 0.040000 0.100000
1 0.517653 0.783682 0.040000 0.100000
1 0.525048 0.782661 0.040000 0.100000
1 0.573796 0.783663 0.040000 0.100000
1 0.594451 0.783153 0.040000 0.100000
1 0.614597 0.782643 0.040000 0.100000
1 0.635253 0.782898 0.040000 0.100000
1 0.656419 0.782643 0.040000 0.100000
1 0.711870 0.783080 0.040000 0.100000
1 0.680249 0.783335 0.040000 0.100000
1 0.275435 0.232956 0.040000 0.100000
1 0.300533 0.232516 0.040000 0.100000
1 0.322108 0.232516 0.040000 0.100000
1 0.346765 0.233396 0.040000 0.100000
1 0.367460 0.232075 0.040000 0.100000
1 0.389035 0.232956 0.040000 0.100000
1 0.428662 0.232516 0.040000 0.100000
1 0.456842 0.231635 0.040000 0.100000
1 0.465648 0.231195 0.040000 0.100000
1 0.645475 0.233042 0.040000 0.100000
1 0.664848 0.233923 0.040000 0.100000
1 0.687744 0.233042 0.040000 0.100000
1 0.592197 0.231721 0.040000 0.100000
1 0.573705 0.232162 0.040000 0.100000
1 0.556533 0.232602 0.040000 0.100000
1 0.538040 0.232162 0.040000 0.100000
1 0.519987 0.230841 0.040000 0.100000
1 0.437858 0.232529 0.040000 0.100000
1 0.445757 0.234312 0.040000 0.100000
1 0.769160 0.271474 0.100000 0.040000
1 0.768464 0.295672 0.100000 0.040000
1 0.768464 0.319889 0.100000 0.040000
1 0.767583 0.362158 0.100000 0.040000
1 0.767583 0.382412 0.100000 0.040000
1 0.766703 0.433928 0.100000 0.040000
1 0.766703 0.451100 0.100000 0.040000
1 0.765822 0.466071 0.100000 0.040000
1 0.768497 0.473491 0.100000 0.040000
1 0.768497 0.535574 0.100000 0.040000
1 0.767617 0.550544 0.100000 0.040000
1 0.766661 0.645786 0.100000 0.040000
1 0.767541 0.622010 0.100000 0.040000
1 0.767541 0.603957 0.100000 0.040000
1 0.768422 0.584584 0.100000 0.040000
1 0.766661 0.702586 0.100000 0.040000
1 0.769302 0.726803 0.100000 0.040000
1 0.766661 0.751020 0.100000 0.040000
1 0.698413 0.767751 0.040000 0.100000
1 0.670233 0.767311 0.040000 0.100000
1 0.649979 0.768632 0.040000 0.100000
1 0.631046 0.768632 0.040000 0.100000
1 0.613073 0.768341 0.040000 0.100000
1 0.594139 0.767901 0.040000 0.100000
1 0.578288 0.768782 0.040000 0.100000
1 0.526773 0.769662 0.040000 0.100000
1 0.517966 0.767461 0.040000 0.100000
1 0.494630 0.766580 0.040000 0.100000
1 0.463809 0.767901 0.040000 0.100000
1 0.446637 0.767020 0.040000 0.100000
1 0.385143 0.767346 0.040000 0.100000
1 0.362688 0.766906 0.040000 0.100000
1 0.336269 0.768227 0.040000 0.100000
1 0.304567 0.766466 0.040000 0.100000
1 0.287836 0.766466 0.040000 0.100000
1 0.231917 0.740047 0.100000 0.040000
1 0.231917 0.714950 0.100000 0.040000
1 0.230596 0.651105 0.100000 0.040000
1 0.232357 0.623366 0.100000 0.040000
1 0.230596 0.601791 0.100000 0.040000
1 0.231917 0.577574 0.100000 0.040000
1 0.232825 0.266703 0.100000 0.040000
1 0.231503 0.290939 0.100000 0.040000
1 0.231503 0.324870 0.100000 0.040000
1 0.230182 0.339852 0.100000 0.040000
1 0.231944 0.375545 0.100000 0.040000
1 0.233266 0.366732 0.100000 0.040000
1 0.231944 0.405510 0.100000 0.040000
1 0.231503 0.426661 0.100000 0.040000
1 0.231893 0.448594 0.100000 0.040000
1 0.231012 0.466220 0.100000 0.040000
1 0.233215 0.474592 0.100000 0.040000
1 0.231893 0.496625 0.100000 0.040000
1 0.232774 0.520420 0.100000 0.040000
1 0.232774 0.534081 0.100000 0.040000
1 0.330946 0.248800 0.040000 0.100000
1 0.312893 0.248800 0.040000 0.100000
1 0.291318 0.249241 0.040000 0.100000
1 0.352521 0.247039 0.040000 0.100000
1 0.369693 0.246159 0.040000 0.100000
1 0.388626 0.247480 0.040000 0.100000
1 0.430895 0.247039 0.040000 0.100000
1 0.439701 0.246159 0.040000 0.100000
1 0.458635 0.246159 0.040000 0.100000
1 0.466560 0.246159 0.040000 0.100000
1 0.448508 0.247039 0.040000 0.100000
1 0.524240 0.247039 0.040000 0.100000
1 0.539211 0.248360 0.040000 0.100000
1 0.555502 0.247039 0.040000 0.100000
1 0.657905 0.246949 0.040000 0.100000
1 0.675077 0.248270 0.040000 0.100000
1 0.639412 0.248270 0.040000 0.100000
1 0.586135 0.247390 0.040000 0.100000
1 0.570724 0.246949 0.040000 0.100000
1 0.752131 0.278211 0.100000 0.040000
1 0.751766 0.299369 0.100000 0.040000
1 0.750886 0.321384 0.100000 0.040000
1 0.750005 0.362773 0.100000 0.040000
1 0.750886 0.379945 0.100000 0.040000
1 0.751326 0.432341 0.100000 0.040000
1 0.753087 0.448633 0.100000 0.040000
1 0.750445 0.461402 0.100000 0.040000
1 0.752207 0.471088 0.100000 0.040000
1 0.749683 0.534558 0.100000 0.040000
1 0.751444 0.550849 0.100000 0.040000
1 0.751884 0.584313 0.100000 0.040000
1 0.751004 0.601484 0.100000 0.040000
1 0.750563 0.619537 0.100000 0.040000
1 0.751004 0.638911 0.100000 0.040000
1 0.751884 0.696591 0.100000 0.040000
1 0.751004 0.717285 0.100000 0.040000
1 0.749683 0.739741 0.100000 0.040000
1 0.688920 0.752510 0.040000 0.100000
1 0.660741 0.751629 0.040000 0.100000
1 0.641808 0.751629 0.040000 0.100000
1 0.610986 0.753390 0.040000 0.100000
1 0.594695 0.754271 0.040000 0.100000
1 0.580240 0.754593 0.040000 0.100000
1 0.518597 0.754593 0.040000 0.100000
1 0.498343 0.753713 0.040000 0.100000
1 0.528284 0.754593 0.040000 0.100000
1 0.468402 0.752832 0.040000 0.100000
1 0.452551 0.754153 0.040000 0.100000
1 0.389587 0.754153 0.040000 0.100000
1 0.367572 0.753713 0.040000 0.100000
1 0.312246 0.755650 0.040000 0.100000
1 0.345116 0.754376 0.040000 0.100000
1 0.299251 0.753866 0.040000 0.100000
1 0.250035 0.727873 0.100000 0.040000
1 0.248252 0.704176 0.100000 0.040000
1 0.248832 0.635652 0.100000 0.040000
1 0.247303 0.613484 0.100000 0.040000
1 0.247812 0.592335 0.100000 0.040000
1 0.248322 0.571695 0.100000 0.040000
1 0.247622 0.528137 0.100000 0.040000
1 0.247112 0.514632 0.100000 0.040000
1 0.247622 0.499089 0.100000 0.040000
1 0.248641 0.490425 0.100000 0.040000
1 0.248386 0.471060 0.100000 0.040000
1 0.247876 0.462142 0.100000 0.040000
1 0.248641 0.446598 0.100000 0.040000
1 0.246857 0.426978 0.100000 0.040000
1 0.248713 0.408488 0.100000 0.040000
1 0.246930 0.379695 0.100000 0.040000
1 0.249223 0.364916 0.100000 0.040000
1 0.248204 0.346061 0.100000 0.040000
1 0.249733 0.331027 0.100000 0.040000
1 0.247949 0.295864 0.100000 0.040000
1 0.249059 0.274483 0.100000 0.040000
1 0.727745 0.722460 0.100000 0.040000
1 0.729948 0.705716 0.100000 0.040000
1 0.729948 0.688971 0.100000 0.040000
1 0.729507 0.629042 0.100000 0.040000
1 0.731710 0.613178 0.100000 0.040000
1 0.733032 0.599077 0.100000 0.040000
1 0.731270 0.585417 0.100000 0.040000
1 0.732001 0.550930 0.100000 0.040000
1 0.729451 0.541495 0.100000 0.040000
1 0.731746 0.533335 0.100000 0.040000
1 0.730127 0.454853 0.100000 0.040000
1 0.728799 0.430503 0.100000 0.040000
1 0.729777 0.377191 0.100000 0.040000
1 0.727737 0.363421 0.100000 0.040000
1 0.726462 0.321599 0.100000 0.040000
1 0.727737 0.304259 0.100000 0.040000
1 0.729549 0.288152 0.100000 0.040000
1 0.268857 0.283365 0.100000 0.040000
1 0.267072 0.301726 0.100000 0.040000
1 0.265541 0.334877 0.100000 0.040000
1 0.264776 0.342782 0.100000 0.040000
1 0.267072 0.351963 0.100000 0.040000
1 0.266051 0.368793 0.100000 0.040000
1 0.264776 0.384859 0.100000 0.040000
1 0.265677 0.411630 0.100000 0.040000
1 0.265167 0.427185 0.100000 0.040000
1 0.265932 0.444016 0.100000 0.040000
1 0.269247 0.457531 0.100000 0.040000
1 0.263892 0.470027 0.100000 0.040000
1 0.263892 0.485837 0.100000 0.040000
1 0.265119 0.507377 0.100000 0.040000
1 0.266649 0.522678 0.100000 0.040000
1 0.267669 0.563989 0.100000 0.040000
1 0.266394 0.583370 0.100000 0.040000
1 0.269199 0.599691 0.100000 0.040000
1 0.269454 0.617286 0.100000 0.040000
1 0.270679 0.690944 0.100000 0.040000
1 0.277310 0.707264 0.100000 0.040000
