0 0.242256 0.132645 0.031771 0.079428
0 0.281970 0.132645 0.031771 0.079428
0 0.322478 0.132645 0.031771 0.079428
0 0.358221 0.132645 0.031771 0.079428
0 0.393963 0.132645 0.031771 0.079428
0 0.428912 0.132645 0.031771 0.079428
0 0.467037 0.132645 0.031771 0.079428
0 0.521048 0.132645 0.031771 0.079428
0 0.552820 0.132645 0.031771 0.079428
0 0.586180 0.132645 0.031771 0.079428
0 0.621128 0.132645 0.031771 0.079428
0 0.658459 0.132645 0.031771 0.079428
0 0.707705 0.132645 0.031771 0.079428
0 0.745036 0.132645 0.031771 0.079428
0 0.786338 0.132645 0.031771 0.079428
0 0.867355 0.193805 0.079428 0.031771
0 0.867355 0.235107 0.079428 0.031771
0 0.867355 0.274821 0.079428 0.031771
0 0.867355 0.319301 0.079428 0.031771
0 0.867355 0.398729 0.079428 0.031771
0 0.867355 0.463860 0.079428 0.031771
0 0.867355 0.513900 0.079428 0.031771
0 0.867355 0.586180 0.079428 0.031771
0 0.867355 0.624305 0.079428 0.031771
0 0.867355 0.662431 0.079428 0.031771
0 0.867355 0.711676 0.079428 0.031771
0 0.867355 0.793487 0.079428 0.031771
0 0.792693 0.867355 0.031771 0.079428
0 0.746624 0.867355 0.031771 0.079428
0 0.702939 0.867355 0.031771 0.079428
0 0.664813 0.867355 0.031771 0.079428
0 0.629071 0.867355 0.031771 0.079428
0 0.592534 0.867355 0.031771 0.079428
0 0.523431 0.867355 0.031771 0.079428
0 0.478952 0.867355 0.031771 0.079428
0 0.444797 0.867355 0.031771 0.079428
0 0.411438 0.867355 0.031771 0.079428
0 0.364575 0.867355 0.031771 0.079428
0 0.326450 0.867355 0.031771 0.079428
0 0.286736 0.867355 0.031771 0.079428
0 0.243844 0.867355 0.031771 0.079428
0 0.202542 0.867355 0.031771 0.079428
0 0.132645 0.797458 0.079428 0.031771
0 0.132645 0.755361 0.079428 0.031771
0 0.132645 0.704527 0.079428 0.031771
0 0.132645 0.662431 0.079428 0.031771
0 0.132645 0.622716 0.079428 0.031771
0 0.132645 0.585385 0.079428 0.031771
0 0.132645 0.549643 0.079428 0.031771
0 0.132645 0.513900 0.079428 0.031771
0 0.132645 0.471803 0.079428 0.031771
0 0.132645 0.435266 0.079428 0.031771
0 0.132645 0.401112 0.079428 0.031771
0 0.132645 0.365369 0.079428 0.031771
0 0.132645 0.332010 0.079428 0.031771
0 0.132645 0.288324 0.079428 0.031771
0 0.132645 0.236696 0.079428 0.031771
0 0.132645 0.196187 0.079428 0.031771
0 0.208102 0.142176 0.031771 0.079428
0 0.247816 0.142176 0.031771 0.079428
0 0.285147 0.142176 0.031771 0.079428
0 0.323272 0.142176 0.031771 0.079428
0 0.357427 0.142176 0.031771 0.079428
0 0.391581 0.142176 0.031771 0.079428
0 0.428912 0.142176 0.031771 0.079428
0 0.465449 0.142176 0.031771 0.079428
0 0.521048 0.142176 0.031771 0.079428
0 0.550437 0.142176 0.031771 0.079428
0 0.583002 0.142176 0.031771 0.079428
0 0.614774 0.142176 0.031771 0.079428
0 0.650516 0.142176 0.031771 0.079428
0 0.700556 0.142176 0.031771 0.079428
0 0.737093 0.142176 0.031771 0.079428
0 0.774424 0.142176 0.031771 0.079428
0 0.857824 0.197776 0.079428 0.031771
0 0.857824 0.237490 0.079428 0.031771
0 0.857824 0.275616 0.079428 0.031771
0 0.857824 0.319301 0.079428 0.031771
0 0.857824 0.353455 0.079428 0.031771
0 0.857824 0.398729 0.079428 0.031771
0 0.857824 0.460683 0.079428 0.031771
0 0.857824 0.516283 0.079428 0.031771
0 0.857824 0.550437 0.079428 0.031771
0 0.857824 0.583002 0.079428 0.031771
0 0.857824 0.618745 0.079428 0.031771
0 0.857824 0.656871 0.079428 0.031771
0 0.857824 0.706116 0.079428 0.031771
0 0.857824 0.745036 0.079428 0.031771
0 0.779984 0.857824 0.031771 0.079428
0 0.736299 0.857824 0.031771 0.079428
0 0.694202 0.857824 0.031771 0.079428
0 0.657665 0.857824 0.031771 0.079428
0 0.623511 0.857824 0.031771 0.079428
0 0.590945 0.857824 0.031771 0.079428
0 0.555997 0.857824 0.031771 0.079428
0 0.521843 0.857824 0.031771 0.079428
0 0.478952 0.857824 0.031771 0.079428
0 0.445592 0.857824 0.031771 0.079428
0 0.365369 0.857824 0.031771 0.079428
0 0.328038 0.857824 0.031771 0.079428
0 0.289118 0.857824 0.031771 0.079428
0 0.247816 0.857824 0.031771 0.079428
0 0.208896 0.857824 0.031771 0.079428
0 0.142176 0.788721 0.079428 0.031771
0 0.142176 0.749007 0.079428 0.031771
0 0.142176 0.694996 0.079428 0.031771
0 0.142176 0.656076 0.079428 0.031771
0 0.142176 0.617156 0.079428 0.031771
0 0.142176 0.581414 0.079428 0.031771
0 0.142176 0.545671 0.079428 0.031771
0 0.142176 0.509929 0.079428 0.031771
0 0.142176 0.469420 0.079428 0.031771
0 0.142176 0.432883 0.079428 0.031771
0 0.142176 0.400318 0.079428 0.031771
0 0.142176 0.365369 0.079428 0.031771
0 0.142176 0.334392 0.079428 0.031771
0 0.142176 0.291501 0.079428 0.031771
0 0.142176 0.239873 0.079428 0.031771
0 0.142176 0.200953 0.079428 0.031771
0 0.212073 0.146942 0.031771 0.079428
0 0.250199 0.146942 0.031771 0.079428
0 0.286736 0.146942 0.031771 0.079428
0 0.324067 0.146942 0.031771 0.079428
0 0.390786 0.146942 0.031771 0.079428
0 0.428118 0.146942 0.031771 0.079428
0 0.464654 0.146942 0.031771 0.079428
0 0.520254 0.146942 0.031771 0.079428
0 0.580620 0.146942 0.031771 0.079428
0 0.613185 0.146942 0.031771 0.079428
0 0.645751 0.146942 0.031771 0.079428
0 0.696585 0.146942 0.031771 0.079428
0 0.732327 0.146942 0.031771 0.079428
0 0.767276 0.146942 0.031771 0.079428
0 0.853058 0.200159 0.079428 0.031771
0 0.853058 0.320095 0.079428 0.031771
0 0.853058 0.353455 0.079428 0.031771
0 0.853058 0.429706 0.079428 0.031771
0 0.853058 0.463860 0.079428 0.031771
0 0.853058 0.516283 0.079428 0.031771
0 0.853058 0.617156 0.079428 0.031771
0 0.853058 0.653693 0.079428 0.031771
0 0.853058 0.702939 0.079428 0.031771
0 0.853058 0.779984 0.079428 0.031771
0 0.773630 0.853058 0.031771 0.079428
0 0.731533 0.853058 0.031771 0.079428
0 0.690230 0.853058 0.031771 0.079428
0 0.654488 0.853058 0.031771 0.079428
0 0.623511 0.853058 0.031771 0.079428
0 0.589357 0.853058 0.031771 0.079428
0 0.521048 0.853058 0.031771 0.079428
0 0.479746 0.853058 0.031771 0.079428
0 0.445592 0.853058 0.031771 0.079428
0 0.413026 0.853058 0.031771 0.079428
0 0.329627 0.853058 0.031771 0.079428
0 0.290707 0.853058 0.031771 0.079428
0 0.250199 0.853058 0.031771 0.079428
0 0.212073 0.853058 0.031771 0.079428
0 0.146942 0.785544 0.079428 0.031771
0 0.146942 0.745036 0.079428 0.031771
0 0.146942 0.690230 0.079428 0.031771
0 0.146942 0.651311 0.079428 0.031771
0 0.146942 0.614774 0.079428 0.031771
0 0.146942 0.579031 0.079428 0.031771
0 0.146942 0.542494 0.079428 0.031771
0 0.146942 0.508340 0.079428 0.031771
0 0.146942 0.467832 0.079428 0.031771
0 0.146942 0.432089 0.079428 0.031771
0 0.146942 0.399523 0.079428 0.031771
0 0.146942 0.366164 0.079428 0.031771
0 0.146942 0.335187 0.079428 0.031771
0 0.146942 0.293090 0.079428 0.031771
0 0.146942 0.241461 0.079428 0.031771
0 0.146942 0.203336 0.079428 0.031771
0 0.215250 0.151708 0.031771 0.079428
0 0.251787 0.151708 0.031771 0.079428
0 0.288324 0.151708 0.031771 0.079428
0 0.324861 0.151708 0.031771 0.079428
0 0.356632 0.151708 0.031771 0.079428
0 0.389198 0.151708 0.031771 0.079428
0 0.428118 0.151708 0.031771 0.079428
0 0.464654 0.151708 0.031771 0.079428
0 0.579031 0.151708 0.031771 0.079428
0 0.610008 0.151708 0.031771 0.079428
0 0.642573 0.151708 0.031771 0.079428
0 0.693407 0.151708 0.031771 0.079428
0 0.727562 0.151708 0.031771 0.079428
0 0.761716 0.151708 0.031771 0.079428
0 0.848292 0.276410 0.079428 0.031771
0 0.848292 0.352661 0.079428 0.031771
0 0.848292 0.397935 0.079428 0.031771
0 0.848292 0.515488 0.079428 0.031771
0 0.848292 0.548848 0.079428 0.031771
0 0.848292 0.614774 0.079428 0.031771
0 0.848292 0.650516 0.079428 0.031771
0 0.848292 0.700556 0.079428 0.031771
0 0.848292 0.737887 0.079428 0.031771
0 0.768070 0.848292 0.031771 0.079428
0 0.725973 0.848292 0.031771 0.079428
0 0.686259 0.848292 0.031771 0.079428
0 0.652105 0.848292 0.031771 0.079428
0 0.621922 0.848292 0.031771 0.079428
0 0.589357 0.848292 0.031771 0.079428
0 0.555997 0.848292 0.031771 0.079428
0 0.445592 0.848292 0.031771 0.079428
0 0.415409 0.848292 0.031771 0.079428
0 0.366958 0.848292 0.031771 0.079428
0 0.293090 0.848292 0.031771 0.079428
0 0.252581 0.848292 0.031771 0.079428
0 0.215250 0.848292 0.031771 0.079428
0 0.151708 0.780778 0.079428 0.031771
0 0.151708 0.741859 0.079428 0.031771
0 0.151708 0.686259 0.079428 0.031771
0 0.151708 0.648133 0.079428 0.031771
0 0.151708 0.611597 0.079428 0.031771
0 0.151708 0.577442 0.079428 0.031771
0 0.151708 0.540905 0.079428 0.031771
0 0.151708 0.506751 0.079428 0.031771
0 0.151708 0.467037 0.079428 0.031771
0 0.151708 0.431295 0.079428 0.031771
0 0.151708 0.399523 0.079428 0.031771
0 0.151708 0.336775 0.079428 0.031771
0 0.151708 0.294678 0.079428 0.031771
0 0.151708 0.242256 0.079428 0.031771
0 0.151708 0.205719 0.079428 0.031771
0 0.219222 0.156473 0.031771 0.079428
0 0.289913 0.156473 0.031771 0.079428
0 0.324861 0.156473 0.031771 0.079428
0 0.355838 0.156473 0.031771 0.079428
0 0.389198 0.156473 0.031771 0.079428
0 0.427323 0.156473 0.031771 0.079428
0 0.578237 0.156473 0.031771 0.079428
0 0.607625 0.156473 0.031771 0.079428
0 0.639396 0.156473 0.031771 0.079428
0 0.690230 0.156473 0.031771 0.079428
0 0.755361 0.156473 0.031771 0.079428
0 0.843527 0.204130 0.079428 0.031771
0 0.843527 0.320095 0.079428 0.031771
0 0.843527 0.352661 0.079428 0.031771
0 0.843527 0.455917 0.079428 0.031771
0 0.843527 0.510723 0.079428 0.031771
0 0.843527 0.648133 0.079428 0.031771
0 0.843527 0.698173 0.079428 0.031771
0 0.843527 0.734710 0.079428 0.031771
0 0.763304 0.843527 0.031771 0.079428
0 0.619539 0.843527 0.031771 0.079428
0 0.587768 0.843527 0.031771 0.079428
0 0.520254 0.843527 0.031771 0.079428
0 0.416203 0.843527 0.031771 0.079428
0 0.366958 0.843527 0.031771 0.079428
0 0.332010 0.843527 0.031771 0.079428
0 0.254170 0.843527 0.031771 0.079428
0 0.217633 0.843527 0.031771 0.079428
0 0.156473 0.776013 0.079428 0.031771
0 0.156473 0.738681 0.079428 0.031771
0 0.156473 0.680699 0.079428 0.031771
0 0.156473 0.644956 0.079428 0.031771
0 0.156473 0.609214 0.079428 0.031771
0 0.156473 0.575060 0.079428 0.031771
0 0.156473 0.538523 0.079428 0.031771
0 0.156473 0.505163 0.079428 0.031771
0 0.156473 0.465449 0.079428 0.031771
0 0.156473 0.430500 0.079428 0.031771
0 0.156473 0.399523 0.079428 0.031771
0 0.156473 0.366958 0.079428 0.031771
0 0.156473 0.337569 0.079428 0.031771
0 0.156473 0.296267 0.079428 0.031771
0 0.156473 0.243844 0.079428 0.031771
0 0.156473 0.208102 0.079428 0.031771
0 0.221604 0.161239 0.031771 0.079428
0 0.257347 0.161239 0.031771 0.079428
0 0.292295 0.161239 0.031771 0.079428
0 0.325655 0.161239 0.031771 0.079428
0 0.356632 0.161239 0.031771 0.079428
0 0.387609 0.161239 0.031771 0.079428
0 0.427323 0.161239 0.031771 0.079428
0 0.463066 0.161239 0.031771 0.079428
0 0.520254 0.161239 0.031771 0.079428
0 0.547260 0.161239 0.031771 0.079428
0 0.576648 0.161239 0.031771 0.079428
0 0.635425 0.161239 0.031771 0.079428
0 0.749801 0.161239 0.031771 0.079428
0 0.838761 0.397935 0.079428 0.031771
0 0.838761 0.427323 0.079428 0.031771
0 0.838761 0.455123 0.079428 0.031771
0 0.838761 0.514694 0.079428 0.031771
0 0.838761 0.610802 0.079428 0.031771
0 0.838761 0.732327 0.079428 0.031771
0 0.717236 0.838761 0.031771 0.079428
0 0.679110 0.838761 0.031771 0.079428
0 0.555997 0.838761 0.031771 0.079428
0 0.519460 0.838761 0.031771 0.079428
0 0.480540 0.838761 0.031771 0.079428
0 0.417792 0.838761 0.031771 0.079428
0 0.333598 0.838761 0.031771 0.079428
0 0.296267 0.838761 0.031771 0.079428
0 0.257347 0.838761 0.031771 0.079428
0 0.220810 0.838761 0.031771 0.079428
0 0.161239 0.772041 0.079428 0.031771
0 0.161239 0.734710 0.079428 0.031771
0 0.161239 0.677522 0.079428 0.031771
0 0.161239 0.640985 0.079428 0.031771
0 0.161239 0.606831 0.079428 0.031771
0 0.161239 0.573471 0.079428 0.031771
0 0.161239 0.536934 0.079428 0.031771
0 0.161239 0.502780 0.079428 0.031771
0 0.161239 0.463860 0.079428 0.031771
0 0.161239 0.429706 0.079428 0.031771
0 0.161239 0.399523 0.079428 0.031771
0 0.161239 0.367752 0.079428 0.031771
0 0.161239 0.339158 0.079428 0.031771
0 0.161239 0.297855 0.079428 0.031771
0 0.161239 0.245433 0.079428 0.031771
0 0.161239 0.210485 0.079428 0.031771
0 0.204925 0.137411 0.031771 0.079428
0 0.245433 0.137411 0.031771 0.079428
0 0.283558 0.137411 0.031771 0.079428
0 0.322478 0.137411 0.031771 0.079428
0 0.357427 0.137411 0.031771 0.079428
0 0.392375 0.137411 0.031771 0.079428
0 0.428912 0.137411 0.031771 0.079428
0 0.466243 0.137411 0.031771 0.079428
0 0.521843 0.137411 0.031771 0.079428
0 0.552025 0.137411 0.031771 0.079428
0 0.584591 0.137411 0.031771 0.079428
0 0.617951 0.137411 0.031771 0.079428
0 0.653693 0.137411 0.031771 0.079428
0 0.703733 0.137411 0.031771 0.079428
0 0.741064 0.137411 0.031771 0.079428
0 0.780778 0.137411 0.031771 0.079428
0 0.862589 0.196187 0.079428 0.031771
0 0.862589 0.235902 0.079428 0.031771
0 0.862589 0.275616 0.079428 0.031771
0 0.862589 0.319301 0.079428 0.031771
0 0.862589 0.355044 0.079428 0.031771
0 0.862589 0.398729 0.079428 0.031771
0 0.862589 0.431295 0.079428 0.031771
0 0.862589 0.462272 0.079428 0.031771
0 0.862589 0.513900 0.079428 0.031771
0 0.862589 0.551231 0.079428 0.031771
0 0.862589 0.584591 0.079428 0.031771
0 0.862589 0.621922 0.079428 0.031771
0 0.862589 0.660048 0.079428 0.031771
0 0.862589 0.748213 0.079428 0.031771
0 0.862589 0.789515 0.079428 0.031771
0 0.785544 0.862589 0.031771 0.079428
0 0.741064 0.862589 0.031771 0.079428
0 0.698967 0.862589 0.031771 0.079428
0 0.661636 0.862589 0.031771 0.079428
0 0.626688 0.862589 0.031771 0.079428
0 0.556791 0.862589 0.031771 0.079428
0 0.521843 0.862589 0.031771 0.079428
0 0.479746 0.862589 0.031771 0.079428
0 0.445592 0.862589 0.031771 0.079428
0 0.411438 0.862589 0.031771 0.079428
0 0.365369 0.862589 0.031771 0.079428
0 0.327244 0.862589 0.031771 0.079428
0 0.287530 0.862589 0.031771 0.079428
0 0.205719 0.862589 0.031771 0.079428
0 0.137411 0.793487 0.079428 0.031771
0 0.137411 0.752184 0.079428 0.031771
0 0.137411 0.700556 0.079428 0.031771
0 0.137411 0.659253 0.079428 0.031771
0 0.137411 0.620334 0.079428 0.031771
0 0.137411 0.583797 0.079428 0.031771
0 0.137411 0.547260 0.079428 0.031771
0 0.137411 0.512311 0.079428 0.031771
0 0.137411 0.470214 0.079428 0.031771
0 0.137411 0.433678 0.079428 0.031771
0 0.137411 0.400318 0.079428 0.031771
0 0.137411 0.365369 0.079428 0.031771
0 0.137411 0.332804 0.079428 0.031771
0 0.137411 0.289913 0.079428 0.031771
0 0.137411 0.198570 0.079428 0.031771
1 0.817486 0.215319 0.100000 0.040000
1 0.726266 0.182194 0.040000 0.100000
1 0.817741 0.247680 0.100000 0.040000
1 0.815445 0.279919 0.100000 0.040000
1 0.817228 0.322981 0.100000 0.040000
1 0.814426 0.350245 0.100000 0.040000
1 0.816781 0.397946 0.100000 0.040000
1 0.816339 0.423603 0.100000 0.040000
1 0.815896 0.449408 0.100000 0.040000
1 0.815826 0.508443 0.100000 0.040000
1 0.815316 0.547174 0.100000 0.040000
1 0.816590 0.572909 0.100000 0.040000
1 0.815523 0.602425 0.100000 0.040000
1 0.818581 0.634276 0.100000 0.040000
1 0.815523 0.685747 0.100000 0.040000
1 0.816727 0.719657 0.100000 0.040000
1 0.816981 0.749724 0.100000 0.040000
1 0.735989 0.816454 0.040000 0.100000
1 0.698532 0.818238 0.040000 0.100000
1 0.637749 0.815915 0.040000 0.100000
1 0.665268 0.816934 0.040000 0.100000
1 0.613542 0.816170 0.040000 0.100000
1 0.586278 0.816424 0.040000 0.100000
1 0.558802 0.816381 0.040000 0.100000
1 0.483635 0.817400 0.040000 0.100000
1 0.451274 0.816635 0.040000 0.100000
1 0.425342 0.816698 0.040000 0.100000
1 0.373362 0.815169 0.040000 0.100000
1 0.341511 0.816443 0.040000 0.100000
1 0.307367 0.816188 0.040000 0.100000
1 0.236956 0.817997 0.040000 0.100000
1 0.269826 0.815194 0.040000 0.100000
1 0.184422 0.752350 0.100000 0.040000
1 0.182638 0.720754 0.100000 0.040000
1 0.183591 0.655836 0.100000 0.040000
1 0.182572 0.625514 0.100000 0.040000
1 0.187158 0.592390 0.100000 0.040000
1 0.181298 0.565890 0.100000 0.040000
1 0.182646 0.517170 0.100000 0.040000
1 0.183411 0.489141 0.100000 0.040000
1 0.183665 0.460603 0.100000 0.040000
1 0.183156 0.426204 0.100000 0.040000
1 0.184376 0.399948 0.100000 0.040000
1 0.178770 0.370135 0.100000 0.040000
1 0.182592 0.330640 0.100000 0.040000
1 0.185650 0.341852 0.100000 0.040000
1 0.183357 0.306943 0.100000 0.040000
1 0.180299 0.289617 0.100000 0.040000
1 0.181063 0.298790 0.100000 0.040000
1 0.182526 0.252905 0.100000 0.040000
1 0.183545 0.222583 0.100000 0.040000
1 0.239603 0.184872 0.040000 0.100000
1 0.270434 0.184617 0.040000 0.100000
1 0.300025 0.183721 0.040000 0.100000
1 0.330347 0.182447 0.040000 0.100000
1 0.357357 0.182702 0.040000 0.100000
1 0.384111 0.183721 0.040000 0.100000
1 0.427428 0.182447 0.040000 0.100000
1 0.441188 0.182192 0.040000 0.100000
1 0.461457 0.183535 0.040000 0.100000
1 0.521082 0.184809 0.040000 0.100000
1 0.545289 0.184554 0.040000 0.100000
1 0.570005 0.184554 0.040000 0.100000
1 0.593752 0.183485 0.040000 0.100000
1 0.621526 0.183230 0.040000 0.100000
1 0.671213 0.184504 0.040000 0.100000
1 0.699496 0.183994 0.040000 0.100000
1 0.610343 0.199343 0.040000 0.100000
1 0.585686 0.199343 0.040000 0.100000
1 0.566313 0.199783 0.040000 0.100000
1 0.545178 0.198903 0.040000 0.100000
1 0.521402 0.198462 0.040000 0.100000
1 0.426600 0.200608 0.040000 0.100000
1 0.459980 0.199334 0.040000 0.100000
1 0.442398 0.199079 0.040000 0.100000
1 0.384048 0.198570 0.040000 0.100000
1 0.467624 0.198060 0.040000 0.100000
1 0.664093 0.198963 0.040000 0.100000
1 0.687869 0.198083 0.040000 0.100000
1 0.711645 0.198083 0.040000 0.100000
1 0.802348 0.223180 0.100000 0.040000
1 0.800147 0.254001 0.100000 0.040000
1 0.800147 0.283061 0.100000 0.040000
1 0.800147 0.325771 0.100000 0.040000
1 0.802789 0.350428 0.100000 0.040000
1 0.800440 0.399398 0.100000 0.040000
1 0.800440 0.423095 0.100000 0.040000
1 0.800440 0.446792 0.100000 0.040000
1 0.800509 0.508210 0.100000 0.040000
1 0.801273 0.547195 0.100000 0.040000
1 0.801018 0.571911 0.100000 0.040000
1 0.800509 0.598921 0.100000 0.040000
1 0.800966 0.626669 0.100000 0.040000
1 0.800711 0.680943 0.100000 0.040000
1 0.802495 0.711774 0.100000 0.040000
1 0.799418 0.737739 0.100000 0.040000
1 0.721962 0.800636 0.040000 0.100000
1 0.687308 0.800126 0.040000 0.100000
1 0.655967 0.801400 0.040000 0.100000
1 0.633366 0.801095 0.040000 0.100000
1 0.611962 0.799821 0.040000 0.100000
1 0.585462 0.800331 0.040000 0.100000
1 0.561510 0.800840 0.040000 0.100000
1 0.485169 0.800348 0.040000 0.100000
1 0.515746 0.799839 0.040000 0.100000
1 0.455335 0.801086 0.040000 0.100000
1 0.431128 0.801086 0.040000 0.100000
1 0.377364 0.800577 0.040000 0.100000
1 0.345989 0.801063 0.040000 0.100000
1 0.314393 0.801063 0.040000 0.100000
1 0.278465 0.800043 0.040000 0.100000
1 0.251742 0.800807 0.040000 0.100000
1 0.198998 0.741437 0.100000 0.040000
1 0.201761 0.709230 0.100000 0.040000
1 0.199722 0.645274 0.100000 0.040000
1 0.198958 0.617755 0.100000 0.040000
1 0.201478 0.587960 0.100000 0.040000
1 0.197911 0.559931 0.100000 0.040000
1 0.196892 0.511518 0.100000 0.040000
1 0.200969 0.491898 0.100000 0.040000
1 0.196127 0.485528 0.100000 0.040000
1 0.199694 0.449051 0.100000 0.040000
1 0.195362 0.457205 0.100000 0.040000
1 0.196636 0.424335 0.100000 0.040000
1 0.198929 0.400638 0.100000 0.040000
1 0.197910 0.373883 0.100000 0.040000
1 0.198929 0.351460 0.100000 0.040000
1 0.198929 0.335917 0.100000 0.040000
1 0.199184 0.313494 0.100000 0.040000
1 0.198306 0.296270 0.100000 0.040000
1 0.199948 0.232033 0.100000 0.040000
1 0.197400 0.258024 0.100000 0.040000
1 0.255241 0.200692 0.040000 0.100000
1 0.278938 0.198399 0.040000 0.100000
1 0.358684 0.198394 0.040000 0.100000
1 0.333458 0.197884 0.040000 0.100000
1 0.306958 0.199413 0.040000 0.100000
1 0.785179 0.231741 0.100000 0.040000
1 0.784418 0.260654 0.100000 0.040000
1 0.783657 0.286522 0.100000 0.040000
1 0.782136 0.329130 0.100000 0.040000
1 0.783657 0.351955 0.100000 0.040000
1 0.784210 0.401110 0.100000 0.040000
1 0.783445 0.422259 0.100000 0.040000
1 0.782171 0.450288 0.100000 0.040000
1 0.784036 0.509835 0.100000 0.040000
1 0.784477 0.550343 0.100000 0.040000
1 0.784036 0.572799 0.100000 0.040000
1 0.784477 0.597896 0.100000 0.040000
1 0.783596 0.522164 0.100000 0.040000
1 0.784510 0.622351 0.100000 0.040000
1 0.783189 0.676949 0.100000 0.040000
1 0.784951 0.704688 0.100000 0.040000
1 0.782749 0.728905 0.100000 0.040000
1 0.710539 0.783943 0.040000 0.100000
1 0.678397 0.784383 0.040000 0.100000
1 0.648896 0.783943 0.040000 0.100000
1 0.629083 0.783943 0.040000 0.100000
1 0.610149 0.784203 0.040000 0.100000
1 0.588134 0.783763 0.040000 0.100000
1 0.564798 0.785084 0.040000 0.100000
1 0.522969 0.783763 0.040000 0.100000
1 0.489506 0.784203 0.040000 0.100000
1 0.459565 0.784644 0.040000 0.100000
1 0.437990 0.784644 0.040000 0.100000
1 0.381111 0.784406 0.040000 0.100000
1 0.352492 0.784846 0.040000 0.100000
1 0.323431 0.785287 0.040000 0.100000
1 0.287767 0.784846 0.040000 0.100000
1 0.264431 0.784406 0.040000 0.100000
1 0.215997 0.731129 0.100000 0.040000
1 0.215116 0.701188 0.100000 0.040000
1 0.215476 0.633730 0.100000 0.040000
1 0.214595 0.608633 0.100000 0.040000
1 0.214595 0.582214 0.100000 0.040000
1 0.215035 0.556677 0.100000 0.040000
1 0.214155 0.507803 0.100000 0.040000
1 0.214155 0.482705 0.100000 0.040000
1 0.214595 0.456287 0.100000 0.040000
1 0.214123 0.424853 0.100000 0.040000
1 0.214123 0.402837 0.100000 0.040000
1 0.213683 0.379501 0.100000 0.040000
1 0.215004 0.341195 0.100000 0.040000
1 0.215004 0.357926 0.100000 0.040000
1 0.215004 0.320060 0.100000 0.040000
1 0.215004 0.303769 0.100000 0.040000
1 0.215444 0.266343 0.100000 0.040000
1 0.214563 0.241245 0.100000 0.040000
1 0.266519 0.214827 0.040000 0.100000
1 0.290736 0.214827 0.040000 0.100000
1 0.314513 0.215708 0.040000 0.100000
1 0.340050 0.216148 0.040000 0.100000
1 0.362506 0.216588 0.040000 0.100000
1 0.523578 0.213342 0.040000 0.100000
1 0.543392 0.215544 0.040000 0.100000
1 0.564086 0.213342 0.040000 0.100000
1 0.582139 0.214223 0.040000 0.100000
1 0.601512 0.213342 0.040000 0.100000
1 0.654349 0.215104 0.040000 0.100000
1 0.677685 0.216424 0.040000 0.100000
1 0.696618 0.215544 0.040000 0.100000
1 0.465458 0.213342 0.040000 0.100000
1 0.442562 0.213342 0.040000 0.100000
1 0.427592 0.214223 0.040000 0.100000
1 0.459734 0.215104 0.040000 0.100000
1 0.768452 0.241711 0.100000 0.040000
1 0.768452 0.266809 0.100000 0.040000
1 0.768452 0.290145 0.100000 0.040000
1 0.768012 0.332414 0.100000 0.040000
1 0.768452 0.352668 0.100000 0.040000
1 0.683473 0.231144 0.040000 0.100000
1 0.668503 0.231144 0.040000 0.100000
1 0.648689 0.231584 0.040000 0.100000
1 0.767571 0.405065 0.100000 0.040000
1 0.767571 0.423117 0.100000 0.040000
1 0.767967 0.443806 0.100000 0.040000
1 0.768848 0.512054 0.100000 0.040000
1 0.768408 0.553002 0.100000 0.040000
1 0.594683 0.231488 0.040000 0.100000
1 0.576190 0.231488 0.040000 0.100000
1 0.560339 0.231488 0.040000 0.100000
1 0.542286 0.231488 0.040000 0.100000
1 0.526435 0.231929 0.040000 0.100000
1 0.466114 0.231929 0.040000 0.100000
1 0.459069 0.231048 0.040000 0.100000
1 0.430009 0.233249 0.040000 0.100000
1 0.445419 0.231929 0.040000 0.100000
1 0.365909 0.232578 0.040000 0.100000
1 0.385282 0.229937 0.040000 0.100000
1 0.344774 0.230377 0.040000 0.100000
1 0.323640 0.231257 0.040000 0.100000
1 0.303386 0.232138 0.040000 0.100000
1 0.281811 0.231698 0.040000 0.100000
1 0.230735 0.251952 0.100000 0.040000
1 0.230735 0.273527 0.100000 0.040000
1 0.229414 0.308751 0.100000 0.040000
1 0.229855 0.327244 0.100000 0.040000
1 0.229855 0.347498 0.100000 0.040000
1 0.230295 0.362909 0.100000 0.040000
1 0.228974 0.383163 0.100000 0.040000
1 0.228534 0.405618 0.100000 0.040000
1 0.229680 0.426617 0.100000 0.040000
1 0.230121 0.447752 0.100000 0.040000
1 0.230121 0.456998 0.100000 0.040000
1 0.230561 0.479894 0.100000 0.040000
1 0.232322 0.486059 0.100000 0.040000
1 0.231882 0.503671 0.100000 0.040000
1 0.231442 0.516880 0.100000 0.040000
1 0.231001 0.552985 0.100000 0.040000
1 0.230561 0.577202 0.100000 0.040000
1 0.231001 0.601859 0.100000 0.040000
1 0.231001 0.623434 0.100000 0.040000
1 0.230778 0.694237 0.100000 0.040000
1 0.230778 0.722416 0.100000 0.040000
1 0.278771 0.767768 0.040000 0.100000
1 0.298585 0.769969 0.040000 0.100000
1 0.333369 0.769529 0.040000 0.100000
1 0.359787 0.767327 0.040000 0.100000
1 0.385325 0.770409 0.040000 0.100000
1 0.568729 0.768565 0.040000 0.100000
1 0.589864 0.768125 0.040000 0.100000
1 0.609237 0.767245 0.040000 0.100000
1 0.625969 0.768565 0.040000 0.100000
1 0.644462 0.768565 0.040000 0.100000
1 0.670440 0.768565 0.040000 0.100000
1 0.698619 0.769446 0.040000 0.100000
1 0.768145 0.721030 0.100000 0.040000
1 0.767705 0.699455 0.100000 0.040000
1 0.767265 0.673037 0.100000 0.040000
1 0.767265 0.617999 0.100000 0.040000
1 0.767705 0.595103 0.100000 0.040000
1 0.769026 0.573528 0.100000 0.040000
1 0.524223 0.767847 0.040000 0.100000
1 0.492081 0.768287 0.040000 0.100000
1 0.462581 0.768287 0.040000 0.100000
1 0.444968 0.769168 0.040000 0.100000
1 0.753006 0.251500 0.100000 0.040000
1 0.753006 0.274836 0.100000 0.040000
1 0.753006 0.294209 0.100000 0.040000
1 0.753006 0.336479 0.100000 0.040000
1 0.753446 0.354971 0.100000 0.040000
1 0.752606 0.406989 0.100000 0.040000
1 0.751725 0.423280 0.100000 0.040000
1 0.752606 0.442654 0.100000 0.040000
1 0.752606 0.449258 0.100000 0.040000
1 0.753486 0.515304 0.100000 0.040000
1 0.752606 0.528073 0.100000 0.040000
1 0.752166 0.557133 0.100000 0.040000
1 0.752234 0.575973 0.100000 0.040000
1 0.752675 0.594906 0.100000 0.040000
1 0.752675 0.615600 0.100000 0.040000
1 0.752675 0.672400 0.100000 0.040000
1 0.753115 0.693975 0.100000 0.040000
1 0.752675 0.713348 0.100000 0.040000
1 0.662852 0.753856 0.040000 0.100000
1 0.690342 0.752469 0.040000 0.100000
1 0.639914 0.752591 0.040000 0.100000
1 0.623622 0.753912 0.040000 0.100000
1 0.609973 0.753471 0.040000 0.100000
1 0.591920 0.754352 0.040000 0.100000
1 0.573868 0.753912 0.040000 0.100000
1 0.526755 0.754352 0.040000 0.100000
1 0.453298 0.752450 0.040000 0.100000
1 0.390334 0.753771 0.040000 0.100000
1 0.366117 0.753771 0.040000 0.100000
1 0.343221 0.752890 0.040000 0.100000
1 0.311960 0.752450 0.040000 0.100000
1 0.293467 0.752890 0.040000 0.100000
1 0.245914 0.712822 0.100000 0.040000
1 0.245914 0.687725 0.100000 0.040000
1 0.519204 0.753290 0.040000 0.100000
1 0.496308 0.754171 0.040000 0.100000
1 0.468569 0.753290 0.040000 0.100000
1 0.246641 0.615066 0.100000 0.040000
1 0.245320 0.595252 0.100000 0.040000
1 0.247082 0.573677 0.100000 0.040000
1 0.246201 0.552983 0.100000 0.040000
1 0.245761 0.514236 0.100000 0.040000
1 0.246641 0.500146 0.100000 0.040000
1 0.246641 0.484295 0.100000 0.040000
1 0.246641 0.477691 0.100000 0.040000
1 0.245597 0.456151 0.100000 0.040000
1 0.245597 0.446465 0.100000 0.040000
1 0.245156 0.427972 0.100000 0.040000
1 0.246477 0.410360 0.100000 0.040000
1 0.247358 0.390546 0.100000 0.040000
1 0.246917 0.369852 0.100000 0.040000
1 0.246917 0.352680 0.100000 0.040000
1 0.246917 0.333306 0.100000 0.040000
1 0.246477 0.325821 0.100000 0.040000
1 0.246477 0.315694 0.100000 0.040000
1 0.247358 0.281791 0.100000 0.040000
1 0.248238 0.261977 0.100000 0.040000
1 0.297993 0.247887 0.040000 0.100000
1 0.312963 0.247006 0.040000 0.100000
1 0.332777 0.246566 0.040000 0.100000
1 0.350829 0.246566 0.040000 0.100000
1 0.369011 0.246490 0.040000 0.100000
1 0.384862 0.246490 0.040000 0.100000
1 0.429332 0.245610 0.040000 0.100000
1 0.439459 0.246050 0.040000 0.100000
1 0.447825 0.246490 0.040000 0.100000
1 0.460154 0.245610 0.040000 0.100000
1 0.467199 0.246490 0.040000 0.100000
1 0.528401 0.245169 0.040000 0.100000
1 0.543371 0.247371 0.040000 0.100000
1 0.556540 0.246462 0.040000 0.100000
1 0.571950 0.246462 0.040000 0.100000
1 0.587361 0.246022 0.040000 0.100000
1 0.642399 0.246022 0.040000 0.100000
1 0.659571 0.245141 0.040000 0.100000
1 0.671019 0.247343 0.040000 0.100000
1 0.723999 0.270555 0.040000 0.100000
1 0.723559 0.289048 0.100000 0.040000
1 0.717835 0.304899 0.100000 0.040000
1 0.731044 0.342765 0.100000 0.040000
1 0.723999 0.359056 0.100000 0.040000
1 0.729723 0.411453 0.100000 0.040000
1 0.729283 0.426423 0.100000 0.040000
1 0.729283 0.440072 0.100000 0.040000
1 0.728402 0.449759 0.100000 0.040000
1 0.728254 0.518856 0.100000 0.040000
1 0.729273 0.533890 0.100000 0.040000
1 0.729783 0.565231 0.100000 0.040000
1 0.733860 0.579500 0.100000 0.040000
1 0.729273 0.595808 0.100000 0.040000
1 0.732076 0.611351 0.100000 0.040000
1 0.731382 0.671091 0.100000 0.040000
1 0.732656 0.689182 0.100000 0.040000
1 0.724247 0.701667 0.100000 0.040000
1 0.271643 0.699176 0.100000 0.040000
1 0.268331 0.677772 0.100000 0.040000
1 0.267800 0.602443 0.100000 0.040000
1 0.268055 0.585625 0.100000 0.040000
1 0.269329 0.568044 0.100000 0.040000
1 0.263468 0.550972 0.100000 0.040000
1 0.272846 0.511514 0.100000 0.040000
1 0.264437 0.505654 0.100000 0.040000
1 0.266221 0.495716 0.100000 0.040000
1 0.268769 0.481957 0.100000 0.040000
1 0.269788 0.473039 0.100000 0.040000
1 0.269279 0.455457 0.100000 0.040000
1 0.266985 0.446284 0.100000 0.040000
1 0.268514 0.429976 0.100000 0.040000
1 0.266985 0.414433 0.100000 0.040000
1 0.266731 0.397361 0.100000 0.040000
1 0.270044 0.379334 0.100000 0.040000
1 0.267241 0.368887 0.100000 0.040000
1 0.268006 0.360224 0.100000 0.040000
1 0.270554 0.345700 0.100000 0.040000
1 0.267496 0.335507 0.100000 0.040000
1 0.269280 0.325315 0.100000 0.040000
1 0.270044 0.291171 0.100000 0.040000
1 0.273102 0.276647 0.100000 0.040000
