0 0.201747 0.135028 0.031771 0.079428
0 0.243844 0.135028 0.031771 0.079428
0 0.282764 0.135028 0.031771 0.079428
0 0.323272 0.135028 0.031771 0.079428
0 0.359809 0.135028 0.031771 0.079428
0 0.395552 0.135028 0.031771 0.079428
0 0.428912 0.135028 0.031771 0.079428
0 0.466243 0.135028 0.031771 0.079428
0 0.521048 0.135028 0.031771 0.079428
0 0.552025 0.135028 0.031771 0.079428
0 0.584591 0.135028 0.031771 0.079428
0 0.620334 0.135028 0.031771 0.079428
0 0.655282 0.135028 0.031771 0.079428
0 0.704527 0.135028 0.031771 0.079428
0 0.744241 0.135028 0.031771 0.079428
0 0.784750 0.135028 0.031771 0.079428
0 0.864972 0.196982 0.079428 0.031771
0 0.864972 0.276410 0.079428 0.031771
0 0.864972 0.320890 0.079428 0.031771
0 0.864972 0.356632 0.079428 0.031771
0 0.864972 0.400318 0.079428 0.031771
0 0.864972 0.433678 0.079428 0.031771
0 0.864972 0.464654 0.079428 0.031771
0 0.864972 0.517077 0.079428 0.031771
0 0.864972 0.557585 0.079428 0.031771
0 0.864972 0.589357 0.079428 0.031771
0 0.864972 0.625894 0.079428 0.031771
0 0.864972 0.664019 0.079428 0.031771
0 0.864972 0.712470 0.079428 0.031771
0 0.864972 0.752184 0.079428 0.031771
0 0.864972 0.792693 0.079428 0.031771
0 0.791898 0.864972 0.031771 0.079428
0 0.748213 0.864972 0.031771 0.079428
0 0.706116 0.864972 0.031771 0.079428
0 0.667990 0.864972 0.031771 0.079428
0 0.631454 0.864972 0.031771 0.079428
0 0.595711 0.864972 0.031771 0.079428
0 0.560763 0.864972 0.031771 0.079428
0 0.524226 0.864972 0.031771 0.079428
0 0.480540 0.864972 0.031771 0.079428
0 0.445592 0.864972 0.031771 0.079428
0 0.412232 0.864972 0.031771 0.079428
0 0.365369 0.864972 0.031771 0.079428
0 0.327244 0.864972 0.031771 0.079428
0 0.287530 0.864972 0.031771 0.079428
0 0.247021 0.864972 0.031771 0.079428
0 0.204130 0.864972 0.031771 0.079428
0 0.135028 0.795075 0.079428 0.031771
0 0.135028 0.753773 0.079428 0.031771
0 0.135028 0.702939 0.079428 0.031771
0 0.135028 0.660842 0.079428 0.031771
0 0.135028 0.623511 0.079428 0.031771
0 0.135028 0.584591 0.079428 0.031771
0 0.135028 0.548848 0.079428 0.031771
0 0.135028 0.513106 0.079428 0.031771
0 0.135028 0.471803 0.079428 0.031771
0 0.135028 0.435266 0.079428 0.031771
0 0.135028 0.401112 0.079428 0.031771
0 0.135028 0.366164 0.079428 0.031771
0 0.135028 0.332804 0.079428 0.031771
0 0.135028 0.289118 0.079428 0.031771
0 0.135028 0.237490 0.079428 0.031771
0 0.135028 0.196982 0.079428 0.031771
0 0.208102 0.144559 0.031771 0.079428
0 0.247816 0.144559 0.031771 0.079428
0 0.285941 0.144559 0.031771 0.079428
0 0.324861 0.144559 0.031771 0.079428
0 0.359809 0.144559 0.031771 0.079428
0 0.392375 0.144559 0.031771 0.079428
0 0.427323 0.144559 0.031771 0.079428
0 0.464654 0.144559 0.031771 0.079428
0 0.520254 0.144559 0.031771 0.079428
0 0.550437 0.144559 0.031771 0.079428
0 0.581414 0.144559 0.031771 0.079428
0 0.614774 0.144559 0.031771 0.079428
0 0.647339 0.144559 0.031771 0.079428
0 0.697379 0.144559 0.031771 0.079428
0 0.735504 0.144559 0.031771 0.079428
0 0.772041 0.144559 0.031771 0.079428
0 0.855441 0.200953 0.079428 0.031771
0 0.855441 0.239873 0.079428 0.031771
0 0.855441 0.277204 0.079428 0.031771
0 0.855441 0.320890 0.079428 0.031771
0 0.855441 0.355838 0.079428 0.031771
0 0.855441 0.400318 0.079428 0.031771
0 0.855441 0.463066 0.079428 0.031771
0 0.855441 0.516283 0.079428 0.031771
0 0.855441 0.557585 0.079428 0.031771
0 0.855441 0.587768 0.079428 0.031771
0 0.855441 0.621922 0.079428 0.031771
0 0.855441 0.659253 0.079428 0.031771
0 0.855441 0.707705 0.079428 0.031771
0 0.855441 0.745830 0.079428 0.031771
0 0.855441 0.783956 0.079428 0.031771
0 0.780778 0.855441 0.031771 0.079428
0 0.739476 0.855441 0.031771 0.079428
0 0.698967 0.855441 0.031771 0.079428
0 0.661636 0.855441 0.031771 0.079428
0 0.628276 0.855441 0.031771 0.079428
0 0.594122 0.855441 0.031771 0.079428
0 0.560763 0.855441 0.031771 0.079428
0 0.522637 0.855441 0.031771 0.079428
0 0.480540 0.855441 0.031771 0.079428
0 0.446386 0.855441 0.031771 0.079428
0 0.413820 0.855441 0.031771 0.079428
0 0.366958 0.855441 0.031771 0.079428
0 0.329627 0.855441 0.031771 0.079428
0 0.290707 0.855441 0.031771 0.079428
0 0.250993 0.855441 0.031771 0.079428
0 0.209690 0.855441 0.031771 0.079428
0 0.144559 0.787133 0.079428 0.031771
0 0.144559 0.747419 0.079428 0.031771
0 0.144559 0.693407 0.079428 0.031771
0 0.144559 0.653693 0.079428 0.031771
0 0.144559 0.617951 0.079428 0.031771
0 0.144559 0.580620 0.079428 0.031771
0 0.144559 0.544877 0.079428 0.031771
0 0.144559 0.509134 0.079428 0.031771
0 0.144559 0.469420 0.079428 0.031771
0 0.144559 0.433678 0.079428 0.031771
0 0.144559 0.400318 0.079428 0.031771
0 0.144559 0.366958 0.079428 0.031771
0 0.144559 0.334392 0.079428 0.031771
0 0.144559 0.291501 0.079428 0.031771
0 0.144559 0.239873 0.079428 0.031771
0 0.144559 0.201747 0.079428 0.031771
0 0.211279 0.149325 0.031771 0.079428
0 0.249404 0.149325 0.031771 0.079428
0 0.287530 0.149325 0.031771 0.079428
0 0.325655 0.149325 0.031771 0.079428
0 0.392375 0.149325 0.031771 0.079428
0 0.427323 0.149325 0.031771 0.079428
0 0.463860 0.149325 0.031771 0.079428
0 0.520254 0.149325 0.031771 0.079428
0 0.549643 0.149325 0.031771 0.079428
0 0.579825 0.149325 0.031771 0.079428
0 0.612391 0.149325 0.031771 0.079428
0 0.643368 0.149325 0.031771 0.079428
0 0.693407 0.149325 0.031771 0.079428
0 0.729944 0.149325 0.031771 0.079428
0 0.766481 0.149325 0.031771 0.079428
0 0.850675 0.202542 0.079428 0.031771
0 0.850675 0.241461 0.079428 0.031771
0 0.850675 0.277204 0.079428 0.031771
0 0.850675 0.320890 0.079428 0.031771
0 0.850675 0.355044 0.079428 0.031771
0 0.850675 0.400318 0.079428 0.031771
0 0.850675 0.432089 0.079428 0.031771
0 0.850675 0.461477 0.079428 0.031771
0 0.850675 0.516283 0.079428 0.031771
0 0.850675 0.556791 0.079428 0.031771
0 0.850675 0.586974 0.079428 0.031771
0 0.850675 0.620334 0.079428 0.031771
0 0.850675 0.656076 0.079428 0.031771
0 0.850675 0.705322 0.079428 0.031771
0 0.850675 0.742653 0.079428 0.031771
0 0.850675 0.779984 0.079428 0.031771
0 0.776013 0.850675 0.031771 0.079428
0 0.733916 0.850675 0.031771 0.079428
0 0.694996 0.850675 0.031771 0.079428
0 0.659253 0.850675 0.031771 0.079428
0 0.626688 0.850675 0.031771 0.079428
0 0.593328 0.850675 0.031771 0.079428
0 0.561557 0.850675 0.031771 0.079428
0 0.522637 0.850675 0.031771 0.079428
0 0.480540 0.850675 0.031771 0.079428
0 0.446386 0.850675 0.031771 0.079428
0 0.414615 0.850675 0.031771 0.079428
0 0.366958 0.850675 0.031771 0.079428
0 0.330421 0.850675 0.031771 0.079428
0 0.292295 0.850675 0.031771 0.079428
0 0.252581 0.850675 0.031771 0.079428
0 0.212867 0.850675 0.031771 0.079428
0 0.149325 0.783161 0.079428 0.031771
0 0.149325 0.743447 0.079428 0.031771
0 0.149325 0.688642 0.079428 0.031771
0 0.149325 0.650516 0.079428 0.031771
0 0.149325 0.614774 0.079428 0.031771
0 0.149325 0.579031 0.079428 0.031771
0 0.149325 0.542494 0.079428 0.031771
0 0.149325 0.507546 0.079428 0.031771
0 0.149325 0.468626 0.079428 0.031771
0 0.149325 0.432883 0.079428 0.031771
0 0.149325 0.400318 0.079428 0.031771
0 0.149325 0.366958 0.079428 0.031771
0 0.149325 0.335981 0.079428 0.031771
0 0.149325 0.293090 0.079428 0.031771
0 0.149325 0.240667 0.079428 0.031771
0 0.149325 0.204130 0.079428 0.031771
0 0.214456 0.154091 0.031771 0.079428
0 0.251787 0.154091 0.031771 0.079428
0 0.288324 0.154091 0.031771 0.079428
0 0.325655 0.154091 0.031771 0.079428
0 0.358221 0.154091 0.031771 0.079428
0 0.390786 0.154091 0.031771 0.079428
0 0.427323 0.154091 0.031771 0.079428
0 0.463066 0.154091 0.031771 0.079428
0 0.520254 0.154091 0.031771 0.079428
0 0.548848 0.154091 0.031771 0.079428
0 0.578237 0.154091 0.031771 0.079428
0 0.609214 0.154091 0.031771 0.079428
0 0.639396 0.154091 0.031771 0.079428
0 0.690230 0.154091 0.031771 0.079428
0 0.725973 0.154091 0.031771 0.079428
0 0.845909 0.204925 0.079428 0.031771
0 0.845909 0.321684 0.079428 0.031771
0 0.845909 0.355044 0.079428 0.031771
0 0.845909 0.400318 0.079428 0.031771
0 0.845909 0.431295 0.079428 0.031771
0 0.845909 0.459889 0.079428 0.031771
0 0.845909 0.515488 0.079428 0.031771
0 0.845909 0.586180 0.079428 0.031771
0 0.845909 0.618745 0.079428 0.031771
0 0.845909 0.654488 0.079428 0.031771
0 0.845909 0.739476 0.079428 0.031771
0 0.845909 0.776013 0.079428 0.031771
0 0.770453 0.845909 0.031771 0.079428
0 0.729944 0.845909 0.031771 0.079428
0 0.691819 0.845909 0.031771 0.079428
0 0.656871 0.845909 0.031771 0.079428
0 0.625099 0.845909 0.031771 0.079428
0 0.592534 0.845909 0.031771 0.079428
0 0.561557 0.845909 0.031771 0.079428
0 0.522637 0.845909 0.031771 0.079428
0 0.480540 0.845909 0.031771 0.079428
0 0.447180 0.845909 0.031771 0.079428
0 0.416203 0.845909 0.031771 0.079428
0 0.367752 0.845909 0.031771 0.079428
0 0.332010 0.845909 0.031771 0.079428
0 0.293884 0.845909 0.031771 0.079428
0 0.254964 0.845909 0.031771 0.079428
0 0.216044 0.845909 0.031771 0.079428
0 0.154091 0.778396 0.079428 0.031771
0 0.154091 0.740270 0.079428 0.031771
0 0.154091 0.684670 0.079428 0.031771
0 0.154091 0.646545 0.079428 0.031771
0 0.154091 0.612391 0.079428 0.031771
0 0.154091 0.576648 0.079428 0.031771
0 0.154091 0.540905 0.079428 0.031771
0 0.154091 0.505957 0.079428 0.031771
0 0.154091 0.467832 0.079428 0.031771
0 0.154091 0.431295 0.079428 0.031771
0 0.154091 0.399523 0.079428 0.031771
0 0.154091 0.367752 0.079428 0.031771
0 0.154091 0.336775 0.079428 0.031771
0 0.154091 0.294678 0.079428 0.031771
0 0.154091 0.242256 0.079428 0.031771
0 0.154091 0.205719 0.079428 0.031771
0 0.216839 0.158856 0.031771 0.079428
0 0.253376 0.158856 0.031771 0.079428
0 0.290707 0.158856 0.031771 0.079428
0 0.325655 0.158856 0.031771 0.079428
0 0.358221 0.158856 0.031771 0.079428
0 0.389992 0.158856 0.031771 0.079428
0 0.426529 0.158856 0.031771 0.079428
0 0.462272 0.158856 0.031771 0.079428
0 0.520254 0.158856 0.031771 0.079428
0 0.548054 0.158856 0.031771 0.079428
0 0.576648 0.158856 0.031771 0.079428
0 0.607625 0.158856 0.031771 0.079428
0 0.636219 0.158856 0.031771 0.079428
0 0.721207 0.158856 0.031771 0.079428
0 0.753773 0.158856 0.031771 0.079428
0 0.841144 0.206513 0.079428 0.031771
0 0.841144 0.243844 0.079428 0.031771
0 0.841144 0.278793 0.079428 0.031771
0 0.841144 0.321684 0.079428 0.031771
0 0.841144 0.355044 0.079428 0.031771
0 0.841144 0.400318 0.079428 0.031771
0 0.841144 0.430500 0.079428 0.031771
0 0.841144 0.459095 0.079428 0.031771
0 0.841144 0.521843 0.079428 0.031771
0 0.841144 0.585385 0.079428 0.031771
0 0.841144 0.617156 0.079428 0.031771
0 0.841144 0.652105 0.079428 0.031771
0 0.841144 0.737093 0.079428 0.031771
0 0.765687 0.841144 0.031771 0.079428
0 0.725973 0.841144 0.031771 0.079428
0 0.688642 0.841144 0.031771 0.079428
0 0.654488 0.841144 0.031771 0.079428
0 0.623511 0.841144 0.031771 0.079428
0 0.592534 0.841144 0.031771 0.079428
0 0.561557 0.841144 0.031771 0.079428
0 0.521843 0.841144 0.031771 0.079428
0 0.481334 0.841144 0.031771 0.079428
0 0.447975 0.841144 0.031771 0.079428
0 0.417792 0.841144 0.031771 0.079428
0 0.368546 0.841144 0.031771 0.079428
0 0.332804 0.841144 0.031771 0.079428
0 0.256553 0.841144 0.031771 0.079428
0 0.219222 0.841144 0.031771 0.079428
0 0.158856 0.774424 0.079428 0.031771
0 0.158856 0.737093 0.079428 0.031771
0 0.158856 0.680699 0.079428 0.031771
0 0.158856 0.643368 0.079428 0.031771
0 0.158856 0.609214 0.079428 0.031771
0 0.158856 0.575060 0.079428 0.031771
0 0.158856 0.538523 0.079428 0.031771
0 0.158856 0.503574 0.079428 0.031771
0 0.158856 0.466243 0.079428 0.031771
0 0.158856 0.430500 0.079428 0.031771
0 0.158856 0.399523 0.079428 0.031771
0 0.158856 0.368546 0.079428 0.031771
0 0.158856 0.338364 0.079428 0.031771
0 0.158856 0.296267 0.079428 0.031771
0 0.158856 0.243050 0.079428 0.031771
0 0.158856 0.208102 0.079428 0.031771
0 0.220016 0.163622 0.031771 0.079428
0 0.256553 0.163622 0.031771 0.079428
0 0.291501 0.163622 0.031771 0.079428
0 0.326450 0.163622 0.031771 0.079428
0 0.358221 0.163622 0.031771 0.079428
0 0.389198 0.163622 0.031771 0.079428
0 0.425735 0.163622 0.031771 0.079428
0 0.461477 0.163622 0.031771 0.079428
0 0.519460 0.163622 0.031771 0.079428
0 0.547260 0.163622 0.031771 0.079428
0 0.575060 0.163622 0.031771 0.079428
0 0.632248 0.163622 0.031771 0.079428
0 0.683082 0.163622 0.031771 0.079428
0 0.747419 0.163622 0.031771 0.079428
0 0.836378 0.245433 0.079428 0.031771
0 0.836378 0.322478 0.079428 0.031771
0 0.836378 0.400318 0.079428 0.031771
0 0.836378 0.458300 0.079428 0.031771
0 0.836378 0.521048 0.079428 0.031771
0 0.836378 0.556791 0.079428 0.031771
0 0.836378 0.584591 0.079428 0.031771
0 0.836378 0.615568 0.079428 0.031771
0 0.836378 0.648928 0.079428 0.031771
0 0.836378 0.698967 0.079428 0.031771
0 0.836378 0.733916 0.079428 0.031771
0 0.836378 0.768070 0.079428 0.031771
0 0.760921 0.836378 0.031771 0.079428
0 0.721207 0.836378 0.031771 0.079428
0 0.684670 0.836378 0.031771 0.079428
0 0.652105 0.836378 0.031771 0.079428
0 0.621922 0.836378 0.031771 0.079428
0 0.591739 0.836378 0.031771 0.079428
0 0.521843 0.836378 0.031771 0.079428
0 0.481334 0.836378 0.031771 0.079428
0 0.447975 0.836378 0.031771 0.079428
0 0.419380 0.836378 0.031771 0.079428
0 0.368546 0.836378 0.031771 0.079428
0 0.334392 0.836378 0.031771 0.079428
0 0.298650 0.836378 0.031771 0.079428
0 0.258936 0.836378 0.031771 0.079428
0 0.222399 0.836378 0.031771 0.079428
0 0.163622 0.769658 0.079428 0.031771
0 0.163622 0.733916 0.079428 0.031771
0 0.163622 0.675139 0.079428 0.031771
0 0.163622 0.639396 0.079428 0.031771
0 0.163622 0.606831 0.079428 0.031771
0 0.163622 0.572677 0.079428 0.031771
0 0.163622 0.536934 0.079428 0.031771
0 0.163622 0.501986 0.079428 0.031771
0 0.163622 0.465449 0.079428 0.031771
0 0.163622 0.429706 0.079428 0.031771
0 0.163622 0.399523 0.079428 0.031771
0 0.163622 0.369341 0.079428 0.031771
0 0.163622 0.339158 0.079428 0.031771
0 0.163622 0.297855 0.079428 0.031771
0 0.163622 0.244639 0.079428 0.031771
0 0.163622 0.210485 0.079428 0.031771
0 0.204925 0.139793 0.031771 0.079428
0 0.245433 0.139793 0.031771 0.079428
0 0.284353 0.139793 0.031771 0.079428
0 0.324067 0.139793 0.031771 0.079428
0 0.359809 0.139793 0.031771 0.079428
0 0.393963 0.139793 0.031771 0.079428
0 0.428118 0.139793 0.031771 0.079428
0 0.464654 0.139793 0.031771 0.079428
0 0.520254 0.139793 0.031771 0.079428
0 0.551231 0.139793 0.031771 0.079428
0 0.583002 0.139793 0.031771 0.079428
0 0.617951 0.139793 0.031771 0.079428
0 0.651311 0.139793 0.031771 0.079428
0 0.700556 0.139793 0.031771 0.079428
0 0.779190 0.139793 0.031771 0.079428
0 0.860207 0.198570 0.079428 0.031771
0 0.860207 0.238284 0.079428 0.031771
0 0.860207 0.276410 0.079428 0.031771
0 0.860207 0.320890 0.079428 0.031771
0 0.860207 0.356632 0.079428 0.031771
0 0.860207 0.400318 0.079428 0.031771
0 0.860207 0.433678 0.079428 0.031771
0 0.860207 0.463860 0.079428 0.031771
0 0.860207 0.517077 0.079428 0.031771
0 0.860207 0.557585 0.079428 0.031771
0 0.860207 0.588562 0.079428 0.031771
0 0.860207 0.623511 0.079428 0.031771
0 0.860207 0.661636 0.079428 0.031771
0 0.860207 0.709293 0.079428 0.031771
0 0.860207 0.748213 0.079428 0.031771
0 0.860207 0.787927 0.079428 0.031771
0 0.786338 0.860207 0.031771 0.079428
0 0.744241 0.860207 0.031771 0.079428
0 0.702939 0.860207 0.031771 0.079428
0 0.664813 0.860207 0.031771 0.079428
0 0.629865 0.860207 0.031771 0.079428
0 0.594917 0.860207 0.031771 0.079428
0 0.560763 0.860207 0.031771 0.079428
0 0.523431 0.860207 0.031771 0.079428
0 0.480540 0.860207 0.031771 0.079428
0 0.445592 0.860207 0.031771 0.079428
0 0.413026 0.860207 0.031771 0.079428
0 0.366164 0.860207 0.031771 0.079428
0 0.328832 0.860207 0.031771 0.079428
0 0.289118 0.860207 0.031771 0.079428
0 0.248610 0.860207 0.031771 0.079428
0 0.207307 0.860207 0.031771 0.079428
0 0.139793 0.791104 0.079428 0.031771
0 0.139793 0.750596 0.079428 0.031771
0 0.139793 0.698173 0.079428 0.031771
0 0.139793 0.657665 0.079428 0.031771
0 0.139793 0.620334 0.079428 0.031771
0 0.139793 0.583002 0.079428 0.031771
0 0.139793 0.546465 0.079428 0.031771
0 0.139793 0.511517 0.079428 0.031771
0 0.139793 0.471009 0.079428 0.031771
0 0.139793 0.434472 0.079428 0.031771
0 0.139793 0.400318 0.079428 0.031771
0 0.139793 0.366164 0.079428 0.031771
0 0.139793 0.333598 0.079428 0.031771
0 0.139793 0.289913 0.079428 0.031771
0 0.139793 0.238284 0.079428 0.031771
0 0.139793 0.199365 0.079428 0.031771
1 0.235290 0.183614 0.040000 0.100000
1 0.266992 0.184054 0.040000 0.100000
1 0.299574 0.185375 0.040000 0.100000
1 0.329955 0.184494 0.040000 0.100000
1 0.359015 0.184494 0.040000 0.100000
1 0.387195 0.184054 0.040000 0.100000
1 0.183774 0.222801 0.100000 0.040000
1 0.182893 0.251861 0.100000 0.040000
1 0.183774 0.292809 0.100000 0.040000
1 0.182893 0.305578 0.100000 0.040000
1 0.183334 0.331997 0.100000 0.040000
1 0.182453 0.345206 0.100000 0.040000
1 0.183564 0.372781 0.100000 0.040000
1 0.184005 0.400961 0.100000 0.040000
1 0.183124 0.427379 0.100000 0.040000
1 0.183564 0.455559 0.100000 0.040000
1 0.184005 0.492104 0.100000 0.040000
1 0.184005 0.516761 0.100000 0.040000
1 0.184885 0.530410 0.100000 0.040000
1 0.185326 0.566075 0.100000 0.040000
1 0.184538 0.597096 0.100000 0.040000
1 0.184978 0.626156 0.100000 0.040000
1 0.184538 0.659179 0.100000 0.040000
1 0.184538 0.720382 0.100000 0.040000
1 0.185859 0.752524 0.100000 0.040000
1 0.239135 0.815487 0.040000 0.100000
1 0.268196 0.817249 0.040000 0.100000
1 0.307823 0.815928 0.040000 0.100000
1 0.341251 0.815255 0.040000 0.100000
1 0.372513 0.816136 0.040000 0.100000
1 0.425790 0.815695 0.040000 0.100000
1 0.453089 0.814815 0.040000 0.100000
1 0.484791 0.816576 0.040000 0.100000
1 0.516493 0.815255 0.040000 0.100000
1 0.522216 0.814374 0.040000 0.100000
1 0.565366 0.814815 0.040000 0.100000
1 0.591785 0.814374 0.040000 0.100000
1 0.618617 0.815250 0.040000 0.100000
1 0.644155 0.817011 0.040000 0.100000
1 0.670573 0.814809 0.040000 0.100000
1 0.704036 0.813488 0.040000 0.100000
1 0.740141 0.815250 0.040000 0.100000
1 0.813771 0.751335 0.100000 0.040000
1 0.814651 0.722275 0.100000 0.040000
1 0.815972 0.691453 0.100000 0.040000
1 0.816853 0.640818 0.100000 0.040000
1 0.816853 0.609997 0.100000 0.040000
1 0.814651 0.581817 0.100000 0.040000
1 0.816853 0.557601 0.100000 0.040000
1 0.815137 0.515331 0.100000 0.040000
1 0.815265 0.460421 0.100000 0.040000
1 0.814755 0.453796 0.100000 0.040000
1 0.815265 0.428060 0.100000 0.040000
1 0.815670 0.401837 0.100000 0.040000
1 0.816110 0.353843 0.100000 0.040000
1 0.815229 0.324783 0.100000 0.040000
1 0.816110 0.281193 0.100000 0.040000
1 0.816110 0.252133 0.100000 0.040000
1 0.816550 0.217349 0.100000 0.040000
1 0.724086 0.185206 0.040000 0.100000
1 0.700310 0.183005 0.040000 0.100000
1 0.670369 0.183886 0.040000 0.100000
1 0.618719 0.183093 0.040000 0.100000
1 0.596264 0.181772 0.040000 0.100000
1 0.569845 0.182653 0.040000 0.100000
1 0.544308 0.182212 0.040000 0.100000
1 0.520091 0.183093 0.040000 0.100000
1 0.465493 0.183533 0.040000 0.100000
1 0.460650 0.181332 0.040000 0.100000
1 0.442157 0.182653 0.040000 0.100000
1 0.436873 0.182212 0.040000 0.100000
1 0.424985 0.183093 0.040000 0.100000
1 0.799983 0.225490 0.100000 0.040000
1 0.799102 0.257632 0.100000 0.040000
1 0.799102 0.283169 0.100000 0.040000
1 0.799102 0.326319 0.100000 0.040000
1 0.799102 0.353618 0.100000 0.040000
1 0.800076 0.403110 0.100000 0.040000
1 0.800076 0.427767 0.100000 0.040000
1 0.799636 0.451544 0.100000 0.040000
1 0.799196 0.458589 0.100000 0.040000
1 0.799636 0.516269 0.100000 0.040000
1 0.799636 0.558098 0.100000 0.040000
1 0.799636 0.580553 0.100000 0.040000
1 0.798755 0.604770 0.100000 0.040000
1 0.798177 0.633856 0.100000 0.040000
1 0.797736 0.686294 0.100000 0.040000
1 0.800380 0.715378 0.100000 0.040000
1 0.799058 0.741817 0.100000 0.040000
1 0.725469 0.798662 0.040000 0.100000
1 0.694182 0.799543 0.040000 0.100000
1 0.663178 0.801320 0.040000 0.100000
1 0.638501 0.800438 0.040000 0.100000
1 0.616468 0.799998 0.040000 0.100000
1 0.593113 0.799557 0.040000 0.100000
1 0.568437 0.799998 0.040000 0.100000
1 0.523490 0.800438 0.040000 0.100000
1 0.516880 0.799998 0.040000 0.100000
1 0.487797 0.799557 0.040000 0.100000
1 0.456070 0.797354 0.040000 0.100000
1 0.432715 0.799557 0.040000 0.100000
1 0.377997 0.799480 0.040000 0.100000
1 0.348033 0.799480 0.040000 0.100000
1 0.315865 0.800802 0.040000 0.100000
1 0.281494 0.799040 0.040000 0.100000
1 0.251088 0.799040 0.040000 0.100000
1 0.199532 0.741314 0.100000 0.040000
1 0.199532 0.711790 0.100000 0.040000
1 0.200233 0.645716 0.100000 0.040000
1 0.199793 0.618396 0.100000 0.040000
1 0.200233 0.590634 0.100000 0.040000
1 0.200674 0.561110 0.100000 0.040000
1 0.199793 0.511757 0.100000 0.040000
1 0.199969 0.487269 0.100000 0.040000
1 0.200479 0.458453 0.100000 0.040000
1 0.200143 0.426324 0.100000 0.040000
1 0.200583 0.401207 0.100000 0.040000
1 0.200143 0.375649 0.100000 0.040000
1 0.198821 0.349650 0.100000 0.040000
1 0.199702 0.336871 0.100000 0.040000
1 0.199702 0.312194 0.100000 0.040000
1 0.200583 0.299415 0.100000 0.040000
1 0.199546 0.258443 0.100000 0.040000
1 0.199841 0.232912 0.100000 0.040000
1 0.247372 0.198131 0.040000 0.100000
1 0.275932 0.197621 0.040000 0.100000
1 0.305149 0.198936 0.040000 0.100000
1 0.334297 0.198878 0.040000 0.100000
1 0.359855 0.198878 0.040000 0.100000
1 0.384973 0.197556 0.040000 0.100000
1 0.425513 0.199319 0.040000 0.100000
1 0.436970 0.199759 0.040000 0.100000
1 0.443139 0.199759 0.040000 0.100000
1 0.459443 0.198878 0.040000 0.100000
1 0.464291 0.201963 0.040000 0.100000
1 0.686925 0.199677 0.040000 0.100000
1 0.709840 0.200558 0.040000 0.100000
1 0.660927 0.199677 0.040000 0.100000
1 0.608048 0.200558 0.040000 0.100000
1 0.588659 0.199677 0.040000 0.100000
1 0.565745 0.200998 0.040000 0.100000
1 0.520927 0.199714 0.040000 0.100000
1 0.542960 0.200154 0.040000 0.100000
1 0.696771 0.215226 0.040000 0.100000
1 0.676957 0.215226 0.040000 0.100000
1 0.653621 0.215667 0.040000 0.100000
1 0.783071 0.235040 0.100000 0.040000
1 0.783071 0.262779 0.100000 0.040000
1 0.783511 0.286115 0.100000 0.040000
1 0.784200 0.330528 0.100000 0.040000
1 0.783760 0.354745 0.100000 0.040000
1 0.782879 0.404499 0.100000 0.040000
1 0.783760 0.427836 0.100000 0.040000
1 0.783760 0.448970 0.100000 0.040000
1 0.782879 0.456896 0.100000 0.040000
1 0.783107 0.516216 0.100000 0.040000
1 0.782852 0.525389 0.100000 0.040000
1 0.782852 0.560552 0.100000 0.040000
1 0.782597 0.580937 0.100000 0.040000
1 0.783361 0.602850 0.100000 0.040000
1 0.782852 0.629860 0.100000 0.040000
1 0.784433 0.682750 0.100000 0.040000
1 0.783413 0.708995 0.100000 0.040000
1 0.782904 0.731928 0.100000 0.040000
1 0.713039 0.782849 0.040000 0.100000
1 0.682810 0.783587 0.040000 0.100000
1 0.655671 0.782894 0.040000 0.100000
1 0.634585 0.784368 0.040000 0.100000
1 0.614383 0.783189 0.040000 0.100000
1 0.593444 0.784368 0.040000 0.100000
1 0.571980 0.784277 0.040000 0.100000
1 0.524531 0.784659 0.040000 0.100000
1 0.517927 0.781577 0.040000 0.100000
1 0.491068 0.782017 0.040000 0.100000
1 0.459806 0.782457 0.040000 0.100000
1 0.439552 0.783338 0.040000 0.100000
1 0.382292 0.783450 0.040000 0.100000
1 0.354112 0.783450 0.040000 0.100000
1 0.325492 0.783450 0.040000 0.100000
1 0.290708 0.782570 0.040000 0.100000
1 0.265170 0.783450 0.040000 0.100000
1 0.217177 0.731054 0.100000 0.040000
1 0.215416 0.701994 0.100000 0.040000
1 0.215854 0.635904 0.100000 0.040000
1 0.214974 0.609486 0.100000 0.040000
1 0.215854 0.584388 0.100000 0.040000
1 0.215854 0.557530 0.100000 0.040000
1 0.216295 0.507775 0.100000 0.040000
1 0.216735 0.484439 0.100000 0.040000
1 0.214974 0.458021 0.100000 0.040000
1 0.216735 0.450095 0.100000 0.040000
1 0.215414 0.425879 0.100000 0.040000
1 0.214974 0.403423 0.100000 0.040000
1 0.216475 0.382012 0.100000 0.040000
1 0.215965 0.356532 0.100000 0.040000
1 0.216475 0.342262 0.100000 0.040000
1 0.216209 0.240983 0.100000 0.040000
1 0.215445 0.265699 0.100000 0.040000
1 0.215954 0.305194 0.100000 0.040000
1 0.215468 0.318730 0.100000 0.040000
1 0.361133 0.214322 0.040000 0.100000
1 0.338710 0.213558 0.040000 0.100000
1 0.312974 0.215596 0.040000 0.100000
1 0.286729 0.215087 0.040000 0.100000
1 0.264816 0.216870 0.040000 0.100000
1 0.385339 0.214577 0.040000 0.100000
1 0.426618 0.214322 0.040000 0.100000
1 0.436965 0.214542 0.040000 0.100000
1 0.443570 0.216303 0.040000 0.100000
1 0.464264 0.214542 0.040000 0.100000
1 0.523265 0.214542 0.040000 0.100000
1 0.542198 0.214542 0.040000 0.100000
1 0.562012 0.215423 0.040000 0.100000
1 0.581825 0.215863 0.040000 0.100000
1 0.600346 0.216483 0.040000 0.100000
1 0.769274 0.243668 0.100000 0.040000
1 0.768514 0.270298 0.100000 0.040000
1 0.766992 0.291601 0.100000 0.040000
1 0.767867 0.334447 0.100000 0.040000
1 0.768122 0.356105 0.100000 0.040000
1 0.768887 0.407321 0.100000 0.040000
1 0.768632 0.428216 0.100000 0.040000
1 0.767867 0.447326 0.100000 0.040000
1 0.767867 0.454715 0.100000 0.040000
1 0.768749 0.518251 0.100000 0.040000
1 0.766711 0.531246 0.100000 0.040000
1 0.767220 0.563861 0.100000 0.040000
1 0.767730 0.582207 0.100000 0.040000
1 0.766381 0.602513 0.100000 0.040000
1 0.766821 0.625408 0.100000 0.040000
1 0.766821 0.680887 0.100000 0.040000
1 0.767701 0.704223 0.100000 0.040000
1 0.767261 0.723156 0.100000 0.040000
1 0.704000 0.768675 0.040000 0.100000
1 0.674499 0.769556 0.040000 0.100000
1 0.648962 0.769115 0.040000 0.100000
1 0.630469 0.769115 0.040000 0.100000
1 0.611976 0.768675 0.040000 0.100000
1 0.593483 0.768675 0.040000 0.100000
1 0.576139 0.767875 0.040000 0.100000
1 0.526384 0.768316 0.040000 0.100000
1 0.518459 0.768316 0.040000 0.100000
1 0.493802 0.768316 0.040000 0.100000
1 0.465182 0.768316 0.040000 0.100000
1 0.447129 0.767435 0.040000 0.100000
1 0.386519 0.769189 0.040000 0.100000
1 0.362302 0.766988 0.040000 0.100000
1 0.335003 0.768309 0.040000 0.100000
1 0.302861 0.766107 0.040000 0.100000
1 0.280845 0.766988 0.040000 0.100000
1 0.232364 0.721807 0.100000 0.040000
1 0.231484 0.694949 0.100000 0.040000
1 0.233245 0.625380 0.100000 0.040000
1 0.233245 0.601164 0.100000 0.040000
1 0.233167 0.579536 0.100000 0.040000
1 0.231406 0.555759 0.100000 0.040000
1 0.230966 0.504244 0.100000 0.040000
1 0.233167 0.481788 0.100000 0.040000
1 0.231406 0.457131 0.100000 0.040000
1 0.232727 0.449646 0.100000 0.040000
1 0.232135 0.427322 0.100000 0.040000
1 0.231625 0.406173 0.100000 0.040000
1 0.230861 0.386553 0.100000 0.040000
1 0.231371 0.362346 0.100000 0.040000
1 0.232383 0.347795 0.100000 0.040000
1 0.232678 0.327151 0.100000 0.040000
1 0.233858 0.312111 0.100000 0.040000
1 0.232322 0.274149 0.100000 0.040000
1 0.232832 0.252236 0.100000 0.040000
1 0.279716 0.231087 0.040000 0.100000
1 0.298317 0.230578 0.040000 0.100000
1 0.321249 0.231087 0.040000 0.100000
1 0.427603 0.229672 0.040000 0.100000
1 0.439105 0.230705 0.040000 0.100000
1 0.446625 0.229967 0.040000 0.100000
1 0.459896 0.230852 0.040000 0.100000
1 0.466384 0.230705 0.040000 0.100000
1 0.525474 0.230148 0.040000 0.100000
1 0.541018 0.229129 0.040000 0.100000
1 0.560128 0.230403 0.040000 0.100000
1 0.576445 0.231496 0.040000 0.100000
1 0.593262 0.230477 0.040000 0.100000
1 0.646771 0.230477 0.040000 0.100000
1 0.668175 0.230987 0.040000 0.100000
1 0.683718 0.230987 0.040000 0.100000
1 0.752189 0.254104 0.100000 0.040000
1 0.672180 0.247988 0.040000 0.100000
1 0.657911 0.246205 0.040000 0.100000
1 0.640584 0.246969 0.040000 0.100000
1 0.751425 0.277291 0.100000 0.040000
1 0.752954 0.296401 0.100000 0.040000
1 0.753209 0.338190 0.100000 0.040000
1 0.585906 0.247044 0.040000 0.100000
1 0.571364 0.246604 0.040000 0.100000
1 0.558144 0.246604 0.040000 0.100000
1 0.542721 0.246163 0.040000 0.100000
1 0.526858 0.245722 0.040000 0.100000
1 0.466047 0.245722 0.040000 0.100000
1 0.447540 0.246163 0.040000 0.100000
1 0.439608 0.246163 0.040000 0.100000
1 0.429032 0.246604 0.040000 0.100000
1 0.386098 0.247640 0.040000 0.100000
1 0.368472 0.245878 0.040000 0.100000
1 0.350846 0.248081 0.040000 0.100000
1 0.329695 0.247200 0.040000 0.100000
1 0.311628 0.247640 0.040000 0.100000
1 0.293561 0.246759 0.040000 0.100000
1 0.245970 0.261741 0.100000 0.040000
1 0.248173 0.281130 0.100000 0.040000
1 0.246851 0.316823 0.100000 0.040000
1 0.245970 0.334009 0.100000 0.040000
1 0.248173 0.353397 0.100000 0.040000
1 0.248173 0.361770 0.100000 0.040000
1 0.248614 0.369702 0.100000 0.040000
1 0.247322 0.392194 0.100000 0.040000
1 0.751883 0.358587 0.100000 0.040000
1 0.751883 0.410584 0.100000 0.040000
1 0.752324 0.428651 0.100000 0.040000
1 0.751883 0.445396 0.100000 0.040000
1 0.751442 0.452447 0.100000 0.040000
1 0.753288 0.520207 0.100000 0.040000
1 0.751966 0.528580 0.100000 0.040000
1 0.756372 0.533427 0.100000 0.040000
1 0.751966 0.566035 0.100000 0.040000
1 0.751525 0.583661 0.100000 0.040000
1 0.751525 0.601288 0.100000 0.040000
1 0.751966 0.621998 0.100000 0.040000
1 0.751966 0.678843 0.100000 0.040000
1 0.751966 0.697351 0.100000 0.040000
1 0.751525 0.716739 0.100000 0.040000
1 0.691933 0.751958 0.040000 0.100000
1 0.665493 0.752840 0.040000 0.100000
1 0.643901 0.752399 0.040000 0.100000
1 0.627597 0.752840 0.040000 0.100000
1 0.611733 0.752840 0.040000 0.100000
1 0.595870 0.752840 0.040000 0.100000
1 0.580447 0.752399 0.040000 0.100000
1 0.294186 0.753577 0.040000 0.100000
1 0.313575 0.752696 0.040000 0.100000
1 0.344421 0.753577 0.040000 0.100000
1 0.369979 0.752696 0.040000 0.100000
1 0.392452 0.753136 0.040000 0.100000
1 0.497931 0.752125 0.040000 0.100000
1 0.468848 0.752125 0.040000 0.100000
1 0.455628 0.753447 0.040000 0.100000
1 0.519964 0.753447 0.040000 0.100000
1 0.527896 0.752565 0.040000 0.100000
1 0.248342 0.712305 0.100000 0.040000
1 0.247461 0.688069 0.100000 0.040000
1 0.247902 0.616242 0.100000 0.040000
1 0.247020 0.594650 0.100000 0.040000
1 0.248342 0.574821 0.100000 0.040000
1 0.247459 0.409277 0.100000 0.040000
1 0.247019 0.428666 0.100000 0.040000
1 0.246578 0.449817 0.100000 0.040000
1 0.247019 0.458631 0.100000 0.040000
1 0.246137 0.479782 0.100000 0.040000
1 0.248781 0.485951 0.100000 0.040000
1 0.248341 0.500493 0.100000 0.040000
1 0.248341 0.510628 0.100000 0.040000
1 0.247459 0.553812 0.100000 0.040000
1 0.723592 0.274012 0.040000 0.100000
1 0.723592 0.291184 0.100000 0.040000
1 0.724472 0.305714 0.100000 0.040000
1 0.726674 0.346663 0.100000 0.040000
1 0.727114 0.361633 0.100000 0.040000
1 0.727995 0.415350 0.100000 0.040000
1 0.728876 0.431201 0.100000 0.040000
1 0.728435 0.451895 0.100000 0.040000
1 0.728435 0.444410 0.100000 0.040000
1 0.727555 0.522785 0.100000 0.040000
1 0.727555 0.532031 0.100000 0.040000
1 0.727555 0.540397 0.100000 0.040000
1 0.725556 0.615205 0.100000 0.040000
1 0.726436 0.600675 0.100000 0.040000
1 0.727757 0.586585 0.100000 0.040000
1 0.728197 0.573376 0.100000 0.040000
1 0.725556 0.675967 0.100000 0.040000
1 0.726877 0.691818 0.100000 0.040000
1 0.726877 0.704587 0.100000 0.040000
1 0.269111 0.701876 0.100000 0.040000
1 0.267583 0.678943 0.100000 0.040000
1 0.267649 0.606487 0.100000 0.040000
1 0.267904 0.588141 0.100000 0.040000
1 0.268668 0.570050 0.100000 0.040000
1 0.267649 0.552214 0.100000 0.040000
1 0.266601 0.513004 0.100000 0.040000
1 0.266890 0.497445 0.100000 0.040000
1 0.266011 0.484059 0.100000 0.040000
1 0.266266 0.476669 0.100000 0.040000
1 0.265246 0.458323 0.100000 0.040000
1 0.266266 0.448895 0.100000 0.040000
1 0.267030 0.432843 0.100000 0.040000
1 0.266775 0.416280 0.100000 0.040000
1 0.268559 0.402011 0.100000 0.040000
1 0.266356 0.378074 0.100000 0.040000
1 0.265847 0.368901 0.100000 0.040000
1 0.265847 0.361257 0.100000 0.040000
1 0.267630 0.345714 0.100000 0.040000
1 0.269669 0.336796 0.100000 0.040000
1 0.269669 0.329406 0.100000 0.040000
1 0.269414 0.293988 0.100000 0.040000
1 0.273236 0.280484 0.100000 0.040000
