0 0.203953 0.137549 0.031621 0.079051
0 0.245059 0.137549 0.031621 0.079051
0 0.283794 0.137549 0.031621 0.079051
0 0.324901 0.137549 0.031621 0.079051
0 0.360474 0.137549 0.031621 0.079051
0 0.395257 0.137549 0.031621 0.079051
0 0.430040 0.137549 0.031621 0.079051
0 0.465613 0.137549 0.031621 0.079051
0 0.520158 0.137549 0.031621 0.079051
0 0.551779 0.137549 0.031621 0.079051
0 0.585771 0.137549 0.031621 0.079051
0 0.620553 0.137549 0.031621 0.079051
0 0.656126 0.137549 0.031621 0.079051
0 0.704348 0.137549 0.031621 0.079051
0 0.744664 0.137549 0.031621 0.079051
0 0.784190 0.137549 0.031621 0.079051
0 0.862451 0.199209 0.079051 0.031621
0 0.862451 0.239526 0.079051 0.031621
0 0.862451 0.278261 0.079051 0.031621
0 0.862451 0.323320 0.079051 0.031621
0 0.862451 0.358103 0.079051 0.031621
0 0.862451 0.402372 0.079051 0.031621
0 0.862451 0.434783 0.079051 0.031621
0 0.862451 0.465613 0.079051 0.031621
0 0.862451 0.517787 0.079051 0.031621
0 0.862451 0.556522 0.079051 0.031621
0 0.862451 0.589723 0.079051 0.031621
0 0.862451 0.626087 0.079051 0.031621
0 0.862451 0.661660 0.079051 0.031621
0 0.862451 0.710672 0.079051 0.031621
0 0.862451 0.750988 0.079051 0.031621
0 0.862451 0.790514 0.079051 0.031621
0 0.788933 0.862451 0.031621 0.079051
0 0.744664 0.862451 0.031621 0.079051
0 0.703557 0.862451 0.031621 0.079051
0 0.665613 0.862451 0.031621 0.079051
0 0.630040 0.862451 0.031621 0.079051
0 0.594466 0.862451 0.031621 0.079051
0 0.561265 0.862451 0.031621 0.079051
0 0.522530 0.862451 0.031621 0.079051
0 0.479842 0.862451 0.031621 0.079051
0 0.446640 0.862451 0.031621 0.079051
0 0.412648 0.862451 0.031621 0.079051
0 0.366798 0.862451 0.031621 0.079051
0 0.328854 0.862451 0.031621 0.079051
0 0.288538 0.862451 0.031621 0.079051
0 0.247431 0.862451 0.031621 0.079051
0 0.207115 0.862451 0.031621 0.079051
0 0.137549 0.794466 0.079051 0.031621
0 0.137549 0.753360 0.079051 0.031621
0 0.137549 0.701976 0.079051 0.031621
0 0.137549 0.660870 0.079051 0.031621
0 0.137549 0.622925 0.079051 0.031621
0 0.137549 0.585771 0.079051 0.031621
0 0.137549 0.550198 0.079051 0.031621
0 0.137549 0.513834 0.079051 0.031621
0 0.137549 0.487747 0.079051 0.031621
0 0.137549 0.437154 0.079051 0.031621
0 0.137549 0.401581 0.079051 0.031621
0 0.137549 0.367589 0.079051 0.031621
0 0.137549 0.334387 0.079051 0.031621
0 0.137549 0.291700 0.079051 0.031621
0 0.137549 0.241107 0.079051 0.031621
0 0.137549 0.200791 0.079051 0.031621
0 0.210277 0.147036 0.031621 0.079051
0 0.249012 0.147036 0.031621 0.079051
0 0.286166 0.147036 0.031621 0.079051
0 0.325692 0.147036 0.031621 0.079051
0 0.359684 0.147036 0.031621 0.079051
0 0.393676 0.147036 0.031621 0.079051
0 0.429249 0.147036 0.031621 0.079051
0 0.464822 0.147036 0.031621 0.079051
0 0.520158 0.147036 0.031621 0.079051
0 0.550198 0.147036 0.031621 0.079051
0 0.581818 0.147036 0.031621 0.079051
0 0.615020 0.147036 0.031621 0.079051
0 0.648221 0.147036 0.031621 0.079051
0 0.698024 0.147036 0.031621 0.079051
0 0.735968 0.147036 0.031621 0.079051
0 0.772332 0.147036 0.031621 0.079051
0 0.852964 0.203953 0.079051 0.031621
0 0.852964 0.241897 0.079051 0.031621
0 0.852964 0.279051 0.079051 0.031621
0 0.852964 0.323320 0.079051 0.031621
0 0.852964 0.357312 0.079051 0.031621
0 0.852964 0.402372 0.079051 0.031621
0 0.852964 0.433202 0.079051 0.031621
0 0.852964 0.463241 0.079051 0.031621
0 0.852964 0.516996 0.079051 0.031621
0 0.852964 0.555731 0.079051 0.031621
0 0.852964 0.587352 0.079051 0.031621
0 0.852964 0.621344 0.079051 0.031621
0 0.852964 0.656126 0.079051 0.031621
0 0.852964 0.705929 0.079051 0.031621
0 0.852964 0.743874 0.079051 0.031621
0 0.852964 0.781028 0.079051 0.031621
0 0.777866 0.852964 0.031621 0.079051
0 0.735178 0.852964 0.031621 0.079051
0 0.695652 0.852964 0.031621 0.079051
0 0.660079 0.852964 0.031621 0.079051
0 0.626087 0.852964 0.031621 0.079051
0 0.593676 0.852964 0.031621 0.079051
0 0.561265 0.852964 0.031621 0.079051
0 0.521739 0.852964 0.031621 0.079051
0 0.479842 0.852964 0.031621 0.079051
0 0.447431 0.852964 0.031621 0.079051
0 0.415020 0.852964 0.031621 0.079051
0 0.367589 0.852964 0.031621 0.079051
0 0.331225 0.852964 0.031621 0.079051
0 0.292490 0.852964 0.031621 0.079051
0 0.251383 0.852964 0.031621 0.079051
0 0.211858 0.852964 0.031621 0.079051
0 0.147036 0.784980 0.079051 0.031621
0 0.147036 0.745455 0.079051 0.031621
0 0.147036 0.691700 0.079051 0.031621
0 0.147036 0.653755 0.079051 0.031621
0 0.147036 0.581818 0.079051 0.031621
0 0.147036 0.545455 0.079051 0.031621
0 0.147036 0.510672 0.079051 0.031621
0 0.147036 0.471146 0.079051 0.031621
0 0.147036 0.433992 0.079051 0.031621
0 0.147036 0.400000 0.079051 0.031621
0 0.147036 0.368379 0.079051 0.031621
0 0.147036 0.335968 0.079051 0.031621
0 0.147036 0.294071 0.079051 0.031621
0 0.147036 0.242688 0.079051 0.031621
0 0.147036 0.205534 0.079051 0.031621
0 0.214229 0.151779 0.031621 0.079051
0 0.252174 0.151779 0.031621 0.079051
0 0.287747 0.151779 0.031621 0.079051
0 0.326482 0.151779 0.031621 0.079051
0 0.359684 0.151779 0.031621 0.079051
0 0.392885 0.151779 0.031621 0.079051
0 0.428458 0.151779 0.031621 0.079051
0 0.463241 0.151779 0.031621 0.079051
0 0.581028 0.151779 0.031621 0.079051
0 0.612648 0.151779 0.031621 0.079051
0 0.644269 0.151779 0.031621 0.079051
0 0.694071 0.151779 0.031621 0.079051
0 0.731225 0.151779 0.031621 0.079051
0 0.766008 0.151779 0.031621 0.079051
0 0.848221 0.205534 0.079051 0.031621
0 0.848221 0.243478 0.079051 0.031621
0 0.848221 0.279842 0.079051 0.031621
0 0.848221 0.323320 0.079051 0.031621
0 0.848221 0.356522 0.079051 0.031621
0 0.848221 0.402372 0.079051 0.031621
0 0.848221 0.432411 0.079051 0.031621
0 0.848221 0.461660 0.079051 0.031621
0 0.848221 0.516996 0.079051 0.031621
0 0.848221 0.554941 0.079051 0.031621
0 0.848221 0.586561 0.079051 0.031621
0 0.848221 0.619763 0.079051 0.031621
0 0.848221 0.653755 0.079051 0.031621
0 0.848221 0.702767 0.079051 0.031621
0 0.848221 0.739921 0.079051 0.031621
0 0.848221 0.777075 0.079051 0.031621
0 0.771542 0.848221 0.031621 0.079051
0 0.731225 0.848221 0.031621 0.079051
0 0.691700 0.848221 0.031621 0.079051
0 0.657708 0.848221 0.031621 0.079051
0 0.624506 0.848221 0.031621 0.079051
0 0.592885 0.848221 0.031621 0.079051
0 0.561265 0.848221 0.031621 0.079051
0 0.521739 0.848221 0.031621 0.079051
0 0.479842 0.848221 0.031621 0.079051
0 0.447431 0.848221 0.031621 0.079051
0 0.415810 0.848221 0.031621 0.079051
0 0.368379 0.848221 0.031621 0.079051
0 0.332806 0.848221 0.031621 0.079051
0 0.294071 0.848221 0.031621 0.079051
0 0.253755 0.848221 0.031621 0.079051
0 0.215020 0.848221 0.031621 0.079051
0 0.151779 0.781028 0.079051 0.031621
0 0.151779 0.742292 0.079051 0.031621
0 0.151779 0.687747 0.079051 0.031621
0 0.151779 0.649802 0.079051 0.031621
0 0.151779 0.614229 0.079051 0.031621
0 0.151779 0.579447 0.079051 0.031621
0 0.151779 0.543083 0.079051 0.031621
0 0.151779 0.508300 0.079051 0.031621
0 0.151779 0.469565 0.079051 0.031621
0 0.151779 0.433202 0.079051 0.031621
0 0.151779 0.400000 0.079051 0.031621
0 0.151779 0.368379 0.079051 0.031621
0 0.151779 0.337549 0.079051 0.031621
0 0.151779 0.295652 0.079051 0.031621
0 0.151779 0.244269 0.079051 0.031621
0 0.151779 0.207905 0.079051 0.031621
0 0.217391 0.156522 0.031621 0.079051
0 0.254545 0.156522 0.031621 0.079051
0 0.289328 0.156522 0.031621 0.079051
0 0.327273 0.156522 0.031621 0.079051
0 0.359684 0.156522 0.031621 0.079051
0 0.391304 0.156522 0.031621 0.079051
0 0.428458 0.156522 0.031621 0.079051
0 0.463241 0.156522 0.031621 0.079051
0 0.578656 0.156522 0.031621 0.079051
0 0.610277 0.156522 0.031621 0.079051
0 0.641107 0.156522 0.031621 0.079051
0 0.690909 0.156522 0.031621 0.079051
0 0.726482 0.156522 0.031621 0.079051
0 0.760474 0.156522 0.031621 0.079051
0 0.843478 0.207905 0.079051 0.031621
0 0.843478 0.245059 0.079051 0.031621
0 0.843478 0.279842 0.079051 0.031621
0 0.843478 0.324111 0.079051 0.031621
0 0.843478 0.356522 0.079051 0.031621
0 0.843478 0.402372 0.079051 0.031621
0 0.843478 0.432411 0.079051 0.031621
0 0.843478 0.460079 0.079051 0.031621
0 0.843478 0.516206 0.079051 0.031621
0 0.843478 0.554941 0.079051 0.031621
0 0.843478 0.584980 0.079051 0.031621
0 0.843478 0.617391 0.079051 0.031621
0 0.843478 0.650593 0.079051 0.031621
0 0.843478 0.700395 0.079051 0.031621
0 0.843478 0.736759 0.079051 0.031621
0 0.843478 0.773123 0.079051 0.031621
0 0.766798 0.843478 0.031621 0.079051
0 0.726482 0.843478 0.031621 0.079051
0 0.687747 0.843478 0.031621 0.079051
0 0.655336 0.843478 0.031621 0.079051
0 0.623715 0.843478 0.031621 0.079051
0 0.592095 0.843478 0.031621 0.079051
0 0.560474 0.843478 0.031621 0.079051
0 0.521739 0.843478 0.031621 0.079051
0 0.479842 0.843478 0.031621 0.079051
0 0.448221 0.843478 0.031621 0.079051
0 0.417391 0.843478 0.031621 0.079051
0 0.368379 0.843478 0.031621 0.079051
0 0.333597 0.843478 0.031621 0.079051
0 0.295652 0.843478 0.031621 0.079051
0 0.256126 0.843478 0.031621 0.079051
0 0.218182 0.843478 0.031621 0.079051
0 0.156522 0.776285 0.079051 0.031621
0 0.156522 0.738340 0.079051 0.031621
0 0.156522 0.683004 0.079051 0.031621
0 0.156522 0.645850 0.079051 0.031621
0 0.156522 0.611858 0.079051 0.031621
0 0.156522 0.577866 0.079051 0.031621
0 0.156522 0.540711 0.079051 0.031621
0 0.156522 0.506719 0.079051 0.031621
0 0.156522 0.467984 0.079051 0.031621
0 0.156522 0.431621 0.079051 0.031621
0 0.156522 0.400000 0.079051 0.031621
0 0.156522 0.369170 0.079051 0.031621
0 0.156522 0.338340 0.079051 0.031621
0 0.156522 0.297233 0.079051 0.031621
0 0.156522 0.245850 0.079051 0.031621
0 0.220553 0.161265 0.031621 0.079051
0 0.256126 0.161265 0.031621 0.079051
0 0.290909 0.161265 0.031621 0.079051
0 0.358893 0.161265 0.031621 0.079051
0 0.390514 0.161265 0.031621 0.079051
0 0.428458 0.161265 0.031621 0.079051
0 0.469565 0.161265 0.031621 0.079051
0 0.520158 0.161265 0.031621 0.079051
0 0.577866 0.161265 0.031621 0.079051
0 0.637945 0.161265 0.031621 0.079051
0 0.687747 0.161265 0.031621 0.079051
0 0.722530 0.161265 0.031621 0.079051
0 0.754941 0.161265 0.031621 0.079051
0 0.838735 0.209486 0.079051 0.031621
0 0.838735 0.245850 0.079051 0.031621
0 0.838735 0.280632 0.079051 0.031621
0 0.838735 0.324111 0.079051 0.031621
0 0.838735 0.355731 0.079051 0.031621
0 0.838735 0.402372 0.079051 0.031621
0 0.838735 0.430830 0.079051 0.031621
0 0.838735 0.459289 0.079051 0.031621
0 0.838735 0.516206 0.079051 0.031621
0 0.838735 0.554150 0.079051 0.031621
0 0.838735 0.584190 0.079051 0.031621
0 0.838735 0.615810 0.079051 0.031621
0 0.838735 0.648221 0.079051 0.031621
0 0.838735 0.698814 0.079051 0.031621
0 0.838735 0.734387 0.079051 0.031621
0 0.838735 0.769170 0.079051 0.031621
0 0.761265 0.838735 0.031621 0.079051
0 0.722530 0.838735 0.031621 0.079051
0 0.684585 0.838735 0.031621 0.079051
0 0.652174 0.838735 0.031621 0.079051
0 0.622134 0.838735 0.031621 0.079051
0 0.591304 0.838735 0.031621 0.079051
0 0.561265 0.838735 0.031621 0.079051
0 0.520949 0.838735 0.031621 0.079051
0 0.480632 0.838735 0.031621 0.079051
0 0.448221 0.838735 0.031621 0.079051
0 0.418182 0.838735 0.031621 0.079051
0 0.369170 0.838735 0.031621 0.079051
0 0.334387 0.838735 0.031621 0.079051
0 0.297233 0.838735 0.031621 0.079051
0 0.258498 0.838735 0.031621 0.079051
0 0.221344 0.838735 0.031621 0.079051
0 0.161265 0.772332 0.079051 0.031621
0 0.161265 0.735178 0.079051 0.031621
0 0.161265 0.679051 0.079051 0.031621
0 0.161265 0.643478 0.079051 0.031621
0 0.161265 0.608696 0.079051 0.031621
0 0.161265 0.576285 0.079051 0.031621
0 0.161265 0.539130 0.079051 0.031621
0 0.161265 0.505138 0.079051 0.031621
0 0.161265 0.460870 0.079051 0.031621
0 0.161265 0.430830 0.079051 0.031621
0 0.161265 0.399209 0.079051 0.031621
0 0.161265 0.369170 0.079051 0.031621
0 0.161265 0.339130 0.079051 0.031621
0 0.161265 0.298814 0.079051 0.031621
0 0.161265 0.247431 0.079051 0.031621
0 0.161265 0.213439 0.079051 0.031621
0 0.223715 0.166008 0.031621 0.079051
0 0.258498 0.166008 0.031621 0.079051
0 0.291700 0.166008 0.031621 0.079051
0 0.328854 0.166008 0.031621 0.079051
0 0.358893 0.166008 0.031621 0.079051
0 0.389723 0.166008 0.031621 0.079051
0 0.428458 0.166008 0.031621 0.079051
0 0.462451 0.166008 0.031621 0.079051
0 0.519368 0.166008 0.031621 0.079051
0 0.547826 0.166008 0.031621 0.079051
0 0.576285 0.166008 0.031621 0.079051
0 0.604743 0.166008 0.031621 0.079051
0 0.633992 0.166008 0.031621 0.079051
0 0.684585 0.166008 0.031621 0.079051
0 0.717787 0.166008 0.031621 0.079051
0 0.748617 0.166008 0.031621 0.079051
0 0.833992 0.247431 0.079051 0.031621
0 0.833992 0.280632 0.079051 0.031621
0 0.833992 0.324901 0.079051 0.031621
0 0.833992 0.355731 0.079051 0.031621
0 0.833992 0.402372 0.079051 0.031621
0 0.833992 0.430830 0.079051 0.031621
0 0.833992 0.458498 0.079051 0.031621
0 0.833992 0.516206 0.079051 0.031621
0 0.833992 0.554150 0.079051 0.031621
0 0.833992 0.583399 0.079051 0.031621
0 0.833992 0.614229 0.079051 0.031621
0 0.833992 0.645059 0.079051 0.031621
0 0.833992 0.696443 0.079051 0.031621
0 0.833992 0.731225 0.079051 0.031621
0 0.833992 0.765217 0.079051 0.031621
0 0.756522 0.833992 0.031621 0.079051
0 0.717787 0.833992 0.031621 0.079051
0 0.680632 0.833992 0.031621 0.079051
0 0.649802 0.833992 0.031621 0.079051
0 0.620553 0.833992 0.031621 0.079051
0 0.590514 0.833992 0.031621 0.079051
0 0.561265 0.833992 0.031621 0.079051
0 0.520158 0.833992 0.031621 0.079051
0 0.480632 0.833992 0.031621 0.079051
0 0.449012 0.833992 0.031621 0.079051
0 0.418972 0.833992 0.031621 0.079051
0 0.370751 0.833992 0.031621 0.079051
0 0.335968 0.833992 0.031621 0.079051
0 0.299605 0.833992 0.031621 0.079051
0 0.260870 0.833992 0.031621 0.079051
0 0.224506 0.833992 0.031621 0.079051
0 0.166008 0.768379 0.079051 0.031621
0 0.166008 0.732016 0.079051 0.031621
0 0.166008 0.674308 0.079051 0.031621
0 0.166008 0.639526 0.079051 0.031621
0 0.166008 0.606324 0.079051 0.031621
0 0.166008 0.573913 0.079051 0.031621
0 0.166008 0.537549 0.079051 0.031621
0 0.166008 0.502767 0.079051 0.031621
0 0.166008 0.465613 0.079051 0.031621
0 0.166008 0.430040 0.079051 0.031621
0 0.166008 0.399209 0.079051 0.031621
0 0.166008 0.369960 0.079051 0.031621
0 0.166008 0.340711 0.079051 0.031621
0 0.166008 0.300395 0.079051 0.031621
0 0.166008 0.249012 0.079051 0.031621
0 0.166008 0.215810 0.079051 0.031621
0 0.207115 0.142292 0.031621 0.079051
0 0.246640 0.142292 0.031621 0.079051
0 0.284585 0.142292 0.031621 0.079051
0 0.325692 0.142292 0.031621 0.079051
0 0.359684 0.142292 0.031621 0.079051
0 0.394466 0.142292 0.031621 0.079051
0 0.429249 0.142292 0.031621 0.079051
0 0.464822 0.142292 0.031621 0.079051
0 0.520158 0.142292 0.031621 0.079051
0 0.550988 0.142292 0.031621 0.079051
0 0.583399 0.142292 0.031621 0.079051
0 0.617391 0.142292 0.031621 0.079051
0 0.652174 0.142292 0.031621 0.079051
0 0.701186 0.142292 0.031621 0.079051
0 0.739921 0.142292 0.031621 0.079051
0 0.777866 0.142292 0.031621 0.079051
0 0.857708 0.201581 0.079051 0.031621
0 0.857708 0.241107 0.079051 0.031621
0 0.857708 0.279051 0.079051 0.031621
0 0.857708 0.323320 0.079051 0.031621
0 0.857708 0.358103 0.079051 0.031621
0 0.857708 0.401581 0.079051 0.031621
0 0.857708 0.464032 0.079051 0.031621
0 0.857708 0.516996 0.079051 0.031621
0 0.857708 0.556522 0.079051 0.031621
0 0.857708 0.588142 0.079051 0.031621
0 0.857708 0.623715 0.079051 0.031621
0 0.857708 0.659289 0.079051 0.031621
0 0.857708 0.707510 0.079051 0.031621
0 0.857708 0.747036 0.079051 0.031621
0 0.857708 0.785771 0.079051 0.031621
0 0.783399 0.857708 0.031621 0.079051
0 0.740711 0.857708 0.031621 0.079051
0 0.699605 0.857708 0.031621 0.079051
0 0.662451 0.857708 0.031621 0.079051
0 0.628458 0.857708 0.031621 0.079051
0 0.594466 0.857708 0.031621 0.079051
0 0.561265 0.857708 0.031621 0.079051
0 0.522530 0.857708 0.031621 0.079051
0 0.479842 0.857708 0.031621 0.079051
0 0.446640 0.857708 0.031621 0.079051
0 0.413439 0.857708 0.031621 0.079051
0 0.367589 0.857708 0.031621 0.079051
0 0.329644 0.857708 0.031621 0.079051
0 0.290909 0.857708 0.031621 0.079051
0 0.249802 0.857708 0.031621 0.079051
0 0.209486 0.857708 0.031621 0.079051
0 0.142292 0.749407 0.079051 0.031621
0 0.142292 0.705929 0.079051 0.031621
0 0.142292 0.676680 0.079051 0.031621
0 0.142292 0.618972 0.079051 0.031621
0 0.142292 0.583399 0.079051 0.031621
0 0.142292 0.547036 0.079051 0.031621
0 0.142292 0.512253 0.079051 0.031621
0 0.142292 0.471937 0.079051 0.031621
0 0.142292 0.434783 0.079051 0.031621
0 0.142292 0.400791 0.079051 0.031621
0 0.142292 0.367589 0.079051 0.031621
0 0.142292 0.335178 0.079051 0.031621
0 0.142292 0.292490 0.079051 0.031621
0 0.142292 0.241107 0.079051 0.031621
0 0.142292 0.203162 0.079051 0.031621
1 0.240549 0.188780 0.040000 0.100000
1 0.270748 0.188541 0.040000 0.100000
1 0.299029 0.187103 0.040000 0.100000
1 0.331288 0.188253 0.040000 0.100000
1 0.358611 0.187678 0.040000 0.100000
1 0.385646 0.187103 0.040000 0.100000
1 0.425738 0.187735 0.040000 0.100000
1 0.444029 0.188425 0.040000 0.100000
1 0.467153 0.188425 0.040000 0.100000
1 0.520992 0.186355 0.040000 0.100000
1 0.544806 0.187390 0.040000 0.100000
1 0.568337 0.187111 0.040000 0.100000
1 0.593934 0.187686 0.040000 0.100000
1 0.617805 0.186823 0.040000 0.100000
1 0.670437 0.187398 0.040000 0.100000
1 0.700556 0.187973 0.040000 0.100000
1 0.722726 0.188971 0.040000 0.100000
1 0.813182 0.220638 0.100000 0.040000
1 0.812240 0.254491 0.100000 0.040000
1 0.812702 0.283617 0.100000 0.040000
1 0.812836 0.327668 0.100000 0.040000
1 0.813502 0.354298 0.100000 0.040000
1 0.812054 0.404410 0.100000 0.040000
1 0.812254 0.428377 0.100000 0.040000
1 0.812054 0.459534 0.100000 0.040000
1 0.813632 0.525184 0.100000 0.040000
1 0.813432 0.553745 0.100000 0.040000
1 0.811846 0.579992 0.100000 0.040000
1 0.813844 0.606955 0.100000 0.040000
1 0.812645 0.635316 0.100000 0.040000
1 0.811377 0.687301 0.100000 0.040000
1 0.812376 0.717926 0.100000 0.040000
1 0.812043 0.747552 0.100000 0.040000
1 0.735981 0.813870 0.040000 0.100000
1 0.701229 0.814669 0.040000 0.100000
1 0.667476 0.813471 0.040000 0.100000
1 0.639789 0.813230 0.040000 0.100000
1 0.617320 0.813923 0.040000 0.100000
1 0.591106 0.812397 0.040000 0.100000
1 0.564198 0.814339 0.040000 0.100000
1 0.521832 0.814855 0.040000 0.100000
1 0.483385 0.814189 0.040000 0.100000
1 0.453260 0.814023 0.040000 0.100000
1 0.426896 0.812126 0.040000 0.100000
1 0.373569 0.813324 0.040000 0.100000
1 0.343194 0.812542 0.040000 0.100000
1 0.308908 0.812375 0.040000 0.100000
1 0.271585 0.812611 0.040000 0.100000
1 0.240378 0.811363 0.040000 0.100000
1 0.188147 0.749491 0.100000 0.040000
1 0.187748 0.717335 0.100000 0.040000
1 0.188441 0.655331 0.100000 0.040000
1 0.188921 0.624654 0.100000 0.040000
1 0.187722 0.595174 0.100000 0.040000
1 0.187482 0.567372 0.100000 0.040000
1 0.187698 0.526318 0.100000 0.040000
1 0.185895 0.496637 0.100000 0.040000
1 0.186554 0.455871 0.100000 0.040000
1 0.187276 0.427332 0.100000 0.040000
1 0.186490 0.400228 0.100000 0.040000
1 0.188571 0.374431 0.100000 0.040000
1 0.186762 0.346888 0.100000 0.040000
1 0.186646 0.333365 0.100000 0.040000
1 0.187802 0.308746 0.100000 0.040000
1 0.187766 0.294532 0.100000 0.040000
1 0.186808 0.258342 0.100000 0.040000
1 0.186808 0.228383 0.100000 0.040000
1 0.252303 0.203005 0.040000 0.100000
1 0.278427 0.202286 0.040000 0.100000
1 0.337146 0.201327 0.040000 0.100000
1 0.305749 0.203245 0.040000 0.100000
1 0.362347 0.202193 0.040000 0.100000
1 0.385116 0.202392 0.040000 0.100000
1 0.427258 0.202392 0.040000 0.100000
1 0.442637 0.202592 0.040000 0.100000
1 0.465689 0.203852 0.040000 0.100000
1 0.521463 0.202299 0.040000 0.100000
1 0.542434 0.203297 0.040000 0.100000
1 0.587081 0.203006 0.040000 0.100000
1 0.565721 0.203145 0.040000 0.100000
1 0.609550 0.203283 0.040000 0.100000
1 0.661733 0.203106 0.040000 0.100000
1 0.688497 0.203106 0.040000 0.100000
1 0.708469 0.203905 0.040000 0.100000
1 0.797503 0.228523 0.100000 0.040000
1 0.798102 0.258082 0.100000 0.040000
1 0.798102 0.286044 0.100000 0.040000
1 0.798397 0.328745 0.100000 0.040000
1 0.796001 0.354869 0.100000 0.040000
1 0.796480 0.404960 0.100000 0.040000
1 0.796979 0.427309 0.100000 0.040000
1 0.796780 0.458666 0.100000 0.040000
1 0.796043 0.525996 0.100000 0.040000
1 0.797153 0.555261 0.100000 0.040000
1 0.796592 0.578979 0.100000 0.040000
1 0.796392 0.604743 0.100000 0.040000
1 0.795793 0.628910 0.100000 0.040000
1 0.797291 0.683065 0.100000 0.040000
1 0.795626 0.709833 0.100000 0.040000
1 0.796597 0.738821 0.100000 0.040000
1 0.723082 0.797801 0.040000 0.100000
1 0.690293 0.797635 0.040000 0.100000
1 0.658906 0.796567 0.040000 0.100000
1 0.635744 0.796983 0.040000 0.100000
1 0.613933 0.797341 0.040000 0.100000
1 0.589314 0.797457 0.040000 0.100000
1 0.567171 0.798102 0.040000 0.100000
1 0.522276 0.797791 0.040000 0.100000
1 0.486331 0.797213 0.040000 0.100000
1 0.458036 0.796713 0.040000 0.100000
1 0.432238 0.796547 0.040000 0.100000
1 0.377713 0.796913 0.040000 0.100000
1 0.348250 0.797477 0.040000 0.100000
1 0.318314 0.797014 0.040000 0.100000
1 0.281835 0.797217 0.040000 0.100000
1 0.252431 0.796523 0.040000 0.100000
1 0.203198 0.740115 0.100000 0.040000
1 0.202622 0.707616 0.100000 0.040000
1 0.202335 0.643767 0.100000 0.040000
1 0.204348 0.615007 0.100000 0.040000
1 0.203122 0.590293 0.100000 0.040000
1 0.202922 0.563330 0.100000 0.040000
1 0.203871 0.525299 0.100000 0.040000
1 0.204869 0.513316 0.100000 0.040000
1 0.203538 0.493010 0.100000 0.040000
1 0.203871 0.460555 0.100000 0.040000
1 0.203321 0.400374 0.100000 0.040000
1 0.202989 0.427337 0.100000 0.040000
1 0.203321 0.377406 0.100000 0.040000
1 0.203055 0.351575 0.100000 0.040000
1 0.203455 0.336795 0.100000 0.040000
1 0.203055 0.314426 0.100000 0.040000
1 0.203055 0.299047 0.100000 0.040000
1 0.202256 0.262282 0.100000 0.040000
1 0.202256 0.236110 0.100000 0.040000
1 0.265959 0.219045 0.040000 0.100000
1 0.290405 0.218806 0.040000 0.100000
1 0.313893 0.219764 0.040000 0.100000
1 0.341934 0.219525 0.040000 0.100000
1 0.364223 0.218087 0.040000 0.100000
1 0.386033 0.220244 0.040000 0.100000
1 0.428690 0.218822 0.040000 0.100000
1 0.443789 0.218822 0.040000 0.100000
1 0.466797 0.219541 0.040000 0.100000
1 0.523072 0.218103 0.040000 0.100000
1 0.543204 0.218966 0.040000 0.100000
1 0.563049 0.218391 0.040000 0.100000
1 0.581743 0.218103 0.040000 0.100000
1 0.602139 0.219057 0.040000 0.100000
1 0.653716 0.219344 0.040000 0.100000
1 0.678738 0.218194 0.040000 0.100000
1 0.695706 0.218482 0.040000 0.100000
1 0.781528 0.236888 0.100000 0.040000
1 0.781393 0.264029 0.100000 0.040000
1 0.781592 0.289394 0.100000 0.040000
1 0.780594 0.331736 0.100000 0.040000
1 0.781233 0.355823 0.100000 0.040000
1 0.780753 0.406154 0.100000 0.040000
1 0.780224 0.427920 0.100000 0.040000
1 0.780823 0.456281 0.100000 0.040000
1 0.780523 0.517217 0.100000 0.040000
1 0.780723 0.528002 0.100000 0.040000
1 0.781822 0.557661 0.100000 0.040000
1 0.781023 0.579631 0.100000 0.040000
1 0.780623 0.601002 0.100000 0.040000
1 0.779545 0.624649 0.100000 0.040000
1 0.781031 0.680253 0.100000 0.040000
1 0.781893 0.704986 0.100000 0.040000
1 0.781031 0.729720 0.100000 0.040000
1 0.710493 0.781738 0.040000 0.100000
1 0.679536 0.781139 0.040000 0.100000
1 0.651375 0.782338 0.040000 0.100000
1 0.632001 0.780940 0.040000 0.100000
1 0.612012 0.781522 0.040000 0.100000
1 0.591208 0.781522 0.040000 0.100000
1 0.571734 0.780690 0.040000 0.100000
1 0.523474 0.781196 0.040000 0.100000
1 0.488233 0.782058 0.040000 0.100000
1 0.460438 0.782058 0.040000 0.100000
1 0.439300 0.780893 0.040000 0.100000
1 0.382503 0.782183 0.040000 0.100000
1 0.355799 0.782163 0.040000 0.100000
1 0.326320 0.781205 0.040000 0.100000
1 0.288212 0.782403 0.040000 0.100000
1 0.265923 0.781444 0.040000 0.100000
1 0.218123 0.727164 0.100000 0.040000
1 0.217548 0.700417 0.100000 0.040000
1 0.216973 0.635418 0.100000 0.040000
1 0.218950 0.608867 0.100000 0.040000
1 0.218950 0.583102 0.100000 0.040000
1 0.218550 0.559534 0.100000 0.040000
1 0.219761 0.521894 0.100000 0.040000
1 0.219761 0.508113 0.100000 0.040000
1 0.217364 0.490937 0.100000 0.040000
1 0.219521 0.459101 0.100000 0.040000
1 0.220000 0.426026 0.100000 0.040000
1 0.219281 0.403737 0.100000 0.040000
1 0.217795 0.381304 0.100000 0.040000
1 0.219297 0.248346 0.100000 0.040000
1 0.217523 0.270587 0.100000 0.040000
1 0.218961 0.305100 0.100000 0.040000
1 0.219007 0.316482 0.100000 0.040000
1 0.219007 0.353231 0.100000 0.040000
1 0.282102 0.234641 0.040000 0.100000
1 0.302075 0.234042 0.040000 0.100000
1 0.323046 0.235241 0.040000 0.100000
1 0.347413 0.234641 0.040000 0.100000
1 0.430019 0.235073 0.040000 0.100000
1 0.447755 0.235792 0.040000 0.100000
1 0.468366 0.236032 0.040000 0.100000
1 0.526558 0.234833 0.040000 0.100000
1 0.543239 0.235121 0.040000 0.100000
1 0.559345 0.235984 0.040000 0.100000
1 0.576601 0.235408 0.040000 0.100000
1 0.593570 0.233970 0.040000 0.100000
1 0.647828 0.234033 0.040000 0.100000
1 0.667002 0.235471 0.040000 0.100000
1 0.682341 0.236429 0.040000 0.100000
1 0.765470 0.247498 0.100000 0.040000
1 0.765470 0.271066 0.100000 0.040000
1 0.766669 0.293635 0.100000 0.040000
1 0.765021 0.336405 0.100000 0.040000
1 0.765500 0.357256 0.100000 0.040000
1 0.765704 0.409196 0.100000 0.040000
1 0.765304 0.427771 0.100000 0.040000
1 0.765105 0.455533 0.100000 0.040000
1 0.765141 0.525260 0.100000 0.040000
1 0.765574 0.560611 0.100000 0.040000
1 0.765374 0.580184 0.100000 0.040000
1 0.765694 0.601595 0.100000 0.040000
1 0.764496 0.621727 0.100000 0.040000
1 0.765790 0.677666 0.100000 0.040000
1 0.765502 0.699812 0.100000 0.040000
1 0.764352 0.722245 0.100000 0.040000
1 0.699197 0.765217 0.040000 0.100000
1 0.670037 0.765816 0.040000 0.100000
1 0.644752 0.765816 0.040000 0.100000
1 0.627736 0.764378 0.040000 0.100000
1 0.612397 0.765097 0.040000 0.100000
1 0.592744 0.765097 0.040000 0.100000
1 0.574529 0.765337 0.040000 0.100000
1 0.524691 0.765782 0.040000 0.100000
1 0.494233 0.766115 0.040000 0.100000
1 0.465373 0.765216 0.040000 0.100000
1 0.447997 0.765816 0.040000 0.100000
1 0.387677 0.765684 0.040000 0.100000
1 0.363447 0.765027 0.040000 0.100000
1 0.336843 0.764308 0.040000 0.100000
1 0.303769 0.765506 0.040000 0.100000
1 0.279323 0.766465 0.040000 0.100000
1 0.235060 0.718308 0.100000 0.040000
1 0.234394 0.692344 0.100000 0.040000
1 0.235579 0.623698 0.100000 0.040000
1 0.236538 0.601888 0.100000 0.040000
1 0.234141 0.578400 0.100000 0.040000
1 0.234621 0.556830 0.100000 0.040000
1 0.235136 0.502271 0.100000 0.040000
1 0.234656 0.518329 0.100000 0.040000
1 0.234417 0.487171 0.100000 0.040000
1 0.235615 0.459130 0.100000 0.040000
1 0.234417 0.448345 0.100000 0.040000
1 0.233937 0.426775 0.100000 0.040000
1 0.233458 0.406642 0.100000 0.040000
1 0.233458 0.385935 0.100000 0.040000
1 0.234321 0.364364 0.100000 0.040000
1 0.233746 0.347396 0.100000 0.040000
1 0.233343 0.329507 0.100000 0.040000
1 0.233688 0.312251 0.100000 0.040000
1 0.233688 0.277738 0.100000 0.040000
1 0.233688 0.255995 0.100000 0.040000
1 0.297278 0.251605 0.040000 0.100000
1 0.313153 0.249879 0.040000 0.100000
1 0.332825 0.251259 0.040000 0.100000
1 0.354621 0.251111 0.040000 0.100000
1 0.371638 0.250632 0.040000 0.100000
1 0.388175 0.249913 0.040000 0.100000
1 0.438745 0.249913 0.040000 0.100000
1 0.467266 0.250632 0.040000 0.100000
1 0.529029 0.249716 0.040000 0.100000
1 0.543170 0.249476 0.040000 0.100000
1 0.558508 0.249716 0.040000 0.100000
1 0.572409 0.249716 0.040000 0.100000
1 0.587748 0.249716 0.040000 0.100000
1 0.640955 0.248997 0.040000 0.100000
1 0.657732 0.249237 0.040000 0.100000
1 0.670434 0.250914 0.040000 0.100000
1 0.749554 0.258450 0.100000 0.040000
1 0.748843 0.279129 0.100000 0.040000
1 0.749176 0.299268 0.100000 0.040000
1 0.748617 0.341011 0.100000 0.040000
1 0.747898 0.360184 0.100000 0.040000
1 0.749740 0.411954 0.100000 0.040000
1 0.750572 0.429292 0.100000 0.040000
1 0.748950 0.453368 0.100000 0.040000
1 0.749050 0.520070 0.100000 0.040000
1 0.750049 0.534050 0.100000 0.040000
1 0.747952 0.564775 0.100000 0.040000
1 0.748151 0.581951 0.100000 0.040000
1 0.748151 0.599727 0.100000 0.040000
1 0.749150 0.618101 0.100000 0.040000
1 0.749529 0.676377 0.100000 0.040000
1 0.749729 0.695950 0.100000 0.040000
1 0.747932 0.714325 0.100000 0.040000
1 0.688641 0.749648 0.040000 0.100000
1 0.662677 0.750447 0.040000 0.100000
1 0.640508 0.750247 0.040000 0.100000
1 0.626127 0.750447 0.040000 0.100000
1 0.611947 0.750247 0.040000 0.100000
1 0.593822 0.750331 0.040000 0.100000
1 0.578510 0.750331 0.040000 0.100000
1 0.527030 0.750261 0.040000 0.100000
1 0.497071 0.750926 0.040000 0.100000
1 0.470109 0.748929 0.040000 0.100000
1 0.455362 0.749562 0.040000 0.100000
1 0.394845 0.748962 0.040000 0.100000
1 0.370159 0.749562 0.040000 0.100000
1 0.348589 0.749082 0.040000 0.100000
1 0.314191 0.750909 0.040000 0.100000
1 0.296299 0.749938 0.040000 0.100000
1 0.252110 0.709577 0.100000 0.040000
1 0.250648 0.685659 0.100000 0.040000
1 0.251071 0.614390 0.100000 0.040000
1 0.250273 0.594418 0.100000 0.040000
1 0.250472 0.573647 0.100000 0.040000
1 0.252070 0.553674 0.100000 0.040000
1 0.252577 0.515946 0.100000 0.040000
1 0.250980 0.500967 0.100000 0.040000
1 0.251319 0.478258 0.100000 0.040000
1 0.250720 0.449697 0.100000 0.040000
1 0.249322 0.429325 0.100000 0.040000
1 0.250241 0.409712 0.100000 0.040000
1 0.248803 0.391977 0.100000 0.040000
1 0.249582 0.369947 0.100000 0.040000
1 0.250181 0.353370 0.100000 0.040000
1 0.251139 0.337551 0.100000 0.040000
1 0.251139 0.319816 0.100000 0.040000
1 0.252338 0.285303 0.100000 0.040000
1 0.250516 0.266034 0.100000 0.040000
