0 0.194286 0.125714 0.032653 0.081633
0 0.237551 0.125714 0.032653 0.081633
0 0.271837 0.125714 0.032653 0.081633
0 0.317551 0.125714 0.032653 0.081633
0 0.356735 0.125714 0.032653 0.081633
0 0.393469 0.125714 0.032653 0.081633
0 0.426939 0.125714 0.032653 0.081633
0 0.465306 0.125714 0.032653 0.081633
0 0.520000 0.125714 0.032653 0.081633
0 0.552653 0.125714 0.032653 0.081633
0 0.585306 0.125714 0.032653 0.081633
0 0.621224 0.125714 0.032653 0.081633
0 0.657959 0.125714 0.032653 0.081633
0 0.707755 0.125714 0.032653 0.081633
0 0.749388 0.125714 0.032653 0.081633
0 0.791837 0.125714 0.032653 0.081633
0 0.874286 0.193469 0.081633 0.032653
0 0.874286 0.235918 0.081633 0.032653
0 0.874286 0.277551 0.081633 0.032653
0 0.874286 0.323265 0.081633 0.032653
0 0.874286 0.361633 0.081633 0.032653
0 0.874286 0.406531 0.081633 0.032653
0 0.874286 0.440000 0.081633 0.032653
0 0.874286 0.471020 0.081633 0.032653
0 0.874286 0.521633 0.081633 0.032653
0 0.874286 0.566531 0.081633 0.032653
0 0.874286 0.600000 0.081633 0.032653
0 0.874286 0.637551 0.081633 0.032653
0 0.874286 0.675102 0.081633 0.032653
0 0.874286 0.724082 0.081633 0.032653
0 0.874286 0.764898 0.081633 0.032653
0 0.874286 0.808980 0.081633 0.032653
0 0.800000 0.874286 0.032653 0.081633
0 0.755918 0.874286 0.032653 0.081633
0 0.713469 0.874286 0.032653 0.081633
0 0.671837 0.874286 0.032653 0.081633
0 0.635918 0.874286 0.032653 0.081633
0 0.598367 0.874286 0.032653 0.081633
0 0.562449 0.874286 0.032653 0.081633
0 0.524082 0.874286 0.032653 0.081633
0 0.479184 0.874286 0.032653 0.081633
0 0.443265 0.874286 0.032653 0.081633
0 0.407347 0.874286 0.032653 0.081633
0 0.360816 0.874286 0.032653 0.081633
0 0.321633 0.874286 0.032653 0.081633
0 0.280816 0.874286 0.032653 0.081633
0 0.238367 0.874286 0.032653 0.081633
0 0.196735 0.874286 0.032653 0.081633
0 0.125714 0.822857 0.081633 0.032653
0 0.125714 0.792653 0.081633 0.032653
0 0.125714 0.764898 0.081633 0.032653
0 0.125714 0.714286 0.081633 0.032653
0 0.125714 0.672653 0.081633 0.032653
0 0.125714 0.631837 0.081633 0.032653
0 0.125714 0.595102 0.081633 0.032653
0 0.125714 0.554286 0.081633 0.032653
0 0.125714 0.517551 0.081633 0.032653
0 0.125714 0.476735 0.081633 0.032653
0 0.125714 0.441633 0.081633 0.032653
0 0.125714 0.406531 0.081633 0.032653
0 0.125714 0.369796 0.081633 0.032653
0 0.125714 0.332245 0.081633 0.032653
0 0.125714 0.286531 0.081633 0.032653
0 0.125714 0.235918 0.081633 0.032653
0 0.125714 0.194286 0.081633 0.032653
0 0.201633 0.135510 0.032653 0.081633
0 0.242449 0.135510 0.032653 0.081633
0 0.281633 0.135510 0.032653 0.081633
0 0.320000 0.135510 0.032653 0.081633
0 0.356735 0.135510 0.032653 0.081633
0 0.391837 0.135510 0.032653 0.081633
0 0.426939 0.135510 0.032653 0.081633
0 0.463673 0.135510 0.032653 0.081633
0 0.519184 0.135510 0.032653 0.081633
0 0.550204 0.135510 0.032653 0.081633
0 0.582041 0.135510 0.032653 0.081633
0 0.614694 0.135510 0.032653 0.081633
0 0.649796 0.135510 0.032653 0.081633
0 0.700408 0.135510 0.032653 0.081633
0 0.738776 0.135510 0.032653 0.081633
0 0.780408 0.135510 0.032653 0.081633
0 0.864490 0.200816 0.081633 0.032653
0 0.864490 0.241633 0.081633 0.032653
0 0.864490 0.280816 0.081633 0.032653
0 0.864490 0.326531 0.081633 0.032653
0 0.864490 0.364082 0.081633 0.032653
0 0.864490 0.409796 0.081633 0.032653
0 0.864490 0.441633 0.081633 0.032653
0 0.864490 0.470204 0.081633 0.032653
0 0.864490 0.523265 0.081633 0.032653
0 0.864490 0.568980 0.081633 0.032653
0 0.864490 0.600816 0.081633 0.032653
0 0.864490 0.635918 0.081633 0.032653
0 0.864490 0.673469 0.081633 0.032653
0 0.864490 0.722449 0.081633 0.032653
0 0.864490 0.762449 0.081633 0.032653
0 0.864490 0.804082 0.081633 0.032653
0 0.788571 0.864490 0.032653 0.081633
0 0.745306 0.864490 0.032653 0.081633
0 0.706122 0.864490 0.032653 0.081633
0 0.666939 0.864490 0.032653 0.081633
0 0.632653 0.864490 0.032653 0.081633
0 0.596735 0.864490 0.032653 0.081633
0 0.563265 0.864490 0.032653 0.081633
0 0.522449 0.864490 0.032653 0.081633
0 0.479184 0.864490 0.032653 0.081633
0 0.443265 0.864490 0.032653 0.081633
0 0.409796 0.864490 0.032653 0.081633
0 0.361633 0.864490 0.032653 0.081633
0 0.324082 0.864490 0.032653 0.081633
0 0.284898 0.864490 0.032653 0.081633
0 0.242449 0.864490 0.032653 0.081633
0 0.203265 0.864490 0.032653 0.081633
0 0.135510 0.800000 0.081633 0.032653
0 0.135510 0.760000 0.081633 0.032653
0 0.135510 0.706939 0.081633 0.032653
0 0.135510 0.667755 0.081633 0.032653
0 0.135510 0.629388 0.081633 0.032653
0 0.135510 0.593469 0.081633 0.032653
0 0.135510 0.551837 0.081633 0.032653
0 0.135510 0.515918 0.081633 0.032653
0 0.135510 0.476735 0.081633 0.032653
0 0.135510 0.442449 0.081633 0.032653
0 0.135510 0.408163 0.081633 0.032653
0 0.135510 0.373878 0.081633 0.032653
0 0.135510 0.335510 0.081633 0.032653
0 0.135510 0.292245 0.081633 0.032653
0 0.135510 0.242449 0.081633 0.032653
0 0.135510 0.203265 0.081633 0.032653
0 0.204898 0.140408 0.032653 0.081633
0 0.244898 0.140408 0.032653 0.081633
0 0.283265 0.140408 0.032653 0.081633
0 0.320816 0.140408 0.032653 0.081633
0 0.356735 0.140408 0.032653 0.081633
0 0.391837 0.140408 0.032653 0.081633
0 0.426939 0.140408 0.032653 0.081633
0 0.462857 0.140408 0.032653 0.081633
0 0.519184 0.140408 0.032653 0.081633
0 0.549388 0.140408 0.032653 0.081633
0 0.580408 0.140408 0.032653 0.081633
0 0.612245 0.140408 0.032653 0.081633
0 0.645714 0.140408 0.032653 0.081633
0 0.696327 0.140408 0.032653 0.081633
0 0.734694 0.140408 0.032653 0.081633
0 0.773878 0.140408 0.032653 0.081633
0 0.859592 0.204082 0.081633 0.032653
0 0.859592 0.244082 0.081633 0.032653
0 0.859592 0.283265 0.081633 0.032653
0 0.859592 0.328980 0.081633 0.032653
0 0.859592 0.364898 0.081633 0.032653
0 0.859592 0.410612 0.081633 0.032653
0 0.859592 0.441633 0.081633 0.032653
0 0.859592 0.471020 0.081633 0.032653
0 0.859592 0.524082 0.081633 0.032653
0 0.859592 0.569796 0.081633 0.032653
0 0.859592 0.600816 0.081633 0.032653
0 0.859592 0.635918 0.081633 0.032653
0 0.859592 0.671837 0.081633 0.032653
0 0.859592 0.722449 0.081633 0.032653
0 0.859592 0.760816 0.081633 0.032653
0 0.859592 0.802449 0.081633 0.032653
0 0.783673 0.859592 0.032653 0.081633
0 0.741224 0.859592 0.032653 0.081633
0 0.702041 0.859592 0.032653 0.081633
0 0.664490 0.859592 0.032653 0.081633
0 0.630204 0.859592 0.032653 0.081633
0 0.595918 0.859592 0.032653 0.081633
0 0.563265 0.859592 0.032653 0.081633
0 0.522449 0.859592 0.032653 0.081633
0 0.479184 0.859592 0.032653 0.081633
0 0.444082 0.859592 0.032653 0.081633
0 0.410612 0.859592 0.032653 0.081633
0 0.362449 0.859592 0.032653 0.081633
0 0.324898 0.859592 0.032653 0.081633
0 0.286531 0.859592 0.032653 0.081633
0 0.244898 0.859592 0.032653 0.081633
0 0.206531 0.859592 0.032653 0.081633
0 0.140408 0.796735 0.081633 0.032653
0 0.140408 0.757551 0.081633 0.032653
0 0.140408 0.704490 0.081633 0.032653
0 0.140408 0.666122 0.081633 0.032653
0 0.140408 0.628571 0.081633 0.032653
0 0.140408 0.592653 0.081633 0.032653
0 0.140408 0.551020 0.081633 0.032653
0 0.140408 0.515102 0.081633 0.032653
0 0.140408 0.475918 0.081633 0.032653
0 0.140408 0.443265 0.081633 0.032653
0 0.140408 0.409796 0.081633 0.032653
0 0.140408 0.375510 0.081633 0.032653
0 0.140408 0.337959 0.081633 0.032653
0 0.140408 0.294694 0.081633 0.032653
0 0.140408 0.244082 0.081633 0.032653
0 0.140408 0.205714 0.081633 0.032653
0 0.207347 0.145306 0.032653 0.081633
0 0.247347 0.145306 0.032653 0.081633
0 0.284898 0.145306 0.032653 0.081633
0 0.321633 0.145306 0.032653 0.081633
0 0.356735 0.145306 0.032653 0.081633
0 0.390204 0.145306 0.032653 0.081633
0 0.426122 0.145306 0.032653 0.081633
0 0.462857 0.145306 0.032653 0.081633
0 0.519184 0.145306 0.032653 0.081633
0 0.548571 0.145306 0.032653 0.081633
0 0.577959 0.145306 0.032653 0.081633
0 0.608980 0.145306 0.032653 0.081633
0 0.641633 0.145306 0.032653 0.081633
0 0.693061 0.145306 0.032653 0.081633
0 0.729796 0.145306 0.032653 0.081633
0 0.768163 0.145306 0.032653 0.081633
0 0.854694 0.208163 0.081633 0.032653
0 0.854694 0.246531 0.081633 0.032653
0 0.854694 0.285714 0.081633 0.032653
0 0.854694 0.330612 0.081633 0.032653
0 0.854694 0.364898 0.081633 0.032653
0 0.854694 0.412245 0.081633 0.032653
0 0.854694 0.441633 0.081633 0.032653
0 0.854694 0.470204 0.081633 0.032653
0 0.854694 0.524082 0.081633 0.032653
0 0.854694 0.570612 0.081633 0.032653
0 0.854694 0.600816 0.081633 0.032653
0 0.854694 0.635102 0.081633 0.032653
0 0.854694 0.671020 0.081633 0.032653
0 0.854694 0.721633 0.081633 0.032653
0 0.854694 0.759184 0.081633 0.032653
0 0.854694 0.799184 0.081633 0.032653
0 0.776327 0.854694 0.032653 0.081633
0 0.736327 0.854694 0.032653 0.081633
0 0.662041 0.854694 0.032653 0.081633
0 0.629388 0.854694 0.032653 0.081633
0 0.595918 0.854694 0.032653 0.081633
0 0.563265 0.854694 0.032653 0.081633
0 0.521633 0.854694 0.032653 0.081633
0 0.479184 0.854694 0.032653 0.081633
0 0.444898 0.854694 0.032653 0.081633
0 0.411429 0.854694 0.032653 0.081633
0 0.362449 0.854694 0.032653 0.081633
0 0.325714 0.854694 0.032653 0.081633
0 0.288163 0.854694 0.032653 0.081633
0 0.209796 0.854694 0.032653 0.081633
0 0.145306 0.793469 0.081633 0.032653
0 0.145306 0.755918 0.081633 0.032653
0 0.145306 0.702041 0.081633 0.032653
0 0.145306 0.663673 0.081633 0.032653
0 0.145306 0.626939 0.081633 0.032653
0 0.145306 0.592653 0.081633 0.032653
0 0.145306 0.550204 0.081633 0.032653
0 0.145306 0.515102 0.081633 0.032653
0 0.145306 0.475918 0.081633 0.032653
0 0.145306 0.443265 0.081633 0.032653
0 0.145306 0.410612 0.081633 0.032653
0 0.145306 0.377143 0.081633 0.032653
0 0.145306 0.339592 0.081633 0.032653
0 0.145306 0.297143 0.081633 0.032653
0 0.145306 0.247347 0.081633 0.032653
0 0.145306 0.208980 0.081633 0.032653
0 0.210612 0.150204 0.032653 0.081633
0 0.249796 0.150204 0.032653 0.081633
0 0.286531 0.150204 0.032653 0.081633
0 0.322449 0.150204 0.032653 0.081633
0 0.356735 0.150204 0.032653 0.081633
0 0.389388 0.150204 0.032653 0.081633
0 0.425306 0.150204 0.032653 0.081633
0 0.462041 0.150204 0.032653 0.081633
0 0.519184 0.150204 0.032653 0.081633
0 0.547755 0.150204 0.032653 0.081633
0 0.577143 0.150204 0.032653 0.081633
0 0.606531 0.150204 0.032653 0.081633
0 0.638367 0.150204 0.032653 0.081633
0 0.689796 0.150204 0.032653 0.081633
0 0.725714 0.150204 0.032653 0.081633
0 0.762449 0.150204 0.032653 0.081633
0 0.849796 0.211429 0.081633 0.032653
0 0.849796 0.248980 0.081633 0.032653
0 0.849796 0.287347 0.081633 0.032653
0 0.849796 0.332245 0.081633 0.032653
0 0.849796 0.366531 0.081633 0.032653
0 0.849796 0.441633 0.081633 0.032653
0 0.849796 0.470204 0.081633 0.032653
0 0.849796 0.525714 0.081633 0.032653
0 0.849796 0.571429 0.081633 0.032653
0 0.849796 0.601633 0.081633 0.032653
0 0.849796 0.635102 0.081633 0.032653
0 0.849796 0.670204 0.081633 0.032653
0 0.849796 0.720816 0.081633 0.032653
0 0.849796 0.757551 0.081633 0.032653
0 0.849796 0.797551 0.081633 0.032653
0 0.772245 0.849796 0.032653 0.081633
0 0.732245 0.849796 0.032653 0.081633
0 0.694694 0.849796 0.032653 0.081633
0 0.659592 0.849796 0.032653 0.081633
0 0.628571 0.849796 0.032653 0.081633
0 0.595102 0.849796 0.032653 0.081633
0 0.564082 0.849796 0.032653 0.081633
0 0.520816 0.849796 0.032653 0.081633
0 0.480000 0.849796 0.032653 0.081633
0 0.444898 0.849796 0.032653 0.081633
0 0.413061 0.849796 0.032653 0.081633
0 0.363265 0.849796 0.032653 0.081633
0 0.327347 0.849796 0.032653 0.081633
0 0.289796 0.849796 0.032653 0.081633
0 0.249796 0.849796 0.032653 0.081633
0 0.212245 0.849796 0.032653 0.081633
0 0.150204 0.790204 0.081633 0.032653
0 0.150204 0.752653 0.081633 0.032653
0 0.150204 0.698776 0.081633 0.032653
0 0.150204 0.661224 0.081633 0.032653
0 0.150204 0.625306 0.081633 0.032653
0 0.150204 0.591020 0.081633 0.032653
0 0.150204 0.549388 0.081633 0.032653
0 0.150204 0.513469 0.081633 0.032653
0 0.150204 0.475918 0.081633 0.032653
0 0.150204 0.444082 0.081633 0.032653
0 0.150204 0.412245 0.081633 0.032653
0 0.150204 0.379592 0.081633 0.032653
0 0.150204 0.342041 0.081633 0.032653
0 0.150204 0.300408 0.081633 0.032653
0 0.150204 0.249796 0.081633 0.032653
0 0.150204 0.213061 0.081633 0.032653
0 0.214694 0.155102 0.032653 0.081633
0 0.252245 0.155102 0.032653 0.081633
0 0.288163 0.155102 0.032653 0.081633
0 0.323265 0.155102 0.032653 0.081633
0 0.356735 0.155102 0.032653 0.081633
0 0.389388 0.155102 0.032653 0.081633
0 0.426122 0.155102 0.032653 0.081633
0 0.461224 0.155102 0.032653 0.081633
0 0.519184 0.155102 0.032653 0.081633
0 0.546939 0.155102 0.032653 0.081633
0 0.574694 0.155102 0.032653 0.081633
0 0.604082 0.155102 0.032653 0.081633
0 0.634286 0.155102 0.032653 0.081633
0 0.684898 0.155102 0.032653 0.081633
0 0.720816 0.155102 0.032653 0.081633
0 0.756735 0.155102 0.032653 0.081633
0 0.844898 0.214694 0.081633 0.032653
0 0.844898 0.253061 0.081633 0.032653
0 0.844898 0.288980 0.081633 0.032653
0 0.844898 0.333878 0.081633 0.032653
0 0.844898 0.367347 0.081633 0.032653
0 0.844898 0.413878 0.081633 0.032653
0 0.844898 0.470204 0.081633 0.032653
0 0.844898 0.525714 0.081633 0.032653
0 0.844898 0.573061 0.081633 0.032653
0 0.844898 0.601633 0.081633 0.032653
0 0.844898 0.633469 0.081633 0.032653
0 0.844898 0.668571 0.081633 0.032653
0 0.844898 0.720000 0.081633 0.032653
0 0.844898 0.755918 0.081633 0.032653
0 0.766531 0.844898 0.032653 0.081633
0 0.691429 0.844898 0.032653 0.081633
0 0.626939 0.844898 0.032653 0.081633
0 0.594286 0.844898 0.032653 0.081633
0 0.564082 0.844898 0.032653 0.081633
0 0.520816 0.844898 0.032653 0.081633
0 0.480000 0.844898 0.032653 0.081633
0 0.445714 0.844898 0.032653 0.081633
0 0.413878 0.844898 0.032653 0.081633
0 0.363265 0.844898 0.032653 0.081633
0 0.328163 0.844898 0.032653 0.081633
0 0.251429 0.844898 0.032653 0.081633
0 0.216327 0.844898 0.032653 0.081633
0 0.155102 0.786939 0.081633 0.032653
0 0.155102 0.750204 0.081633 0.032653
0 0.155102 0.695510 0.081633 0.032653
0 0.155102 0.659592 0.081633 0.032653
0 0.155102 0.624490 0.081633 0.032653
0 0.155102 0.591020 0.081633 0.032653
0 0.155102 0.547755 0.081633 0.032653
0 0.155102 0.512653 0.081633 0.032653
0 0.155102 0.475918 0.081633 0.032653
0 0.155102 0.444082 0.081633 0.032653
0 0.155102 0.413061 0.081633 0.032653
0 0.155102 0.381224 0.081633 0.032653
0 0.155102 0.343673 0.081633 0.032653
0 0.155102 0.302857 0.081633 0.032653
0 0.155102 0.253061 0.081633 0.032653
0 0.155102 0.216327 0.081633 0.032653
0 0.198367 0.130612 0.032653 0.081633
0 0.239184 0.130612 0.032653 0.081633
0 0.280000 0.130612 0.032653 0.081633
0 0.319184 0.130612 0.032653 0.081633
0 0.356735 0.130612 0.032653 0.081633
0 0.392653 0.130612 0.032653 0.081633
0 0.426939 0.130612 0.032653 0.081633
0 0.464490 0.130612 0.032653 0.081633
0 0.520000 0.130612 0.032653 0.081633
0 0.551020 0.130612 0.032653 0.081633
0 0.583673 0.130612 0.032653 0.081633
0 0.617959 0.130612 0.032653 0.081633
0 0.653878 0.130612 0.032653 0.081633
0 0.703673 0.130612 0.032653 0.081633
0 0.743673 0.130612 0.032653 0.081633
0 0.786122 0.130612 0.032653 0.081633
0 0.869388 0.196735 0.081633 0.032653
0 0.869388 0.238367 0.081633 0.032653
0 0.869388 0.279184 0.081633 0.032653
0 0.869388 0.324898 0.081633 0.032653
0 0.869388 0.362449 0.081633 0.032653
0 0.869388 0.408163 0.081633 0.032653
0 0.869388 0.440000 0.081633 0.032653
0 0.869388 0.471020 0.081633 0.032653
0 0.869388 0.522449 0.081633 0.032653
0 0.869388 0.568163 0.081633 0.032653
0 0.869388 0.600000 0.081633 0.032653
0 0.869388 0.636735 0.081633 0.032653
0 0.869388 0.674286 0.081633 0.032653
0 0.869388 0.723265 0.081633 0.032653
0 0.869388 0.763265 0.081633 0.032653
0 0.869388 0.806531 0.081633 0.032653
0 0.794286 0.869388 0.032653 0.081633
0 0.751020 0.869388 0.032653 0.081633
0 0.709388 0.869388 0.032653 0.081633
0 0.669388 0.869388 0.032653 0.081633
0 0.634286 0.869388 0.032653 0.081633
0 0.597551 0.869388 0.032653 0.081633
0 0.563265 0.869388 0.032653 0.081633
0 0.523265 0.869388 0.032653 0.081633
0 0.480000 0.869388 0.032653 0.081633
0 0.443265 0.869388 0.032653 0.081633
0 0.408980 0.869388 0.032653 0.081633
0 0.360816 0.869388 0.032653 0.081633
0 0.323265 0.869388 0.032653 0.081633
0 0.283265 0.869388 0.032653 0.081633
0 0.240000 0.869388 0.032653 0.081633
0 0.200000 0.869388 0.032653 0.081633
0 0.130612 0.803265 0.081633 0.032653
0 0.130612 0.762449 0.081633 0.032653
0 0.130612 0.711020 0.081633 0.032653
0 0.130612 0.670204 0.081633 0.032653
0 0.130612 0.631020 0.081633 0.032653
0 0.130612 0.594286 0.081633 0.032653
0 0.130612 0.554286 0.081633 0.032653
0 0.130612 0.516735 0.081633 0.032653
0 0.130612 0.476735 0.081633 0.032653
0 0.130612 0.442449 0.081633 0.032653
0 0.130612 0.407347 0.081633 0.032653
0 0.130612 0.372245 0.081633 0.032653
0 0.130612 0.334694 0.081633 0.032653
0 0.130612 0.289796 0.081633 0.032653
0 0.130612 0.239184 0.081633 0.032653
0 0.130612 0.198367 0.081633 0.032653
1 0.231748 0.178392 0.040000 0.100000
1 0.265367 0.178392 0.040000 0.100000
1 0.296158 0.178392 0.040000 0.100000
1 0.328349 0.178282 0.040000 0.100000
1 0.357309 0.178448 0.040000 0.100000
1 0.386434 0.178781 0.040000 0.100000
1 0.424902 0.178936 0.040000 0.100000
1 0.458355 0.179268 0.040000 0.100000
1 0.520235 0.177937 0.040000 0.100000
1 0.543802 0.178336 0.040000 0.100000
1 0.567289 0.177178 0.040000 0.100000
1 0.593891 0.177418 0.040000 0.100000
1 0.619775 0.177418 0.040000 0.100000
1 0.671762 0.177158 0.040000 0.100000
1 0.701521 0.177957 0.040000 0.100000
1 0.731878 0.177557 0.040000 0.100000
1 0.823579 0.230469 0.100000 0.040000
1 0.823302 0.263756 0.100000 0.040000
1 0.823340 0.296660 0.100000 0.040000
1 0.822541 0.340399 0.100000 0.040000
1 0.823057 0.370361 0.100000 0.040000
1 0.821367 0.417427 0.100000 0.040000
1 0.821367 0.443390 0.100000 0.040000
1 0.821367 0.467556 0.100000 0.040000
1 0.822060 0.576544 0.100000 0.040000
1 0.822337 0.542425 0.100000 0.040000
1 0.821644 0.601232 0.100000 0.040000
1 0.821755 0.630552 0.100000 0.040000
1 0.821422 0.662673 0.100000 0.040000
1 0.823582 0.714964 0.100000 0.040000
1 0.821917 0.747610 0.100000 0.040000
1 0.821118 0.782361 0.100000 0.040000
1 0.744006 0.822325 0.040000 0.100000
1 0.707732 0.822450 0.040000 0.100000
1 0.677635 0.822311 0.040000 0.100000
1 0.647816 0.823005 0.040000 0.100000
1 0.622018 0.822506 0.040000 0.100000
1 0.593059 0.823338 0.040000 0.100000
1 0.566610 0.823684 0.040000 0.100000
1 0.521182 0.823540 0.040000 0.100000
1 0.481018 0.822769 0.040000 0.100000
1 0.447423 0.823405 0.040000 0.100000
1 0.420494 0.823290 0.040000 0.100000
1 0.366495 0.823983 0.040000 0.100000
1 0.335400 0.822762 0.040000 0.100000
1 0.302280 0.822929 0.040000 0.100000
1 0.263933 0.823129 0.040000 0.100000
1 0.234575 0.822130 0.040000 0.100000
1 0.179298 0.771169 0.100000 0.040000
1 0.177860 0.739294 0.100000 0.040000
1 0.177573 0.681199 0.100000 0.040000
1 0.177251 0.589151 0.100000 0.040000
1 0.178582 0.617112 0.100000 0.040000
1 0.177517 0.649201 0.100000 0.040000
1 0.179571 0.543505 0.100000 0.040000
1 0.176742 0.509220 0.100000 0.040000
1 0.177574 0.475601 0.100000 0.040000
1 0.178406 0.446308 0.100000 0.040000
1 0.178399 0.418967 0.100000 0.040000
1 0.178769 0.389791 0.100000 0.040000
1 0.178644 0.354465 0.100000 0.040000
1 0.177199 0.314810 0.100000 0.040000
1 0.177528 0.265454 0.100000 0.040000
1 0.177390 0.233554 0.100000 0.040000
1 0.244264 0.195585 0.040000 0.100000
1 0.274821 0.194187 0.040000 0.100000
1 0.303780 0.194786 0.040000 0.100000
1 0.385210 0.193436 0.040000 0.100000
1 0.359039 0.195162 0.040000 0.100000
1 0.333730 0.194587 0.040000 0.100000
1 0.441262 0.195450 0.040000 0.100000
1 0.458238 0.194618 0.040000 0.100000
1 0.521682 0.194085 0.040000 0.100000
1 0.541255 0.195284 0.040000 0.100000
1 0.565347 0.195339 0.040000 0.100000
1 0.586151 0.194007 0.040000 0.100000
1 0.609285 0.193508 0.040000 0.100000
1 0.664238 0.193305 0.040000 0.100000
1 0.689703 0.193139 0.040000 0.100000
1 0.716165 0.194803 0.040000 0.100000
1 0.807543 0.238394 0.100000 0.040000
1 0.806001 0.270969 0.100000 0.040000
1 0.806720 0.300687 0.100000 0.040000
1 0.804803 0.345504 0.100000 0.040000
1 0.806241 0.371867 0.100000 0.040000
1 0.805164 0.419074 0.100000 0.040000
1 0.805331 0.442541 0.100000 0.040000
1 0.806163 0.464843 0.100000 0.040000
1 0.805432 0.544988 0.100000 0.040000
1 0.805233 0.528811 0.100000 0.040000
1 0.805467 0.578460 0.100000 0.040000
1 0.805190 0.601344 0.100000 0.040000
1 0.805467 0.627696 0.100000 0.040000
1 0.804785 0.657649 0.100000 0.040000
1 0.804601 0.712468 0.100000 0.040000
1 0.805161 0.740038 0.100000 0.040000
1 0.804329 0.772908 0.100000 0.040000
1 0.729418 0.806139 0.040000 0.100000
1 0.696547 0.806139 0.040000 0.100000
1 0.667317 0.806982 0.040000 0.100000
1 0.641312 0.807029 0.040000 0.100000
1 0.620230 0.806751 0.040000 0.100000
1 0.592852 0.806307 0.040000 0.100000
1 0.569884 0.805475 0.040000 0.100000
1 0.521153 0.805276 0.040000 0.100000
1 0.484804 0.805475 0.040000 0.100000
1 0.451618 0.808414 0.040000 0.100000
1 0.427000 0.806911 0.040000 0.100000
1 0.370426 0.807036 0.040000 0.100000
1 0.342826 0.805788 0.040000 0.100000
1 0.441992 0.807591 0.040000 0.100000
1 0.310094 0.806620 0.040000 0.100000
1 0.273562 0.807102 0.040000 0.100000
1 0.247199 0.804906 0.040000 0.100000
1 0.195611 0.760388 0.100000 0.040000
1 0.195412 0.730230 0.100000 0.040000
1 0.193974 0.670794 0.100000 0.040000
1 0.192775 0.641794 0.100000 0.040000
1 0.195600 0.611261 0.100000 0.040000
1 0.192622 0.585993 0.100000 0.040000
1 0.195570 0.538429 0.100000 0.040000
1 0.194132 0.505595 0.100000 0.040000
1 0.192694 0.474439 0.100000 0.040000
1 0.194851 0.445679 0.100000 0.040000
1 0.194851 0.419795 0.100000 0.040000
1 0.194251 0.394846 0.100000 0.040000
1 0.193532 0.359855 0.100000 0.040000
1 0.194970 0.323187 0.100000 0.040000
1 0.193245 0.271995 0.100000 0.040000
1 0.195258 0.244673 0.100000 0.040000
1 0.653735 0.210465 0.040000 0.100000
1 0.678756 0.210753 0.040000 0.100000
1 0.700613 0.211040 0.040000 0.100000
1 0.600362 0.210825 0.040000 0.100000
1 0.579751 0.210585 0.040000 0.100000
1 0.559858 0.210585 0.040000 0.100000
1 0.542603 0.209626 0.040000 0.100000
1 0.522231 0.210585 0.040000 0.100000
1 0.465021 0.211788 0.040000 0.100000
1 0.434897 0.211455 0.040000 0.100000
1 0.384534 0.210956 0.040000 0.100000
1 0.361766 0.210956 0.040000 0.100000
1 0.789194 0.248071 0.100000 0.040000
1 0.788906 0.275393 0.100000 0.040000
1 0.790724 0.304516 0.100000 0.040000
1 0.790244 0.346936 0.100000 0.040000
1 0.789765 0.370903 0.100000 0.040000
1 0.790610 0.420422 0.100000 0.040000
1 0.789112 0.442724 0.100000 0.040000
1 0.789112 0.462030 0.100000 0.040000
1 0.789561 0.544298 0.100000 0.040000
1 0.789162 0.578251 0.100000 0.040000
1 0.789601 0.601498 0.100000 0.040000
1 0.789361 0.625465 0.100000 0.040000
1 0.789122 0.529359 0.100000 0.040000
1 0.789901 0.651464 0.100000 0.040000
1 0.788902 0.707985 0.100000 0.040000
1 0.789541 0.732471 0.100000 0.040000
1 0.788103 0.763627 0.100000 0.040000
1 0.714263 0.788432 0.040000 0.100000
1 0.685263 0.788911 0.040000 0.100000
1 0.659619 0.789151 0.040000 0.100000
1 0.637570 0.790349 0.040000 0.100000
1 0.616456 0.789750 0.040000 0.100000
1 0.594646 0.789750 0.040000 0.100000
1 0.572358 0.789750 0.040000 0.100000
1 0.521796 0.788893 0.040000 0.100000
1 0.487843 0.787695 0.040000 0.100000
1 0.455688 0.788094 0.040000 0.100000
1 0.433280 0.789444 0.040000 0.100000
1 0.376000 0.791601 0.040000 0.100000
1 0.347960 0.788965 0.040000 0.100000
1 0.318721 0.788965 0.040000 0.100000
1 0.283154 0.789540 0.040000 0.100000
1 0.262735 0.787527 0.040000 0.100000
1 0.210412 0.749347 0.100000 0.040000
1 0.211850 0.722888 0.100000 0.040000
1 0.209549 0.657603 0.100000 0.040000
1 0.210987 0.630569 0.100000 0.040000
1 0.210872 0.603593 0.100000 0.040000
1 0.210527 0.578744 0.100000 0.040000
1 0.210475 0.534368 0.100000 0.040000
1 0.209325 0.502733 0.100000 0.040000
1 0.208750 0.472247 0.100000 0.040000
1 0.209612 0.446364 0.100000 0.040000
1 0.208922 0.422033 0.100000 0.040000
1 0.210389 0.398996 0.100000 0.040000
1 0.210389 0.365923 0.100000 0.040000
1 0.209526 0.330261 0.100000 0.040000
1 0.210389 0.279471 0.100000 0.040000
1 0.211079 0.252552 0.100000 0.040000
1 0.257221 0.210897 0.040000 0.100000
1 0.284140 0.209171 0.040000 0.100000
1 0.313130 0.210551 0.040000 0.100000
1 0.335908 0.210897 0.040000 0.100000
1 0.271729 0.227376 0.040000 0.100000
1 0.296694 0.226977 0.040000 0.100000
1 0.320860 0.228175 0.040000 0.100000
1 0.342430 0.227576 0.040000 0.100000
1 0.364199 0.227576 0.040000 0.100000
1 0.383652 0.226497 0.040000 0.100000
1 0.424874 0.226737 0.040000 0.100000
1 0.456864 0.227697 0.040000 0.100000
1 0.443272 0.228252 0.040000 0.100000
1 0.541287 0.227790 0.040000 0.100000
1 0.523645 0.227291 0.040000 0.100000
1 0.559262 0.226958 0.040000 0.100000
1 0.573908 0.227790 0.040000 0.100000
1 0.591217 0.228955 0.040000 0.100000
1 0.648204 0.226332 0.040000 0.100000
1 0.667617 0.227531 0.040000 0.100000
1 0.687030 0.226332 0.040000 0.100000
1 0.773917 0.257809 0.100000 0.040000
1 0.773750 0.280444 0.100000 0.040000
1 0.773417 0.306074 0.100000 0.040000
1 0.771933 0.348868 0.100000 0.040000
1 0.772891 0.368760 0.100000 0.040000
1 0.772652 0.421965 0.100000 0.040000
1 0.773586 0.440012 0.100000 0.040000
1 0.772148 0.457747 0.100000 0.040000
1 0.774845 0.545828 0.100000 0.040000
1 0.774046 0.528452 0.100000 0.040000
1 0.774245 0.578582 0.100000 0.040000
1 0.771649 0.600551 0.100000 0.040000
1 0.771849 0.620123 0.100000 0.040000
1 0.772248 0.644090 0.100000 0.040000
1 0.774186 0.702628 0.100000 0.040000
1 0.772588 0.726994 0.100000 0.040000
1 0.772973 0.752283 0.100000 0.040000
1 0.703560 0.773698 0.040000 0.100000
1 0.675399 0.774696 0.040000 0.100000
1 0.652431 0.773098 0.040000 0.100000
1 0.631810 0.773282 0.040000 0.100000
1 0.614834 0.773947 0.040000 0.100000
1 0.594529 0.775279 0.040000 0.100000
1 0.575988 0.773981 0.040000 0.100000
1 0.523462 0.772183 0.040000 0.100000
1 0.491886 0.773122 0.040000 0.100000
1 0.460930 0.773521 0.040000 0.100000
1 0.441357 0.774320 0.040000 0.100000
1 0.380393 0.772366 0.040000 0.100000
1 0.356093 0.771368 0.040000 0.100000
1 0.329631 0.772699 0.040000 0.100000
1 0.294943 0.773850 0.040000 0.100000
1 0.276081 0.773295 0.040000 0.100000
1 0.227255 0.737551 0.100000 0.040000
1 0.226090 0.712087 0.100000 0.040000
1 0.225845 0.645331 0.100000 0.040000
1 0.226045 0.620965 0.100000 0.040000
1 0.226444 0.597997 0.100000 0.040000
1 0.226844 0.573632 0.100000 0.040000
1 0.225825 0.530552 0.100000 0.040000
1 0.227024 0.498597 0.100000 0.040000
1 0.228462 0.469238 0.100000 0.040000
1 0.226544 0.442875 0.100000 0.040000
1 0.225106 0.422024 0.100000 0.040000
1 0.225562 0.401964 0.100000 0.040000
1 0.226281 0.370808 0.100000 0.040000
1 0.225801 0.334858 0.100000 0.040000
1 0.227316 0.286015 0.100000 0.040000
1 0.227661 0.262202 0.100000 0.040000
1 0.226427 0.319601 0.100000 0.040000
1 0.226626 0.354951 0.100000 0.040000
1 0.285624 0.244864 0.040000 0.100000
1 0.307500 0.241985 0.040000 0.100000
1 0.327936 0.241122 0.040000 0.100000
1 0.347220 0.242273 0.040000 0.100000
1 0.365354 0.241122 0.040000 0.100000
1 0.384926 0.241122 0.040000 0.100000
1 0.426470 0.242882 0.040000 0.100000
1 0.443660 0.242482 0.040000 0.100000
1 0.457452 0.241283 0.040000 0.100000
1 0.526731 0.243241 0.040000 0.100000
1 0.541123 0.243241 0.040000 0.100000
1 0.556474 0.242762 0.040000 0.100000
1 0.570866 0.243002 0.040000 0.100000
1 0.586696 0.243721 0.040000 0.100000
1 0.639561 0.243241 0.040000 0.100000
1 0.657407 0.242954 0.040000 0.100000
1 0.673238 0.243529 0.040000 0.100000
1 0.758414 0.264281 0.100000 0.040000
1 0.758414 0.285069 0.100000 0.040000
1 0.756416 0.306856 0.100000 0.040000
1 0.757095 0.349503 0.100000 0.040000
1 0.755656 0.367349 0.100000 0.040000
1 0.756335 0.421142 0.100000 0.040000
1 0.756535 0.437133 0.100000 0.040000
1 0.755935 0.453523 0.100000 0.040000
1 0.757018 0.527630 0.100000 0.040000
1 0.755685 0.545786 0.100000 0.040000
1 0.756285 0.579999 0.100000 0.040000
1 0.756085 0.596790 0.100000 0.040000
1 0.756685 0.615978 0.100000 0.040000
1 0.755821 0.636654 0.100000 0.040000
1 0.756869 0.697073 0.100000 0.040000
1 0.756869 0.718260 0.100000 0.040000
1 0.755670 0.740247 0.100000 0.040000
1 0.692935 0.757945 0.040000 0.100000
1 0.666550 0.758345 0.040000 0.100000
1 0.644563 0.757345 0.040000 0.100000
1 0.627773 0.757745 0.040000 0.100000
1 0.613141 0.757026 0.040000 0.100000
1 0.595871 0.756546 0.040000 0.100000
1 0.579321 0.757026 0.040000 0.100000
1 0.525687 0.758579 0.040000 0.100000
1 0.495871 0.757413 0.040000 0.100000
1 0.466388 0.756080 0.040000 0.100000
1 0.449498 0.757779 0.040000 0.100000
1 0.386135 0.756580 0.040000 0.100000
1 0.363732 0.755697 0.040000 0.100000
1 0.339912 0.756364 0.040000 0.100000
1 0.306140 0.758571 0.040000 0.100000
1 0.288928 0.758154 0.040000 0.100000
1 0.242941 0.726909 0.100000 0.040000
1 0.242956 0.701532 0.100000 0.040000
1 0.242584 0.630520 0.100000 0.040000
1 0.242584 0.609133 0.100000 0.040000
1 0.243584 0.587546 0.100000 0.040000
1 0.242784 0.567157 0.100000 0.040000
1 0.243036 0.524738 0.100000 0.040000
1 0.243697 0.493715 0.100000 0.040000
1 0.242498 0.467331 0.100000 0.040000
1 0.241299 0.442145 0.100000 0.040000
1 0.241059 0.422237 0.100000 0.040000
1 0.241778 0.402569 0.100000 0.040000
1 0.243389 0.375262 0.100000 0.040000
1 0.242790 0.341882 0.100000 0.040000
1 0.244365 0.290680 0.100000 0.040000
1 0.244365 0.269668 0.100000 0.040000
1 0.243789 0.324644 0.100000 0.040000
1 0.240858 0.357615 0.100000 0.040000
