0 0.188771 0.119609 0.032547 0.081367
0 0.231896 0.119609 0.032547 0.081367
0 0.273393 0.119609 0.032547 0.081367
0 0.315704 0.119609 0.032547 0.081367
0 0.354760 0.119609 0.032547 0.081367
0 0.391375 0.119609 0.032547 0.081367
0 0.426363 0.119609 0.032547 0.081367
0 0.464605 0.119609 0.032547 0.081367
0 0.519935 0.119609 0.032547 0.081367
0 0.552482 0.119609 0.032547 0.081367
0 0.587469 0.119609 0.032547 0.081367
0 0.624085 0.119609 0.032547 0.081367
0 0.662327 0.119609 0.032547 0.081367
0 0.712775 0.119609 0.032547 0.081367
0 0.755085 0.119609 0.032547 0.081367
0 0.799024 0.119609 0.032547 0.081367
0 0.880391 0.192026 0.081367 0.032547
0 0.880391 0.234337 0.081367 0.032547
0 0.880391 0.277461 0.081367 0.032547
0 0.880391 0.323841 0.081367 0.032547
0 0.880391 0.362897 0.081367 0.032547
0 0.880391 0.408462 0.081367 0.032547
0 0.880391 0.443450 0.081367 0.032547
0 0.880391 0.472742 0.081367 0.032547
0 0.880391 0.525631 0.081367 0.032547
0 0.880391 0.570382 0.081367 0.032547
0 0.880391 0.604557 0.081367 0.032547
0 0.880391 0.642799 0.081367 0.032547
0 0.880391 0.681041 0.081367 0.032547
0 0.880391 0.729862 0.081367 0.032547
0 0.880391 0.772172 0.081367 0.032547
0 0.880391 0.816111 0.081367 0.032547
0 0.803092 0.880391 0.032547 0.081367
0 0.757526 0.880391 0.032547 0.081367
0 0.714402 0.880391 0.032547 0.081367
0 0.674532 0.880391 0.032547 0.081367
0 0.637103 0.880391 0.032547 0.081367
0 0.599675 0.880391 0.032547 0.081367
0 0.563059 0.880391 0.032547 0.081367
0 0.524817 0.880391 0.032547 0.081367
0 0.477624 0.880391 0.032547 0.081367
0 0.441823 0.880391 0.032547 0.081367
0 0.406021 0.880391 0.032547 0.081367
0 0.357201 0.880391 0.032547 0.081367
0 0.316517 0.880391 0.032547 0.081367
0 0.275834 0.880391 0.032547 0.081367
0 0.232710 0.880391 0.032547 0.081367
0 0.191212 0.880391 0.032547 0.081367
0 0.119609 0.813670 0.081367 0.032547
0 0.119609 0.772172 0.081367 0.032547
0 0.119609 0.718470 0.081367 0.032547
0 0.119609 0.677787 0.081367 0.032547
0 0.119609 0.637103 0.081367 0.032547
0 0.119609 0.599675 0.081367 0.032547
0 0.119609 0.557364 0.081367 0.032547
0 0.119609 0.520749 0.081367 0.032547
0 0.119609 0.480065 0.081367 0.032547
0 0.119609 0.443450 0.081367 0.032547
0 0.119609 0.406835 0.081367 0.032547
0 0.119609 0.369406 0.081367 0.032547
0 0.119609 0.330350 0.081367 0.032547
0 0.119609 0.285598 0.081367 0.032547
0 0.119609 0.233523 0.081367 0.032547
0 0.119609 0.191212 0.081367 0.032547
0 0.237592 0.129373 0.032547 0.081367
0 0.276648 0.129373 0.032547 0.081367
0 0.317331 0.129373 0.032547 0.081367
0 0.354760 0.129373 0.032547 0.081367
0 0.389748 0.129373 0.032547 0.081367
0 0.426363 0.129373 0.032547 0.081367
0 0.462978 0.129373 0.032547 0.081367
0 0.519121 0.129373 0.032547 0.081367
0 0.583401 0.129373 0.032547 0.081367
0 0.617575 0.129373 0.032547 0.081367
0 0.652563 0.129373 0.032547 0.081367
0 0.704638 0.129373 0.032547 0.081367
0 0.744508 0.129373 0.032547 0.081367
0 0.785191 0.129373 0.032547 0.081367
0 0.870627 0.200163 0.081367 0.032547
0 0.870627 0.240033 0.081367 0.032547
0 0.870627 0.281530 0.081367 0.032547
0 0.870627 0.328723 0.081367 0.032547
0 0.870627 0.365338 0.081367 0.032547
0 0.870627 0.412531 0.081367 0.032547
0 0.870627 0.445077 0.081367 0.032547
0 0.870627 0.472742 0.081367 0.032547
0 0.870627 0.527258 0.081367 0.032547
0 0.870627 0.572823 0.081367 0.032547
0 0.870627 0.605370 0.081367 0.032547
0 0.870627 0.641985 0.081367 0.032547
0 0.870627 0.678600 0.081367 0.032547
0 0.870627 0.728234 0.081367 0.032547
0 0.870627 0.768918 0.081367 0.032547
0 0.870627 0.811229 0.081367 0.032547
0 0.791701 0.870627 0.032547 0.081367
0 0.747762 0.870627 0.032547 0.081367
0 0.706265 0.870627 0.032547 0.081367
0 0.668836 0.870627 0.032547 0.081367
0 0.635476 0.870627 0.032547 0.081367
0 0.598047 0.870627 0.032547 0.081367
0 0.563873 0.870627 0.032547 0.081367
0 0.522376 0.870627 0.032547 0.081367
0 0.477624 0.870627 0.032547 0.081367
0 0.442636 0.870627 0.032547 0.081367
0 0.407648 0.870627 0.032547 0.081367
0 0.358015 0.870627 0.032547 0.081367
0 0.318145 0.870627 0.032547 0.081367
0 0.279089 0.870627 0.032547 0.081367
0 0.236778 0.870627 0.032547 0.081367
0 0.197722 0.870627 0.032547 0.081367
0 0.129373 0.807974 0.081367 0.032547
0 0.129373 0.768104 0.081367 0.032547
0 0.129373 0.713588 0.081367 0.032547
0 0.129373 0.673718 0.081367 0.032547
0 0.129373 0.634662 0.081367 0.032547
0 0.129373 0.598047 0.081367 0.032547
0 0.129373 0.556550 0.081367 0.032547
0 0.129373 0.519935 0.081367 0.032547
0 0.129373 0.480065 0.081367 0.032547
0 0.129373 0.444264 0.081367 0.032547
0 0.129373 0.409276 0.081367 0.032547
0 0.129373 0.380797 0.081367 0.032547
0 0.129373 0.334418 0.081367 0.032547
0 0.129373 0.291294 0.081367 0.032547
0 0.129373 0.239219 0.081367 0.032547
0 0.129373 0.198535 0.081367 0.032547
0 0.198535 0.134255 0.032547 0.081367
0 0.239219 0.134255 0.032547 0.081367
0 0.278275 0.134255 0.032547 0.081367
0 0.318145 0.134255 0.032547 0.081367
0 0.388934 0.134255 0.032547 0.081367
0 0.426363 0.134255 0.032547 0.081367
0 0.462978 0.134255 0.032547 0.081367
0 0.518308 0.134255 0.032547 0.081367
0 0.549227 0.134255 0.032547 0.081367
0 0.581774 0.134255 0.032547 0.081367
0 0.614321 0.134255 0.032547 0.081367
0 0.648495 0.134255 0.032547 0.081367
0 0.699756 0.134255 0.032547 0.081367
0 0.739626 0.134255 0.032547 0.081367
0 0.779496 0.134255 0.032547 0.081367
0 0.865745 0.203417 0.081367 0.032547
0 0.865745 0.243287 0.081367 0.032547
0 0.865745 0.283971 0.081367 0.032547
0 0.865745 0.330350 0.081367 0.032547
0 0.865745 0.366151 0.081367 0.032547
0 0.865745 0.413344 0.081367 0.032547
0 0.865745 0.445891 0.081367 0.032547
0 0.865745 0.472742 0.081367 0.032547
0 0.865745 0.527258 0.081367 0.032547
0 0.865745 0.573637 0.081367 0.032547
0 0.865745 0.605370 0.081367 0.032547
0 0.865745 0.641985 0.081367 0.032547
0 0.865745 0.677787 0.081367 0.032547
0 0.865745 0.727421 0.081367 0.032547
0 0.865745 0.767290 0.081367 0.032547
0 0.865745 0.809601 0.081367 0.032547
0 0.786005 0.865745 0.032547 0.081367
0 0.742880 0.865745 0.032547 0.081367
0 0.703011 0.865745 0.032547 0.081367
0 0.667209 0.865745 0.032547 0.081367
0 0.633849 0.865745 0.032547 0.081367
0 0.598047 0.865745 0.032547 0.081367
0 0.563873 0.865745 0.032547 0.081367
0 0.521562 0.865745 0.032547 0.081367
0 0.477624 0.865745 0.032547 0.081367
0 0.442636 0.865745 0.032547 0.081367
0 0.408462 0.865745 0.032547 0.081367
0 0.358015 0.865745 0.032547 0.081367
0 0.318959 0.865745 0.032547 0.081367
0 0.280716 0.865745 0.032547 0.081367
0 0.238405 0.865745 0.032547 0.081367
0 0.200163 0.865745 0.032547 0.081367
0 0.134255 0.804719 0.081367 0.032547
0 0.134255 0.766477 0.081367 0.032547
0 0.134255 0.711147 0.081367 0.032547
0 0.134255 0.672091 0.081367 0.032547
0 0.134255 0.633849 0.081367 0.032547
0 0.134255 0.598047 0.081367 0.032547
0 0.134255 0.554923 0.081367 0.032547
0 0.134255 0.519121 0.081367 0.032547
0 0.134255 0.480065 0.081367 0.032547
0 0.134255 0.444264 0.081367 0.032547
0 0.134255 0.410903 0.081367 0.032547
0 0.134255 0.375102 0.081367 0.032547
0 0.134255 0.336859 0.081367 0.032547
0 0.134255 0.293735 0.081367 0.032547
0 0.134255 0.241660 0.081367 0.032547
0 0.134255 0.202604 0.081367 0.032547
0 0.200976 0.139138 0.032547 0.081367
0 0.241660 0.139138 0.032547 0.081367
0 0.279902 0.139138 0.032547 0.081367
0 0.318959 0.139138 0.032547 0.081367
0 0.354760 0.139138 0.032547 0.081367
0 0.388120 0.139138 0.032547 0.081367
0 0.425549 0.139138 0.032547 0.081367
0 0.462164 0.139138 0.032547 0.081367
0 0.518308 0.139138 0.032547 0.081367
0 0.547600 0.139138 0.032547 0.081367
0 0.579333 0.139138 0.032547 0.081367
0 0.611066 0.139138 0.032547 0.081367
0 0.644426 0.139138 0.032547 0.081367
0 0.696501 0.139138 0.032547 0.081367
0 0.735557 0.139138 0.032547 0.081367
0 0.772172 0.139138 0.032547 0.081367
0 0.860862 0.207486 0.081367 0.032547
0 0.860862 0.246542 0.081367 0.032547
0 0.860862 0.286412 0.081367 0.032547
0 0.860862 0.332791 0.081367 0.032547
0 0.860862 0.366965 0.081367 0.032547
0 0.860862 0.414972 0.081367 0.032547
0 0.860862 0.446705 0.081367 0.032547
0 0.860862 0.472742 0.081367 0.032547
0 0.860862 0.528072 0.081367 0.032547
0 0.860862 0.575264 0.081367 0.032547
0 0.860862 0.606184 0.081367 0.032547
0 0.860862 0.641172 0.081367 0.032547
0 0.860862 0.676973 0.081367 0.032547
0 0.860862 0.726607 0.081367 0.032547
0 0.860862 0.765663 0.081367 0.032547
0 0.860862 0.807160 0.081367 0.032547
0 0.781123 0.860862 0.032547 0.081367
0 0.738812 0.860862 0.032547 0.081367
0 0.699756 0.860862 0.032547 0.081367
0 0.663954 0.860862 0.032547 0.081367
0 0.632221 0.860862 0.032547 0.081367
0 0.563873 0.860862 0.032547 0.081367
0 0.521562 0.860862 0.032547 0.081367
0 0.478438 0.860862 0.032547 0.081367
0 0.443450 0.860862 0.032547 0.081367
0 0.410090 0.860862 0.032547 0.081367
0 0.358828 0.860862 0.032547 0.081367
0 0.319772 0.860862 0.032547 0.081367
0 0.282343 0.860862 0.032547 0.081367
0 0.240033 0.860862 0.032547 0.081367
0 0.203417 0.860862 0.032547 0.081367
0 0.139138 0.801465 0.081367 0.032547
0 0.139138 0.764036 0.081367 0.032547
0 0.139138 0.708706 0.081367 0.032547
0 0.139138 0.669650 0.081367 0.032547
0 0.139138 0.633035 0.081367 0.032547
0 0.139138 0.597234 0.081367 0.032547
0 0.139138 0.554923 0.081367 0.032547
0 0.139138 0.519121 0.081367 0.032547
0 0.139138 0.480065 0.081367 0.032547
0 0.139138 0.445077 0.081367 0.032547
0 0.139138 0.411717 0.081367 0.032547
0 0.139138 0.376729 0.081367 0.032547
0 0.139138 0.338487 0.081367 0.032547
0 0.139138 0.295362 0.081367 0.032547
0 0.139138 0.244915 0.081367 0.032547
0 0.139138 0.206672 0.081367 0.032547
0 0.204231 0.144020 0.032547 0.081367
0 0.244101 0.144020 0.032547 0.081367
0 0.280716 0.144020 0.032547 0.081367
0 0.319772 0.144020 0.032547 0.081367
0 0.387307 0.144020 0.032547 0.081367
0 0.424736 0.144020 0.032547 0.081367
0 0.461351 0.144020 0.032547 0.081367
0 0.518308 0.144020 0.032547 0.081367
0 0.546786 0.144020 0.032547 0.081367
0 0.577705 0.144020 0.032547 0.081367
0 0.640358 0.144020 0.032547 0.081367
0 0.729862 0.144020 0.032547 0.081367
0 0.765663 0.144020 0.032547 0.081367
0 0.855980 0.211554 0.081367 0.032547
0 0.855980 0.248983 0.081367 0.032547
0 0.855980 0.288039 0.081367 0.032547
0 0.855980 0.368592 0.081367 0.032547
0 0.855980 0.415785 0.081367 0.032547
0 0.855980 0.446705 0.081367 0.032547
0 0.855980 0.471928 0.081367 0.032547
0 0.855980 0.528885 0.081367 0.032547
0 0.855980 0.576078 0.081367 0.032547
0 0.855980 0.606998 0.081367 0.032547
0 0.855980 0.640358 0.081367 0.032547
0 0.855980 0.726607 0.081367 0.032547
0 0.855980 0.764849 0.081367 0.032547
0 0.855980 0.804719 0.081367 0.032547
0 0.776241 0.855980 0.032547 0.081367
0 0.733930 0.855980 0.032547 0.081367
0 0.695688 0.855980 0.032547 0.081367
0 0.662327 0.855980 0.032547 0.081367
0 0.630594 0.855980 0.032547 0.081367
0 0.596420 0.855980 0.032547 0.081367
0 0.563873 0.855980 0.032547 0.081367
0 0.520749 0.855980 0.032547 0.081367
0 0.477624 0.855980 0.032547 0.081367
0 0.444264 0.855980 0.032547 0.081367
0 0.410903 0.855980 0.032547 0.081367
0 0.358015 0.855980 0.032547 0.081367
0 0.320586 0.855980 0.032547 0.081367
0 0.283157 0.855980 0.032547 0.081367
0 0.242474 0.855980 0.032547 0.081367
0 0.207486 0.855980 0.032547 0.081367
0 0.144020 0.799024 0.081367 0.032547
0 0.144020 0.761595 0.081367 0.032547
0 0.144020 0.705452 0.081367 0.032547
0 0.144020 0.668023 0.081367 0.032547
0 0.144020 0.631408 0.081367 0.032547
0 0.144020 0.596420 0.081367 0.032547
0 0.144020 0.553295 0.081367 0.032547
0 0.144020 0.518308 0.081367 0.032547
0 0.144020 0.480879 0.081367 0.032547
0 0.144020 0.445891 0.081367 0.032547
0 0.144020 0.413344 0.081367 0.032547
0 0.144020 0.340114 0.081367 0.032547
0 0.144020 0.298617 0.081367 0.032547
0 0.144020 0.247356 0.081367 0.032547
0 0.144020 0.209927 0.081367 0.032547
0 0.206672 0.148902 0.032547 0.081367
0 0.282343 0.148902 0.032547 0.081367
0 0.319772 0.148902 0.032547 0.081367
0 0.386493 0.148902 0.032547 0.081367
0 0.432872 0.148902 0.032547 0.081367
0 0.460537 0.148902 0.032547 0.081367
0 0.545972 0.148902 0.032547 0.081367
0 0.605370 0.148902 0.032547 0.081367
0 0.636290 0.148902 0.032547 0.081367
0 0.688365 0.148902 0.032547 0.081367
0 0.725793 0.148902 0.032547 0.081367
0 0.759967 0.148902 0.032547 0.081367
0 0.851098 0.214809 0.081367 0.032547
0 0.851098 0.252238 0.081367 0.032547
0 0.851098 0.290480 0.081367 0.032547
0 0.851098 0.336859 0.081367 0.032547
0 0.851098 0.369406 0.081367 0.032547
0 0.851098 0.417413 0.081367 0.032547
0 0.851098 0.447518 0.081367 0.032547
0 0.851098 0.479251 0.081367 0.032547
0 0.851098 0.530513 0.081367 0.032547
0 0.851098 0.576892 0.081367 0.032547
0 0.851098 0.606184 0.081367 0.032547
0 0.851098 0.640358 0.081367 0.032547
0 0.851098 0.674532 0.081367 0.032547
0 0.851098 0.725793 0.081367 0.032547
0 0.851098 0.763222 0.081367 0.032547
0 0.851098 0.802278 0.081367 0.032547
0 0.770545 0.851098 0.032547 0.081367
0 0.729862 0.851098 0.032547 0.081367
0 0.692433 0.851098 0.032547 0.081367
0 0.659072 0.851098 0.032547 0.081367
0 0.628967 0.851098 0.032547 0.081367
0 0.596420 0.851098 0.032547 0.081367
0 0.564687 0.851098 0.032547 0.081367
0 0.520749 0.851098 0.032547 0.081367
0 0.478438 0.851098 0.032547 0.081367
0 0.443450 0.851098 0.032547 0.081367
0 0.411717 0.851098 0.032547 0.081367
0 0.321400 0.851098 0.032547 0.081367
0 0.284784 0.851098 0.032547 0.081367
0 0.244101 0.851098 0.032547 0.081367
0 0.210740 0.851098 0.032547 0.081367
0 0.148902 0.795769 0.081367 0.032547
0 0.148902 0.759967 0.081367 0.032547
0 0.148902 0.703011 0.081367 0.032547
0 0.148902 0.666395 0.081367 0.032547
0 0.148902 0.629780 0.081367 0.032547
0 0.148902 0.596420 0.081367 0.032547
0 0.148902 0.552482 0.081367 0.032547
0 0.148902 0.518308 0.081367 0.032547
0 0.148902 0.480065 0.081367 0.032547
0 0.148902 0.445891 0.081367 0.032547
0 0.148902 0.414158 0.081367 0.032547
0 0.148902 0.380797 0.081367 0.032547
0 0.148902 0.342555 0.081367 0.032547
0 0.148902 0.301058 0.081367 0.032547
0 0.148902 0.249797 0.081367 0.032547
0 0.148902 0.213995 0.081367 0.032547
0 0.192026 0.124491 0.032547 0.081367
0 0.234337 0.124491 0.032547 0.081367
0 0.275020 0.124491 0.032547 0.081367
0 0.354760 0.124491 0.032547 0.081367
0 0.390561 0.124491 0.032547 0.081367
0 0.426363 0.124491 0.032547 0.081367
0 0.463792 0.124491 0.032547 0.081367
0 0.519121 0.124491 0.032547 0.081367
0 0.550854 0.124491 0.032547 0.081367
0 0.585028 0.124491 0.032547 0.081367
0 0.620830 0.124491 0.032547 0.081367
0 0.656631 0.124491 0.032547 0.081367
0 0.707893 0.124491 0.032547 0.081367
0 0.750203 0.124491 0.032547 0.081367
0 0.791701 0.124491 0.032547 0.081367
0 0.875509 0.195281 0.081367 0.032547
0 0.875509 0.237592 0.081367 0.032547
0 0.875509 0.279902 0.081367 0.032547
0 0.875509 0.326282 0.081367 0.032547
0 0.875509 0.363710 0.081367 0.032547
0 0.875509 0.410090 0.081367 0.032547
0 0.875509 0.444264 0.081367 0.032547
0 0.875509 0.472742 0.081367 0.032547
0 0.875509 0.526444 0.081367 0.032547
0 0.875509 0.571196 0.081367 0.032547
0 0.875509 0.604557 0.081367 0.032547
0 0.875509 0.641985 0.081367 0.032547
0 0.875509 0.680228 0.081367 0.032547
0 0.875509 0.729048 0.081367 0.032547
0 0.875509 0.770545 0.081367 0.032547
0 0.875509 0.813670 0.081367 0.032547
0 0.797396 0.875509 0.032547 0.081367
0 0.752644 0.875509 0.032547 0.081367
0 0.710334 0.875509 0.032547 0.081367
0 0.672091 0.875509 0.032547 0.081367
0 0.636290 0.875509 0.032547 0.081367
0 0.599675 0.875509 0.032547 0.081367
0 0.563059 0.875509 0.032547 0.081367
0 0.523190 0.875509 0.032547 0.081367
0 0.477624 0.875509 0.032547 0.081367
0 0.442636 0.875509 0.032547 0.081367
0 0.406835 0.875509 0.032547 0.081367
0 0.357201 0.875509 0.032547 0.081367
0 0.317331 0.875509 0.032547 0.081367
0 0.276648 0.875509 0.032547 0.081367
0 0.234337 0.875509 0.032547 0.081367
0 0.194467 0.875509 0.032547 0.081367
0 0.124491 0.811229 0.081367 0.032547
0 0.124491 0.769731 0.081367 0.032547
0 0.124491 0.716029 0.081367 0.032547
0 0.124491 0.676159 0.081367 0.032547
0 0.124491 0.636290 0.081367 0.032547
0 0.124491 0.598861 0.081367 0.032547
0 0.124491 0.556550 0.081367 0.032547
0 0.124491 0.520749 0.081367 0.032547
0 0.124491 0.480065 0.081367 0.032547
0 0.124491 0.444264 0.081367 0.032547
0 0.124491 0.408462 0.081367 0.032547
0 0.124491 0.371847 0.081367 0.032547
0 0.124491 0.332791 0.081367 0.032547
0 0.124491 0.288039 0.081367 0.032547
0 0.124491 0.236778 0.081367 0.032547
0 0.124491 0.195281 0.081367 0.032547
1 0.673766 0.171633 0.040000 0.100000
1 0.705027 0.172073 0.040000 0.100000
1 0.733646 0.171633 0.040000 0.100000
1 0.619609 0.171193 0.040000 0.100000
1 0.595393 0.171193 0.040000 0.100000
1 0.568975 0.170312 0.040000 0.100000
1 0.542557 0.171193 0.040000 0.100000
1 0.518341 0.171633 0.040000 0.100000
1 0.466826 0.171193 0.040000 0.100000
1 0.458461 0.171633 0.040000 0.100000
1 0.826959 0.231857 0.100000 0.040000
1 0.828280 0.264439 0.100000 0.040000
1 0.827399 0.299662 0.100000 0.040000
1 0.826434 0.344407 0.100000 0.040000
1 0.826434 0.373467 0.100000 0.040000
1 0.826874 0.422780 0.100000 0.040000
1 0.826874 0.448758 0.100000 0.040000
1 0.826874 0.469892 0.100000 0.040000
1 0.827314 0.476937 0.100000 0.040000
1 0.828197 0.581856 0.100000 0.040000
1 0.826876 0.546192 0.100000 0.040000
1 0.825995 0.531662 0.100000 0.040000
1 0.828197 0.607833 0.100000 0.040000
1 0.827756 0.637333 0.100000 0.040000
1 0.826435 0.667714 0.100000 0.040000
1 0.826876 0.722311 0.100000 0.040000
1 0.827959 0.754408 0.100000 0.040000
1 0.827078 0.791393 0.100000 0.040000
1 0.747385 0.829259 0.040000 0.100000
1 0.709959 0.827938 0.040000 0.100000
1 0.677818 0.827938 0.040000 0.100000
1 0.649324 0.828014 0.040000 0.100000
1 0.623786 0.828014 0.040000 0.100000
1 0.595167 0.829334 0.040000 0.100000
1 0.567869 0.829334 0.040000 0.100000
1 0.521637 0.828014 0.040000 0.100000
1 0.479809 0.827133 0.040000 0.100000
1 0.363448 0.826906 0.040000 0.100000
1 0.447105 0.826906 0.040000 0.100000
1 0.419806 0.826025 0.040000 0.100000
1 0.328665 0.826025 0.040000 0.100000
1 0.295643 0.826025 0.040000 0.100000
1 0.255576 0.826906 0.040000 0.100000
1 0.228718 0.826465 0.040000 0.100000
1 0.172360 0.781555 0.100000 0.040000
1 0.172800 0.749854 0.100000 0.040000
1 0.172360 0.687772 0.100000 0.040000
1 0.172360 0.656071 0.100000 0.040000
1 0.171479 0.623048 0.100000 0.040000
1 0.172360 0.593548 0.100000 0.040000
1 0.171724 0.510831 0.100000 0.040000
1 0.172546 0.548669 0.100000 0.040000
1 0.172546 0.537712 0.100000 0.040000
1 0.171527 0.480892 0.100000 0.040000
1 0.171782 0.473757 0.100000 0.040000
1 0.172037 0.448277 0.100000 0.040000
1 0.173056 0.420759 0.100000 0.040000
1 0.171272 0.516819 0.100000 0.040000
1 0.171307 0.351501 0.100000 0.040000
1 0.172191 0.341327 0.100000 0.040000
1 0.173224 0.312720 0.100000 0.040000
1 0.174698 0.301661 0.100000 0.040000
1 0.171012 0.389692 0.100000 0.040000
1 0.174564 0.232401 0.100000 0.040000
1 0.171467 0.263072 0.100000 0.040000
1 0.292131 0.172548 0.040000 0.100000
1 0.260430 0.172548 0.040000 0.100000
1 0.223004 0.174309 0.040000 0.100000
1 0.325593 0.173429 0.040000 0.100000
1 0.355974 0.172548 0.040000 0.100000
1 0.383713 0.171668 0.040000 0.100000
1 0.423339 0.172988 0.040000 0.100000
1 0.438309 0.172548 0.040000 0.100000
1 0.431705 0.171668 0.040000 0.100000
1 0.811437 0.241622 0.100000 0.040000
1 0.810997 0.272002 0.100000 0.040000
1 0.811877 0.304144 0.100000 0.040000
1 0.811877 0.348614 0.100000 0.040000
1 0.717654 0.189226 0.040000 0.100000
1 0.693437 0.188786 0.040000 0.100000
1 0.666139 0.187905 0.040000 0.100000
1 0.810997 0.374591 0.100000 0.040000
1 0.810798 0.424283 0.100000 0.040000
1 0.809917 0.449380 0.100000 0.040000
1 0.810357 0.467432 0.100000 0.040000
1 0.809917 0.476678 0.100000 0.040000
1 0.811678 0.533036 0.100000 0.040000
1 0.810357 0.540521 0.100000 0.040000
1 0.810798 0.548006 0.100000 0.040000
1 0.812360 0.582545 0.100000 0.040000
1 0.810158 0.608082 0.100000 0.040000
1 0.811039 0.633619 0.100000 0.040000
1 0.810599 0.663119 0.100000 0.040000
1 0.810949 0.717757 0.100000 0.040000
1 0.810949 0.747257 0.100000 0.040000
1 0.810509 0.782480 0.100000 0.040000
1 0.730375 0.810219 0.040000 0.100000
1 0.696912 0.811100 0.040000 0.100000
1 0.668293 0.811980 0.040000 0.100000
1 0.644957 0.811540 0.040000 0.100000
1 0.571035 0.810786 0.040000 0.100000
1 0.596132 0.810786 0.040000 0.100000
1 0.620348 0.810786 0.040000 0.100000
1 0.521721 0.810786 0.040000 0.100000
1 0.514236 0.811226 0.040000 0.100000
1 0.483856 0.811666 0.040000 0.100000
1 0.450834 0.810786 0.040000 0.100000
1 0.425297 0.810786 0.040000 0.100000
1 0.368074 0.810192 0.040000 0.100000
1 0.335492 0.811073 0.040000 0.100000
1 0.304231 0.811073 0.040000 0.100000
1 0.264604 0.811073 0.040000 0.100000
1 0.245231 0.809311 0.040000 0.100000
1 0.188873 0.770565 0.100000 0.040000
1 0.187992 0.741506 0.100000 0.040000
1 0.189313 0.676782 0.100000 0.040000
1 0.187992 0.649484 0.100000 0.040000
1 0.187112 0.619544 0.100000 0.040000
1 0.188473 0.589411 0.100000 0.040000
1 0.187593 0.545382 0.100000 0.040000
1 0.188473 0.532613 0.100000 0.040000
1 0.187593 0.513240 0.100000 0.040000
1 0.188473 0.507516 0.100000 0.040000
1 0.188033 0.478897 0.100000 0.040000
1 0.187593 0.471412 0.100000 0.040000
1 0.189354 0.447636 0.100000 0.040000
1 0.190234 0.422099 0.100000 0.040000
1 0.189354 0.394360 0.100000 0.040000
1 0.188473 0.358696 0.100000 0.040000
1 0.187739 0.345496 0.100000 0.040000
1 0.187299 0.320839 0.100000 0.040000
1 0.188619 0.306750 0.100000 0.040000
1 0.187739 0.270205 0.100000 0.040000
1 0.189940 0.242907 0.100000 0.040000
1 0.237052 0.190511 0.040000 0.100000
1 0.269194 0.189631 0.040000 0.100000
1 0.297373 0.188750 0.040000 0.100000
1 0.329074 0.188310 0.040000 0.100000
1 0.358134 0.186989 0.040000 0.100000
1 0.383231 0.188310 0.040000 0.100000
1 0.519481 0.187132 0.040000 0.100000
1 0.542377 0.188012 0.040000 0.100000
1 0.564832 0.188893 0.040000 0.100000
1 0.586847 0.188893 0.040000 0.100000
1 0.613264 0.189773 0.040000 0.100000
1 0.466205 0.188453 0.040000 0.100000
1 0.457399 0.188012 0.040000 0.100000
1 0.439347 0.188893 0.040000 0.100000
1 0.432303 0.188012 0.040000 0.100000
1 0.424377 0.189773 0.040000 0.100000
1 0.794256 0.251464 0.100000 0.040000
1 0.794696 0.276561 0.100000 0.040000
1 0.795136 0.306501 0.100000 0.040000
1 0.795136 0.350531 0.100000 0.040000
1 0.795577 0.372986 0.100000 0.040000
1 0.794118 0.425329 0.100000 0.040000
1 0.795439 0.447344 0.100000 0.040000
1 0.794118 0.464075 0.100000 0.040000
1 0.794559 0.473321 0.100000 0.040000
1 0.794999 0.533642 0.100000 0.040000
1 0.794559 0.541127 0.100000 0.040000
1 0.795439 0.548171 0.100000 0.040000
1 0.795439 0.583836 0.100000 0.040000
1 0.704740 0.204446 0.040000 0.100000
1 0.684046 0.204006 0.040000 0.100000
1 0.657188 0.204446 0.040000 0.100000
1 0.602151 0.205767 0.040000 0.100000
1 0.581897 0.204446 0.040000 0.100000
1 0.562084 0.204446 0.040000 0.100000
1 0.794464 0.606766 0.100000 0.040000
1 0.794464 0.631513 0.100000 0.040000
1 0.795098 0.656261 0.100000 0.040000
1 0.795098 0.713370 0.100000 0.040000
1 0.794464 0.740020 0.100000 0.040000
1 0.795098 0.773651 0.100000 0.040000
1 0.718318 0.795860 0.040000 0.100000
1 0.687860 0.797129 0.040000 0.100000
1 0.661209 0.795860 0.040000 0.100000
1 0.640269 0.796495 0.040000 0.100000
1 0.619964 0.795860 0.040000 0.100000
1 0.595217 0.796495 0.040000 0.100000
1 0.574735 0.795071 0.040000 0.100000
1 0.522958 0.796172 0.040000 0.100000
1 0.514145 0.795071 0.040000 0.100000
1 0.486237 0.796539 0.040000 0.100000
1 0.456126 0.794703 0.040000 0.100000
1 0.432257 0.796172 0.040000 0.100000
1 0.372478 0.797409 0.040000 0.100000
1 0.342654 0.794871 0.040000 0.100000
1 0.314734 0.797409 0.040000 0.100000
1 0.276661 0.796140 0.040000 0.100000
1 0.258260 0.794871 0.040000 0.100000
1 0.205311 0.758857 0.100000 0.040000
1 0.204676 0.732840 0.100000 0.040000
1 0.203407 0.666213 0.100000 0.040000
1 0.205945 0.638293 0.100000 0.040000
1 0.205311 0.583723 0.100000 0.040000
1 0.205945 0.611008 0.100000 0.040000
1 0.205994 0.540731 0.100000 0.040000
1 0.204525 0.528246 0.100000 0.040000
1 0.203791 0.502541 0.100000 0.040000
1 0.205627 0.477203 0.100000 0.040000
1 0.204525 0.469859 0.100000 0.040000
1 0.204158 0.445990 0.100000 0.040000
1 0.204957 0.251452 0.100000 0.040000
1 0.203855 0.276423 0.100000 0.040000
1 0.205324 0.312042 0.100000 0.040000
1 0.204222 0.319020 0.100000 0.040000
1 0.204957 0.327465 0.100000 0.040000
1 0.204590 0.350967 0.100000 0.040000
1 0.204222 0.357944 0.100000 0.040000
1 0.204590 0.364187 0.100000 0.040000
1 0.204590 0.398337 0.100000 0.040000
1 0.204405 0.423778 0.100000 0.040000
1 0.249708 0.205379 0.040000 0.100000
1 0.280187 0.203543 0.040000 0.100000
1 0.305525 0.203176 0.040000 0.100000
1 0.333800 0.203910 0.040000 0.100000
1 0.359505 0.204645 0.040000 0.100000
1 0.465228 0.204296 0.040000 0.100000
1 0.457517 0.203562 0.040000 0.100000
1 0.440258 0.204664 0.040000 0.100000
1 0.425202 0.204664 0.040000 0.100000
1 0.381504 0.204664 0.040000 0.100000
1 0.520310 0.205398 0.040000 0.100000
1 0.540507 0.204664 0.040000 0.100000
1 0.779001 0.258003 0.100000 0.040000
1 0.778561 0.281339 0.100000 0.040000
1 0.778561 0.308637 0.100000 0.040000
1 0.690501 0.221899 0.040000 0.100000
1 0.672009 0.221899 0.040000 0.100000
1 0.651315 0.220138 0.040000 0.100000
1 0.779881 0.352227 0.100000 0.040000
1 0.778120 0.372480 0.100000 0.040000
1 0.778192 0.424839 0.100000 0.040000
1 0.778192 0.444652 0.100000 0.040000
1 0.778192 0.460063 0.100000 0.040000
1 0.777752 0.470189 0.100000 0.040000
1 0.777752 0.534032 0.100000 0.040000
1 0.777752 0.549443 0.100000 0.040000
1 0.778633 0.584226 0.100000 0.040000
1 0.778633 0.603599 0.100000 0.040000
1 0.777312 0.626935 0.100000 0.040000
1 0.777595 0.649779 0.100000 0.040000
1 0.778476 0.709219 0.100000 0.040000
1 0.778476 0.732115 0.100000 0.040000
1 0.776715 0.758533 0.100000 0.040000
1 0.706708 0.777906 0.040000 0.100000
1 0.678088 0.779227 0.040000 0.100000
1 0.655193 0.779227 0.040000 0.100000
1 0.635380 0.780988 0.040000 0.100000
1 0.597636 0.779383 0.040000 0.100000
1 0.616568 0.778503 0.040000 0.100000
1 0.576942 0.779383 0.040000 0.100000
1 0.525427 0.779383 0.040000 0.100000
1 0.515740 0.780264 0.040000 0.100000
1 0.491084 0.780264 0.040000 0.100000
1 0.461144 0.776742 0.040000 0.100000
1 0.440890 0.779383 0.040000 0.100000
1 0.378415 0.777546 0.040000 0.100000
1 0.349356 0.781069 0.040000 0.100000
1 0.325139 0.780188 0.040000 0.100000
1 0.290356 0.778867 0.040000 0.100000
1 0.273184 0.777987 0.040000 0.100000
1 0.221670 0.747166 0.100000 0.040000
1 0.218147 0.722509 0.100000 0.040000
1 0.221821 0.651161 0.100000 0.040000
1 0.219528 0.629248 0.100000 0.040000
1 0.219782 0.605296 0.100000 0.040000
1 0.221311 0.579816 0.100000 0.040000
1 0.223370 0.535002 0.100000 0.040000
1 0.221586 0.526593 0.100000 0.040000
1 0.225154 0.519204 0.100000 0.040000
1 0.222860 0.502897 0.100000 0.040000
1 0.222860 0.494998 0.100000 0.040000
1 0.223115 0.473850 0.100000 0.040000
1 0.222351 0.466715 0.100000 0.040000
1 0.222351 0.444293 0.100000 0.040000
1 0.222033 0.423358 0.100000 0.040000
1 0.222328 0.401830 0.100000 0.040000
1 0.222896 0.369639 0.100000 0.040000
1 0.222132 0.361485 0.100000 0.040000
1 0.221113 0.354096 0.100000 0.040000
1 0.221622 0.333457 0.100000 0.040000
1 0.221113 0.325049 0.100000 0.040000
1 0.222387 0.318679 0.100000 0.040000
1 0.220524 0.281350 0.100000 0.040000
1 0.222817 0.258417 0.100000 0.040000
1 0.265114 0.221981 0.040000 0.100000
1 0.291868 0.220452 0.040000 0.100000
1 0.315301 0.221187 0.040000 0.100000
1 0.338233 0.219403 0.040000 0.100000
1 0.361929 0.220422 0.040000 0.100000
1 0.383078 0.219403 0.040000 0.100000
1 0.424903 0.220746 0.040000 0.100000
1 0.442739 0.220746 0.040000 0.100000
1 0.456753 0.220491 0.040000 0.100000
1 0.465161 0.221255 0.040000 0.100000
1 0.524021 0.219981 0.040000 0.100000
1 0.542293 0.220642 0.040000 0.100000
1 0.559905 0.221082 0.040000 0.100000
1 0.577957 0.220201 0.040000 0.100000
1 0.596449 0.221522 0.040000 0.100000
1 0.762134 0.264933 0.100000 0.040000
1 0.762643 0.285318 0.100000 0.040000
1 0.761369 0.307740 0.100000 0.040000
1 0.762120 0.353543 0.100000 0.040000
1 0.762560 0.371155 0.100000 0.040000
1 0.761239 0.424871 0.100000 0.040000
1 0.645074 0.237374 0.040000 0.100000
1 0.664184 0.236100 0.040000 0.100000
1 0.678198 0.238648 0.040000 0.100000
1 0.589272 0.236610 0.040000 0.100000
1 0.572965 0.236610 0.040000 0.100000
1 0.558441 0.237629 0.040000 0.100000
1 0.541879 0.237119 0.040000 0.100000
1 0.527356 0.235845 0.040000 0.100000
1 0.465329 0.236481 0.040000 0.100000
1 0.456963 0.237362 0.040000 0.100000
1 0.445075 0.236481 0.040000 0.100000
1 0.435389 0.238243 0.040000 0.100000
1 0.425702 0.237362 0.040000 0.100000
1 0.383478 0.235789 0.040000 0.100000
1 0.363664 0.235789 0.040000 0.100000
1 0.345172 0.237110 0.040000 0.100000
1 0.324918 0.236670 0.040000 0.100000
1 0.304224 0.237550 0.040000 0.100000
1 0.280448 0.237110 0.040000 0.100000
1 0.236859 0.265729 0.100000 0.040000
1 0.235538 0.286864 0.100000 0.040000
1 0.236419 0.322087 0.100000 0.040000
1 0.237739 0.339259 0.100000 0.040000
1 0.237688 0.357820 0.100000 0.040000
1 0.236368 0.373230 0.100000 0.040000
1 0.235927 0.404491 0.100000 0.040000
1 0.235487 0.423865 0.100000 0.040000
1 0.236368 0.443238 0.100000 0.040000
1 0.237688 0.463491 0.100000 0.040000
1 0.237688 0.470976 0.100000 0.040000
1 0.237079 0.490799 0.100000 0.040000
1 0.237520 0.499605 0.100000 0.040000
1 0.237960 0.513694 0.100000 0.040000
1 0.237960 0.521620 0.100000 0.040000
1 0.238841 0.528224 0.100000 0.040000
1 0.237960 0.572694 0.100000 0.040000
1 0.237960 0.596030 0.100000 0.040000
1 0.237079 0.618045 0.100000 0.040000
1 0.237520 0.637858 0.100000 0.040000
1 0.237079 0.711388 0.100000 0.040000
1 0.237079 0.735164 0.100000 0.040000
1 0.288594 0.763783 0.040000 0.100000
1 0.301803 0.762462 0.040000 0.100000
1 0.336586 0.761581 0.040000 0.100000
1 0.360922 0.761677 0.040000 0.100000
1 0.383378 0.762997 0.040000 0.100000
1 0.448982 0.762117 0.040000 0.100000
1 0.465713 0.762557 0.040000 0.100000
1 0.495967 0.761979 0.040000 0.100000
1 0.517989 0.764586 0.040000 0.100000
1 0.527235 0.764586 0.040000 0.100000
1 0.581832 0.763265 0.040000 0.100000
1 0.598123 0.763265 0.040000 0.100000
1 0.616615 0.764145 0.040000 0.100000
1 0.631585 0.762824 0.040000 0.100000
1 0.649637 0.763705 0.040000 0.100000
1 0.669011 0.763265 0.040000 0.100000
1 0.696110 0.761252 0.040000 0.100000
1 0.763035 0.748043 0.100000 0.040000
1 0.761714 0.722506 0.100000 0.040000
1 0.761714 0.703132 0.100000 0.040000
1 0.762595 0.643692 0.100000 0.040000
1 0.761714 0.621678 0.100000 0.040000
1 0.762595 0.603185 0.100000 0.040000
1 0.763916 0.584693 0.100000 0.040000
1 0.762913 0.442243 0.100000 0.040000
1 0.762033 0.455892 0.100000 0.040000
1 0.762913 0.466019 0.100000 0.040000
1 0.760712 0.532063 0.100000 0.040000
1 0.762913 0.540869 0.100000 0.040000
1 0.761593 0.549675 0.100000 0.040000
1 0.735140 0.275214 0.100000 0.040000
1 0.738663 0.289744 0.100000 0.040000
1 0.731618 0.309557 0.100000 0.040000
1 0.738663 0.352266 0.100000 0.040000
1 0.740864 0.369437 0.100000 0.040000
1 0.739325 0.423566 0.100000 0.040000
1 0.740345 0.438310 0.100000 0.040000
1 0.741619 0.450285 0.100000 0.040000
1 0.741364 0.461242 0.100000 0.040000
1 0.739836 0.532076 0.100000 0.040000
1 0.740345 0.539721 0.100000 0.040000
1 0.740090 0.548129 0.100000 0.040000
1 0.740217 0.583393 0.100000 0.040000
1 0.739336 0.598804 0.100000 0.040000
1 0.737575 0.614214 0.100000 0.040000
1 0.735814 0.630065 0.100000 0.040000
1 0.735411 0.691916 0.100000 0.040000
1 0.740694 0.710849 0.100000 0.040000
1 0.737596 0.729206 0.100000 0.040000
1 0.265787 0.714370 0.100000 0.040000
1 0.262982 0.693204 0.100000 0.040000
1 0.259667 0.619252 0.100000 0.040000
1 0.258668 0.602690 0.100000 0.040000
1 0.257782 0.584686 0.100000 0.040000
1 0.256307 0.566091 0.100000 0.040000
1 0.258125 0.521913 0.100000 0.040000
1 0.258125 0.505848 0.100000 0.040000
1 0.258125 0.492332 0.100000 0.040000
1 0.257360 0.484427 0.100000 0.040000
1 0.260246 0.294270 0.100000 0.040000
1 0.263772 0.276203 0.100000 0.040000
1 0.259365 0.329082 0.100000 0.040000
1 0.258043 0.346708 0.100000 0.040000
1 0.258924 0.362572 0.100000 0.040000
1 0.258484 0.379757 0.100000 0.040000
1 0.256280 0.406637 0.100000 0.040000
1 0.256280 0.423382 0.100000 0.040000
1 0.258484 0.455991 0.100000 0.040000
