0 0.193229 0.120562 0.033031 0.082576
0 0.235343 0.120562 0.033031 0.082576
0 0.274979 0.120562 0.033031 0.082576
0 0.316268 0.120562 0.033031 0.082576
0 0.352601 0.120562 0.033031 0.082576
0 0.389761 0.120562 0.033031 0.082576
0 0.424443 0.120562 0.033031 0.082576
0 0.462428 0.120562 0.033031 0.082576
0 0.519405 0.120562 0.033031 0.082576
0 0.550784 0.120562 0.033031 0.082576
0 0.585467 0.120562 0.033031 0.082576
0 0.619323 0.120562 0.033031 0.082576
0 0.654831 0.120562 0.033031 0.082576
0 0.706854 0.120562 0.033031 0.082576
0 0.747316 0.120562 0.033031 0.082576
0 0.789430 0.120562 0.033031 0.082576
0 0.879438 0.184971 0.082576 0.033031
0 0.879438 0.228737 0.082576 0.033031
0 0.879438 0.270025 0.082576 0.033031
0 0.879438 0.316268 0.082576 0.033031
0 0.879438 0.355078 0.082576 0.033031
0 0.879438 0.402147 0.082576 0.033031
0 0.879438 0.436003 0.082576 0.033031
0 0.879438 0.466557 0.082576 0.033031
0 0.879438 0.518580 0.082576 0.033031
0 0.879438 0.564822 0.082576 0.033031
0 0.879438 0.598679 0.082576 0.033031
0 0.879438 0.636664 0.082576 0.033031
0 0.879438 0.674649 0.082576 0.033031
0 0.879438 0.725021 0.082576 0.033031
0 0.879438 0.766309 0.082576 0.033031
0 0.879438 0.810074 0.082576 0.033031
0 0.809249 0.879438 0.033031 0.082576
0 0.762180 0.879438 0.033031 0.082576
0 0.718415 0.879438 0.033031 0.082576
0 0.677952 0.879438 0.033031 0.082576
0 0.639141 0.879438 0.033031 0.082576
0 0.601156 0.879438 0.033031 0.082576
0 0.563997 0.879438 0.033031 0.082576
0 0.525186 0.879438 0.033031 0.082576
0 0.478943 0.879438 0.033031 0.082576
0 0.442609 0.879438 0.033031 0.082576
0 0.407102 0.879438 0.033031 0.082576
0 0.358382 0.879438 0.033031 0.082576
0 0.318745 0.879438 0.033031 0.082576
0 0.276631 0.879438 0.033031 0.082576
0 0.232865 0.879438 0.033031 0.082576
0 0.189926 0.879438 0.033031 0.082576
0 0.120562 0.810074 0.082576 0.033031
0 0.120562 0.764657 0.082576 0.033031
0 0.120562 0.723369 0.082576 0.033031
0 0.120562 0.668869 0.082576 0.033031
0 0.120562 0.629232 0.082576 0.033031
0 0.120562 0.591247 0.082576 0.033031
0 0.120562 0.550784 0.082576 0.033031
0 0.120562 0.513625 0.082576 0.033031
0 0.120562 0.471511 0.082576 0.033031
0 0.120562 0.435178 0.082576 0.033031
0 0.120562 0.399670 0.082576 0.033031
0 0.120562 0.362510 0.082576 0.033031
0 0.120562 0.324525 0.082576 0.033031
0 0.120562 0.278282 0.082576 0.033031
0 0.120562 0.227085 0.082576 0.033031
0 0.120562 0.184971 0.082576 0.033031
0 0.184971 0.130471 0.033031 0.082576
0 0.240297 0.130471 0.033031 0.082576
0 0.278282 0.130471 0.033031 0.082576
0 0.317919 0.130471 0.033031 0.082576
0 0.353427 0.130471 0.033031 0.082576
0 0.388109 0.130471 0.033031 0.082576
0 0.423617 0.130471 0.033031 0.082576
0 0.461602 0.130471 0.033031 0.082576
0 0.519405 0.130471 0.033031 0.082576
0 0.548307 0.130471 0.033031 0.082576
0 0.581338 0.130471 0.033031 0.082576
0 0.613543 0.130471 0.033031 0.082576
0 0.646573 0.130471 0.033031 0.082576
0 0.699422 0.130471 0.033031 0.082576
0 0.737407 0.130471 0.033031 0.082576
0 0.777870 0.130471 0.033031 0.082576
0 0.869529 0.192403 0.082576 0.033031
0 0.869529 0.234517 0.082576 0.033031
0 0.869529 0.274154 0.082576 0.033031
0 0.869529 0.320396 0.082576 0.033031
0 0.869529 0.357556 0.082576 0.033031
0 0.869529 0.404624 0.082576 0.033031
0 0.869529 0.438481 0.082576 0.033031
0 0.869529 0.465731 0.082576 0.033031
0 0.869529 0.520231 0.082576 0.033031
0 0.869529 0.566474 0.082576 0.033031
0 0.869529 0.599505 0.082576 0.033031
0 0.869529 0.635838 0.082576 0.033031
0 0.869529 0.672998 0.082576 0.033031
0 0.869529 0.723369 0.082576 0.033031
0 0.869529 0.763006 0.082576 0.033031
0 0.869529 0.805120 0.082576 0.033031
0 0.798514 0.869529 0.033031 0.082576
0 0.753097 0.869529 0.033031 0.082576
0 0.711808 0.869529 0.033031 0.082576
0 0.672998 0.869529 0.033031 0.082576
0 0.636664 0.869529 0.033031 0.082576
0 0.600330 0.869529 0.033031 0.082576
0 0.565648 0.869529 0.033031 0.082576
0 0.524360 0.869529 0.033031 0.082576
0 0.478943 0.869529 0.033031 0.082576
0 0.443435 0.869529 0.033031 0.082576
0 0.408753 0.869529 0.033031 0.082576
0 0.358382 0.869529 0.033031 0.082576
0 0.319571 0.869529 0.033031 0.082576
0 0.279934 0.869529 0.033031 0.082576
0 0.236994 0.869529 0.033031 0.082576
0 0.197358 0.869529 0.033031 0.082576
0 0.130471 0.800991 0.082576 0.033031
0 0.130471 0.760528 0.082576 0.033031
0 0.130471 0.706854 0.082576 0.033031
0 0.130471 0.664740 0.082576 0.033031
0 0.130471 0.626755 0.082576 0.033031
0 0.130471 0.590421 0.082576 0.033031
0 0.130471 0.548307 0.082576 0.033031
0 0.130471 0.511148 0.082576 0.033031
0 0.130471 0.470685 0.082576 0.033031
0 0.130471 0.436003 0.082576 0.033031
0 0.130471 0.402147 0.082576 0.033031
0 0.130471 0.365813 0.082576 0.033031
0 0.130471 0.328654 0.082576 0.033031
0 0.130471 0.283237 0.082576 0.033031
0 0.130471 0.232040 0.082576 0.033031
0 0.130471 0.192403 0.082576 0.033031
0 0.203964 0.135425 0.033031 0.082576
0 0.243600 0.135425 0.033031 0.082576
0 0.280760 0.135425 0.033031 0.082576
0 0.318745 0.135425 0.033031 0.082576
0 0.353427 0.135425 0.033031 0.082576
0 0.387283 0.135425 0.033031 0.082576
0 0.423617 0.135425 0.033031 0.082576
0 0.460776 0.135425 0.033031 0.082576
0 0.519405 0.135425 0.033031 0.082576
0 0.548307 0.135425 0.033031 0.082576
0 0.579686 0.135425 0.033031 0.082576
0 0.611065 0.135425 0.033031 0.082576
0 0.643270 0.135425 0.033031 0.082576
0 0.695293 0.135425 0.033031 0.082576
0 0.732453 0.135425 0.033031 0.082576
0 0.772089 0.135425 0.033031 0.082576
0 0.864575 0.195706 0.082576 0.033031
0 0.864575 0.236994 0.082576 0.033031
0 0.864575 0.275805 0.082576 0.033031
0 0.864575 0.322048 0.082576 0.033031
0 0.864575 0.358382 0.082576 0.033031
0 0.864575 0.405450 0.082576 0.033031
0 0.864575 0.438481 0.082576 0.033031
0 0.864575 0.465731 0.082576 0.033031
0 0.864575 0.521057 0.082576 0.033031
0 0.864575 0.567300 0.082576 0.033031
0 0.864575 0.599505 0.082576 0.033031
0 0.864575 0.635012 0.082576 0.033031
0 0.864575 0.671346 0.082576 0.033031
0 0.864575 0.722543 0.082576 0.033031
0 0.864575 0.760528 0.082576 0.033031
0 0.864575 0.802642 0.082576 0.033031
0 0.793559 0.864575 0.033031 0.082576
0 0.748142 0.864575 0.033031 0.082576
0 0.707680 0.864575 0.033031 0.082576
0 0.670520 0.864575 0.033031 0.082576
0 0.635012 0.864575 0.033031 0.082576
0 0.600330 0.864575 0.033031 0.082576
0 0.564822 0.864575 0.033031 0.082576
0 0.524360 0.864575 0.033031 0.082576
0 0.478943 0.864575 0.033031 0.082576
0 0.443435 0.864575 0.033031 0.082576
0 0.409579 0.864575 0.033031 0.082576
0 0.320396 0.864575 0.033031 0.082576
0 0.281585 0.864575 0.033031 0.082576
0 0.239472 0.864575 0.033031 0.082576
0 0.200661 0.864575 0.033031 0.082576
0 0.135425 0.799339 0.082576 0.033031
0 0.135425 0.758051 0.082576 0.033031
0 0.135425 0.704377 0.082576 0.033031
0 0.135425 0.663088 0.082576 0.033031
0 0.135425 0.625103 0.082576 0.033031
0 0.135425 0.589595 0.082576 0.033031
0 0.135425 0.547481 0.082576 0.033031
0 0.135425 0.511148 0.082576 0.033031
0 0.135425 0.470685 0.082576 0.033031
0 0.135425 0.436829 0.082576 0.033031
0 0.135425 0.402973 0.082576 0.033031
0 0.135425 0.367465 0.082576 0.033031
0 0.135425 0.330306 0.082576 0.033031
0 0.135425 0.285714 0.082576 0.033031
0 0.135425 0.235343 0.082576 0.033031
0 0.135425 0.195706 0.082576 0.033031
0 0.206441 0.140380 0.033031 0.082576
0 0.246078 0.140380 0.033031 0.082576
0 0.282411 0.140380 0.033031 0.082576
0 0.319571 0.140380 0.033031 0.082576
0 0.353427 0.140380 0.033031 0.082576
0 0.387283 0.140380 0.033031 0.082576
0 0.423617 0.140380 0.033031 0.082576
0 0.460776 0.140380 0.033031 0.082576
0 0.519405 0.140380 0.033031 0.082576
0 0.547481 0.140380 0.033031 0.082576
0 0.578035 0.140380 0.033031 0.082576
0 0.607762 0.140380 0.033031 0.082576
0 0.639141 0.140380 0.033031 0.082576
0 0.691990 0.140380 0.033031 0.082576
0 0.728324 0.140380 0.033031 0.082576
0 0.766309 0.140380 0.033031 0.082576
0 0.859620 0.199835 0.082576 0.033031
0 0.859620 0.240297 0.082576 0.033031
0 0.859620 0.278282 0.082576 0.033031
0 0.859620 0.323699 0.082576 0.033031
0 0.859620 0.359207 0.082576 0.033031
0 0.859620 0.407927 0.082576 0.033031
0 0.859620 0.438481 0.082576 0.033031
0 0.859620 0.465731 0.082576 0.033031
0 0.859620 0.521883 0.082576 0.033031
0 0.859620 0.568951 0.082576 0.033031
0 0.859620 0.600330 0.082576 0.033031
0 0.859620 0.635012 0.082576 0.033031
0 0.859620 0.669694 0.082576 0.033031
0 0.859620 0.721718 0.082576 0.033031
0 0.859620 0.758877 0.082576 0.033031
0 0.859620 0.800165 0.082576 0.033031
0 0.787779 0.859620 0.033031 0.082576
0 0.744013 0.859620 0.033031 0.082576
0 0.668043 0.859620 0.033031 0.082576
0 0.634187 0.859620 0.033031 0.082576
0 0.599505 0.859620 0.033031 0.082576
0 0.564822 0.859620 0.033031 0.082576
0 0.523534 0.859620 0.033031 0.082576
0 0.478943 0.859620 0.033031 0.082576
0 0.444261 0.859620 0.033031 0.082576
0 0.411230 0.859620 0.033031 0.082576
0 0.360033 0.859620 0.033031 0.082576
0 0.322048 0.859620 0.033031 0.082576
0 0.284063 0.859620 0.033031 0.082576
0 0.242775 0.859620 0.033031 0.082576
0 0.204789 0.859620 0.033031 0.082576
0 0.140380 0.795211 0.082576 0.033031
0 0.140380 0.756400 0.082576 0.033031
0 0.140380 0.701073 0.082576 0.033031
0 0.140380 0.660611 0.082576 0.033031
0 0.140380 0.623452 0.082576 0.033031
0 0.140380 0.589595 0.082576 0.033031
0 0.140380 0.546656 0.082576 0.033031
0 0.140380 0.510322 0.082576 0.033031
0 0.140380 0.470685 0.082576 0.033031
0 0.140380 0.436829 0.082576 0.033031
0 0.140380 0.403799 0.082576 0.033031
0 0.140380 0.369942 0.082576 0.033031
0 0.140380 0.331957 0.082576 0.033031
0 0.140380 0.288192 0.082576 0.033031
0 0.140380 0.236994 0.082576 0.033031
0 0.140380 0.199835 0.082576 0.033031
0 0.197358 0.125516 0.033031 0.082576
0 0.237820 0.125516 0.033031 0.082576
0 0.276631 0.125516 0.033031 0.082576
0 0.317093 0.125516 0.033031 0.082576
0 0.353427 0.125516 0.033031 0.082576
0 0.388935 0.125516 0.033031 0.082576
0 0.424443 0.125516 0.033031 0.082576
0 0.462428 0.125516 0.033031 0.082576
0 0.519405 0.125516 0.033031 0.082576
0 0.549959 0.125516 0.033031 0.082576
0 0.582989 0.125516 0.033031 0.082576
0 0.616020 0.125516 0.033031 0.082576
0 0.650702 0.125516 0.033031 0.082576
0 0.702725 0.125516 0.033031 0.082576
0 0.742362 0.125516 0.033031 0.082576
0 0.782824 0.125516 0.033031 0.082576
0 0.874484 0.188274 0.082576 0.033031
0 0.874484 0.231214 0.082576 0.033031
0 0.874484 0.272502 0.082576 0.033031
0 0.874484 0.318745 0.082576 0.033031
0 0.874484 0.355904 0.082576 0.033031
0 0.874484 0.403799 0.082576 0.033031
0 0.874484 0.436829 0.082576 0.033031
0 0.874484 0.466557 0.082576 0.033031
0 0.874484 0.519405 0.082576 0.033031
0 0.874484 0.565648 0.082576 0.033031
0 0.874484 0.599505 0.082576 0.033031
0 0.874484 0.635838 0.082576 0.033031
0 0.874484 0.673823 0.082576 0.033031
0 0.874484 0.724195 0.082576 0.033031
0 0.874484 0.763832 0.082576 0.033031
0 0.874484 0.807597 0.082576 0.033031
0 0.804294 0.874484 0.033031 0.082576
0 0.757225 0.874484 0.033031 0.082576
0 0.715111 0.874484 0.033031 0.082576
0 0.675475 0.874484 0.033031 0.082576
0 0.638315 0.874484 0.033031 0.082576
0 0.601156 0.874484 0.033031 0.082576
0 0.564822 0.874484 0.033031 0.082576
0 0.525186 0.874484 0.033031 0.082576
0 0.478943 0.874484 0.033031 0.082576
0 0.442609 0.874484 0.033031 0.082576
0 0.407927 0.874484 0.033031 0.082576
0 0.359207 0.874484 0.033031 0.082576
0 0.319571 0.874484 0.033031 0.082576
0 0.278282 0.874484 0.033031 0.082576
0 0.235343 0.874484 0.033031 0.082576
0 0.193229 0.874484 0.033031 0.082576
0 0.125516 0.812552 0.082576 0.033031
0 0.125516 0.763006 0.082576 0.033031
0 0.125516 0.710157 0.082576 0.033031
0 0.125516 0.667217 0.082576 0.033031
0 0.125516 0.627581 0.082576 0.033031
0 0.125516 0.590421 0.082576 0.033031
0 0.125516 0.549959 0.082576 0.033031
0 0.125516 0.514451 0.082576 0.033031
0 0.125516 0.471511 0.082576 0.033031
0 0.125516 0.436003 0.082576 0.033031
0 0.125516 0.401321 0.082576 0.033031
0 0.125516 0.364162 0.082576 0.033031
0 0.125516 0.326177 0.082576 0.033031
0 0.125516 0.280760 0.082576 0.033031
0 0.125516 0.230388 0.082576 0.033031
0 0.125516 0.188274 0.082576 0.033031
1 0.731012 0.172824 0.040000 0.100000
1 0.699126 0.174771 0.040000 0.100000
1 0.670367 0.174771 0.040000 0.100000
1 0.825032 0.224321 0.100000 0.040000
1 0.825512 0.258621 0.100000 0.040000
1 0.825320 0.291684 0.100000 0.040000
1 0.825666 0.334168 0.100000 0.040000
1 0.825320 0.362836 0.100000 0.040000
1 0.824284 0.415682 0.100000 0.040000
1 0.825666 0.441586 0.100000 0.040000
1 0.825796 0.469546 0.100000 0.040000
1 0.826276 0.525434 0.100000 0.040000
1 0.826036 0.540545 0.100000 0.040000
1 0.826228 0.574173 0.100000 0.040000
1 0.826515 0.600654 0.100000 0.040000
1 0.825652 0.629437 0.100000 0.040000
1 0.825484 0.660105 0.100000 0.040000
1 0.825504 0.714973 0.100000 0.040000
1 0.824705 0.745555 0.100000 0.040000
1 0.824705 0.783013 0.100000 0.040000
1 0.753526 0.826248 0.040000 0.100000
1 0.715099 0.827064 0.040000 0.100000
1 0.682451 0.826898 0.040000 0.100000
1 0.654287 0.826106 0.040000 0.100000
1 0.626803 0.826939 0.040000 0.100000
1 0.597459 0.826523 0.040000 0.100000
1 0.569809 0.825857 0.040000 0.100000
1 0.523069 0.826423 0.040000 0.100000
1 0.481893 0.825623 0.040000 0.100000
1 0.448713 0.827023 0.040000 0.100000
1 0.420649 0.827023 0.040000 0.100000
1 0.365182 0.825643 0.040000 0.100000
1 0.330802 0.826043 0.040000 0.100000
1 0.297661 0.827242 0.040000 0.100000
1 0.260962 0.825563 0.040000 0.100000
1 0.232859 0.827196 0.040000 0.100000
1 0.173377 0.775243 0.100000 0.040000
1 0.174376 0.741596 0.100000 0.040000
1 0.173570 0.681398 0.100000 0.040000
1 0.173570 0.646618 0.100000 0.040000
1 0.174770 0.613517 0.100000 0.040000
1 0.172851 0.584111 0.100000 0.040000
1 0.174859 0.539773 0.100000 0.040000
1 0.173693 0.504461 0.100000 0.040000
1 0.174193 0.470314 0.100000 0.040000
1 0.174396 0.438096 0.100000 0.040000
1 0.173397 0.411445 0.100000 0.040000
1 0.173564 0.380630 0.100000 0.040000
1 0.173064 0.345483 0.100000 0.040000
1 0.174203 0.304807 0.100000 0.040000
1 0.173320 0.255253 0.100000 0.040000
1 0.175153 0.224771 0.100000 0.040000
1 0.231233 0.173790 0.040000 0.100000
1 0.265772 0.173551 0.040000 0.100000
1 0.295275 0.175949 0.040000 0.100000
1 0.326217 0.174078 0.040000 0.100000
1 0.356152 0.174366 0.040000 0.100000
1 0.384071 0.175517 0.040000 0.100000
1 0.422430 0.174566 0.040000 0.100000
1 0.456743 0.175566 0.040000 0.100000
1 0.520586 0.174213 0.040000 0.100000
1 0.543852 0.173733 0.040000 0.100000
1 0.568798 0.173733 0.040000 0.100000
1 0.591584 0.174405 0.040000 0.100000
1 0.616050 0.175269 0.040000 0.100000
1 0.244201 0.190741 0.040000 0.100000
1 0.274638 0.190501 0.040000 0.100000
1 0.304356 0.191700 0.040000 0.100000
1 0.330479 0.191939 0.040000 0.100000
1 0.356362 0.191700 0.040000 0.100000
1 0.382485 0.190262 0.040000 0.100000
1 0.423180 0.191652 0.040000 0.100000
1 0.456253 0.190214 0.040000 0.100000
1 0.521359 0.191622 0.040000 0.100000
1 0.542329 0.192221 0.040000 0.100000
1 0.564298 0.191023 0.040000 0.100000
1 0.586787 0.190663 0.040000 0.100000
1 0.606439 0.190903 0.040000 0.100000
1 0.663790 0.190544 0.040000 0.100000
1 0.688954 0.190783 0.040000 0.100000
1 0.713160 0.190783 0.040000 0.100000
1 0.811098 0.233104 0.100000 0.040000
1 0.810898 0.263860 0.100000 0.040000
1 0.809900 0.295216 0.100000 0.040000
1 0.809422 0.339052 0.100000 0.040000
1 0.809182 0.365175 0.100000 0.040000
1 0.807840 0.415216 0.100000 0.040000
1 0.809520 0.442326 0.100000 0.040000
1 0.809520 0.460500 0.100000 0.040000
1 0.809920 0.526407 0.100000 0.040000
1 0.809488 0.540691 0.100000 0.040000
1 0.809776 0.575202 0.100000 0.040000
1 0.810639 0.601086 0.100000 0.040000
1 0.808625 0.627832 0.100000 0.040000
1 0.808338 0.655441 0.100000 0.040000
1 0.808453 0.711445 0.100000 0.040000
1 0.809172 0.740444 0.100000 0.040000
1 0.807494 0.773518 0.100000 0.040000
1 0.737513 0.808029 0.040000 0.100000
1 0.702714 0.808604 0.040000 0.100000
1 0.673068 0.810276 0.040000 0.100000
1 0.648743 0.810196 0.040000 0.100000
1 0.624297 0.809477 0.040000 0.100000
1 0.596976 0.810675 0.040000 0.100000
1 0.572530 0.809957 0.040000 0.100000
1 0.522405 0.809745 0.040000 0.100000
1 0.485657 0.809146 0.040000 0.100000
1 0.451705 0.807548 0.040000 0.100000
1 0.428338 0.808547 0.040000 0.100000
1 0.369121 0.809525 0.040000 0.100000
1 0.336368 0.810923 0.040000 0.100000
1 0.308607 0.808327 0.040000 0.100000
1 0.268623 0.811562 0.040000 0.100000
1 0.245136 0.810604 0.040000 0.100000
1 0.192164 0.762331 0.100000 0.040000
1 0.190832 0.731541 0.100000 0.040000
1 0.190366 0.667764 0.100000 0.040000
1 0.190865 0.637240 0.100000 0.040000
1 0.189940 0.608808 0.100000 0.040000
1 0.190708 0.535985 0.100000 0.040000
1 0.190616 0.501371 0.100000 0.040000
1 0.190616 0.468584 0.100000 0.040000
1 0.190403 0.439571 0.100000 0.040000
1 0.190403 0.413009 0.100000 0.040000
1 0.190802 0.385847 0.100000 0.040000
1 0.192000 0.351496 0.100000 0.040000
1 0.191242 0.312126 0.100000 0.040000
1 0.191334 0.264300 0.100000 0.040000
1 0.190058 0.233149 0.100000 0.040000
1 0.258587 0.207073 0.040000 0.100000
1 0.285050 0.208072 0.040000 0.100000
1 0.312844 0.207572 0.040000 0.100000
1 0.336211 0.208438 0.040000 0.100000
1 0.359378 0.208638 0.040000 0.100000
1 0.381467 0.208238 0.040000 0.100000
1 0.423648 0.208238 0.040000 0.100000
1 0.455954 0.207184 0.040000 0.100000
1 0.521991 0.206891 0.040000 0.100000
1 0.541882 0.206412 0.040000 0.100000
1 0.561055 0.207850 0.040000 0.100000
1 0.580947 0.207371 0.040000 0.100000
1 0.599162 0.206891 0.040000 0.100000
1 0.654178 0.206450 0.040000 0.100000
1 0.677761 0.207601 0.040000 0.100000
1 0.699043 0.208751 0.040000 0.100000
1 0.793086 0.242860 0.100000 0.040000
1 0.793431 0.270469 0.100000 0.040000
1 0.792327 0.296352 0.100000 0.040000
1 0.792290 0.340983 0.100000 0.040000
1 0.792091 0.364949 0.100000 0.040000
1 0.792091 0.416676 0.100000 0.040000
1 0.791412 0.439324 0.100000 0.040000
1 0.792850 0.456340 0.100000 0.040000
1 0.793808 0.525458 0.100000 0.040000
1 0.793808 0.542714 0.100000 0.040000
1 0.792672 0.577201 0.100000 0.040000
1 0.792433 0.598771 0.100000 0.040000
1 0.793391 0.622497 0.100000 0.040000
1 0.792672 0.649819 0.100000 0.040000
1 0.792992 0.706299 0.100000 0.040000
1 0.792592 0.733061 0.100000 0.040000
1 0.792193 0.763618 0.100000 0.040000
1 0.725357 0.793539 0.040000 0.100000
1 0.693070 0.793206 0.040000 0.100000
1 0.665608 0.793040 0.040000 0.100000
1 0.643376 0.793609 0.040000 0.100000
1 0.621878 0.794302 0.040000 0.100000
1 0.597968 0.793609 0.040000 0.100000
1 0.573835 0.792943 0.040000 0.100000
1 0.523724 0.792276 0.040000 0.100000
1 0.488634 0.792692 0.040000 0.100000
1 0.455681 0.793136 0.040000 0.100000
1 0.434045 0.792970 0.040000 0.100000
1 0.374196 0.792537 0.040000 0.100000
1 0.346035 0.792337 0.040000 0.100000
1 0.317176 0.792577 0.040000 0.100000
1 0.281948 0.793271 0.040000 0.100000
1 0.259923 0.791662 0.040000 0.100000
1 0.206092 0.752710 0.100000 0.040000
1 0.204654 0.724430 0.100000 0.040000
1 0.208357 0.654568 0.100000 0.040000
1 0.206859 0.629603 0.100000 0.040000
1 0.206959 0.601410 0.100000 0.040000
1 0.206359 0.576046 0.100000 0.040000
1 0.206859 0.530011 0.100000 0.040000
1 0.208456 0.495459 0.100000 0.040000
1 0.207378 0.467739 0.100000 0.040000
1 0.206659 0.437781 0.100000 0.040000
1 0.205796 0.415205 0.100000 0.040000
1 0.206371 0.391047 0.100000 0.040000
1 0.204646 0.356536 0.100000 0.040000
1 0.206676 0.319910 0.100000 0.040000
1 0.207874 0.270579 0.100000 0.040000
1 0.207674 0.244416 0.100000 0.040000
1 0.274925 0.225450 0.040000 0.100000
1 0.296894 0.223852 0.040000 0.100000
1 0.319262 0.223053 0.040000 0.100000
1 0.340153 0.221975 0.040000 0.100000
1 0.362681 0.222933 0.040000 0.100000
1 0.381614 0.223173 0.040000 0.100000
1 0.423603 0.223221 0.040000 0.100000
1 0.456101 0.221208 0.040000 0.100000
1 0.524203 0.222991 0.040000 0.100000
1 0.540769 0.221610 0.040000 0.100000
1 0.558024 0.222646 0.040000 0.100000
1 0.574590 0.222646 0.040000 0.100000
1 0.591845 0.223681 0.040000 0.100000
1 0.668905 0.223533 0.040000 0.100000
1 0.683684 0.224132 0.040000 0.100000
1 0.776641 0.250159 0.100000 0.040000
1 0.775088 0.274605 0.100000 0.040000
1 0.776139 0.298628 0.100000 0.040000
1 0.774988 0.341767 0.100000 0.040000
1 0.775276 0.364200 0.100000 0.040000
1 0.776824 0.415780 0.100000 0.040000
1 0.776105 0.436870 0.100000 0.040000
1 0.776824 0.453646 0.100000 0.040000
1 0.773513 0.578985 0.100000 0.040000
1 0.776908 0.543236 0.100000 0.040000
1 0.775690 0.597891 0.100000 0.040000
1 0.775345 0.618943 0.100000 0.040000
1 0.775000 0.642756 0.100000 0.040000
1 0.775380 0.699527 0.100000 0.040000
1 0.774690 0.724375 0.100000 0.040000
1 0.773309 0.748878 0.100000 0.040000
1 0.712224 0.774762 0.040000 0.100000
1 0.680460 0.776312 0.040000 0.100000
1 0.655695 0.778509 0.040000 0.100000
1 0.637920 0.775713 0.040000 0.100000
1 0.619546 0.775513 0.040000 0.100000
1 0.597178 0.776712 0.040000 0.100000
1 0.578324 0.775633 0.040000 0.100000
1 0.526078 0.775873 0.040000 0.100000
1 0.491227 0.777371 0.040000 0.100000
1 0.460670 0.777970 0.040000 0.100000
1 0.441298 0.776172 0.040000 0.100000
1 0.378946 0.775853 0.040000 0.100000
1 0.351624 0.777770 0.040000 0.100000
1 0.327131 0.775422 0.040000 0.100000
1 0.293537 0.775472 0.040000 0.100000
1 0.271402 0.776970 0.040000 0.100000
1 0.225433 0.739956 0.100000 0.040000
1 0.224235 0.714991 0.100000 0.040000
1 0.224545 0.643147 0.100000 0.040000
1 0.223436 0.617628 0.100000 0.040000
1 0.223020 0.592802 0.100000 0.040000
1 0.223574 0.569446 0.100000 0.040000
1 0.222909 0.526506 0.100000 0.040000
1 0.222776 0.494452 0.100000 0.040000
1 0.223375 0.463695 0.100000 0.040000
1 0.223375 0.436054 0.100000 0.040000
1 0.222656 0.414964 0.100000 0.040000
1 0.223614 0.393155 0.100000 0.040000
1 0.223885 0.364485 0.100000 0.040000
1 0.223220 0.326705 0.100000 0.040000
1 0.224684 0.276210 0.100000 0.040000
1 0.223686 0.253442 0.100000 0.040000
1 0.380339 0.240754 0.040000 0.100000
1 0.364961 0.240754 0.040000 0.100000
1 0.424876 0.241353 0.040000 0.100000
1 0.443849 0.239356 0.040000 0.100000
1 0.457230 0.239356 0.040000 0.100000
1 0.526533 0.241712 0.040000 0.100000
1 0.555532 0.240514 0.040000 0.100000
1 0.569739 0.240830 0.040000 0.100000
1 0.582508 0.239450 0.040000 0.100000
1 0.540404 0.240485 0.040000 0.100000
1 0.642212 0.239795 0.040000 0.100000
1 0.657743 0.239105 0.040000 0.100000
1 0.671202 0.240485 0.040000 0.100000
1 0.760891 0.256125 0.100000 0.040000
1 0.760891 0.278269 0.100000 0.040000
1 0.759453 0.299264 0.100000 0.040000
1 0.758658 0.342047 0.100000 0.040000
1 0.756861 0.362419 0.100000 0.040000
1 0.758858 0.415943 0.100000 0.040000
1 0.758778 0.433518 0.100000 0.040000
1 0.758538 0.448857 0.100000 0.040000
1 0.758207 0.525081 0.100000 0.040000
1 0.758806 0.541658 0.100000 0.040000
1 0.759805 0.577008 0.100000 0.040000
1 0.758207 0.595781 0.100000 0.040000
1 0.758407 0.613556 0.100000 0.040000
1 0.759086 0.634766 0.100000 0.040000
1 0.759565 0.695640 0.100000 0.040000
1 0.759167 0.715447 0.100000 0.040000
1 0.759407 0.738694 0.100000 0.040000
1 0.701409 0.760264 0.040000 0.100000
1 0.673128 0.760024 0.040000 0.100000
1 0.632885 0.760723 0.040000 0.100000
1 0.649062 0.760124 0.040000 0.100000
1 0.616508 0.761921 0.040000 0.100000
1 0.597136 0.760124 0.040000 0.100000
1 0.580599 0.760124 0.040000 0.100000
1 0.526915 0.760363 0.040000 0.100000
1 0.498323 0.759908 0.040000 0.100000
1 0.465010 0.760387 0.040000 0.100000
1 0.448234 0.759908 0.040000 0.100000
1 0.383861 0.759908 0.040000 0.100000
1 0.360566 0.760196 0.040000 0.100000
1 0.337558 0.759333 0.040000 0.100000
1 0.303392 0.758643 0.040000 0.100000
1 0.287517 0.760368 0.040000 0.100000
1 0.240581 0.727237 0.100000 0.040000
1 0.241276 0.702257 0.100000 0.040000
1 0.240230 0.629928 0.100000 0.040000
1 0.241266 0.606805 0.100000 0.040000
1 0.241611 0.584373 0.100000 0.040000
1 0.241611 0.562631 0.100000 0.040000
1 0.240187 0.521999 0.100000 0.040000
1 0.240667 0.505222 0.100000 0.040000
1 0.239468 0.489644 0.100000 0.040000
1 0.240427 0.461604 0.100000 0.040000
1 0.238989 0.451538 0.100000 0.040000
1 0.241146 0.434762 0.100000 0.040000
1 0.240906 0.416308 0.100000 0.040000
1 0.240906 0.395937 0.100000 0.040000
1 0.240520 0.367432 0.100000 0.040000
1 0.240520 0.335277 0.100000 0.040000
1 0.239122 0.280754 0.100000 0.040000
1 0.241679 0.260902 0.100000 0.040000
1 0.288892 0.241010 0.040000 0.100000
1 0.308544 0.239812 0.040000 0.100000
1 0.327861 0.240196 0.040000 0.100000
1 0.346267 0.240196 0.040000 0.100000
