0 0.202542 0.133439 0.031771 0.079428
0 0.243050 0.133439 0.031771 0.079428
0 0.281970 0.133439 0.031771 0.079428
0 0.322478 0.133439 0.031771 0.079428
0 0.394758 0.133439 0.031771 0.079428
0 0.428912 0.133439 0.031771 0.079428
0 0.465449 0.133439 0.031771 0.079428
0 0.520254 0.133439 0.031771 0.079428
0 0.552820 0.133439 0.031771 0.079428
0 0.586180 0.133439 0.031771 0.079428
0 0.621128 0.133439 0.031771 0.079428
0 0.658459 0.133439 0.031771 0.079428
0 0.707705 0.133439 0.031771 0.079428
0 0.746624 0.133439 0.031771 0.079428
0 0.785544 0.133439 0.031771 0.079428
0 0.866561 0.194599 0.079428 0.031771
0 0.866561 0.235902 0.079428 0.031771
0 0.866561 0.276410 0.079428 0.031771
0 0.866561 0.319301 0.079428 0.031771
0 0.866561 0.355838 0.079428 0.031771
0 0.866561 0.400318 0.079428 0.031771
0 0.866561 0.433678 0.079428 0.031771
0 0.866561 0.464654 0.079428 0.031771
0 0.866561 0.516283 0.079428 0.031771
0 0.866561 0.556791 0.079428 0.031771
0 0.866561 0.590945 0.079428 0.031771
0 0.866561 0.626688 0.079428 0.031771
0 0.866561 0.664813 0.079428 0.031771
0 0.866561 0.713264 0.079428 0.031771
0 0.866561 0.754567 0.079428 0.031771
0 0.866561 0.795075 0.079428 0.031771
0 0.791898 0.866561 0.031771 0.079428
0 0.748213 0.866561 0.031771 0.079428
0 0.706910 0.866561 0.031771 0.079428
0 0.666402 0.866561 0.031771 0.079428
0 0.630659 0.866561 0.031771 0.079428
0 0.594917 0.866561 0.031771 0.079428
0 0.561557 0.866561 0.031771 0.079428
0 0.523431 0.866561 0.031771 0.079428
0 0.478952 0.866561 0.031771 0.079428
0 0.444797 0.866561 0.031771 0.079428
0 0.411438 0.866561 0.031771 0.079428
0 0.364575 0.866561 0.031771 0.079428
0 0.326450 0.866561 0.031771 0.079428
0 0.286736 0.866561 0.031771 0.079428
0 0.243844 0.866561 0.031771 0.079428
0 0.203336 0.866561 0.031771 0.079428
0 0.133439 0.797458 0.079428 0.031771
0 0.133439 0.756156 0.079428 0.031771
0 0.133439 0.703733 0.079428 0.031771
0 0.133439 0.662431 0.079428 0.031771
0 0.133439 0.623511 0.079428 0.031771
0 0.133439 0.586180 0.079428 0.031771
0 0.133439 0.549643 0.079428 0.031771
0 0.133439 0.513900 0.079428 0.031771
0 0.133439 0.472597 0.079428 0.031771
0 0.133439 0.436060 0.079428 0.031771
0 0.133439 0.401112 0.079428 0.031771
0 0.133439 0.365369 0.079428 0.031771
0 0.133439 0.332010 0.079428 0.031771
0 0.133439 0.288324 0.079428 0.031771
0 0.133439 0.235902 0.079428 0.031771
0 0.133439 0.195393 0.079428 0.031771
0 0.210485 0.142971 0.031771 0.079428
0 0.247816 0.142971 0.031771 0.079428
0 0.285147 0.142971 0.031771 0.079428
0 0.324067 0.142971 0.031771 0.079428
0 0.358221 0.142971 0.031771 0.079428
0 0.393169 0.142971 0.031771 0.079428
0 0.427323 0.142971 0.031771 0.079428
0 0.463066 0.142971 0.031771 0.079428
0 0.520254 0.142971 0.031771 0.079428
0 0.550437 0.142971 0.031771 0.079428
0 0.583002 0.142971 0.031771 0.079428
0 0.616362 0.142971 0.031771 0.079428
0 0.649722 0.142971 0.031771 0.079428
0 0.701350 0.142971 0.031771 0.079428
0 0.737887 0.142971 0.031771 0.079428
0 0.774424 0.142971 0.031771 0.079428
0 0.857029 0.198570 0.079428 0.031771
0 0.857029 0.238284 0.079428 0.031771
0 0.857029 0.277204 0.079428 0.031771
0 0.857029 0.320890 0.079428 0.031771
0 0.857029 0.355044 0.079428 0.031771
0 0.857029 0.400318 0.079428 0.031771
0 0.857029 0.431295 0.079428 0.031771
0 0.857029 0.461477 0.079428 0.031771
0 0.857029 0.516283 0.079428 0.031771
0 0.857029 0.555997 0.079428 0.031771
0 0.857029 0.588562 0.079428 0.031771
0 0.857029 0.622716 0.079428 0.031771
0 0.857029 0.659253 0.079428 0.031771
0 0.857029 0.708499 0.079428 0.031771
0 0.857029 0.747419 0.079428 0.031771
0 0.857029 0.787133 0.079428 0.031771
0 0.781573 0.857029 0.031771 0.079428
0 0.737887 0.857029 0.031771 0.079428
0 0.699762 0.857029 0.031771 0.079428
0 0.661636 0.857029 0.031771 0.079428
0 0.627482 0.857029 0.031771 0.079428
0 0.594122 0.857029 0.031771 0.079428
0 0.560763 0.857029 0.031771 0.079428
0 0.522637 0.857029 0.031771 0.079428
0 0.478952 0.857029 0.031771 0.079428
0 0.445592 0.857029 0.031771 0.079428
0 0.413026 0.857029 0.031771 0.079428
0 0.365369 0.857029 0.031771 0.079428
0 0.328832 0.857029 0.031771 0.079428
0 0.289913 0.857029 0.031771 0.079428
0 0.248610 0.857029 0.031771 0.079428
0 0.209690 0.857029 0.031771 0.079428
0 0.142971 0.789515 0.079428 0.031771
0 0.142971 0.749007 0.079428 0.031771
0 0.142971 0.694996 0.079428 0.031771
0 0.142971 0.655282 0.079428 0.031771
0 0.142971 0.618745 0.079428 0.031771
0 0.142971 0.582208 0.079428 0.031771
0 0.142971 0.546465 0.079428 0.031771
0 0.142971 0.510723 0.079428 0.031771
0 0.142971 0.470214 0.079428 0.031771
0 0.142971 0.433678 0.079428 0.031771
0 0.142971 0.400318 0.079428 0.031771
0 0.142971 0.366164 0.079428 0.031771
0 0.142971 0.334392 0.079428 0.031771
0 0.142971 0.291501 0.079428 0.031771
0 0.142971 0.239079 0.079428 0.031771
0 0.142971 0.200159 0.079428 0.031771
0 0.214456 0.147736 0.031771 0.079428
0 0.250199 0.147736 0.031771 0.079428
0 0.287530 0.147736 0.031771 0.079428
0 0.324861 0.147736 0.031771 0.079428
0 0.358221 0.147736 0.031771 0.079428
0 0.392375 0.147736 0.031771 0.079428
0 0.427323 0.147736 0.031771 0.079428
0 0.463066 0.147736 0.031771 0.079428
0 0.520254 0.147736 0.031771 0.079428
0 0.549643 0.147736 0.031771 0.079428
0 0.581414 0.147736 0.031771 0.079428
0 0.613979 0.147736 0.031771 0.079428
0 0.697379 0.147736 0.031771 0.079428
0 0.733916 0.147736 0.031771 0.079428
0 0.768070 0.147736 0.031771 0.079428
0 0.852264 0.239873 0.079428 0.031771
0 0.852264 0.320890 0.079428 0.031771
0 0.852264 0.354249 0.079428 0.031771
0 0.852264 0.430500 0.079428 0.031771
0 0.852264 0.460683 0.079428 0.031771
0 0.852264 0.520254 0.079428 0.031771
0 0.852264 0.587768 0.079428 0.031771
0 0.852264 0.621128 0.079428 0.031771
0 0.852264 0.656076 0.079428 0.031771
0 0.852264 0.744241 0.079428 0.031771
0 0.852264 0.783161 0.079428 0.031771
0 0.776013 0.852264 0.031771 0.079428
0 0.733916 0.852264 0.031771 0.079428
0 0.695790 0.852264 0.031771 0.079428
0 0.659253 0.852264 0.031771 0.079428
0 0.625894 0.852264 0.031771 0.079428
0 0.593328 0.852264 0.031771 0.079428
0 0.560763 0.852264 0.031771 0.079428
0 0.521843 0.852264 0.031771 0.079428
0 0.478952 0.852264 0.031771 0.079428
0 0.445592 0.852264 0.031771 0.079428
0 0.414615 0.852264 0.031771 0.079428
0 0.366164 0.852264 0.031771 0.079428
0 0.330421 0.852264 0.031771 0.079428
0 0.291501 0.852264 0.031771 0.079428
0 0.250993 0.852264 0.031771 0.079428
0 0.212867 0.852264 0.031771 0.079428
0 0.147736 0.785544 0.079428 0.031771
0 0.147736 0.746624 0.079428 0.031771
0 0.147736 0.691025 0.079428 0.031771
0 0.147736 0.652105 0.079428 0.031771
0 0.147736 0.616362 0.079428 0.031771
0 0.147736 0.580620 0.079428 0.031771
0 0.147736 0.544083 0.079428 0.031771
0 0.147736 0.509134 0.079428 0.031771
0 0.147736 0.469420 0.079428 0.031771
0 0.147736 0.432883 0.079428 0.031771
0 0.147736 0.400318 0.079428 0.031771
0 0.147736 0.366958 0.079428 0.031771
0 0.147736 0.335187 0.079428 0.031771
0 0.147736 0.293090 0.079428 0.031771
0 0.147736 0.239873 0.079428 0.031771
0 0.147736 0.202542 0.079428 0.031771
0 0.217633 0.152502 0.031771 0.079428
0 0.252581 0.152502 0.031771 0.079428
0 0.289118 0.152502 0.031771 0.079428
0 0.325655 0.152502 0.031771 0.079428
0 0.358221 0.152502 0.031771 0.079428
0 0.391581 0.152502 0.031771 0.079428
0 0.426529 0.152502 0.031771 0.079428
0 0.462272 0.152502 0.031771 0.079428
0 0.548848 0.152502 0.031771 0.079428
0 0.579825 0.152502 0.031771 0.079428
0 0.610802 0.152502 0.031771 0.079428
0 0.642573 0.152502 0.031771 0.079428
0 0.694202 0.152502 0.031771 0.079428
0 0.729944 0.152502 0.031771 0.079428
0 0.762510 0.152502 0.031771 0.079428
0 0.847498 0.202542 0.079428 0.031771
0 0.847498 0.277998 0.079428 0.031771
0 0.847498 0.321684 0.079428 0.031771
0 0.847498 0.354249 0.079428 0.031771
0 0.847498 0.459095 0.079428 0.031771
0 0.847498 0.515488 0.079428 0.031771
0 0.847498 0.555203 0.079428 0.031771
0 0.847498 0.586974 0.079428 0.031771
0 0.847498 0.703733 0.079428 0.031771
0 0.847498 0.741859 0.079428 0.031771
0 0.847498 0.778396 0.079428 0.031771
0 0.770453 0.847498 0.031771 0.079428
0 0.729150 0.847498 0.031771 0.079428
0 0.692613 0.847498 0.031771 0.079428
0 0.624305 0.847498 0.031771 0.079428
0 0.592534 0.847498 0.031771 0.079428
0 0.560763 0.847498 0.031771 0.079428
0 0.521843 0.847498 0.031771 0.079428
0 0.478952 0.847498 0.031771 0.079428
0 0.446386 0.847498 0.031771 0.079428
0 0.415409 0.847498 0.031771 0.079428
0 0.366958 0.847498 0.031771 0.079428
0 0.331215 0.847498 0.031771 0.079428
0 0.293884 0.847498 0.031771 0.079428
0 0.253376 0.847498 0.031771 0.079428
0 0.215250 0.847498 0.031771 0.079428
0 0.152502 0.781573 0.079428 0.031771
0 0.152502 0.742653 0.079428 0.031771
0 0.152502 0.685465 0.079428 0.031771
0 0.152502 0.648133 0.079428 0.031771
0 0.152502 0.613185 0.079428 0.031771
0 0.152502 0.578237 0.079428 0.031771
0 0.152502 0.542494 0.079428 0.031771
0 0.152502 0.507546 0.079428 0.031771
0 0.152502 0.468626 0.079428 0.031771
0 0.152502 0.432089 0.079428 0.031771
0 0.152502 0.400318 0.079428 0.031771
0 0.152502 0.366958 0.079428 0.031771
0 0.152502 0.336775 0.079428 0.031771
0 0.152502 0.294678 0.079428 0.031771
0 0.152502 0.240667 0.079428 0.031771
0 0.152502 0.204925 0.079428 0.031771
0 0.221604 0.157268 0.031771 0.079428
0 0.254964 0.157268 0.031771 0.079428
0 0.289913 0.157268 0.031771 0.079428
0 0.326450 0.157268 0.031771 0.079428
0 0.358221 0.157268 0.031771 0.079428
0 0.390786 0.157268 0.031771 0.079428
0 0.426529 0.157268 0.031771 0.079428
0 0.462272 0.157268 0.031771 0.079428
0 0.519460 0.157268 0.031771 0.079428
0 0.548054 0.157268 0.031771 0.079428
0 0.578237 0.157268 0.031771 0.079428
0 0.639396 0.157268 0.031771 0.079428
0 0.691819 0.157268 0.031771 0.079428
0 0.725179 0.157268 0.031771 0.079428
0 0.842732 0.204925 0.079428 0.031771
0 0.842732 0.242256 0.079428 0.031771
0 0.842732 0.278793 0.079428 0.031771
0 0.842732 0.321684 0.079428 0.031771
0 0.842732 0.353455 0.079428 0.031771
0 0.842732 0.429706 0.079428 0.031771
0 0.842732 0.458300 0.079428 0.031771
0 0.842732 0.515488 0.079428 0.031771
0 0.842732 0.555203 0.079428 0.031771
0 0.842732 0.586180 0.079428 0.031771
0 0.842732 0.702145 0.079428 0.031771
0 0.842732 0.738681 0.079428 0.031771
0 0.842732 0.775218 0.079428 0.031771
0 0.765687 0.842732 0.031771 0.079428
0 0.725179 0.842732 0.031771 0.079428
0 0.688642 0.842732 0.031771 0.079428
0 0.654488 0.842732 0.031771 0.079428
0 0.622716 0.842732 0.031771 0.079428
0 0.591739 0.842732 0.031771 0.079428
0 0.561557 0.842732 0.031771 0.079428
0 0.516283 0.842732 0.031771 0.079428
0 0.479746 0.842732 0.031771 0.079428
0 0.447180 0.842732 0.031771 0.079428
0 0.416203 0.842732 0.031771 0.079428
0 0.366958 0.842732 0.031771 0.079428
0 0.332804 0.842732 0.031771 0.079428
0 0.295473 0.842732 0.031771 0.079428
0 0.255759 0.842732 0.031771 0.079428
0 0.219222 0.842732 0.031771 0.079428
0 0.157268 0.776807 0.079428 0.031771
0 0.157268 0.739476 0.079428 0.031771
0 0.157268 0.681493 0.079428 0.031771
0 0.157268 0.645751 0.079428 0.031771
0 0.157268 0.610802 0.079428 0.031771
0 0.157268 0.576648 0.079428 0.031771
0 0.157268 0.540111 0.079428 0.031771
0 0.157268 0.505957 0.079428 0.031771
0 0.157268 0.467037 0.079428 0.031771
0 0.157268 0.432089 0.079428 0.031771
0 0.157268 0.399523 0.079428 0.031771
0 0.157268 0.367752 0.079428 0.031771
0 0.157268 0.337569 0.079428 0.031771
0 0.157268 0.295473 0.079428 0.031771
0 0.157268 0.242256 0.079428 0.031771
0 0.225576 0.162033 0.031771 0.079428
0 0.257347 0.162033 0.031771 0.079428
0 0.292295 0.162033 0.031771 0.079428
0 0.327244 0.162033 0.031771 0.079428
0 0.358221 0.162033 0.031771 0.079428
0 0.389992 0.162033 0.031771 0.079428
0 0.426529 0.162033 0.031771 0.079428
0 0.461477 0.162033 0.031771 0.079428
0 0.519460 0.162033 0.031771 0.079428
0 0.547260 0.162033 0.031771 0.079428
0 0.576648 0.162033 0.031771 0.079428
0 0.606831 0.162033 0.031771 0.079428
0 0.636219 0.162033 0.031771 0.079428
0 0.687847 0.162033 0.031771 0.079428
0 0.721207 0.162033 0.031771 0.079428
0 0.751390 0.162033 0.031771 0.079428
0 0.837967 0.243844 0.079428 0.031771
0 0.837967 0.278793 0.079428 0.031771
0 0.837967 0.322478 0.079428 0.031771
0 0.837967 0.353455 0.079428 0.031771
0 0.837967 0.400318 0.079428 0.031771
0 0.837967 0.428912 0.079428 0.031771
0 0.837967 0.463860 0.079428 0.031771
0 0.837967 0.520254 0.079428 0.031771
0 0.837967 0.555203 0.079428 0.031771
0 0.837967 0.584591 0.079428 0.031771
0 0.837967 0.615568 0.079428 0.031771
0 0.837967 0.648928 0.079428 0.031771
0 0.837967 0.736299 0.079428 0.031771
0 0.760921 0.837967 0.031771 0.079428
0 0.720413 0.837967 0.031771 0.079428
0 0.684670 0.837967 0.031771 0.079428
0 0.652105 0.837967 0.031771 0.079428
0 0.621922 0.837967 0.031771 0.079428
0 0.591739 0.837967 0.031771 0.079428
0 0.561557 0.837967 0.031771 0.079428
0 0.521048 0.837967 0.031771 0.079428
0 0.479746 0.837967 0.031771 0.079428
0 0.447180 0.837967 0.031771 0.079428
0 0.418586 0.837967 0.031771 0.079428
0 0.367752 0.837967 0.031771 0.079428
0 0.333598 0.837967 0.031771 0.079428
0 0.297855 0.837967 0.031771 0.079428
0 0.258141 0.837967 0.031771 0.079428
0 0.223193 0.837967 0.031771 0.079428
0 0.162033 0.772836 0.079428 0.031771
0 0.162033 0.735504 0.079428 0.031771
0 0.162033 0.677522 0.079428 0.031771
0 0.162033 0.641779 0.079428 0.031771
0 0.162033 0.608419 0.079428 0.031771
0 0.162033 0.575060 0.079428 0.031771
0 0.162033 0.538523 0.079428 0.031771
0 0.162033 0.504369 0.079428 0.031771
0 0.162033 0.465449 0.079428 0.031771
0 0.162033 0.430500 0.079428 0.031771
0 0.162033 0.399523 0.079428 0.031771
0 0.162033 0.368546 0.079428 0.031771
0 0.162033 0.339158 0.079428 0.031771
0 0.162033 0.297855 0.079428 0.031771
0 0.162033 0.243050 0.079428 0.031771
0 0.162033 0.209690 0.079428 0.031771
0 0.206513 0.138205 0.031771 0.079428
0 0.245433 0.138205 0.031771 0.079428
0 0.283558 0.138205 0.031771 0.079428
0 0.323272 0.138205 0.031771 0.079428
0 0.358221 0.138205 0.031771 0.079428
0 0.393963 0.138205 0.031771 0.079428
0 0.428118 0.138205 0.031771 0.079428
0 0.463860 0.138205 0.031771 0.079428
0 0.520254 0.138205 0.031771 0.079428
0 0.551231 0.138205 0.031771 0.079428
0 0.584591 0.138205 0.031771 0.079428
0 0.619539 0.138205 0.031771 0.079428
0 0.653693 0.138205 0.031771 0.079428
0 0.703733 0.138205 0.031771 0.079428
0 0.742653 0.138205 0.031771 0.079428
0 0.779984 0.138205 0.031771 0.079428
0 0.861795 0.196982 0.079428 0.031771
0 0.861795 0.237490 0.079428 0.031771
0 0.861795 0.276410 0.079428 0.031771
0 0.861795 0.320095 0.079428 0.031771
0 0.861795 0.355044 0.079428 0.031771
0 0.861795 0.399523 0.079428 0.031771
0 0.861795 0.432089 0.079428 0.031771
0 0.861795 0.463066 0.079428 0.031771
0 0.861795 0.516283 0.079428 0.031771
0 0.861795 0.555997 0.079428 0.031771
0 0.861795 0.589357 0.079428 0.031771
0 0.861795 0.624305 0.079428 0.031771
0 0.861795 0.661636 0.079428 0.031771
0 0.861795 0.710882 0.079428 0.031771
0 0.861795 0.751390 0.079428 0.031771
0 0.861795 0.791104 0.079428 0.031771
0 0.787133 0.861795 0.031771 0.079428
0 0.742653 0.861795 0.031771 0.079428
0 0.702939 0.861795 0.031771 0.079428
0 0.664019 0.861795 0.031771 0.079428
0 0.629071 0.861795 0.031771 0.079428
0 0.594917 0.861795 0.031771 0.079428
0 0.560763 0.861795 0.031771 0.079428
0 0.522637 0.861795 0.031771 0.079428
0 0.478952 0.861795 0.031771 0.079428
0 0.444797 0.861795 0.031771 0.079428
0 0.412232 0.861795 0.031771 0.079428
0 0.365369 0.861795 0.031771 0.079428
0 0.327244 0.861795 0.031771 0.079428
0 0.288324 0.861795 0.031771 0.079428
0 0.246227 0.861795 0.031771 0.079428
0 0.206513 0.861795 0.031771 0.079428
0 0.138205 0.793487 0.079428 0.031771
0 0.138205 0.752184 0.079428 0.031771
0 0.138205 0.698967 0.079428 0.031771
0 0.138205 0.659253 0.079428 0.031771
0 0.138205 0.621922 0.079428 0.031771
0 0.138205 0.584591 0.079428 0.031771
0 0.138205 0.548054 0.079428 0.031771
0 0.138205 0.512311 0.079428 0.031771
0 0.138205 0.471803 0.079428 0.031771
0 0.138205 0.434472 0.079428 0.031771
0 0.138205 0.400318 0.079428 0.031771
0 0.138205 0.366164 0.079428 0.031771
0 0.138205 0.332804 0.079428 0.031771
0 0.138205 0.289913 0.079428 0.031771
0 0.138205 0.236696 0.079428 0.031771
0 0.138205 0.197776 0.079428 0.031771
1 0.242233 0.184084 0.040000 0.100000
1 0.269843 0.183796 0.040000 0.100000
1 0.300329 0.183796 0.040000 0.100000
1 0.330527 0.184659 0.040000 0.100000
1 0.358942 0.183739 0.040000 0.100000
1 0.387242 0.183048 0.040000 0.100000
1 0.424171 0.183739 0.040000 0.100000
1 0.458062 0.184084 0.040000 0.100000
1 0.441496 0.184084 0.040000 0.100000
1 0.518527 0.184498 0.040000 0.100000
1 0.542962 0.184084 0.040000 0.100000
1 0.570296 0.184912 0.040000 0.100000
1 0.595917 0.183461 0.040000 0.100000
1 0.621282 0.185059 0.040000 0.100000
1 0.674009 0.185059 0.040000 0.100000
1 0.702050 0.185378 0.040000 0.100000
1 0.724579 0.185618 0.040000 0.100000
1 0.817619 0.217014 0.100000 0.040000
1 0.817044 0.250664 0.100000 0.040000
1 0.817044 0.282300 0.100000 0.040000
1 0.816408 0.325986 0.100000 0.040000
1 0.815210 0.351351 0.100000 0.040000
1 0.816408 0.400484 0.100000 0.040000
1 0.816289 0.425769 0.100000 0.040000
1 0.816049 0.451893 0.100000 0.040000
1 0.815306 0.513655 0.100000 0.040000
1 0.816744 0.555118 0.100000 0.040000
1 0.815546 0.582680 0.100000 0.040000
1 0.815845 0.607905 0.100000 0.040000
1 0.815246 0.638264 0.100000 0.040000
1 0.815486 0.691470 0.100000 0.040000
1 0.815825 0.723646 0.100000 0.040000
1 0.814227 0.753005 0.100000 0.040000
1 0.739203 0.815311 0.040000 0.100000
1 0.703540 0.816174 0.040000 0.100000
1 0.672479 0.816462 0.040000 0.100000
1 0.643143 0.816462 0.040000 0.100000
1 0.618134 0.816545 0.040000 0.100000
1 0.590971 0.816545 0.040000 0.100000
1 0.565806 0.816745 0.040000 0.100000
1 0.521517 0.816629 0.040000 0.100000
1 0.483403 0.815797 0.040000 0.100000
1 0.451683 0.817003 0.040000 0.100000
1 0.426024 0.817835 0.040000 0.100000
1 0.372209 0.816570 0.040000 0.100000
1 0.342251 0.816570 0.040000 0.100000
1 0.309097 0.816171 0.040000 0.100000
1 0.271429 0.816451 0.040000 0.100000
1 0.238354 0.815732 0.040000 0.100000
1 0.183202 0.756687 0.100000 0.040000
1 0.182856 0.723555 0.100000 0.040000
1 0.184243 0.656773 0.100000 0.040000
1 0.184575 0.628812 0.100000 0.040000
1 0.184908 0.597355 0.100000 0.040000
1 0.185075 0.567230 0.100000 0.040000
1 0.183926 0.516472 0.100000 0.040000
1 0.183366 0.492145 0.100000 0.040000
1 0.184325 0.463146 0.100000 0.040000
1 0.185044 0.428633 0.100000 0.040000
1 0.184373 0.400304 0.100000 0.040000
1 0.183510 0.373557 0.100000 0.040000
1 0.182360 0.344509 0.100000 0.040000
1 0.182647 0.331855 0.100000 0.040000
1 0.185375 0.292825 0.100000 0.040000
1 0.185908 0.252082 0.100000 0.040000
1 0.184110 0.222123 0.100000 0.040000
1 0.184110 0.306606 0.100000 0.040000
1 0.257799 0.199884 0.040000 0.100000
1 0.279169 0.199285 0.040000 0.100000
1 0.306931 0.199285 0.040000 0.100000
1 0.336131 0.200803 0.040000 0.100000
1 0.359858 0.200084 0.040000 0.100000
1 0.385742 0.199844 0.040000 0.100000
1 0.425336 0.199556 0.040000 0.100000
1 0.442592 0.200132 0.040000 0.100000
1 0.458985 0.198981 0.040000 0.100000
1 0.520303 0.200043 0.040000 0.100000
1 0.543671 0.199444 0.040000 0.100000
1 0.565241 0.198645 0.040000 0.100000
1 0.588409 0.201441 0.040000 0.100000
1 0.611297 0.201121 0.040000 0.100000
1 0.666589 0.198605 0.040000 0.100000
1 0.689837 0.200043 0.040000 0.100000
1 0.711647 0.199324 0.040000 0.100000
1 0.801020 0.224465 0.100000 0.040000
1 0.801020 0.256341 0.100000 0.040000
1 0.799102 0.284143 0.100000 0.040000
1 0.798469 0.327541 0.100000 0.040000
1 0.799867 0.352307 0.100000 0.040000
1 0.798868 0.401839 0.100000 0.040000
1 0.800346 0.425366 0.100000 0.040000
1 0.798908 0.449813 0.100000 0.040000
1 0.800195 0.515188 0.100000 0.040000
1 0.799030 0.556631 0.100000 0.040000
1 0.798697 0.580598 0.100000 0.040000
1 0.799196 0.605564 0.100000 0.040000
1 0.800724 0.633142 0.100000 0.040000
1 0.799643 0.687817 0.100000 0.040000
1 0.798311 0.714613 0.100000 0.040000
1 0.799143 0.744738 0.100000 0.040000
1 0.726893 0.801044 0.040000 0.100000
1 0.693273 0.800378 0.040000 0.100000
1 0.663347 0.800378 0.040000 0.100000
1 0.639181 0.800378 0.040000 0.100000
1 0.615813 0.799380 0.040000 0.100000
1 0.592129 0.799330 0.040000 0.100000
1 0.568328 0.799163 0.040000 0.100000
1 0.521490 0.799871 0.040000 0.100000
1 0.484874 0.799038 0.040000 0.100000
1 0.454749 0.799704 0.040000 0.100000
1 0.432979 0.799205 0.040000 0.100000
1 0.377456 0.799604 0.040000 0.100000
1 0.348179 0.799787 0.040000 0.100000
1 0.317022 0.799388 0.040000 0.100000
1 0.279874 0.800387 0.040000 0.100000
1 0.251713 0.799588 0.040000 0.100000
1 0.198746 0.743625 0.100000 0.040000
1 0.200715 0.711377 0.100000 0.040000
1 0.201231 0.646018 0.100000 0.040000
1 0.200232 0.617390 0.100000 0.040000
1 0.200232 0.590794 0.100000 0.040000
1 0.199433 0.563232 0.100000 0.040000
1 0.201091 0.509606 0.100000 0.040000
1 0.199294 0.493428 0.100000 0.040000
1 0.200292 0.459076 0.100000 0.040000
1 0.200292 0.427080 0.100000 0.040000
1 0.200292 0.401195 0.100000 0.040000
1 0.199473 0.376769 0.100000 0.040000
1 0.198857 0.349623 0.100000 0.040000
1 0.198857 0.312008 0.100000 0.040000
1 0.198458 0.298028 0.100000 0.040000
1 0.199173 0.257479 0.100000 0.040000
1 0.199572 0.230117 0.100000 0.040000
1 0.271190 0.215981 0.040000 0.100000
1 0.290603 0.213585 0.040000 0.100000
1 0.314330 0.215502 0.040000 0.100000
1 0.340167 0.216221 0.040000 0.100000
1 0.362600 0.214783 0.040000 0.100000
1 0.386471 0.215933 0.040000 0.100000
1 0.426697 0.216918 0.040000 0.100000
1 0.439280 0.216719 0.040000 0.100000
1 0.459652 0.215321 0.040000 0.100000
1 0.522765 0.215321 0.040000 0.100000
1 0.542937 0.216918 0.040000 0.100000
1 0.563349 0.214282 0.040000 0.100000
1 0.582522 0.215960 0.040000 0.100000
1 0.601696 0.215720 0.040000 0.100000
1 0.657395 0.215768 0.040000 0.100000
1 0.679541 0.216056 0.040000 0.100000
1 0.697947 0.216343 0.040000 0.100000
1 0.783373 0.233216 0.100000 0.040000
1 0.785370 0.262010 0.100000 0.040000
1 0.784205 0.287974 0.100000 0.040000
1 0.783839 0.329550 0.100000 0.040000
1 0.783639 0.352918 0.100000 0.040000
1 0.784877 0.403847 0.100000 0.040000
1 0.784877 0.425418 0.100000 0.040000
1 0.784877 0.446748 0.100000 0.040000
1 0.783723 0.516096 0.100000 0.040000
1 0.784721 0.557439 0.100000 0.040000
1 0.784082 0.580488 0.100000 0.040000
1 0.783363 0.601578 0.100000 0.040000
1 0.783603 0.626504 0.100000 0.040000
1 0.784801 0.684887 0.100000 0.040000
1 0.785089 0.710484 0.100000 0.040000
1 0.783939 0.735218 0.100000 0.040000
1 0.711749 0.783090 0.040000 0.100000
1 0.679594 0.783290 0.040000 0.100000
1 0.652831 0.783490 0.040000 0.100000
1 0.634456 0.783490 0.040000 0.100000
1 0.613901 0.784505 0.040000 0.100000
1 0.590933 0.785171 0.040000 0.100000
1 0.571493 0.785171 0.040000 0.100000
1 0.523160 0.782574 0.040000 0.100000
1 0.488647 0.783813 0.040000 0.100000
1 0.459408 0.782854 0.040000 0.100000
1 0.439755 0.783573 0.040000 0.100000
1 0.381199 0.783657 0.040000 0.100000
1 0.354836 0.784656 0.040000 0.100000
1 0.324677 0.784456 0.040000 0.100000
1 0.291324 0.783257 0.040000 0.100000
1 0.262355 0.785694 0.040000 0.100000
1 0.216051 0.731625 0.100000 0.040000
1 0.216687 0.704266 0.100000 0.040000
1 0.216323 0.635366 0.100000 0.040000
1 0.215724 0.609401 0.100000 0.040000
1 0.215704 0.584935 0.100000 0.040000
1 0.216303 0.559770 0.100000 0.040000
1 0.214825 0.519146 0.100000 0.040000
1 0.214825 0.506204 0.100000 0.040000
1 0.214346 0.490386 0.100000 0.040000
1 0.215017 0.456928 0.100000 0.040000
1 0.215592 0.428167 0.100000 0.040000
1 0.213291 0.404009 0.100000 0.040000
1 0.214154 0.379563 0.100000 0.040000
1 0.215357 0.355188 0.100000 0.040000
1 0.215597 0.321634 0.100000 0.040000
1 0.216076 0.265312 0.100000 0.040000
1 0.216076 0.240387 0.100000 0.040000
1 0.284761 0.231951 0.040000 0.100000
1 0.302070 0.230953 0.040000 0.100000
1 0.324373 0.231452 0.040000 0.100000
1 0.345344 0.230620 0.040000 0.100000
1 0.364984 0.231951 0.040000 0.100000
1 0.387552 0.231951 0.040000 0.100000
1 0.427977 0.231752 0.040000 0.100000
1 0.459134 0.231033 0.040000 0.100000
1 0.525714 0.231320 0.040000 0.100000
1 0.541532 0.233334 0.040000 0.100000
1 0.559651 0.234196 0.040000 0.100000
1 0.576620 0.232471 0.040000 0.100000
1 0.592093 0.231435 0.040000 0.100000
1 0.650900 0.231685 0.040000 0.100000
1 0.669075 0.232085 0.040000 0.100000
1 0.685053 0.232484 0.040000 0.100000
1 0.769317 0.241692 0.100000 0.040000
1 0.767519 0.270053 0.100000 0.040000
1 0.765722 0.293820 0.100000 0.040000
1 0.766681 0.334643 0.100000 0.040000
1 0.766681 0.356214 0.100000 0.040000
1 0.766501 0.407571 0.100000 0.040000
1 0.767100 0.426944 0.100000 0.040000
1 0.767300 0.445918 0.100000 0.040000
1 0.767899 0.518817 0.100000 0.040000
1 0.768138 0.530561 0.100000 0.040000
1 0.768786 0.561550 0.100000 0.040000
1 0.767587 0.582881 0.100000 0.040000
1 0.768306 0.601815 0.100000 0.040000
1 0.767587 0.623864 0.100000 0.040000
1 0.768091 0.681936 0.100000 0.040000
1 0.765934 0.703986 0.100000 0.040000
1 0.766173 0.724597 0.100000 0.040000
1 0.701562 0.766759 0.040000 0.100000
1 0.671803 0.768756 0.040000 0.100000
1 0.649834 0.768756 0.040000 0.100000
1 0.629722 0.767538 0.040000 0.100000
1 0.612945 0.769935 0.040000 0.100000
1 0.593172 0.767538 0.040000 0.100000
1 0.575197 0.767338 0.040000 0.100000
1 0.523604 0.767824 0.040000 0.100000
1 0.493246 0.767424 0.040000 0.100000
1 0.463886 0.767824 0.040000 0.100000
1 0.446191 0.767983 0.040000 0.100000
1 0.385075 0.768942 0.040000 0.100000
1 0.360992 0.767588 0.040000 0.100000
1 0.336227 0.769386 0.040000 0.100000
1 0.302074 0.767788 0.040000 0.100000
1 0.278466 0.768547 0.040000 0.100000
1 0.233548 0.721472 0.100000 0.040000
1 0.233149 0.695507 0.100000 0.040000
1 0.232327 0.623243 0.100000 0.040000
1 0.229997 0.601939 0.100000 0.040000
1 0.229165 0.579970 0.100000 0.040000
1 0.230996 0.556169 0.100000 0.040000
1 0.230829 0.516590 0.100000 0.040000
1 0.231229 0.503009 0.100000 0.040000
1 0.230630 0.486632 0.100000 0.040000
1 0.231069 0.457592 0.100000 0.040000
1 0.230829 0.427873 0.100000 0.040000
1 0.230829 0.386075 0.100000 0.040000
1 0.230542 0.407357 0.100000 0.040000
1 0.230829 0.361628 0.100000 0.040000
1 0.232052 0.328530 0.100000 0.040000
1 0.231572 0.271968 0.100000 0.040000
1 0.232291 0.251117 0.100000 0.040000
1 0.298334 0.249509 0.040000 0.100000
1 0.314871 0.249509 0.040000 0.100000
1 0.333326 0.247832 0.040000 0.100000
1 0.351062 0.248311 0.040000 0.100000
1 0.369756 0.248790 0.040000 0.100000
1 0.387012 0.246777 0.040000 0.100000
1 0.428714 0.245914 0.040000 0.100000
1 0.447696 0.248790 0.040000 0.100000
1 0.467541 0.248215 0.040000 0.100000
1 0.528163 0.248939 0.040000 0.100000
1 0.542064 0.247501 0.040000 0.100000
1 0.556923 0.249179 0.040000 0.100000
1 0.571543 0.247980 0.040000 0.100000
1 0.586882 0.248460 0.040000 0.100000
1 0.642629 0.247693 0.040000 0.100000
1 0.658159 0.249131 0.040000 0.100000
1 0.671677 0.249131 0.040000 0.100000
1 0.753126 0.254595 0.100000 0.040000
1 0.753126 0.276683 0.100000 0.040000
1 0.753126 0.297736 0.100000 0.040000
1 0.752551 0.340544 0.100000 0.040000
1 0.753151 0.358719 0.100000 0.040000
1 0.751393 0.428487 0.100000 0.040000
1 0.752591 0.410512 0.100000 0.040000
1 0.750914 0.444545 0.100000 0.040000
1 0.752296 0.566292 0.100000 0.040000
1 0.752030 0.532705 0.100000 0.040000
1 0.750968 0.584330 0.100000 0.040000
1 0.752596 0.620618 0.100000 0.040000
1 0.751431 0.601644 0.100000 0.040000
1 0.752096 0.679537 0.100000 0.040000
1 0.751597 0.699676 0.100000 0.040000
1 0.752496 0.719149 0.100000 0.040000
1 0.691180 0.752902 0.040000 0.100000
1 0.663738 0.753262 0.040000 0.100000
1 0.578586 0.754770 0.040000 0.100000
1 0.593732 0.755269 0.040000 0.100000
1 0.611041 0.754770 0.040000 0.100000
1 0.628117 0.753871 0.040000 0.100000
1 0.642697 0.753671 0.040000 0.100000
1 0.495681 0.753530 0.040000 0.100000
1 0.468635 0.753113 0.040000 0.100000
1 0.451258 0.753341 0.040000 0.100000
1 0.390382 0.752982 0.040000 0.100000
1 0.368093 0.753222 0.040000 0.100000
1 0.313256 0.751879 0.040000 0.100000
1 0.345180 0.754180 0.040000 0.100000
1 0.293124 0.752167 0.040000 0.100000
1 0.249408 0.713168 0.100000 0.040000
1 0.249231 0.687183 0.100000 0.040000
1 0.248812 0.614144 0.100000 0.040000
1 0.247613 0.595570 0.100000 0.040000
1 0.249411 0.573999 0.100000 0.040000
1 0.247094 0.554107 0.100000 0.040000
1 0.246115 0.515101 0.100000 0.040000
1 0.246515 0.498723 0.100000 0.040000
1 0.249111 0.478950 0.100000 0.040000
1 0.247833 0.457460 0.100000 0.040000
1 0.248312 0.430377 0.100000 0.040000
1 0.248073 0.410245 0.100000 0.040000
1 0.247354 0.392510 0.100000 0.040000
1 0.248570 0.369012 0.100000 0.040000
1 0.247239 0.353700 0.100000 0.040000
1 0.245907 0.334227 0.100000 0.040000
1 0.245075 0.316751 0.100000 0.040000
1 0.246273 0.280201 0.100000 0.040000
1 0.249469 0.261028 0.100000 0.040000
