0 0.203484 0.135392 0.031671 0.079177
0 0.244656 0.135392 0.031671 0.079177
0 0.284244 0.135392 0.031671 0.079177
0 0.324624 0.135392 0.031671 0.079177
0 0.361045 0.135392 0.031671 0.079177
0 0.397466 0.135392 0.031671 0.079177
0 0.429929 0.135392 0.031671 0.079177
0 0.465558 0.135392 0.031671 0.079177
0 0.520982 0.135392 0.031671 0.079177
0 0.551861 0.135392 0.031671 0.079177
0 0.585115 0.135392 0.031671 0.079177
0 0.620744 0.135392 0.031671 0.079177
0 0.657165 0.135392 0.031671 0.079177
0 0.705463 0.135392 0.031671 0.079177
0 0.745843 0.135392 0.031671 0.079177
0 0.788599 0.135392 0.031671 0.079177
0 0.864608 0.202692 0.079177 0.031671
0 0.864608 0.244656 0.079177 0.031671
0 0.864608 0.285036 0.079177 0.031671
0 0.864608 0.329375 0.079177 0.031671
0 0.864608 0.366587 0.079177 0.031671
0 0.864608 0.409343 0.079177 0.031671
0 0.864608 0.444181 0.079177 0.031671
0 0.864608 0.473476 0.079177 0.031671
0 0.864608 0.521774 0.079177 0.031671
0 0.864608 0.565321 0.079177 0.031671
0 0.864608 0.598575 0.079177 0.031671
0 0.864608 0.634996 0.079177 0.031671
0 0.864608 0.672209 0.079177 0.031671
0 0.864608 0.719715 0.079177 0.031671
0 0.864608 0.759303 0.079177 0.031671
0 0.864608 0.802059 0.079177 0.031671
0 0.790974 0.864608 0.031671 0.079177
0 0.747427 0.864608 0.031671 0.079177
0 0.706255 0.864608 0.031671 0.079177
0 0.667458 0.864608 0.031671 0.079177
0 0.631829 0.864608 0.031671 0.079177
0 0.596200 0.864608 0.031671 0.079177
0 0.561362 0.864608 0.031671 0.079177
0 0.523357 0.864608 0.031671 0.079177
0 0.479810 0.864608 0.031671 0.079177
0 0.445764 0.864608 0.031671 0.079177
0 0.411718 0.864608 0.031671 0.079177
0 0.365004 0.864608 0.031671 0.079177
0 0.327791 0.864608 0.031671 0.079177
0 0.287411 0.864608 0.031671 0.079177
0 0.245447 0.864608 0.031671 0.079177
0 0.204276 0.864608 0.031671 0.079177
0 0.135392 0.798892 0.079177 0.031671
0 0.135392 0.758511 0.079177 0.031671
0 0.135392 0.707838 0.079177 0.031671
0 0.135392 0.667458 0.079177 0.031671
0 0.135392 0.628662 0.079177 0.031671
0 0.135392 0.592241 0.079177 0.031671
0 0.135392 0.553444 0.079177 0.031671
0 0.135392 0.517023 0.079177 0.031671
0 0.135392 0.477435 0.079177 0.031671
0 0.135392 0.443389 0.079177 0.031671
0 0.135392 0.408551 0.079177 0.031671
0 0.135392 0.372922 0.079177 0.031671
0 0.135392 0.336500 0.079177 0.031671
0 0.135392 0.292162 0.079177 0.031671
0 0.135392 0.244656 0.079177 0.031671
0 0.135392 0.201900 0.079177 0.031671
0 0.209818 0.144893 0.031671 0.079177
0 0.248614 0.144893 0.031671 0.079177
0 0.286619 0.144893 0.031671 0.079177
0 0.326207 0.144893 0.031671 0.079177
0 0.361045 0.144893 0.031671 0.079177
0 0.395883 0.144893 0.031671 0.079177
0 0.429137 0.144893 0.031671 0.079177
0 0.463975 0.144893 0.031671 0.079177
0 0.520190 0.144893 0.031671 0.079177
0 0.550277 0.144893 0.031671 0.079177
0 0.581156 0.144893 0.031671 0.079177
0 0.615202 0.144893 0.031671 0.079177
0 0.649248 0.144893 0.031671 0.079177
0 0.698337 0.144893 0.031671 0.079177
0 0.736342 0.144893 0.031671 0.079177
0 0.776722 0.144893 0.031671 0.079177
0 0.855107 0.210610 0.079177 0.031671
0 0.855107 0.250198 0.079177 0.031671
0 0.855107 0.288994 0.079177 0.031671
0 0.855107 0.332542 0.079177 0.031671
0 0.855107 0.368963 0.079177 0.031671
0 0.855107 0.411718 0.079177 0.031671
0 0.855107 0.444972 0.079177 0.031671
0 0.855107 0.472684 0.079177 0.031671
0 0.855107 0.523357 0.079177 0.031671
0 0.855107 0.566904 0.079177 0.031671
0 0.855107 0.599367 0.079177 0.031671
0 0.855107 0.634204 0.079177 0.031671
0 0.855107 0.669834 0.079177 0.031671
0 0.855107 0.718923 0.079177 0.031671
0 0.855107 0.756928 0.079177 0.031671
0 0.855107 0.798100 0.079177 0.031671
0 0.779889 0.855107 0.031671 0.079177
0 0.737926 0.855107 0.031671 0.079177
0 0.698337 0.855107 0.031671 0.079177
0 0.661916 0.855107 0.031671 0.079177
0 0.628662 0.855107 0.031671 0.079177
0 0.593824 0.855107 0.031671 0.079177
0 0.561362 0.855107 0.031671 0.079177
0 0.523357 0.855107 0.031671 0.079177
0 0.479810 0.855107 0.031671 0.079177
0 0.446556 0.855107 0.031671 0.079177
0 0.414093 0.855107 0.031671 0.079177
0 0.365796 0.855107 0.031671 0.079177
0 0.329375 0.855107 0.031671 0.079177
0 0.290578 0.855107 0.031671 0.079177
0 0.249406 0.855107 0.031671 0.079177
0 0.211401 0.855107 0.031671 0.079177
0 0.144893 0.791766 0.079177 0.031671
0 0.144893 0.753761 0.079177 0.031671
0 0.144893 0.701504 0.079177 0.031671
0 0.144893 0.663500 0.079177 0.031671
0 0.144893 0.625495 0.079177 0.031671
0 0.144893 0.590657 0.079177 0.031671
0 0.144893 0.551069 0.079177 0.031671
0 0.144893 0.515439 0.079177 0.031671
0 0.144893 0.477435 0.079177 0.031671
0 0.144893 0.444181 0.079177 0.031671
0 0.144893 0.410926 0.079177 0.031671
0 0.144893 0.376880 0.079177 0.031671
0 0.144893 0.340459 0.079177 0.031671
0 0.144893 0.296912 0.079177 0.031671
0 0.144893 0.250198 0.079177 0.031671
0 0.144893 0.209026 0.079177 0.031671
0 0.212193 0.149644 0.031671 0.079177
0 0.250990 0.149644 0.031671 0.079177
0 0.288203 0.149644 0.031671 0.079177
0 0.326207 0.149644 0.031671 0.079177
0 0.361045 0.149644 0.031671 0.079177
0 0.395091 0.149644 0.031671 0.079177
0 0.429137 0.149644 0.031671 0.079177
0 0.463183 0.149644 0.031671 0.079177
0 0.520190 0.149644 0.031671 0.079177
0 0.549485 0.149644 0.031671 0.079177
0 0.579572 0.149644 0.031671 0.079177
0 0.612035 0.149644 0.031671 0.079177
0 0.645289 0.149644 0.031671 0.079177
0 0.695170 0.149644 0.031671 0.079177
0 0.731591 0.149644 0.031671 0.079177
0 0.771971 0.149644 0.031671 0.079177
0 0.850356 0.214568 0.079177 0.031671
0 0.850356 0.252573 0.079177 0.031671
0 0.850356 0.291370 0.079177 0.031671
0 0.850356 0.334125 0.079177 0.031671
0 0.850356 0.369755 0.079177 0.031671
0 0.850356 0.412510 0.079177 0.031671
0 0.850356 0.444972 0.079177 0.031671
0 0.850356 0.473476 0.079177 0.031671
0 0.850356 0.524149 0.079177 0.031671
0 0.850356 0.568488 0.079177 0.031671
0 0.850356 0.599367 0.079177 0.031671
0 0.850356 0.633413 0.079177 0.031671
0 0.850356 0.669042 0.079177 0.031671
0 0.850356 0.718131 0.079177 0.031671
0 0.850356 0.755344 0.079177 0.031671
0 0.850356 0.795724 0.079177 0.031671
0 0.774347 0.850356 0.031671 0.079177
0 0.733175 0.850356 0.031671 0.079177
0 0.694378 0.850356 0.031671 0.079177
0 0.659541 0.850356 0.031671 0.079177
0 0.627078 0.850356 0.031671 0.079177
0 0.593824 0.850356 0.031671 0.079177
0 0.562154 0.850356 0.031671 0.079177
0 0.522565 0.850356 0.031671 0.079177
0 0.447348 0.850356 0.031671 0.079177
0 0.415677 0.850356 0.031671 0.079177
0 0.366587 0.850356 0.031671 0.079177
0 0.330958 0.850356 0.031671 0.079177
0 0.292953 0.850356 0.031671 0.079177
0 0.251781 0.850356 0.031671 0.079177
0 0.214568 0.850356 0.031671 0.079177
0 0.149644 0.788599 0.079177 0.031671
0 0.149644 0.752177 0.079177 0.031671
0 0.149644 0.697546 0.079177 0.031671
0 0.149644 0.661124 0.079177 0.031671
0 0.149644 0.624703 0.079177 0.031671
0 0.149644 0.589865 0.079177 0.031671
0 0.149644 0.550277 0.079177 0.031671
0 0.149644 0.514648 0.079177 0.031671
0 0.149644 0.477435 0.079177 0.031671
0 0.149644 0.444972 0.079177 0.031671
0 0.149644 0.412510 0.079177 0.031671
0 0.149644 0.379256 0.079177 0.031671
0 0.149644 0.342043 0.079177 0.031671
0 0.149644 0.300079 0.079177 0.031671
0 0.149644 0.252573 0.079177 0.031671
0 0.149644 0.212985 0.079177 0.031671
0 0.214568 0.154394 0.031671 0.079177
0 0.253365 0.154394 0.031671 0.079177
0 0.289786 0.154394 0.031671 0.079177
0 0.326999 0.154394 0.031671 0.079177
0 0.361837 0.154394 0.031671 0.079177
0 0.394299 0.154394 0.031671 0.079177
0 0.428345 0.154394 0.031671 0.079177
0 0.462391 0.154394 0.031671 0.079177
0 0.519398 0.154394 0.031671 0.079177
0 0.548694 0.154394 0.031671 0.079177
0 0.577989 0.154394 0.031671 0.079177
0 0.609660 0.154394 0.031671 0.079177
0 0.642122 0.154394 0.031671 0.079177
0 0.692003 0.154394 0.031671 0.079177
0 0.727633 0.154394 0.031671 0.079177
0 0.765637 0.154394 0.031671 0.079177
0 0.845606 0.216944 0.079177 0.031671
0 0.845606 0.255740 0.079177 0.031671
0 0.845606 0.292953 0.079177 0.031671
0 0.845606 0.335709 0.079177 0.031671
0 0.845606 0.370546 0.079177 0.031671
0 0.845606 0.414093 0.079177 0.031671
0 0.845606 0.445764 0.079177 0.031671
0 0.845606 0.472684 0.079177 0.031671
0 0.845606 0.524941 0.079177 0.031671
0 0.845606 0.569279 0.079177 0.031671
0 0.845606 0.599367 0.079177 0.031671
0 0.845606 0.633413 0.079177 0.031671
0 0.845606 0.668250 0.079177 0.031671
0 0.845606 0.718131 0.079177 0.031671
0 0.845606 0.753761 0.079177 0.031671
0 0.845606 0.793349 0.079177 0.031671
0 0.768804 0.845606 0.031671 0.079177
0 0.729216 0.845606 0.031671 0.079177
0 0.626287 0.845606 0.031671 0.079177
0 0.593824 0.845606 0.031671 0.079177
0 0.562154 0.845606 0.031671 0.079177
0 0.521774 0.845606 0.031671 0.079177
0 0.479810 0.845606 0.031671 0.079177
0 0.447348 0.845606 0.031671 0.079177
0 0.366587 0.845606 0.031671 0.079177
0 0.331750 0.845606 0.031671 0.079177
0 0.294537 0.845606 0.031671 0.079177
0 0.254157 0.845606 0.031671 0.079177
0 0.218527 0.845606 0.031671 0.079177
0 0.154394 0.785432 0.079177 0.031671
0 0.154394 0.749802 0.079177 0.031671
0 0.154394 0.695170 0.079177 0.031671
0 0.154394 0.658749 0.079177 0.031671
0 0.154394 0.623120 0.079177 0.031671
0 0.154394 0.589865 0.079177 0.031671
0 0.154394 0.548694 0.079177 0.031671
0 0.154394 0.510689 0.079177 0.031671
0 0.154394 0.477435 0.079177 0.031671
0 0.154394 0.444972 0.079177 0.031671
0 0.154394 0.413302 0.079177 0.031671
0 0.154394 0.380839 0.079177 0.031671
0 0.154394 0.344418 0.079177 0.031671
0 0.154394 0.302454 0.079177 0.031671
0 0.154394 0.255740 0.079177 0.031671
0 0.154394 0.216944 0.079177 0.031671
0 0.217736 0.159145 0.031671 0.079177
0 0.255740 0.159145 0.031671 0.079177
0 0.291370 0.159145 0.031671 0.079177
0 0.328583 0.159145 0.031671 0.079177
0 0.361837 0.159145 0.031671 0.079177
0 0.394299 0.159145 0.031671 0.079177
0 0.428345 0.159145 0.031671 0.079177
0 0.461599 0.159145 0.031671 0.079177
0 0.519398 0.159145 0.031671 0.079177
0 0.547110 0.159145 0.031671 0.079177
0 0.576405 0.159145 0.031671 0.079177
0 0.606492 0.159145 0.031671 0.079177
0 0.638163 0.159145 0.031671 0.079177
0 0.688836 0.159145 0.031671 0.079177
0 0.723674 0.159145 0.031671 0.079177
0 0.760887 0.159145 0.031671 0.079177
0 0.840855 0.258116 0.079177 0.031671
0 0.840855 0.294537 0.079177 0.031671
0 0.840855 0.338084 0.079177 0.031671
0 0.840855 0.371338 0.079177 0.031671
0 0.840855 0.414885 0.079177 0.031671
0 0.840855 0.445764 0.079177 0.031671
0 0.840855 0.471892 0.079177 0.031671
0 0.840855 0.524941 0.079177 0.031671
0 0.840855 0.570071 0.079177 0.031671
0 0.840855 0.599367 0.079177 0.031671
0 0.840855 0.632621 0.079177 0.031671
0 0.840855 0.666667 0.079177 0.031671
0 0.840855 0.717340 0.079177 0.031671
0 0.840855 0.752177 0.079177 0.031671
0 0.840855 0.790974 0.079177 0.031671
0 0.762470 0.840855 0.031671 0.079177
0 0.688044 0.840855 0.031671 0.079177
0 0.624703 0.840855 0.031671 0.079177
0 0.562154 0.840855 0.031671 0.079177
0 0.521774 0.840855 0.031671 0.079177
0 0.480602 0.840855 0.031671 0.079177
0 0.448139 0.840855 0.031671 0.079177
0 0.418052 0.840855 0.031671 0.079177
0 0.367379 0.840855 0.031671 0.079177
0 0.333333 0.840855 0.031671 0.079177
0 0.296912 0.840855 0.031671 0.079177
0 0.256532 0.840855 0.031671 0.079177
0 0.221694 0.840855 0.031671 0.079177
0 0.159145 0.782264 0.079177 0.031671
0 0.159145 0.747427 0.079177 0.031671
0 0.159145 0.692003 0.079177 0.031671
0 0.159145 0.657165 0.079177 0.031671
0 0.159145 0.620744 0.079177 0.031671
0 0.159145 0.588282 0.079177 0.031671
0 0.159145 0.547902 0.079177 0.031671
0 0.159145 0.513064 0.079177 0.031671
0 0.159145 0.476643 0.079177 0.031671
0 0.159145 0.445764 0.079177 0.031671
0 0.159145 0.414093 0.079177 0.031671
0 0.159145 0.382423 0.079177 0.031671
0 0.159145 0.346002 0.079177 0.031671
0 0.159145 0.304830 0.079177 0.031671
0 0.159145 0.258907 0.079177 0.031671
0 0.159145 0.220903 0.079177 0.031671
0 0.220903 0.163895 0.031671 0.079177
0 0.257324 0.163895 0.031671 0.079177
0 0.292953 0.163895 0.031671 0.079177
0 0.329375 0.163895 0.031671 0.079177
0 0.361837 0.163895 0.031671 0.079177
0 0.393508 0.163895 0.031671 0.079177
0 0.428345 0.163895 0.031671 0.079177
0 0.461599 0.163895 0.031671 0.079177
0 0.520190 0.163895 0.031671 0.079177
0 0.546318 0.163895 0.031671 0.079177
0 0.574822 0.163895 0.031671 0.079177
0 0.604117 0.163895 0.031671 0.079177
0 0.634996 0.163895 0.031671 0.079177
0 0.685669 0.163895 0.031671 0.079177
0 0.718923 0.163895 0.031671 0.079177
0 0.755344 0.163895 0.031671 0.079177
0 0.836105 0.296120 0.079177 0.031671
0 0.836105 0.372130 0.079177 0.031671
0 0.836105 0.415677 0.079177 0.031671
0 0.836105 0.446556 0.079177 0.031671
0 0.836105 0.479018 0.079177 0.031671
0 0.836105 0.525732 0.079177 0.031671
0 0.836105 0.571655 0.079177 0.031671
0 0.836105 0.599367 0.079177 0.031671
0 0.836105 0.665875 0.079177 0.031671
0 0.719715 0.836105 0.031671 0.079177
0 0.683294 0.836105 0.031671 0.079177
0 0.652415 0.836105 0.031671 0.079177
0 0.623911 0.836105 0.031671 0.079177
0 0.592241 0.836105 0.031671 0.079177
0 0.562154 0.836105 0.031671 0.079177
0 0.520982 0.836105 0.031671 0.079177
0 0.480602 0.836105 0.031671 0.079177
0 0.448931 0.836105 0.031671 0.079177
0 0.418844 0.836105 0.031671 0.079177
0 0.334917 0.836105 0.031671 0.079177
0 0.298496 0.836105 0.031671 0.079177
0 0.258907 0.836105 0.031671 0.079177
0 0.224861 0.836105 0.031671 0.079177
0 0.163895 0.779097 0.079177 0.031671
0 0.163895 0.745051 0.079177 0.031671
0 0.163895 0.688836 0.079177 0.031671
0 0.163895 0.654790 0.079177 0.031671
0 0.163895 0.619952 0.079177 0.031671
0 0.163895 0.587490 0.079177 0.031671
0 0.163895 0.546318 0.079177 0.031671
0 0.163895 0.512272 0.079177 0.031671
0 0.163895 0.476643 0.079177 0.031671
0 0.163895 0.446556 0.079177 0.031671
0 0.163895 0.415677 0.079177 0.031671
0 0.163895 0.384798 0.079177 0.031671
0 0.163895 0.348377 0.079177 0.031671
0 0.163895 0.307205 0.079177 0.031671
0 0.163895 0.261283 0.079177 0.031671
0 0.163895 0.224861 0.079177 0.031671
0 0.205859 0.140143 0.031671 0.079177
0 0.246239 0.140143 0.031671 0.079177
0 0.285827 0.140143 0.031671 0.079177
0 0.325416 0.140143 0.031671 0.079177
0 0.361045 0.140143 0.031671 0.079177
0 0.396675 0.140143 0.031671 0.079177
0 0.429929 0.140143 0.031671 0.079177
0 0.464766 0.140143 0.031671 0.079177
0 0.520190 0.140143 0.031671 0.079177
0 0.551069 0.140143 0.031671 0.079177
0 0.583531 0.140143 0.031671 0.079177
0 0.617577 0.140143 0.031671 0.079177
0 0.653207 0.140143 0.031671 0.079177
0 0.702296 0.140143 0.031671 0.079177
0 0.741093 0.140143 0.031671 0.079177
0 0.783056 0.140143 0.031671 0.079177
0 0.859857 0.206651 0.079177 0.031671
0 0.859857 0.247031 0.079177 0.031671
0 0.859857 0.287411 0.079177 0.031671
0 0.859857 0.330958 0.079177 0.031671
0 0.859857 0.368171 0.079177 0.031671
0 0.859857 0.410926 0.079177 0.031671
0 0.859857 0.444181 0.079177 0.031671
0 0.859857 0.473476 0.079177 0.031671
0 0.859857 0.522565 0.079177 0.031671
0 0.859857 0.566904 0.079177 0.031671
0 0.859857 0.598575 0.079177 0.031671
0 0.859857 0.634204 0.079177 0.031671
0 0.859857 0.671417 0.079177 0.031671
0 0.859857 0.718923 0.079177 0.031671
0 0.859857 0.758511 0.079177 0.031671
0 0.859857 0.799683 0.079177 0.031671
0 0.786223 0.859857 0.031671 0.079177
0 0.742676 0.859857 0.031671 0.079177
0 0.702296 0.859857 0.031671 0.079177
0 0.665083 0.859857 0.031671 0.079177
0 0.630245 0.859857 0.031671 0.079177
0 0.595408 0.859857 0.031671 0.079177
0 0.561362 0.859857 0.031671 0.079177
0 0.523357 0.859857 0.031671 0.079177
0 0.479810 0.859857 0.031671 0.079177
0 0.446556 0.859857 0.031671 0.079177
0 0.413302 0.859857 0.031671 0.079177
0 0.365796 0.859857 0.031671 0.079177
0 0.328583 0.859857 0.031671 0.079177
0 0.288994 0.859857 0.031671 0.079177
0 0.247823 0.859857 0.031671 0.079177
0 0.208234 0.859857 0.031671 0.079177
0 0.140143 0.795724 0.079177 0.031671
0 0.140143 0.756136 0.079177 0.031671
0 0.140143 0.704671 0.079177 0.031671
0 0.140143 0.665083 0.079177 0.031671
0 0.140143 0.627078 0.079177 0.031671
0 0.140143 0.591449 0.079177 0.031671
0 0.140143 0.551861 0.079177 0.031671
0 0.140143 0.516231 0.079177 0.031671
0 0.140143 0.477435 0.079177 0.031671
0 0.140143 0.444181 0.079177 0.031671
0 0.140143 0.410135 0.079177 0.031671
0 0.140143 0.375297 0.079177 0.031671
0 0.140143 0.338084 0.079177 0.031671
0 0.140143 0.295329 0.079177 0.031671
0 0.140143 0.247031 0.079177 0.031671
1 0.235744 0.188246 0.040000 0.100000
1 0.268818 0.185130 0.040000 0.100000
1 0.301653 0.186089 0.040000 0.100000
1 0.332810 0.186089 0.040000 0.100000
1 0.362793 0.185154 0.040000 0.100000
1 0.390834 0.186352 0.040000 0.100000
1 0.426545 0.187071 0.040000 0.100000
1 0.458277 0.186592 0.040000 0.100000
1 0.518506 0.185370 0.040000 0.100000
1 0.542234 0.185849 0.040000 0.100000
1 0.567399 0.186328 0.040000 0.100000
1 0.619644 0.187111 0.040000 0.100000
1 0.593180 0.186611 0.040000 0.100000
1 0.671905 0.186611 0.040000 0.100000
1 0.699101 0.187377 0.040000 0.100000
1 0.729742 0.186561 0.040000 0.100000
1 0.812372 0.240584 0.100000 0.040000
1 0.815493 0.269941 0.100000 0.040000
1 0.814245 0.302813 0.100000 0.040000
1 0.813523 0.345537 0.100000 0.040000
1 0.813523 0.374298 0.100000 0.040000
1 0.813324 0.420314 0.100000 0.040000
1 0.812605 0.447876 0.100000 0.040000
1 0.814115 0.469183 0.100000 0.040000
1 0.813396 0.528621 0.100000 0.040000
1 0.814354 0.541084 0.100000 0.040000
1 0.813539 0.574398 0.100000 0.040000
1 0.813827 0.599995 0.100000 0.040000
1 0.814115 0.629043 0.100000 0.040000
1 0.813331 0.712271 0.100000 0.040000
1 0.813830 0.659844 0.100000 0.040000
1 0.813131 0.743528 0.100000 0.040000
1 0.813581 0.777432 0.100000 0.040000
1 0.698716 0.814877 0.040000 0.100000
1 0.733667 0.814710 0.040000 0.100000
1 0.669922 0.815376 0.040000 0.100000
1 0.643292 0.813712 0.040000 0.100000
1 0.618160 0.815043 0.040000 0.100000
1 0.592029 0.814411 0.040000 0.100000
1 0.565665 0.814011 0.040000 0.100000
1 0.521215 0.816084 0.040000 0.100000
1 0.483443 0.814073 0.040000 0.100000
1 0.452652 0.813518 0.040000 0.100000
1 0.425135 0.813684 0.040000 0.100000
1 0.371109 0.813385 0.040000 0.100000
1 0.341892 0.813608 0.040000 0.100000
1 0.308272 0.814606 0.040000 0.100000
1 0.272488 0.813774 0.040000 0.100000
1 0.242396 0.813874 0.040000 0.100000
1 0.187232 0.765501 0.100000 0.040000
1 0.187088 0.732666 0.100000 0.040000
1 0.185996 0.675720 0.100000 0.040000
1 0.185680 0.643839 0.100000 0.040000
1 0.185081 0.613281 0.100000 0.040000
1 0.186479 0.583322 0.100000 0.040000
1 0.186319 0.541060 0.100000 0.040000
1 0.184881 0.509424 0.100000 0.040000
1 0.184737 0.475583 0.100000 0.040000
1 0.187901 0.447685 0.100000 0.040000
1 0.185025 0.420938 0.100000 0.040000
1 0.184910 0.358010 0.100000 0.040000
1 0.184435 0.319102 0.100000 0.040000
1 0.185634 0.273325 0.100000 0.040000
1 0.186592 0.241209 0.100000 0.040000
1 0.244259 0.199609 0.040000 0.100000
1 0.277805 0.200852 0.040000 0.100000
1 0.307209 0.202840 0.040000 0.100000
1 0.336034 0.200355 0.040000 0.100000
1 0.362533 0.200665 0.040000 0.100000
1 0.387037 0.201701 0.040000 0.100000
1 0.427071 0.201701 0.040000 0.100000
1 0.457787 0.201356 0.040000 0.100000
1 0.519495 0.202736 0.040000 0.100000
1 0.541152 0.202776 0.040000 0.100000
1 0.563298 0.201338 0.040000 0.100000
1 0.587744 0.201051 0.040000 0.100000
1 0.609027 0.202489 0.040000 0.100000
1 0.662808 0.201626 0.040000 0.100000
1 0.688980 0.202201 0.040000 0.100000
1 0.715210 0.201051 0.040000 0.100000
1 0.798253 0.247821 0.100000 0.040000
1 0.799115 0.276869 0.100000 0.040000
1 0.796815 0.309080 0.100000 0.040000
1 0.796815 0.350495 0.100000 0.040000
1 0.797681 0.377151 0.100000 0.040000
1 0.797282 0.422488 0.100000 0.040000
1 0.796883 0.447214 0.100000 0.040000
1 0.797299 0.467556 0.100000 0.040000
1 0.798339 0.527543 0.100000 0.040000
1 0.797368 0.544464 0.100000 0.040000
1 0.797798 0.576684 0.100000 0.040000
1 0.797382 0.600262 0.100000 0.040000
1 0.798075 0.626337 0.100000 0.040000
1 0.797293 0.708075 0.100000 0.040000
1 0.798491 0.656746 0.100000 0.040000
1 0.798774 0.736519 0.100000 0.040000
1 0.798109 0.770139 0.100000 0.040000
1 0.720772 0.797989 0.040000 0.100000
1 0.688698 0.800878 0.040000 0.100000
1 0.637149 0.799491 0.040000 0.100000
1 0.660380 0.797758 0.040000 0.100000
1 0.616251 0.798936 0.040000 0.100000
1 0.590731 0.798104 0.040000 0.100000
1 0.566820 0.798881 0.040000 0.100000
1 0.521382 0.799047 0.040000 0.100000
1 0.485099 0.797483 0.040000 0.100000
1 0.454541 0.798881 0.040000 0.100000
1 0.431559 0.798396 0.040000 0.100000
1 0.375178 0.798951 0.040000 0.100000
1 0.346967 0.798645 0.040000 0.100000
1 0.315011 0.799145 0.040000 0.100000
1 0.280259 0.797680 0.040000 0.100000
1 0.254894 0.798879 0.040000 0.100000
1 0.201309 0.752712 0.100000 0.040000
1 0.200893 0.724833 0.100000 0.040000
1 0.199477 0.664939 0.100000 0.040000
1 0.201684 0.636029 0.100000 0.040000
1 0.201684 0.607901 0.100000 0.040000
1 0.202863 0.579981 0.100000 0.040000
1 0.201927 0.537990 0.100000 0.040000
1 0.200966 0.503395 0.100000 0.040000
1 0.200300 0.473935 0.100000 0.040000
1 0.201898 0.447705 0.100000 0.040000
1 0.202347 0.422622 0.100000 0.040000
1 0.202347 0.397158 0.100000 0.040000
1 0.201082 0.364269 0.100000 0.040000
1 0.201762 0.326303 0.100000 0.040000
1 0.201734 0.281449 0.100000 0.040000
1 0.202083 0.251654 0.100000 0.040000
1 0.261397 0.218874 0.040000 0.100000
1 0.287282 0.216957 0.040000 0.100000
1 0.316521 0.217915 0.040000 0.100000
1 0.341447 0.219114 0.040000 0.100000
1 0.363976 0.219593 0.040000 0.100000
1 0.388183 0.216717 0.040000 0.100000
1 0.427009 0.216717 0.040000 0.100000
1 0.456057 0.216429 0.040000 0.100000
1 0.442252 0.215854 0.040000 0.100000
1 0.521458 0.218097 0.040000 0.100000
1 0.541049 0.217153 0.040000 0.100000
1 0.559503 0.215955 0.040000 0.100000
1 0.581313 0.217153 0.040000 0.100000
1 0.602404 0.218112 0.040000 0.100000
1 0.655419 0.217393 0.040000 0.100000
1 0.676414 0.217680 0.040000 0.100000
1 0.697697 0.217680 0.040000 0.100000
1 0.782948 0.256224 0.100000 0.040000
1 0.783906 0.282108 0.100000 0.040000
1 0.781749 0.310150 0.100000 0.040000
1 0.783331 0.352236 0.100000 0.040000
1 0.783331 0.376395 0.100000 0.040000
1 0.781040 0.422881 0.100000 0.040000
1 0.780561 0.444931 0.100000 0.040000
1 0.781999 0.465063 0.100000 0.040000
1 0.782478 0.529342 0.100000 0.040000
1 0.782478 0.543722 0.100000 0.040000
1 0.780048 0.649134 0.100000 0.040000
1 0.780527 0.623969 0.100000 0.040000
1 0.784026 0.578192 0.100000 0.040000
1 0.781725 0.599187 0.100000 0.040000
1 0.781921 0.705157 0.100000 0.040000
1 0.782121 0.729124 0.100000 0.040000
1 0.781486 0.758880 0.100000 0.040000
1 0.705646 0.781959 0.040000 0.100000
1 0.675587 0.782292 0.040000 0.100000
1 0.651221 0.782292 0.040000 0.100000
1 0.631847 0.782492 0.040000 0.100000
1 0.612873 0.782891 0.040000 0.100000
1 0.590659 0.782874 0.040000 0.100000
1 0.569970 0.782412 0.040000 0.100000
1 0.522327 0.782967 0.040000 0.100000
1 0.489428 0.782662 0.040000 0.100000
1 0.458804 0.782828 0.040000 0.100000
1 0.437841 0.783580 0.040000 0.100000
1 0.380697 0.780945 0.040000 0.100000
1 0.354289 0.782498 0.040000 0.100000
1 0.324663 0.781999 0.040000 0.100000
1 0.291942 0.780201 0.040000 0.100000
1 0.268175 0.782598 0.040000 0.100000
1 0.218203 0.741015 0.100000 0.040000
1 0.217245 0.715370 0.100000 0.040000
1 0.216957 0.652146 0.100000 0.040000
1 0.218578 0.627127 0.100000 0.040000
1 0.218245 0.600664 0.100000 0.040000
1 0.218245 0.575199 0.100000 0.040000
1 0.217203 0.536249 0.100000 0.040000
1 0.217370 0.522102 0.100000 0.040000
1 0.215539 0.502296 0.100000 0.040000
1 0.219215 0.423141 0.100000 0.040000
1 0.219381 0.400672 0.100000 0.040000
1 0.217550 0.447275 0.100000 0.040000
1 0.216884 0.465416 0.100000 0.040000
1 0.216332 0.368756 0.100000 0.040000
1 0.216572 0.330888 0.100000 0.040000
1 0.217530 0.288227 0.100000 0.040000
1 0.218968 0.262343 0.100000 0.040000
1 0.271558 0.232958 0.040000 0.100000
1 0.299360 0.232958 0.040000 0.100000
1 0.322128 0.233917 0.040000 0.100000
1 0.346095 0.232958 0.040000 0.100000
1 0.364694 0.233198 0.040000 0.100000
1 0.387702 0.234924 0.040000 0.100000
1 0.426744 0.234037 0.040000 0.100000
1 0.442802 0.234037 0.040000 0.100000
1 0.456801 0.234557 0.040000 0.100000
1 0.523204 0.234191 0.040000 0.100000
1 0.540180 0.233992 0.040000 0.100000
1 0.556757 0.233392 0.040000 0.100000
1 0.575132 0.233992 0.040000 0.100000
1 0.592948 0.234071 0.040000 0.100000
1 0.646394 0.234551 0.040000 0.100000
1 0.664849 0.235030 0.040000 0.100000
1 0.684022 0.235509 0.040000 0.100000
1 0.766720 0.262380 0.100000 0.040000
1 0.767120 0.287746 0.100000 0.040000
1 0.767599 0.312711 0.100000 0.040000
1 0.766389 0.353691 0.100000 0.040000
1 0.766588 0.375461 0.100000 0.040000
1 0.767038 0.424297 0.100000 0.040000
1 0.766206 0.445101 0.100000 0.040000
1 0.766372 0.461412 0.100000 0.040000
1 0.766453 0.530431 0.100000 0.040000
1 0.765954 0.545576 0.100000 0.040000
1 0.768650 0.578831 0.100000 0.040000
1 0.766453 0.598004 0.100000 0.040000
1 0.764780 0.643983 0.100000 0.040000
1 0.767970 0.619294 0.100000 0.040000
1 0.766066 0.698788 0.100000 0.040000
1 0.765733 0.721590 0.100000 0.040000
1 0.767731 0.750384 0.100000 0.040000
1 0.694232 0.764365 0.040000 0.100000
1 0.667469 0.765163 0.040000 0.100000
1 0.644101 0.766362 0.040000 0.100000
1 0.627364 0.764684 0.040000 0.100000
1 0.611066 0.766122 0.040000 0.100000
1 0.591414 0.765882 0.040000 0.100000
1 0.572959 0.765403 0.040000 0.100000
1 0.523258 0.767666 0.040000 0.100000
1 0.490664 0.767389 0.040000 0.100000
1 0.443951 0.767472 0.040000 0.100000
1 0.461759 0.767472 0.040000 0.100000
1 0.384717 0.768436 0.040000 0.100000
1 0.358953 0.768037 0.040000 0.100000
1 0.335385 0.765840 0.040000 0.100000
1 0.301046 0.768300 0.040000 0.100000
1 0.282072 0.766469 0.040000 0.100000
1 0.233805 0.732083 0.100000 0.040000
1 0.231608 0.707717 0.100000 0.040000
1 0.235599 0.639407 0.100000 0.040000
1 0.232603 0.616638 0.100000 0.040000
1 0.233002 0.593869 0.100000 0.040000
1 0.233801 0.572299 0.100000 0.040000
1 0.234640 0.531116 0.100000 0.040000
1 0.235918 0.514658 0.100000 0.040000
1 0.233122 0.498880 0.100000 0.040000
1 0.232523 0.471718 0.100000 0.040000
1 0.233345 0.444166 0.100000 0.040000
1 0.231747 0.423794 0.100000 0.040000
1 0.231747 0.405219 0.100000 0.040000
1 0.232946 0.374661 0.100000 0.040000
1 0.232744 0.340410 0.100000 0.040000
1 0.233576 0.292809 0.100000 0.040000
1 0.234375 0.268743 0.100000 0.040000
1 0.231978 0.327062 0.100000 0.040000
1 0.290691 0.249888 0.040000 0.100000
1 0.308906 0.248929 0.040000 0.100000
1 0.329757 0.250127 0.040000 0.100000
1 0.351327 0.250127 0.040000 0.100000
1 0.368344 0.248929 0.040000 0.100000
1 0.387278 0.247251 0.040000 0.100000
1 0.246592 0.276251 0.100000 0.040000
1 0.249228 0.297822 0.100000 0.040000
1 0.248509 0.331615 0.100000 0.040000
1 0.428214 0.247251 0.040000 0.100000
1 0.444319 0.246676 0.040000 0.100000
1 0.456686 0.246964 0.040000 0.100000
1 0.537848 0.249092 0.040000 0.100000
1 0.525424 0.248747 0.040000 0.100000
1 0.552461 0.249609 0.040000 0.100000
1 0.569238 0.250807 0.040000 0.100000
1 0.586015 0.249609 0.040000 0.100000
1 0.639461 0.248410 0.040000 0.100000
1 0.654704 0.250136 0.040000 0.100000
1 0.671386 0.249561 0.040000 0.100000
1 0.750932 0.269544 0.100000 0.040000
1 0.750932 0.292073 0.100000 0.040000
1 0.751172 0.313644 0.100000 0.040000
1 0.750453 0.353908 0.100000 0.040000
1 0.749973 0.375239 0.100000 0.040000
1 0.751051 0.424393 0.100000 0.040000
1 0.749853 0.440371 0.100000 0.040000
1 0.750052 0.458346 0.100000 0.040000
1 0.748854 0.529528 0.100000 0.040000
1 0.749573 0.545346 0.100000 0.040000
1 0.748399 0.579835 0.100000 0.040000
1 0.748159 0.595893 0.100000 0.040000
1 0.749597 0.615066 0.100000 0.040000
1 0.750556 0.636157 0.100000 0.040000
1 0.749986 0.694054 0.100000 0.040000
1 0.749820 0.713694 0.100000 0.040000
1 0.748821 0.737661 0.100000 0.040000
1 0.686208 0.751308 0.040000 0.100000
1 0.658879 0.753024 0.040000 0.100000
1 0.637549 0.752065 0.040000 0.100000
1 0.622929 0.752784 0.040000 0.100000
1 0.608788 0.753024 0.040000 0.100000
1 0.592012 0.752065 0.040000 0.100000
1 0.576065 0.752965 0.040000 0.100000
1 0.524646 0.753001 0.040000 0.100000
1 0.495186 0.753168 0.040000 0.100000
1 0.466892 0.752169 0.040000 0.100000
1 0.448251 0.752335 0.040000 0.100000
1 0.388799 0.753301 0.040000 0.100000
1 0.367029 0.751503 0.040000 0.100000
1 0.342703 0.750704 0.040000 0.100000
1 0.311306 0.751184 0.040000 0.100000
1 0.294529 0.750944 0.040000 0.100000
1 0.248601 0.721085 0.100000 0.040000
1 0.248601 0.698783 0.100000 0.040000
1 0.249266 0.628273 0.100000 0.040000
1 0.249985 0.606223 0.100000 0.040000
1 0.249027 0.585851 0.100000 0.040000
1 0.248179 0.566671 0.100000 0.040000
1 0.248778 0.525727 0.100000 0.040000
1 0.249777 0.509150 0.100000 0.040000
1 0.250626 0.487263 0.100000 0.040000
1 0.250127 0.468289 0.100000 0.040000
1 0.250426 0.442558 0.100000 0.040000
1 0.250226 0.425182 0.100000 0.040000
1 0.247830 0.406408 0.100000 0.040000
1 0.248229 0.379325 0.100000 0.040000
1 0.248708 0.346251 0.100000 0.040000
