0 0.200645 0.130540 0.032232 0.080580
0 0.240935 0.130540 0.032232 0.080580
0 0.280419 0.130540 0.032232 0.080580
0 0.321515 0.130540 0.032232 0.080580
0 0.357776 0.130540 0.032232 0.080580
0 0.394037 0.130540 0.032232 0.080580
0 0.429492 0.130540 0.032232 0.080580
0 0.465753 0.130540 0.032232 0.080580
0 0.520548 0.130540 0.032232 0.080580
0 0.552780 0.130540 0.032232 0.080580
0 0.585818 0.130540 0.032232 0.080580
0 0.622079 0.130540 0.032232 0.080580
0 0.658340 0.130540 0.032232 0.080580
0 0.708300 0.130540 0.032232 0.080580
0 0.746978 0.130540 0.032232 0.080580
0 0.788074 0.130540 0.032232 0.080580
0 0.869460 0.193392 0.080580 0.032232
0 0.869460 0.233683 0.080580 0.032232
0 0.869460 0.273973 0.080580 0.032232
0 0.869460 0.319098 0.080580 0.032232
0 0.869460 0.356164 0.080580 0.032232
0 0.869460 0.400483 0.080580 0.032232
0 0.869460 0.434327 0.080580 0.032232
0 0.869460 0.464142 0.080580 0.032232
0 0.869460 0.517325 0.080580 0.032232
0 0.869460 0.558421 0.080580 0.032232
0 0.869460 0.592264 0.080580 0.032232
0 0.869460 0.629331 0.080580 0.032232
0 0.869460 0.667204 0.080580 0.032232
0 0.869460 0.716358 0.080580 0.032232
0 0.869460 0.757454 0.080580 0.032232
0 0.869460 0.797744 0.080580 0.032232
0 0.795326 0.869460 0.032232 0.080580
0 0.750201 0.869460 0.032232 0.080580
0 0.708300 0.869460 0.032232 0.080580
0 0.668815 0.869460 0.032232 0.080580
0 0.632554 0.869460 0.032232 0.080580
0 0.597099 0.869460 0.032232 0.080580
0 0.561644 0.869460 0.032232 0.080580
0 0.523771 0.869460 0.032232 0.080580
0 0.479452 0.869460 0.032232 0.080580
0 0.444803 0.869460 0.032232 0.080580
0 0.410153 0.869460 0.032232 0.080580
0 0.364222 0.869460 0.032232 0.080580
0 0.324738 0.869460 0.032232 0.080580
0 0.285254 0.869460 0.032232 0.080580
0 0.242546 0.869460 0.032232 0.080580
0 0.200645 0.869460 0.032232 0.080580
0 0.130540 0.799355 0.080580 0.032232
0 0.130540 0.757454 0.080580 0.032232
0 0.130540 0.705882 0.080580 0.032232
0 0.130540 0.663981 0.080580 0.032232
0 0.130540 0.624496 0.080580 0.032232
0 0.130540 0.586624 0.080580 0.032232
0 0.130540 0.550363 0.080580 0.032232
0 0.130540 0.513296 0.080580 0.032232
0 0.130540 0.473811 0.080580 0.032232
0 0.130540 0.434327 0.080580 0.032232
0 0.130540 0.399678 0.080580 0.032232
0 0.130540 0.365028 0.080580 0.032232
0 0.130540 0.330379 0.080580 0.032232
0 0.130540 0.286865 0.080580 0.032232
0 0.130540 0.235294 0.080580 0.032232
0 0.130540 0.195004 0.080580 0.032232
0 0.207091 0.140210 0.032232 0.080580
0 0.245770 0.140210 0.032232 0.080580
0 0.283642 0.140210 0.032232 0.080580
0 0.323127 0.140210 0.032232 0.080580
0 0.357776 0.140210 0.032232 0.080580
0 0.392425 0.140210 0.032232 0.080580
0 0.428687 0.140210 0.032232 0.080580
0 0.464142 0.140210 0.032232 0.080580
0 0.519742 0.140210 0.032232 0.080580
0 0.551168 0.140210 0.032232 0.080580
0 0.582595 0.140210 0.032232 0.080580
0 0.616438 0.140210 0.032232 0.080580
0 0.650282 0.140210 0.032232 0.080580
0 0.738114 0.140210 0.032232 0.080580
0 0.775987 0.140210 0.032232 0.080580
0 0.859790 0.197421 0.080580 0.032232
0 0.859790 0.236906 0.080580 0.032232
0 0.859790 0.275584 0.080580 0.032232
0 0.859790 0.319098 0.080580 0.032232
0 0.859790 0.354553 0.080580 0.032232
0 0.859790 0.400483 0.080580 0.032232
0 0.859790 0.432716 0.080580 0.032232
0 0.859790 0.461724 0.080580 0.032232
0 0.859790 0.517325 0.080580 0.032232
0 0.859790 0.558421 0.080580 0.032232
0 0.859790 0.590653 0.080580 0.032232
0 0.859790 0.626108 0.080580 0.032232
0 0.859790 0.662369 0.080580 0.032232
0 0.859790 0.711523 0.080580 0.032232
0 0.859790 0.751813 0.080580 0.032232
0 0.859790 0.789686 0.080580 0.032232
0 0.784045 0.859790 0.032232 0.080580
0 0.740532 0.859790 0.032232 0.080580
0 0.701048 0.859790 0.032232 0.080580
0 0.663175 0.859790 0.032232 0.080580
0 0.630137 0.859790 0.032232 0.080580
0 0.595488 0.859790 0.032232 0.080580
0 0.561644 0.859790 0.032232 0.080580
0 0.522965 0.859790 0.032232 0.080580
0 0.479452 0.859790 0.032232 0.080580
0 0.445608 0.859790 0.032232 0.080580
0 0.411765 0.859790 0.032232 0.080580
0 0.365028 0.859790 0.032232 0.080580
0 0.327156 0.859790 0.032232 0.080580
0 0.288477 0.859790 0.032232 0.080580
0 0.246575 0.859790 0.032232 0.080580
0 0.207091 0.859790 0.032232 0.080580
0 0.140210 0.790492 0.080580 0.032232
0 0.140210 0.750201 0.080580 0.032232
0 0.140210 0.696213 0.080580 0.032232
0 0.140210 0.657534 0.080580 0.032232
0 0.140210 0.618050 0.080580 0.032232
0 0.140210 0.581789 0.080580 0.032232
0 0.140210 0.546334 0.080580 0.032232
0 0.140210 0.510073 0.080580 0.032232
0 0.140210 0.471394 0.080580 0.032232
0 0.140210 0.431910 0.080580 0.032232
0 0.140210 0.399678 0.080580 0.032232
0 0.140210 0.365834 0.080580 0.032232
0 0.140210 0.332796 0.080580 0.032232
0 0.140210 0.290089 0.080580 0.032232
0 0.140210 0.239323 0.080580 0.032232
0 0.140210 0.199839 0.080580 0.032232
0 0.210314 0.145044 0.032232 0.080580
0 0.248187 0.145044 0.032232 0.080580
0 0.285254 0.145044 0.032232 0.080580
0 0.323932 0.145044 0.032232 0.080580
0 0.357776 0.145044 0.032232 0.080580
0 0.391620 0.145044 0.032232 0.080580
0 0.428687 0.145044 0.032232 0.080580
0 0.464142 0.145044 0.032232 0.080580
0 0.550363 0.145044 0.032232 0.080580
0 0.580983 0.145044 0.032232 0.080580
0 0.614021 0.145044 0.032232 0.080580
0 0.646253 0.145044 0.032232 0.080580
0 0.697824 0.145044 0.032232 0.080580
0 0.733280 0.145044 0.032232 0.080580
0 0.769541 0.145044 0.032232 0.080580
0 0.854956 0.199033 0.080580 0.032232
0 0.854956 0.237712 0.080580 0.032232
0 0.854956 0.275584 0.080580 0.032232
0 0.854956 0.319903 0.080580 0.032232
0 0.854956 0.354553 0.080580 0.032232
0 0.854956 0.400483 0.080580 0.032232
0 0.854956 0.431910 0.080580 0.032232
0 0.854956 0.460919 0.080580 0.032232
0 0.854956 0.517325 0.080580 0.032232
0 0.854956 0.557615 0.080580 0.032232
0 0.854956 0.589847 0.080580 0.032232
0 0.854956 0.624496 0.080580 0.032232
0 0.854956 0.659952 0.080580 0.032232
0 0.854956 0.709106 0.080580 0.032232
0 0.854956 0.748590 0.080580 0.032232
0 0.854956 0.786463 0.080580 0.032232
0 0.778405 0.854956 0.032232 0.080580
0 0.734891 0.854956 0.032232 0.080580
0 0.696213 0.854956 0.032232 0.080580
0 0.660757 0.854956 0.032232 0.080580
0 0.627720 0.854956 0.032232 0.080580
0 0.594682 0.854956 0.032232 0.080580
0 0.561644 0.854956 0.032232 0.080580
0 0.522160 0.854956 0.032232 0.080580
0 0.479452 0.854956 0.032232 0.080580
0 0.446414 0.854956 0.032232 0.080580
0 0.413376 0.854956 0.032232 0.080580
0 0.365834 0.854956 0.032232 0.080580
0 0.327961 0.854956 0.032232 0.080580
0 0.290089 0.854956 0.032232 0.080580
0 0.248993 0.854956 0.032232 0.080580
0 0.209508 0.854956 0.032232 0.080580
0 0.145044 0.784851 0.080580 0.032232
0 0.145044 0.746978 0.080580 0.032232
0 0.145044 0.691378 0.080580 0.032232
0 0.145044 0.653505 0.080580 0.032232
0 0.145044 0.615633 0.080580 0.032232
0 0.145044 0.579371 0.080580 0.032232
0 0.145044 0.544722 0.080580 0.032232
0 0.145044 0.501209 0.080580 0.032232
0 0.145044 0.469782 0.080580 0.032232
0 0.145044 0.431104 0.080580 0.032232
0 0.145044 0.399678 0.080580 0.032232
0 0.145044 0.366640 0.080580 0.032232
0 0.145044 0.334408 0.080580 0.032232
0 0.145044 0.292506 0.080580 0.032232
0 0.145044 0.240935 0.080580 0.032232
0 0.145044 0.202256 0.080580 0.032232
0 0.213537 0.149879 0.032232 0.080580
0 0.250604 0.149879 0.032232 0.080580
0 0.286865 0.149879 0.032232 0.080580
0 0.324738 0.149879 0.032232 0.080580
0 0.356970 0.149879 0.032232 0.080580
0 0.390814 0.149879 0.032232 0.080580
0 0.427881 0.149879 0.032232 0.080580
0 0.463336 0.149879 0.032232 0.080580
0 0.519742 0.149879 0.032232 0.080580
0 0.549557 0.149879 0.032232 0.080580
0 0.579371 0.149879 0.032232 0.080580
0 0.611604 0.149879 0.032232 0.080580
0 0.642224 0.149879 0.032232 0.080580
0 0.693795 0.149879 0.032232 0.080580
0 0.729251 0.149879 0.032232 0.080580
0 0.763094 0.149879 0.032232 0.080580
0 0.850121 0.201450 0.080580 0.032232
0 0.850121 0.238517 0.080580 0.032232
0 0.850121 0.275584 0.080580 0.032232
0 0.850121 0.320709 0.080580 0.032232
0 0.850121 0.354553 0.080580 0.032232
0 0.850121 0.400483 0.080580 0.032232
0 0.850121 0.431104 0.080580 0.032232
0 0.850121 0.459307 0.080580 0.032232
0 0.850121 0.517325 0.080580 0.032232
0 0.850121 0.557615 0.080580 0.032232
0 0.850121 0.589041 0.080580 0.032232
0 0.850121 0.622885 0.080580 0.032232
0 0.850121 0.656728 0.080580 0.032232
0 0.850121 0.707494 0.080580 0.032232
0 0.850121 0.746172 0.080580 0.032232
0 0.850121 0.782434 0.080580 0.032232
0 0.773570 0.850121 0.032232 0.080580
0 0.731668 0.850121 0.032232 0.080580
0 0.693795 0.850121 0.032232 0.080580
0 0.658340 0.850121 0.032232 0.080580
0 0.626108 0.850121 0.032232 0.080580
0 0.593876 0.850121 0.032232 0.080580
0 0.561644 0.850121 0.032232 0.080580
0 0.522160 0.850121 0.032232 0.080580
0 0.479452 0.850121 0.032232 0.080580
0 0.446414 0.850121 0.032232 0.080580
0 0.414182 0.850121 0.032232 0.080580
0 0.365834 0.850121 0.032232 0.080580
0 0.329573 0.850121 0.032232 0.080580
0 0.292506 0.850121 0.032232 0.080580
0 0.251410 0.850121 0.032232 0.080580
0 0.212732 0.850121 0.032232 0.080580
0 0.149879 0.780822 0.080580 0.032232
0 0.149879 0.742949 0.080580 0.032232
0 0.149879 0.685737 0.080580 0.032232
0 0.149879 0.649476 0.080580 0.032232
0 0.149879 0.612409 0.080580 0.032232
0 0.149879 0.576954 0.080580 0.032232
0 0.149879 0.542305 0.080580 0.032232
0 0.149879 0.506044 0.080580 0.032232
0 0.149879 0.468977 0.080580 0.032232
0 0.149879 0.431104 0.080580 0.032232
0 0.149879 0.399678 0.080580 0.032232
0 0.149879 0.367446 0.080580 0.032232
0 0.149879 0.336019 0.080580 0.032232
0 0.149879 0.294118 0.080580 0.032232
0 0.149879 0.242546 0.080580 0.032232
0 0.149879 0.204674 0.080580 0.032232
0 0.253022 0.154714 0.032232 0.080580
0 0.288477 0.154714 0.032232 0.080580
0 0.325544 0.154714 0.032232 0.080580
0 0.356970 0.154714 0.032232 0.080580
0 0.389202 0.154714 0.032232 0.080580
0 0.427881 0.154714 0.032232 0.080580
0 0.462530 0.154714 0.032232 0.080580
0 0.519742 0.154714 0.032232 0.080580
0 0.548751 0.154714 0.032232 0.080580
0 0.577760 0.154714 0.032232 0.080580
0 0.608380 0.154714 0.032232 0.080580
0 0.639001 0.154714 0.032232 0.080580
0 0.723610 0.154714 0.032232 0.080580
0 0.758259 0.154714 0.032232 0.080580
0 0.845286 0.203062 0.080580 0.032232
0 0.845286 0.240935 0.080580 0.032232
0 0.845286 0.276390 0.080580 0.032232
0 0.845286 0.320709 0.080580 0.032232
0 0.845286 0.353747 0.080580 0.032232
0 0.845286 0.399678 0.080580 0.032232
0 0.845286 0.430298 0.080580 0.032232
0 0.845286 0.458501 0.080580 0.032232
0 0.845286 0.517325 0.080580 0.032232
0 0.845286 0.557615 0.080580 0.032232
0 0.845286 0.588235 0.080580 0.032232
0 0.845286 0.620467 0.080580 0.032232
0 0.845286 0.655117 0.080580 0.032232
0 0.845286 0.705077 0.080580 0.032232
0 0.845286 0.743755 0.080580 0.032232
0 0.768735 0.845286 0.032232 0.080580
0 0.726833 0.845286 0.032232 0.080580
0 0.689766 0.845286 0.032232 0.080580
0 0.655923 0.845286 0.032232 0.080580
0 0.625302 0.845286 0.032232 0.080580
0 0.593070 0.845286 0.032232 0.080580
0 0.561644 0.845286 0.032232 0.080580
0 0.521354 0.845286 0.032232 0.080580
0 0.479452 0.845286 0.032232 0.080580
0 0.447220 0.845286 0.032232 0.080580
0 0.415794 0.845286 0.032232 0.080580
0 0.366640 0.845286 0.032232 0.080580
0 0.330379 0.845286 0.032232 0.080580
0 0.294118 0.845286 0.032232 0.080580
0 0.253022 0.845286 0.032232 0.080580
0 0.215955 0.845286 0.032232 0.080580
0 0.154714 0.776793 0.080580 0.032232
0 0.154714 0.739726 0.080580 0.032232
0 0.154714 0.681708 0.080580 0.032232
0 0.154714 0.646253 0.080580 0.032232
0 0.154714 0.609992 0.080580 0.032232
0 0.154714 0.575342 0.080580 0.032232
0 0.154714 0.539887 0.080580 0.032232
0 0.154714 0.504432 0.080580 0.032232
0 0.154714 0.468171 0.080580 0.032232
0 0.154714 0.429492 0.080580 0.032232
0 0.154714 0.398872 0.080580 0.032232
0 0.154714 0.367446 0.080580 0.032232
0 0.154714 0.336825 0.080580 0.032232
0 0.154714 0.295729 0.080580 0.032232
0 0.154714 0.244964 0.080580 0.032232
0 0.154714 0.207897 0.080580 0.032232
0 0.220790 0.159549 0.032232 0.080580
0 0.255439 0.159549 0.032232 0.080580
0 0.290089 0.159549 0.032232 0.080580
0 0.326350 0.159549 0.032232 0.080580
0 0.356970 0.159549 0.032232 0.080580
0 0.389202 0.159549 0.032232 0.080580
0 0.427075 0.159549 0.032232 0.080580
0 0.462530 0.159549 0.032232 0.080580
0 0.519742 0.159549 0.032232 0.080580
0 0.576148 0.159549 0.032232 0.080580
0 0.605963 0.159549 0.032232 0.080580
0 0.634972 0.159549 0.032232 0.080580
0 0.719581 0.159549 0.032232 0.080580
0 0.751007 0.159549 0.032232 0.080580
0 0.840451 0.241741 0.080580 0.032232
0 0.840451 0.277196 0.080580 0.032232
0 0.840451 0.320709 0.080580 0.032232
0 0.840451 0.353747 0.080580 0.032232
0 0.840451 0.400483 0.080580 0.032232
0 0.840451 0.429492 0.080580 0.032232
0 0.840451 0.456890 0.080580 0.032232
0 0.840451 0.516519 0.080580 0.032232
0 0.840451 0.557615 0.080580 0.032232
0 0.840451 0.587429 0.080580 0.032232
0 0.840451 0.619662 0.080580 0.032232
0 0.840451 0.652699 0.080580 0.032232
0 0.840451 0.703465 0.080580 0.032232
0 0.840451 0.775181 0.080580 0.032232
0 0.762288 0.840451 0.032232 0.080580
0 0.722804 0.840451 0.032232 0.080580
0 0.685737 0.840451 0.032232 0.080580
0 0.653505 0.840451 0.032232 0.080580
0 0.593070 0.840451 0.032232 0.080580
0 0.562450 0.840451 0.032232 0.080580
0 0.521354 0.840451 0.032232 0.080580
0 0.480258 0.840451 0.032232 0.080580
0 0.448026 0.840451 0.032232 0.080580
0 0.416600 0.840451 0.032232 0.080580
0 0.366640 0.840451 0.032232 0.080580
0 0.331185 0.840451 0.032232 0.080580
0 0.295729 0.840451 0.032232 0.080580
0 0.255439 0.840451 0.032232 0.080580
0 0.219178 0.840451 0.032232 0.080580
0 0.159549 0.771958 0.080580 0.032232
0 0.159549 0.736503 0.080580 0.032232
0 0.159549 0.676873 0.080580 0.032232
0 0.159549 0.643030 0.080580 0.032232
0 0.159549 0.606769 0.080580 0.032232
0 0.159549 0.573731 0.080580 0.032232
0 0.159549 0.538276 0.080580 0.032232
0 0.159549 0.502820 0.080580 0.032232
0 0.159549 0.456890 0.080580 0.032232
0 0.159549 0.428687 0.080580 0.032232
0 0.159549 0.398872 0.080580 0.032232
0 0.159549 0.368251 0.080580 0.032232
0 0.159549 0.337631 0.080580 0.032232
0 0.159549 0.296535 0.080580 0.032232
0 0.159549 0.245770 0.080580 0.032232
0 0.159549 0.211120 0.080580 0.032232
0 0.203868 0.135375 0.032232 0.080580
0 0.243352 0.135375 0.032232 0.080580
0 0.282031 0.135375 0.032232 0.080580
0 0.322321 0.135375 0.032232 0.080580
0 0.357776 0.135375 0.032232 0.080580
0 0.393231 0.135375 0.032232 0.080580
0 0.428687 0.135375 0.032232 0.080580
0 0.464948 0.135375 0.032232 0.080580
0 0.520548 0.135375 0.032232 0.080580
0 0.551974 0.135375 0.032232 0.080580
0 0.584206 0.135375 0.032232 0.080580
0 0.619662 0.135375 0.032232 0.080580
0 0.654311 0.135375 0.032232 0.080580
0 0.704271 0.135375 0.032232 0.080580
0 0.742949 0.135375 0.032232 0.080580
0 0.782434 0.135375 0.032232 0.080580
0 0.864625 0.195004 0.080580 0.032232
0 0.864625 0.235294 0.080580 0.032232
0 0.864625 0.274778 0.080580 0.032232
0 0.864625 0.319098 0.080580 0.032232
0 0.864625 0.355359 0.080580 0.032232
0 0.864625 0.400483 0.080580 0.032232
0 0.864625 0.432716 0.080580 0.032232
0 0.864625 0.463336 0.080580 0.032232
0 0.864625 0.517325 0.080580 0.032232
0 0.864625 0.558421 0.080580 0.032232
0 0.864625 0.591459 0.080580 0.032232
0 0.864625 0.627720 0.080580 0.032232
0 0.864625 0.664786 0.080580 0.032232
0 0.864625 0.713940 0.080580 0.032232
0 0.864625 0.755036 0.080580 0.032232
0 0.864625 0.793715 0.080580 0.032232
0 0.789686 0.864625 0.032232 0.080580
0 0.746172 0.864625 0.032232 0.080580
0 0.704271 0.864625 0.032232 0.080580
0 0.666398 0.864625 0.032232 0.080580
0 0.630943 0.864625 0.032232 0.080580
0 0.596293 0.864625 0.032232 0.080580
0 0.561644 0.864625 0.032232 0.080580
0 0.522965 0.864625 0.032232 0.080580
0 0.479452 0.864625 0.032232 0.080580
0 0.445608 0.864625 0.032232 0.080580
0 0.410959 0.864625 0.032232 0.080580
0 0.364222 0.864625 0.032232 0.080580
0 0.325544 0.864625 0.032232 0.080580
0 0.286865 0.864625 0.032232 0.080580
0 0.244158 0.864625 0.032232 0.080580
0 0.203062 0.864625 0.032232 0.080580
0 0.135375 0.794521 0.080580 0.032232
0 0.135375 0.755036 0.080580 0.032232
0 0.135375 0.701048 0.080580 0.032232
0 0.135375 0.660757 0.080580 0.032232
0 0.135375 0.622079 0.080580 0.032232
0 0.135375 0.584206 0.080580 0.032232
0 0.135375 0.547945 0.080580 0.032232
0 0.135375 0.511684 0.080580 0.032232
0 0.135375 0.472200 0.080580 0.032232
0 0.135375 0.432716 0.080580 0.032232
0 0.135375 0.399678 0.080580 0.032232
0 0.135375 0.365834 0.080580 0.032232
0 0.135375 0.331990 0.080580 0.032232
0 0.135375 0.288477 0.080580 0.032232
0 0.135375 0.236906 0.080580 0.032232
0 0.135375 0.197421 0.080580 0.032232
1 0.267328 0.182214 0.040000 0.100000
1 0.298884 0.181814 0.040000 0.100000
1 0.330840 0.181814 0.040000 0.100000
1 0.358002 0.182613 0.040000 0.100000
1 0.385564 0.183412 0.040000 0.100000
1 0.426547 0.180736 0.040000 0.100000
1 0.459621 0.181694 0.040000 0.100000
1 0.520904 0.180903 0.040000 0.100000
1 0.545110 0.181622 0.040000 0.100000
1 0.569076 0.179945 0.040000 0.100000
1 0.594529 0.181862 0.040000 0.100000
1 0.618112 0.183588 0.040000 0.100000
1 0.673068 0.182270 0.040000 0.100000
1 0.700869 0.180832 0.040000 0.100000
1 0.724596 0.183947 0.040000 0.100000
1 0.819053 0.216254 0.100000 0.040000
1 0.820089 0.247660 0.100000 0.040000
1 0.816638 0.280792 0.100000 0.040000
1 0.816003 0.322731 0.100000 0.040000
1 0.817990 0.351058 0.100000 0.040000
1 0.817494 0.401252 0.100000 0.040000
1 0.818848 0.429211 0.100000 0.040000
1 0.817889 0.451500 0.100000 0.040000
1 0.819204 0.516806 0.100000 0.040000
1 0.817606 0.556950 0.100000 0.040000
1 0.819487 0.584395 0.100000 0.040000
1 0.817822 0.612689 0.100000 0.040000
1 0.816890 0.641549 0.100000 0.040000
1 0.818546 0.695083 0.100000 0.040000
1 0.817437 0.728925 0.100000 0.040000
1 0.817992 0.757468 0.100000 0.040000
1 0.738591 0.815751 0.040000 0.100000
1 0.704971 0.818081 0.040000 0.100000
1 0.671584 0.818181 0.040000 0.100000
1 0.643423 0.818380 0.040000 0.100000
1 0.618857 0.820178 0.040000 0.100000
1 0.590656 0.816903 0.040000 0.100000
1 0.565731 0.816663 0.040000 0.100000
1 0.520914 0.817622 0.040000 0.100000
1 0.481608 0.820258 0.040000 0.100000
1 0.450260 0.817382 0.040000 0.100000
1 0.422026 0.818896 0.040000 0.100000
1 0.370498 0.818896 0.040000 0.100000
1 0.337344 0.820054 0.040000 0.100000
1 0.304989 0.818137 0.040000 0.100000
1 0.267102 0.818356 0.040000 0.100000
1 0.234547 0.818157 0.040000 0.100000
1 0.182440 0.752029 0.100000 0.040000
1 0.181042 0.721871 0.100000 0.040000
1 0.183588 0.655580 0.100000 0.040000
1 0.182356 0.627485 0.100000 0.040000
1 0.181757 0.595730 0.100000 0.040000
1 0.181940 0.564956 0.100000 0.040000
1 0.182406 0.516556 0.100000 0.040000
1 0.183006 0.529738 0.100000 0.040000
1 0.181757 0.497533 0.100000 0.040000
1 0.181757 0.460917 0.100000 0.040000
1 0.182423 0.425533 0.100000 0.040000
1 0.182623 0.399569 0.100000 0.040000
1 0.183505 0.373356 0.100000 0.040000
1 0.182673 0.345062 0.100000 0.040000
1 0.182340 0.331248 0.100000 0.040000
1 0.182406 0.306582 0.100000 0.040000
1 0.182406 0.292801 0.100000 0.040000
1 0.181608 0.255613 0.100000 0.040000
1 0.181368 0.223498 0.100000 0.040000
1 0.238648 0.182754 0.040000 0.100000
1 0.250400 0.198139 0.040000 0.100000
1 0.276031 0.196641 0.040000 0.100000
1 0.306155 0.198971 0.040000 0.100000
1 0.335581 0.199038 0.040000 0.100000
1 0.360546 0.198838 0.040000 0.100000
1 0.385312 0.198838 0.040000 0.100000
1 0.426095 0.199078 0.040000 0.100000
1 0.443112 0.197640 0.040000 0.100000
1 0.459888 0.197879 0.040000 0.100000
1 0.521770 0.198215 0.040000 0.100000
1 0.543915 0.197065 0.040000 0.100000
1 0.566060 0.196777 0.040000 0.100000
1 0.588091 0.195742 0.040000 0.100000
1 0.609143 0.197812 0.040000 0.100000
1 0.664465 0.197106 0.040000 0.100000
1 0.689630 0.197825 0.040000 0.100000
1 0.709762 0.197345 0.040000 0.100000
1 0.800739 0.224667 0.100000 0.040000
1 0.801865 0.253979 0.100000 0.040000
1 0.800907 0.282739 0.100000 0.040000
1 0.800847 0.325619 0.100000 0.040000
1 0.802045 0.352581 0.100000 0.040000
1 0.801130 0.402395 0.100000 0.040000
1 0.801230 0.426828 0.100000 0.040000
1 0.801230 0.450795 0.100000 0.040000
1 0.801180 0.518051 0.100000 0.040000
1 0.802445 0.558628 0.100000 0.040000
1 0.802644 0.581995 0.100000 0.040000
1 0.801466 0.689466 0.100000 0.040000
1 0.801266 0.637738 0.100000 0.040000
1 0.801666 0.609178 0.100000 0.040000
1 0.801266 0.720223 0.100000 0.040000
1 0.800787 0.747345 0.100000 0.040000
1 0.727229 0.803208 0.040000 0.100000
1 0.695074 0.804007 0.040000 0.100000
1 0.662959 0.803390 0.040000 0.100000
1 0.639088 0.802239 0.040000 0.100000
1 0.617230 0.801952 0.040000 0.100000
1 0.590484 0.802239 0.040000 0.100000
1 0.567763 0.799939 0.040000 0.100000
1 0.521747 0.801664 0.040000 0.100000
1 0.483405 0.799903 0.040000 0.100000
1 0.454445 0.801101 0.040000 0.100000
1 0.430678 0.800502 0.040000 0.100000
1 0.374556 0.801700 0.040000 0.100000
1 0.343399 0.800981 0.040000 0.100000
1 0.315119 0.800981 0.040000 0.100000
1 0.276149 0.801940 0.040000 0.100000
1 0.246814 0.802227 0.040000 0.100000
1 0.197994 0.742095 0.100000 0.040000
1 0.196076 0.712616 0.100000 0.040000
1 0.199012 0.642973 0.100000 0.040000
1 0.198653 0.617289 0.100000 0.040000
1 0.197934 0.587810 0.100000 0.040000
1 0.198610 0.561030 0.100000 0.040000
1 0.198110 0.511599 0.100000 0.040000
1 0.198110 0.485469 0.100000 0.040000
1 0.199708 0.457707 0.100000 0.040000
1 0.198110 0.425952 0.100000 0.040000
1 0.198030 0.400267 0.100000 0.040000
1 0.197311 0.377020 0.100000 0.040000
1 0.198510 0.351375 0.100000 0.040000
1 0.198030 0.333640 0.100000 0.040000
1 0.196928 0.310728 0.100000 0.040000
1 0.196640 0.296060 0.100000 0.040000
1 0.198366 0.262411 0.100000 0.040000
1 0.195778 0.233364 0.100000 0.040000
1 0.214602 0.242543 0.100000 0.040000
1 0.214487 0.267508 0.100000 0.040000
1 0.214709 0.302534 0.100000 0.040000
1 0.215208 0.319676 0.100000 0.040000
1 0.214709 0.339649 0.100000 0.040000
1 0.213876 0.356126 0.100000 0.040000
1 0.213710 0.380825 0.100000 0.040000
1 0.213510 0.402594 0.100000 0.040000
1 0.214908 0.426361 0.100000 0.040000
1 0.213271 0.447252 0.100000 0.040000
1 0.214546 0.507598 0.100000 0.040000
1 0.215378 0.481468 0.100000 0.040000
1 0.213048 0.557030 0.100000 0.040000
1 0.215161 0.582744 0.100000 0.040000
1 0.214329 0.608208 0.100000 0.040000
1 0.214662 0.632674 0.100000 0.040000
1 0.214479 0.701928 0.100000 0.040000
1 0.213813 0.728724 0.100000 0.040000
1 0.261041 0.784719 0.040000 0.100000
1 0.285008 0.786317 0.040000 0.100000
1 0.323554 0.786717 0.040000 0.100000
1 0.352131 0.787066 0.040000 0.100000
1 0.379093 0.785901 0.040000 0.100000
1 0.437079 0.784104 0.040000 0.100000
1 0.458849 0.785701 0.040000 0.100000
1 0.488590 0.784269 0.040000 0.100000
1 0.516676 0.785771 0.040000 0.100000
1 0.572007 0.786123 0.040000 0.100000
1 0.590814 0.786456 0.040000 0.100000
1 0.614281 0.784459 0.040000 0.100000
1 0.634153 0.785657 0.040000 0.100000
1 0.654925 0.785857 0.040000 0.100000
1 0.681887 0.785257 0.040000 0.100000
1 0.712484 0.783899 0.040000 0.100000
1 0.785786 0.738652 0.100000 0.040000
1 0.786265 0.717082 0.100000 0.040000
1 0.785306 0.686165 0.100000 0.040000
1 0.785087 0.631861 0.100000 0.040000
1 0.784592 0.606628 0.100000 0.040000
1 0.784246 0.582934 0.100000 0.040000
1 0.785286 0.561552 0.100000 0.040000
1 0.784847 0.519065 0.100000 0.040000
1 0.785926 0.426595 0.100000 0.040000
1 0.786897 0.403432 0.100000 0.040000
1 0.786481 0.447122 0.100000 0.040000
1 0.786399 0.354176 0.100000 0.040000
1 0.786232 0.329877 0.100000 0.040000
1 0.786198 0.286897 0.100000 0.040000
1 0.786697 0.259769 0.100000 0.040000
1 0.785532 0.233472 0.100000 0.040000
1 0.697588 0.212195 0.040000 0.100000
1 0.677435 0.214910 0.040000 0.100000
1 0.654134 0.214494 0.040000 0.100000
1 0.601513 0.213579 0.040000 0.100000
1 0.580875 0.214245 0.040000 0.100000
1 0.563233 0.213213 0.040000 0.100000
1 0.543061 0.214211 0.040000 0.100000
1 0.523289 0.214411 0.040000 0.100000
1 0.465965 0.215419 0.040000 0.100000
1 0.443427 0.216090 0.040000 0.100000
1 0.426922 0.215396 0.040000 0.100000
1 0.384870 0.213022 0.040000 0.100000
1 0.363300 0.213621 0.040000 0.100000
1 0.339333 0.213621 0.040000 0.100000
1 0.314448 0.213941 0.040000 0.100000
1 0.288564 0.214420 0.040000 0.100000
1 0.265316 0.214660 0.040000 0.100000
1 0.279365 0.232019 0.040000 0.100000
1 0.300360 0.230869 0.040000 0.100000
1 0.322826 0.229972 0.040000 0.100000
1 0.343677 0.229972 0.040000 0.100000
1 0.365247 0.230452 0.040000 0.100000
1 0.384660 0.230931 0.040000 0.100000
1 0.426630 0.231318 0.040000 0.100000
1 0.444805 0.230919 0.040000 0.100000
1 0.466774 0.231119 0.040000 0.100000
1 0.524693 0.231718 0.040000 0.100000
1 0.541670 0.230519 0.040000 0.100000
1 0.559265 0.231898 0.040000 0.100000
1 0.575643 0.230899 0.040000 0.100000
1 0.592619 0.231099 0.040000 0.100000
1 0.650575 0.229984 0.040000 0.100000
1 0.668217 0.229484 0.040000 0.100000
1 0.683363 0.231648 0.040000 0.100000
1 0.769826 0.242050 0.100000 0.040000
1 0.768993 0.267182 0.100000 0.040000
1 0.769326 0.289651 0.100000 0.040000
1 0.769285 0.334408 0.100000 0.040000
1 0.769423 0.354796 0.100000 0.040000
1 0.768561 0.406871 0.100000 0.040000
1 0.768699 0.426843 0.100000 0.040000
1 0.767590 0.445983 0.100000 0.040000
1 0.768264 0.518879 0.100000 0.040000
1 0.769235 0.564648 0.100000 0.040000
1 0.769199 0.583881 0.100000 0.040000
1 0.769199 0.604852 0.100000 0.040000
1 0.769199 0.627621 0.100000 0.040000
1 0.768883 0.684059 0.100000 0.040000
1 0.768980 0.708788 0.100000 0.040000
1 0.768703 0.728760 0.100000 0.040000
1 0.701546 0.768614 0.040000 0.100000
1 0.672281 0.769169 0.040000 0.100000
1 0.647812 0.768463 0.040000 0.100000
1 0.630591 0.769850 0.040000 0.100000
1 0.613370 0.769850 0.040000 0.100000
1 0.593467 0.769388 0.040000 0.100000
1 0.574743 0.770636 0.040000 0.100000
1 0.524202 0.769693 0.040000 0.100000
1 0.491015 0.770426 0.040000 0.100000
1 0.461456 0.770426 0.040000 0.100000
1 0.443681 0.769427 0.040000 0.100000
1 0.383448 0.768711 0.040000 0.100000
1 0.357859 0.768412 0.040000 0.100000
1 0.333393 0.769078 0.040000 0.100000
1 0.299440 0.768579 0.040000 0.100000
1 0.273842 0.769544 0.040000 0.100000
1 0.231302 0.720812 0.100000 0.040000
1 0.230273 0.692981 0.100000 0.040000
1 0.231105 0.621830 0.100000 0.040000
1 0.229790 0.601332 0.100000 0.040000
1 0.230221 0.578588 0.100000 0.040000
1 0.231084 0.555292 0.100000 0.040000
1 0.230509 0.519054 0.100000 0.040000
1 0.230796 0.502661 0.100000 0.040000
1 0.229934 0.485980 0.100000 0.040000
1 0.231003 0.458107 0.100000 0.040000
1 0.229804 0.427430 0.100000 0.040000
1 0.228846 0.407298 0.100000 0.040000
1 0.231003 0.386447 0.100000 0.040000
1 0.229808 0.362628 0.100000 0.040000
1 0.230767 0.346810 0.100000 0.040000
1 0.229089 0.327876 0.100000 0.040000
1 0.230288 0.309901 0.100000 0.040000
1 0.229808 0.276108 0.100000 0.040000
1 0.230288 0.253340 0.100000 0.040000
1 0.292015 0.245781 0.040000 0.100000
1 0.312866 0.246979 0.040000 0.100000
1 0.328924 0.245541 0.040000 0.100000
1 0.348816 0.245062 0.040000 0.100000
1 0.367030 0.244583 0.040000 0.100000
1 0.385005 0.247459 0.040000 0.100000
1 0.427474 0.245637 0.040000 0.100000
1 0.445306 0.245925 0.040000 0.100000
1 0.466588 0.245062 0.040000 0.100000
1 0.526385 0.245210 0.040000 0.100000
1 0.541723 0.245690 0.040000 0.100000
1 0.556822 0.246409 0.040000 0.100000
1 0.569285 0.247128 0.040000 0.100000
1 0.584144 0.246888 0.040000 0.100000
1 0.642144 0.245210 0.040000 0.100000
1 0.657482 0.246169 0.040000 0.100000
1 0.671862 0.247128 0.040000 0.100000
1 0.754759 0.274206 0.100000 0.040000
1 0.753361 0.252836 0.100000 0.040000
1 0.754959 0.293979 0.100000 0.040000
1 0.752969 0.338868 0.100000 0.040000
1 0.753545 0.357562 0.100000 0.040000
1 0.752107 0.410768 0.100000 0.040000
1 0.751244 0.427449 0.100000 0.040000
1 0.751819 0.444130 0.100000 0.040000
1 0.753812 0.520220 0.100000 0.040000
1 0.753413 0.567554 0.100000 0.040000
1 0.752015 0.584530 0.100000 0.040000
1 0.752294 0.602545 0.100000 0.040000
1 0.753972 0.624355 0.100000 0.040000
1 0.752993 0.533797 0.100000 0.040000
1 0.751480 0.680756 0.100000 0.040000
1 0.752278 0.702726 0.100000 0.040000
1 0.754675 0.722099 0.100000 0.040000
1 0.690165 0.754254 0.040000 0.100000
1 0.663785 0.754337 0.040000 0.100000
1 0.642315 0.754004 0.040000 0.100000
1 0.626337 0.753672 0.040000 0.100000
1 0.612689 0.753672 0.040000 0.100000
1 0.593480 0.753630 0.040000 0.100000
1 0.576143 0.754185 0.040000 0.100000
1 0.524311 0.753550 0.040000 0.100000
1 0.492755 0.754748 0.040000 0.100000
1 0.465992 0.753950 0.040000 0.100000
1 0.450214 0.754549 0.040000 0.100000
1 0.388101 0.753950 0.040000 0.100000
1 0.364374 0.755148 0.040000 0.100000
1 0.342085 0.754908 0.040000 0.100000
1 0.309230 0.753850 0.040000 0.100000
1 0.291056 0.753251 0.040000 0.100000
1 0.246714 0.711220 0.100000 0.040000
1 0.245716 0.687254 0.100000 0.040000
1 0.248894 0.612242 0.100000 0.040000
1 0.247729 0.594100 0.100000 0.040000
1 0.247896 0.574328 0.100000 0.040000
1 0.248695 0.551959 0.100000 0.040000
1 0.247257 0.514091 0.100000 0.040000
1 0.247257 0.485331 0.100000 0.040000
1 0.247544 0.500383 0.100000 0.040000
1 0.246682 0.446314 0.100000 0.040000
1 0.244956 0.458393 0.100000 0.040000
1 0.247513 0.429779 0.100000 0.040000
1 0.245682 0.411637 0.100000 0.040000
1 0.246182 0.392497 0.100000 0.040000
1 0.247180 0.368697 0.100000 0.040000
1 0.247222 0.352289 0.100000 0.040000
1 0.246667 0.333982 0.100000 0.040000
1 0.246944 0.317338 0.100000 0.040000
1 0.246081 0.284415 0.100000 0.040000
1 0.247051 0.261946 0.100000 0.040000
