0 0.198547 0.129944 0.032284 0.080710
0 0.241324 0.129944 0.032284 0.080710
0 0.280872 0.129944 0.032284 0.080710
0 0.322034 0.129944 0.032284 0.080710
0 0.359161 0.129944 0.032284 0.080710
0 0.395480 0.129944 0.032284 0.080710
0 0.429379 0.129944 0.032284 0.080710
0 0.466505 0.129944 0.032284 0.080710
0 0.520581 0.129944 0.032284 0.080710
0 0.552058 0.129944 0.032284 0.080710
0 0.585956 0.129944 0.032284 0.080710
0 0.621469 0.129944 0.032284 0.080710
0 0.657789 0.129944 0.032284 0.080710
0 0.707022 0.129944 0.032284 0.080710
0 0.747377 0.129944 0.032284 0.080710
0 0.789346 0.129944 0.032284 0.080710
0 0.870056 0.199354 0.080710 0.032284
0 0.870056 0.241324 0.080710 0.032284
0 0.870056 0.282486 0.080710 0.032284
0 0.870056 0.327684 0.080710 0.032284
0 0.870056 0.365617 0.080710 0.032284
0 0.870056 0.410008 0.080710 0.032284
0 0.870056 0.443099 0.080710 0.032284
0 0.870056 0.472155 0.080710 0.032284
0 0.870056 0.523810 0.080710 0.032284
0 0.870056 0.567393 0.080710 0.032284
0 0.870056 0.600484 0.080710 0.032284
0 0.870056 0.637611 0.080710 0.032284
0 0.870056 0.674738 0.080710 0.032284
0 0.870056 0.722357 0.080710 0.032284
0 0.870056 0.763519 0.080710 0.032284
0 0.870056 0.805488 0.080710 0.032284
0 0.796610 0.870056 0.032284 0.080710
0 0.753027 0.870056 0.032284 0.080710
0 0.711057 0.870056 0.032284 0.080710
0 0.672316 0.870056 0.032284 0.080710
0 0.635997 0.870056 0.032284 0.080710
0 0.599677 0.870056 0.032284 0.080710
0 0.564165 0.870056 0.032284 0.080710
0 0.526231 0.870056 0.032284 0.080710
0 0.481033 0.870056 0.032284 0.080710
0 0.446328 0.870056 0.032284 0.080710
0 0.410815 0.870056 0.032284 0.080710
0 0.364003 0.870056 0.032284 0.080710
0 0.325262 0.870056 0.032284 0.080710
0 0.284100 0.870056 0.032284 0.080710
0 0.242131 0.870056 0.032284 0.080710
0 0.201776 0.870056 0.032284 0.080710
0 0.129944 0.806295 0.080710 0.032284
0 0.129944 0.764326 0.080710 0.032284
0 0.129944 0.712672 0.080710 0.032284
0 0.129944 0.671509 0.080710 0.032284
0 0.129944 0.632768 0.080710 0.032284
0 0.129944 0.595642 0.080710 0.032284
0 0.129944 0.554479 0.080710 0.032284
0 0.129944 0.518967 0.080710 0.032284
0 0.129944 0.477805 0.080710 0.032284
0 0.129944 0.443099 0.080710 0.032284
0 0.129944 0.408394 0.080710 0.032284
0 0.129944 0.333333 0.080710 0.032284
0 0.129944 0.289750 0.080710 0.032284
0 0.129944 0.238902 0.080710 0.032284
0 0.129944 0.200161 0.080710 0.032284
0 0.205004 0.139629 0.032284 0.080710
0 0.245359 0.139629 0.032284 0.080710
0 0.284100 0.139629 0.032284 0.080710
0 0.323648 0.139629 0.032284 0.080710
0 0.359161 0.139629 0.032284 0.080710
0 0.394673 0.139629 0.032284 0.080710
0 0.428571 0.139629 0.032284 0.080710
0 0.464891 0.139629 0.032284 0.080710
0 0.520581 0.139629 0.032284 0.080710
0 0.550444 0.139629 0.032284 0.080710
0 0.582728 0.139629 0.032284 0.080710
0 0.615012 0.139629 0.032284 0.080710
0 0.648910 0.139629 0.032284 0.080710
0 0.698951 0.139629 0.032284 0.080710
0 0.738499 0.139629 0.032284 0.080710
0 0.777240 0.139629 0.032284 0.080710
0 0.860371 0.207425 0.080710 0.032284
0 0.860371 0.246973 0.080710 0.032284
0 0.860371 0.286521 0.080710 0.032284
0 0.860371 0.331719 0.080710 0.032284
0 0.860371 0.367232 0.080710 0.032284
0 0.860371 0.413236 0.080710 0.032284
0 0.860371 0.444713 0.080710 0.032284
0 0.860371 0.472155 0.080710 0.032284
0 0.860371 0.524617 0.080710 0.032284
0 0.860371 0.569007 0.080710 0.032284
0 0.860371 0.601291 0.080710 0.032284
0 0.860371 0.636804 0.080710 0.032284
0 0.860371 0.672316 0.080710 0.032284
0 0.860371 0.721550 0.080710 0.032284
0 0.860371 0.760291 0.080710 0.032284
0 0.860371 0.800646 0.080710 0.032284
0 0.786118 0.860371 0.032284 0.080710
0 0.744149 0.860371 0.032284 0.080710
0 0.703793 0.860371 0.032284 0.080710
0 0.632768 0.860371 0.032284 0.080710
0 0.598870 0.860371 0.032284 0.080710
0 0.564972 0.860371 0.032284 0.080710
0 0.524617 0.860371 0.032284 0.080710
0 0.481840 0.860371 0.032284 0.080710
0 0.445521 0.860371 0.032284 0.080710
0 0.413236 0.860371 0.032284 0.080710
0 0.364810 0.860371 0.032284 0.080710
0 0.326877 0.860371 0.032284 0.080710
0 0.288136 0.860371 0.032284 0.080710
0 0.246973 0.860371 0.032284 0.080710
0 0.208232 0.860371 0.032284 0.080710
0 0.139629 0.801453 0.080710 0.032284
0 0.139629 0.761098 0.080710 0.032284
0 0.139629 0.707022 0.080710 0.032284
0 0.139629 0.668281 0.080710 0.032284
0 0.139629 0.630347 0.080710 0.032284
0 0.139629 0.594027 0.080710 0.032284
0 0.139629 0.552865 0.080710 0.032284
0 0.139629 0.517353 0.080710 0.032284
0 0.139629 0.478612 0.080710 0.032284
0 0.139629 0.444713 0.080710 0.032284
0 0.139629 0.410008 0.080710 0.032284
0 0.139629 0.375303 0.080710 0.032284
0 0.139629 0.337369 0.080710 0.032284
0 0.139629 0.294592 0.080710 0.032284
0 0.139629 0.244552 0.080710 0.032284
0 0.139629 0.204197 0.080710 0.032284
0 0.209040 0.144471 0.032284 0.080710
0 0.247780 0.144471 0.032284 0.080710
0 0.285714 0.144471 0.032284 0.080710
0 0.324455 0.144471 0.032284 0.080710
0 0.359161 0.144471 0.032284 0.080710
0 0.393866 0.144471 0.032284 0.080710
0 0.428571 0.144471 0.032284 0.080710
0 0.464084 0.144471 0.032284 0.080710
0 0.520581 0.144471 0.032284 0.080710
0 0.548830 0.144471 0.032284 0.080710
0 0.580307 0.144471 0.032284 0.080710
0 0.612591 0.144471 0.032284 0.080710
0 0.645682 0.144471 0.032284 0.080710
0 0.695722 0.144471 0.032284 0.080710
0 0.733656 0.144471 0.032284 0.080710
0 0.771590 0.144471 0.032284 0.080710
0 0.855529 0.211461 0.080710 0.032284
0 0.855529 0.250202 0.080710 0.032284
0 0.855529 0.333333 0.080710 0.032284
0 0.855529 0.368846 0.080710 0.032284
0 0.855529 0.414044 0.080710 0.032284
0 0.855529 0.444713 0.080710 0.032284
0 0.855529 0.471348 0.080710 0.032284
0 0.855529 0.526231 0.080710 0.032284
0 0.855529 0.570621 0.080710 0.032284
0 0.855529 0.602098 0.080710 0.032284
0 0.855529 0.635997 0.080710 0.032284
0 0.855529 0.720743 0.080710 0.032284
0 0.855529 0.758676 0.080710 0.032284
0 0.855529 0.798224 0.080710 0.032284
0 0.780468 0.855529 0.032284 0.080710
0 0.740113 0.855529 0.032284 0.080710
0 0.665052 0.855529 0.032284 0.080710
0 0.631154 0.855529 0.032284 0.080710
0 0.598870 0.855529 0.032284 0.080710
0 0.519774 0.855529 0.032284 0.080710
0 0.481840 0.855529 0.032284 0.080710
0 0.446328 0.855529 0.032284 0.080710
0 0.414851 0.855529 0.032284 0.080710
0 0.365617 0.855529 0.032284 0.080710
0 0.328491 0.855529 0.032284 0.080710
0 0.289750 0.855529 0.032284 0.080710
0 0.248588 0.855529 0.032284 0.080710
0 0.211461 0.855529 0.032284 0.080710
0 0.144471 0.799031 0.080710 0.032284
0 0.144471 0.758676 0.080710 0.032284
0 0.144471 0.704600 0.080710 0.032284
0 0.144471 0.666667 0.080710 0.032284
0 0.144471 0.628733 0.080710 0.032284
0 0.144471 0.594027 0.080710 0.032284
0 0.144471 0.552058 0.080710 0.032284
0 0.144471 0.517353 0.080710 0.032284
0 0.144471 0.477805 0.080710 0.032284
0 0.144471 0.444713 0.080710 0.032284
0 0.144471 0.411622 0.080710 0.032284
0 0.144471 0.376917 0.080710 0.032284
0 0.144471 0.339790 0.080710 0.032284
0 0.144471 0.296207 0.080710 0.032284
0 0.144471 0.246973 0.080710 0.032284
0 0.144471 0.207425 0.080710 0.032284
0 0.211461 0.149314 0.032284 0.080710
0 0.250202 0.149314 0.032284 0.080710
0 0.287328 0.149314 0.032284 0.080710
0 0.325262 0.149314 0.032284 0.080710
0 0.359161 0.149314 0.032284 0.080710
0 0.393059 0.149314 0.032284 0.080710
0 0.427764 0.149314 0.032284 0.080710
0 0.464084 0.149314 0.032284 0.080710
0 0.520581 0.149314 0.032284 0.080710
0 0.548830 0.149314 0.032284 0.080710
0 0.578692 0.149314 0.032284 0.080710
0 0.610169 0.149314 0.032284 0.080710
0 0.641646 0.149314 0.032284 0.080710
0 0.691687 0.149314 0.032284 0.080710
0 0.728814 0.149314 0.032284 0.080710
0 0.765940 0.149314 0.032284 0.080710
0 0.850686 0.215496 0.080710 0.032284
0 0.850686 0.252623 0.080710 0.032284
0 0.850686 0.290557 0.080710 0.032284
0 0.850686 0.335755 0.080710 0.032284
0 0.850686 0.369653 0.080710 0.032284
0 0.850686 0.415658 0.080710 0.032284
0 0.850686 0.445521 0.080710 0.032284
0 0.850686 0.471348 0.080710 0.032284
0 0.850686 0.527038 0.080710 0.032284
0 0.850686 0.571429 0.080710 0.032284
0 0.850686 0.669895 0.080710 0.032284
0 0.850686 0.719935 0.080710 0.032284
0 0.850686 0.757062 0.080710 0.032284
0 0.850686 0.796610 0.080710 0.032284
0 0.775626 0.850686 0.032284 0.080710
0 0.735270 0.850686 0.032284 0.080710
0 0.697337 0.850686 0.032284 0.080710
0 0.663438 0.850686 0.032284 0.080710
0 0.630347 0.850686 0.032284 0.080710
0 0.598063 0.850686 0.032284 0.080710
0 0.565779 0.850686 0.032284 0.080710
0 0.523810 0.850686 0.032284 0.080710
0 0.481840 0.850686 0.032284 0.080710
0 0.447135 0.850686 0.032284 0.080710
0 0.415658 0.850686 0.032284 0.080710
0 0.365617 0.850686 0.032284 0.080710
0 0.329298 0.850686 0.032284 0.080710
0 0.291364 0.850686 0.032284 0.080710
0 0.251009 0.850686 0.032284 0.080710
0 0.214689 0.850686 0.032284 0.080710
0 0.149314 0.795803 0.080710 0.032284
0 0.149314 0.757869 0.080710 0.032284
0 0.149314 0.702179 0.080710 0.032284
0 0.149314 0.665052 0.080710 0.032284
0 0.149314 0.627926 0.080710 0.032284
0 0.149314 0.593220 0.080710 0.032284
0 0.149314 0.551251 0.080710 0.032284
0 0.149314 0.516546 0.080710 0.032284
0 0.149314 0.478612 0.080710 0.032284
0 0.149314 0.445521 0.080710 0.032284
0 0.149314 0.412429 0.080710 0.032284
0 0.149314 0.379338 0.080710 0.032284
0 0.149314 0.341404 0.080710 0.032284
0 0.149314 0.299435 0.080710 0.032284
0 0.149314 0.250202 0.080710 0.032284
0 0.149314 0.211461 0.080710 0.032284
0 0.214689 0.154157 0.032284 0.080710
0 0.252623 0.154157 0.032284 0.080710
0 0.289750 0.154157 0.032284 0.080710
0 0.326069 0.154157 0.032284 0.080710
0 0.359161 0.154157 0.032284 0.080710
0 0.392252 0.154157 0.032284 0.080710
0 0.427764 0.154157 0.032284 0.080710
0 0.463277 0.154157 0.032284 0.080710
0 0.520581 0.154157 0.032284 0.080710
0 0.577078 0.154157 0.032284 0.080710
0 0.606941 0.154157 0.032284 0.080710
0 0.637611 0.154157 0.032284 0.080710
0 0.688458 0.154157 0.032284 0.080710
0 0.723971 0.154157 0.032284 0.080710
0 0.759483 0.154157 0.032284 0.080710
0 0.845843 0.218725 0.080710 0.032284
0 0.845843 0.255044 0.080710 0.032284
0 0.845843 0.292978 0.080710 0.032284
0 0.845843 0.337369 0.080710 0.032284
0 0.845843 0.370460 0.080710 0.032284
0 0.845843 0.417272 0.080710 0.032284
0 0.845843 0.445521 0.080710 0.032284
0 0.845843 0.527845 0.080710 0.032284
0 0.845843 0.602098 0.080710 0.032284
0 0.845843 0.635190 0.080710 0.032284
0 0.845843 0.669088 0.080710 0.032284
0 0.845843 0.719128 0.080710 0.032284
0 0.845843 0.755448 0.080710 0.032284
0 0.845843 0.794189 0.080710 0.032284
0 0.770783 0.845843 0.032284 0.080710
0 0.731235 0.845843 0.032284 0.080710
0 0.694108 0.845843 0.032284 0.080710
0 0.661017 0.845843 0.032284 0.080710
0 0.628733 0.845843 0.032284 0.080710
0 0.597256 0.845843 0.032284 0.080710
0 0.565779 0.845843 0.032284 0.080710
0 0.523810 0.845843 0.032284 0.080710
0 0.482647 0.845843 0.032284 0.080710
0 0.447135 0.845843 0.032284 0.080710
0 0.416465 0.845843 0.032284 0.080710
0 0.366425 0.845843 0.032284 0.080710
0 0.330105 0.845843 0.032284 0.080710
0 0.292978 0.845843 0.032284 0.080710
0 0.253430 0.845843 0.032284 0.080710
0 0.217918 0.845843 0.032284 0.080710
0 0.154157 0.793382 0.080710 0.032284
0 0.154157 0.755448 0.080710 0.032284
0 0.154157 0.698951 0.080710 0.032284
0 0.154157 0.662631 0.080710 0.032284
0 0.154157 0.627119 0.080710 0.032284
0 0.154157 0.593220 0.080710 0.032284
0 0.154157 0.549637 0.080710 0.032284
0 0.154157 0.515738 0.080710 0.032284
0 0.154157 0.477805 0.080710 0.032284
0 0.154157 0.445521 0.080710 0.032284
0 0.154157 0.414044 0.080710 0.032284
0 0.154157 0.380952 0.080710 0.032284
0 0.154157 0.343826 0.080710 0.032284
0 0.154157 0.301856 0.080710 0.032284
0 0.154157 0.252623 0.080710 0.032284
0 0.154157 0.215496 0.080710 0.032284
0 0.217918 0.158999 0.032284 0.080710
0 0.255044 0.158999 0.032284 0.080710
0 0.291364 0.158999 0.032284 0.080710
0 0.326877 0.158999 0.032284 0.080710
0 0.359161 0.158999 0.032284 0.080710
0 0.392252 0.158999 0.032284 0.080710
0 0.427764 0.158999 0.032284 0.080710
0 0.463277 0.158999 0.032284 0.080710
0 0.520581 0.158999 0.032284 0.080710
0 0.547215 0.158999 0.032284 0.080710
0 0.575464 0.158999 0.032284 0.080710
0 0.604520 0.158999 0.032284 0.080710
0 0.634383 0.158999 0.032284 0.080710
0 0.685230 0.158999 0.032284 0.080710
0 0.719935 0.158999 0.032284 0.080710
0 0.753834 0.158999 0.032284 0.080710
0 0.841001 0.222760 0.080710 0.032284
0 0.841001 0.258273 0.080710 0.032284
0 0.841001 0.338983 0.080710 0.032284
0 0.841001 0.371267 0.080710 0.032284
0 0.841001 0.446328 0.080710 0.032284
0 0.841001 0.471348 0.080710 0.032284
0 0.841001 0.528652 0.080710 0.032284
0 0.841001 0.602906 0.080710 0.032284
0 0.841001 0.667474 0.080710 0.032284
0 0.841001 0.718321 0.080710 0.032284
0 0.841001 0.753834 0.080710 0.032284
0 0.841001 0.791768 0.080710 0.032284
0 0.765940 0.841001 0.032284 0.080710
0 0.727199 0.841001 0.032284 0.080710
0 0.690880 0.841001 0.032284 0.080710
0 0.658596 0.841001 0.032284 0.080710
0 0.627926 0.841001 0.032284 0.080710
0 0.597256 0.841001 0.032284 0.080710
0 0.566586 0.841001 0.032284 0.080710
0 0.523810 0.841001 0.032284 0.080710
0 0.482647 0.841001 0.032284 0.080710
0 0.447942 0.841001 0.032284 0.080710
0 0.418079 0.841001 0.032284 0.080710
0 0.330912 0.841001 0.032284 0.080710
0 0.294592 0.841001 0.032284 0.080710
0 0.255044 0.841001 0.032284 0.080710
0 0.221146 0.841001 0.032284 0.080710
0 0.158999 0.790153 0.080710 0.032284
0 0.158999 0.753834 0.080710 0.032284
0 0.158999 0.697337 0.080710 0.032284
0 0.158999 0.661017 0.080710 0.032284
0 0.158999 0.625504 0.080710 0.032284
0 0.158999 0.592413 0.080710 0.032284
0 0.158999 0.549637 0.080710 0.032284
0 0.158999 0.514931 0.080710 0.032284
0 0.158999 0.477805 0.080710 0.032284
0 0.158999 0.446328 0.080710 0.032284
0 0.158999 0.414851 0.080710 0.032284
0 0.158999 0.382567 0.080710 0.032284
0 0.158999 0.346247 0.080710 0.032284
0 0.158999 0.304278 0.080710 0.032284
0 0.158999 0.255044 0.080710 0.032284
0 0.158999 0.218725 0.080710 0.032284
0 0.201776 0.134786 0.032284 0.080710
0 0.242938 0.134786 0.032284 0.080710
0 0.282486 0.134786 0.032284 0.080710
0 0.322841 0.134786 0.032284 0.080710
0 0.359161 0.134786 0.032284 0.080710
0 0.395480 0.134786 0.032284 0.080710
0 0.428571 0.134786 0.032284 0.080710
0 0.465698 0.134786 0.032284 0.080710
0 0.520581 0.134786 0.032284 0.080710
0 0.551251 0.134786 0.032284 0.080710
0 0.584342 0.134786 0.032284 0.080710
0 0.618241 0.134786 0.032284 0.080710
0 0.653753 0.134786 0.032284 0.080710
0 0.702986 0.134786 0.032284 0.080710
0 0.743341 0.134786 0.032284 0.080710
0 0.782889 0.134786 0.032284 0.080710
0 0.865214 0.203390 0.080710 0.032284
0 0.865214 0.243745 0.080710 0.032284
0 0.865214 0.284100 0.080710 0.032284
0 0.865214 0.329298 0.080710 0.032284
0 0.865214 0.366425 0.080710 0.032284
0 0.865214 0.411622 0.080710 0.032284
0 0.865214 0.443906 0.080710 0.032284
0 0.865214 0.472155 0.080710 0.032284
0 0.865214 0.524617 0.080710 0.032284
0 0.865214 0.568200 0.080710 0.032284
0 0.865214 0.601291 0.080710 0.032284
0 0.865214 0.636804 0.080710 0.032284
0 0.865214 0.673931 0.080710 0.032284
0 0.865214 0.722357 0.080710 0.032284
0 0.865214 0.761905 0.080710 0.032284
0 0.865214 0.803067 0.080710 0.032284
0 0.790960 0.865214 0.032284 0.080710
0 0.748991 0.865214 0.032284 0.080710
0 0.707829 0.865214 0.032284 0.080710
0 0.669895 0.865214 0.032284 0.080710
0 0.633575 0.865214 0.032284 0.080710
0 0.598870 0.865214 0.032284 0.080710
0 0.564165 0.865214 0.032284 0.080710
0 0.525424 0.865214 0.032284 0.080710
0 0.481033 0.865214 0.032284 0.080710
0 0.445521 0.865214 0.032284 0.080710
0 0.411622 0.865214 0.032284 0.080710
0 0.364810 0.865214 0.032284 0.080710
0 0.326069 0.865214 0.032284 0.080710
0 0.285714 0.865214 0.032284 0.080710
0 0.244552 0.865214 0.032284 0.080710
0 0.205004 0.865214 0.032284 0.080710
0 0.134786 0.803874 0.080710 0.032284
0 0.134786 0.762712 0.080710 0.032284
0 0.134786 0.710250 0.080710 0.032284
0 0.134786 0.669895 0.080710 0.032284
0 0.134786 0.631154 0.080710 0.032284
0 0.134786 0.594835 0.080710 0.032284
0 0.134786 0.553672 0.080710 0.032284
0 0.134786 0.517353 0.080710 0.032284
0 0.134786 0.478612 0.080710 0.032284
0 0.134786 0.443906 0.080710 0.032284
0 0.134786 0.409201 0.080710 0.032284
0 0.134786 0.372881 0.080710 0.032284
0 0.134786 0.334948 0.080710 0.032284
0 0.134786 0.292171 0.080710 0.032284
0 0.134786 0.241324 0.080710 0.032284
0 0.134786 0.200161 0.080710 0.032284
1 0.234747 0.181545 0.040000 0.100000
1 0.269259 0.182120 0.040000 0.100000
1 0.300607 0.181832 0.040000 0.100000
1 0.333393 0.182983 0.040000 0.100000
1 0.359853 0.183846 0.040000 0.100000
1 0.389288 0.182228 0.040000 0.100000
1 0.427538 0.182515 0.040000 0.100000
1 0.444219 0.181365 0.040000 0.100000
1 0.468953 0.182515 0.040000 0.100000
1 0.521310 0.181092 0.040000 0.100000
1 0.543839 0.181571 0.040000 0.100000
1 0.569243 0.182530 0.040000 0.100000
1 0.593689 0.182290 0.040000 0.100000
1 0.618375 0.182530 0.040000 0.100000
1 0.668992 0.181667 0.040000 0.100000
1 0.701204 0.181667 0.040000 0.100000
1 0.730539 0.181667 0.040000 0.100000
1 0.819373 0.239480 0.100000 0.040000
1 0.817775 0.268639 0.100000 0.040000
1 0.817775 0.302193 0.100000 0.040000
1 0.817655 0.345812 0.100000 0.040000
1 0.817372 0.373781 0.100000 0.040000
1 0.816963 0.422803 0.100000 0.040000
1 0.817795 0.446436 0.100000 0.040000
1 0.818294 0.468073 0.100000 0.040000
1 0.817562 0.528522 0.100000 0.040000
1 0.818161 0.543701 0.100000 0.040000
1 0.819218 0.631803 0.100000 0.040000
1 0.818524 0.602677 0.100000 0.040000
1 0.820744 0.576741 0.100000 0.040000
1 0.818524 0.660652 0.100000 0.040000
1 0.818038 0.713372 0.100000 0.040000
1 0.818997 0.743809 0.100000 0.040000
1 0.817779 0.778182 0.100000 0.040000
1 0.741405 0.817766 0.040000 0.100000
1 0.708044 0.818006 0.040000 0.100000
1 0.678133 0.820307 0.040000 0.100000
1 0.649949 0.818869 0.040000 0.100000
1 0.623777 0.816856 0.040000 0.100000
1 0.597677 0.818509 0.040000 0.100000
1 0.569397 0.819228 0.040000 0.100000
1 0.523621 0.821146 0.040000 0.100000
1 0.485961 0.819779 0.040000 0.100000
1 0.452224 0.818913 0.040000 0.100000
1 0.425756 0.818450 0.040000 0.100000
1 0.371526 0.816763 0.040000 0.100000
1 0.338239 0.817456 0.040000 0.100000
1 0.303987 0.816924 0.040000 0.100000
1 0.269235 0.817123 0.040000 0.100000
1 0.239756 0.819041 0.040000 0.100000
1 0.181517 0.778058 0.100000 0.040000
1 0.182092 0.744696 0.100000 0.040000
1 0.182092 0.684300 0.100000 0.040000
1 0.180221 0.651748 0.100000 0.040000
1 0.183217 0.618627 0.100000 0.040000
1 0.181719 0.589335 0.100000 0.040000
1 0.181253 0.544497 0.100000 0.040000
1 0.181013 0.512262 0.100000 0.040000
1 0.180054 0.478709 0.100000 0.040000
1 0.181732 0.447792 0.100000 0.040000
1 0.180294 0.419943 0.100000 0.040000
1 0.179719 0.391758 0.100000 0.040000
1 0.181732 0.354082 0.100000 0.040000
1 0.181962 0.316292 0.100000 0.040000
1 0.180582 0.265559 0.100000 0.040000
1 0.180927 0.234844 0.100000 0.040000
1 0.389309 0.195867 0.040000 0.100000
1 0.361987 0.196586 0.040000 0.100000
1 0.336103 0.195628 0.040000 0.100000
1 0.306384 0.195148 0.040000 0.100000
1 0.277864 0.198024 0.040000 0.100000
1 0.425978 0.198024 0.040000 0.100000
1 0.445870 0.196586 0.040000 0.100000
1 0.467248 0.196251 0.040000 0.100000
1 0.521604 0.197114 0.040000 0.100000
1 0.542599 0.196826 0.040000 0.100000
1 0.567012 0.196284 0.040000 0.100000
1 0.589301 0.194846 0.040000 0.100000
1 0.610870 0.196524 0.040000 0.100000
1 0.662207 0.197578 0.040000 0.100000
1 0.690104 0.197291 0.040000 0.100000
1 0.714262 0.197578 0.040000 0.100000
1 0.802119 0.249092 0.100000 0.040000
1 0.801640 0.275216 0.100000 0.040000
1 0.801640 0.307092 0.100000 0.040000
1 0.801113 0.349800 0.100000 0.040000
1 0.800538 0.374534 0.100000 0.040000
1 0.802637 0.424950 0.100000 0.040000
1 0.802062 0.447095 0.100000 0.040000
1 0.801487 0.472404 0.100000 0.040000
1 0.802134 0.530906 0.100000 0.040000
1 0.801415 0.544567 0.100000 0.040000
1 0.802716 0.654910 0.100000 0.040000
1 0.801884 0.628281 0.100000 0.040000
1 0.801884 0.601817 0.100000 0.040000
1 0.801951 0.577518 0.100000 0.040000
1 0.802446 0.708951 0.100000 0.040000
1 0.801296 0.738574 0.100000 0.040000
1 0.801583 0.770497 0.100000 0.040000
1 0.727908 0.800845 0.040000 0.100000
1 0.696452 0.801843 0.040000 0.100000
1 0.669489 0.802509 0.040000 0.100000
1 0.644524 0.801843 0.040000 0.100000
1 0.621935 0.800847 0.040000 0.100000
1 0.596370 0.801446 0.040000 0.100000
1 0.572404 0.801646 0.040000 0.100000
1 0.523442 0.801942 0.040000 0.100000
1 0.489989 0.802775 0.040000 0.100000
1 0.454871 0.803107 0.040000 0.100000
1 0.432402 0.801610 0.040000 0.100000
1 0.375714 0.803174 0.040000 0.100000
1 0.345357 0.803454 0.040000 0.100000
1 0.313960 0.802974 0.040000 0.100000
1 0.278700 0.801446 0.040000 0.100000
1 0.252070 0.802445 0.040000 0.100000
1 0.197879 0.764431 0.100000 0.040000
1 0.197479 0.737269 0.100000 0.040000
1 0.198358 0.673278 0.100000 0.040000
1 0.197689 0.643310 0.100000 0.040000
1 0.198022 0.614350 0.100000 0.040000
1 0.198812 0.586958 0.100000 0.040000
1 0.197731 0.540606 0.100000 0.040000
1 0.197831 0.509150 0.100000 0.040000
1 0.197191 0.477554 0.100000 0.040000
1 0.197211 0.448015 0.100000 0.040000
1 0.197211 0.422251 0.100000 0.040000
1 0.195813 0.396487 0.100000 0.040000
1 0.197571 0.361376 0.100000 0.040000
1 0.197235 0.323652 0.100000 0.040000
1 0.198333 0.311300 0.100000 0.040000
1 0.196703 0.346962 0.100000 0.040000
1 0.197854 0.273624 0.100000 0.040000
1 0.196703 0.246302 0.100000 0.040000
1 0.248184 0.198273 0.040000 0.100000
1 0.261152 0.213254 0.040000 0.100000
1 0.288762 0.213829 0.040000 0.100000
1 0.316946 0.214979 0.040000 0.100000
1 0.363538 0.213254 0.040000 0.100000
1 0.341105 0.213829 0.040000 0.100000
1 0.386919 0.215468 0.040000 0.100000
1 0.426608 0.214318 0.040000 0.100000
1 0.446165 0.215756 0.040000 0.100000
1 0.468022 0.214318 0.040000 0.100000
1 0.524464 0.213374 0.040000 0.100000
1 0.541720 0.214812 0.040000 0.100000
1 0.562091 0.213613 0.040000 0.100000
1 0.581265 0.214572 0.040000 0.100000
1 0.599959 0.214093 0.040000 0.100000
1 0.653979 0.214716 0.040000 0.100000
1 0.677850 0.213853 0.040000 0.100000
1 0.696832 0.214716 0.040000 0.100000
1 0.786188 0.256136 0.100000 0.040000
1 0.787187 0.280901 0.100000 0.040000
1 0.786188 0.309861 0.100000 0.040000
1 0.785709 0.350924 0.100000 0.040000
1 0.785469 0.373213 0.100000 0.040000
1 0.785020 0.469788 0.100000 0.040000
1 0.786851 0.530537 0.100000 0.040000
1 0.785612 0.424684 0.100000 0.040000
1 0.786571 0.444816 0.100000 0.040000
1 0.784809 0.544442 0.100000 0.040000
1 0.786407 0.577795 0.100000 0.040000
1 0.784210 0.600563 0.100000 0.040000
1 0.782812 0.622732 0.100000 0.040000
1 0.784450 0.648377 0.100000 0.040000
1 0.785648 0.704938 0.100000 0.040000
1 0.785648 0.730103 0.100000 0.040000
1 0.785936 0.760157 0.100000 0.040000
1 0.660411 0.787259 0.040000 0.100000
1 0.686774 0.785662 0.040000 0.100000
1 0.639440 0.787259 0.040000 0.100000
1 0.619268 0.787659 0.040000 0.100000
1 0.598097 0.785861 0.040000 0.100000
1 0.576328 0.786460 0.040000 0.100000
1 0.717259 0.786349 0.040000 0.100000
1 0.518239 0.786217 0.040000 0.100000
1 0.493440 0.786550 0.040000 0.100000
1 0.460819 0.785384 0.040000 0.100000
1 0.438716 0.786982 0.040000 0.100000
1 0.381805 0.784196 0.040000 0.100000
1 0.352846 0.784695 0.040000 0.100000
1 0.323387 0.786027 0.040000 0.100000
1 0.267531 0.784629 0.040000 0.100000
1 0.289501 0.785028 0.040000 0.100000
1 0.213886 0.753073 0.100000 0.040000
1 0.215084 0.726230 0.100000 0.040000
1 0.214042 0.662443 0.100000 0.040000
1 0.214241 0.634282 0.100000 0.040000
1 0.212244 0.608318 0.100000 0.040000
1 0.213043 0.580957 0.100000 0.040000
1 0.213522 0.535180 0.100000 0.040000
1 0.212564 0.504982 0.100000 0.040000
1 0.212947 0.476702 0.100000 0.040000
1 0.213522 0.448517 0.100000 0.040000
1 0.213522 0.424646 0.100000 0.040000
1 0.213810 0.401696 0.100000 0.040000
1 0.213810 0.367184 0.100000 0.040000
1 0.214845 0.352344 0.100000 0.040000
1 0.213810 0.329911 0.100000 0.040000
1 0.214845 0.310239 0.100000 0.040000
1 0.212982 0.254261 0.100000 0.040000
1 0.275755 0.229989 0.040000 0.100000
1 0.301351 0.229126 0.040000 0.100000
1 0.323209 0.229989 0.040000 0.100000
1 0.346792 0.229701 0.040000 0.100000
1 0.366334 0.230885 0.040000 0.100000
1 0.388144 0.231125 0.040000 0.100000
1 0.428168 0.231125 0.040000 0.100000
1 0.446622 0.230646 0.040000 0.100000
1 0.461002 0.230406 0.040000 0.100000
1 0.526287 0.231413 0.040000 0.100000
1 0.544406 0.231413 0.040000 0.100000
1 0.560593 0.232434 0.040000 0.100000
1 0.576411 0.233153 0.040000 0.100000
1 0.592708 0.232913 0.040000 0.100000
1 0.649509 0.229078 0.040000 0.100000
1 0.669641 0.228791 0.040000 0.100000
1 0.687185 0.228791 0.040000 0.100000
1 0.769371 0.263047 0.100000 0.040000
1 0.768206 0.286680 0.100000 0.040000
1 0.769204 0.311479 0.100000 0.040000
1 0.770169 0.353188 0.100000 0.040000
1 0.770369 0.373559 0.100000 0.040000
1 0.770369 0.424209 0.100000 0.040000
1 0.769411 0.444101 0.100000 0.040000
1 0.769171 0.458721 0.100000 0.040000
1 0.769940 0.530744 0.100000 0.040000
1 0.770439 0.544891 0.100000 0.040000
1 0.770472 0.579742 0.100000 0.040000
1 0.770073 0.599914 0.100000 0.040000
1 0.769873 0.619886 0.100000 0.040000
1 0.769034 0.640737 0.100000 0.040000
1 0.769753 0.699935 0.100000 0.040000
1 0.770277 0.724105 0.100000 0.040000
1 0.769478 0.748072 0.100000 0.040000
1 0.704568 0.770241 0.040000 0.100000
1 0.676863 0.770184 0.040000 0.100000
1 0.653230 0.770684 0.040000 0.100000
1 0.635754 0.770184 0.040000 0.100000
1 0.618445 0.769352 0.040000 0.100000
1 0.598919 0.770237 0.040000 0.100000
1 0.580889 0.770376 0.040000 0.100000
1 0.527546 0.770459 0.040000 0.100000
1 0.496090 0.770958 0.040000 0.100000
1 0.465438 0.768994 0.040000 0.100000
1 0.447863 0.770392 0.040000 0.100000
1 0.386229 0.768595 0.040000 0.100000
1 0.359146 0.769793 0.040000 0.100000
1 0.334700 0.769074 0.040000 0.100000
1 0.304263 0.766486 0.040000 0.100000
1 0.282118 0.767924 0.040000 0.100000
1 0.231528 0.741676 0.100000 0.040000
1 0.231129 0.718109 0.100000 0.040000
1 0.231049 0.648846 0.100000 0.040000
1 0.230330 0.623441 0.100000 0.040000
1 0.230617 0.599570 0.100000 0.040000
1 0.228604 0.578575 0.100000 0.040000
1 0.230664 0.534779 0.100000 0.040000
1 0.229499 0.502158 0.100000 0.040000
1 0.228168 0.473864 0.100000 0.040000
1 0.232495 0.445737 0.100000 0.040000
1 0.229765 0.424133 0.100000 0.040000
1 0.228567 0.404161 0.100000 0.040000
1 0.228807 0.370808 0.100000 0.040000
1 0.229046 0.337015 0.100000 0.040000
1 0.230484 0.322155 0.100000 0.040000
1 0.230916 0.287212 0.100000 0.040000
1 0.229765 0.262479 0.100000 0.040000
1 0.291084 0.246055 0.040000 0.100000
1 0.311256 0.245456 0.040000 0.100000
1 0.331828 0.244657 0.040000 0.100000
1 0.352599 0.245456 0.040000 0.100000
1 0.368576 0.246255 0.040000 0.100000
1 0.388349 0.245856 0.040000 0.100000
1 0.430490 0.246455 0.040000 0.100000
1 0.447267 0.244537 0.040000 0.100000
1 0.468837 0.244537 0.040000 0.100000
1 0.529712 0.244825 0.040000 0.100000
1 0.543220 0.244521 0.040000 0.100000
1 0.558000 0.244920 0.040000 0.100000
1 0.572380 0.244521 0.040000 0.100000
1 0.587958 0.243921 0.040000 0.100000
1 0.642606 0.245459 0.040000 0.100000
1 0.660781 0.246258 0.040000 0.100000
1 0.675161 0.246658 0.040000 0.100000
1 0.755768 0.270265 0.100000 0.040000
1 0.755289 0.288959 0.100000 0.040000
1 0.753803 0.312254 0.100000 0.040000
1 0.753746 0.354014 0.100000 0.040000
1 0.754091 0.370234 0.100000 0.040000
1 0.753472 0.423943 0.100000 0.040000
1 0.751795 0.440241 0.100000 0.040000
1 0.751315 0.452943 0.100000 0.040000
1 0.753852 0.529097 0.100000 0.040000
1 0.754451 0.545274 0.100000 0.040000
1 0.753852 0.581224 0.100000 0.040000
1 0.753852 0.596563 0.100000 0.040000
1 0.752414 0.614538 0.100000 0.040000
1 0.750976 0.632992 0.100000 0.040000
1 0.753727 0.693530 0.100000 0.040000
1 0.752201 0.713086 0.100000 0.040000
1 0.753692 0.736629 0.100000 0.040000
1 0.694844 0.754701 0.040000 0.100000
1 0.668713 0.755700 0.040000 0.100000
1 0.647243 0.756033 0.040000 0.100000
1 0.616752 0.754602 0.040000 0.100000
1 0.631732 0.755201 0.040000 0.100000
1 0.599366 0.754896 0.040000 0.100000
1 0.582376 0.755243 0.040000 0.100000
1 0.500260 0.753964 0.040000 0.100000
1 0.519673 0.756361 0.040000 0.100000
1 0.469084 0.755701 0.040000 0.100000
1 0.454304 0.753904 0.040000 0.100000
1 0.393269 0.753584 0.040000 0.100000
1 0.367625 0.755262 0.040000 0.100000
1 0.346582 0.751763 0.040000 0.100000
1 0.314083 0.752626 0.040000 0.100000
1 0.294814 0.753489 0.040000 0.100000
1 0.247188 0.728813 0.100000 0.040000
1 0.244427 0.709141 0.100000 0.040000
1 0.245211 0.637390 0.100000 0.040000
1 0.244611 0.615421 0.100000 0.040000
1 0.245211 0.592653 0.100000 0.040000
1 0.248206 0.570683 0.100000 0.040000
1 0.245194 0.526794 0.100000 0.040000
1 0.244695 0.513313 0.100000 0.040000
1 0.246359 0.497169 0.100000 0.040000
1 0.246012 0.470997 0.100000 0.040000
1 0.247261 0.444922 0.100000 0.040000
1 0.246093 0.460325 0.100000 0.040000
1 0.245424 0.424937 0.100000 0.040000
1 0.245591 0.406130 0.100000 0.040000
1 0.246589 0.376172 0.100000 0.040000
1 0.246589 0.360694 0.100000 0.040000
1 0.244725 0.342619 0.100000 0.040000
1 0.246515 0.326250 0.100000 0.040000
1 0.246227 0.291738 0.100000 0.040000
1 0.245652 0.270168 0.100000 0.040000
