0 0.194963 0.127539 0.032494 0.081235
0 0.235581 0.127539 0.032494 0.081235
0 0.277823 0.127539 0.032494 0.081235
0 0.318440 0.127539 0.032494 0.081235
0 0.355808 0.127539 0.032494 0.081235
0 0.393176 0.127539 0.032494 0.081235
0 0.427295 0.127539 0.032494 0.081235
0 0.463851 0.127539 0.032494 0.081235
0 0.519090 0.127539 0.032494 0.081235
0 0.551584 0.127539 0.032494 0.081235
0 0.585703 0.127539 0.032494 0.081235
0 0.621446 0.127539 0.032494 0.081235
0 0.657189 0.127539 0.032494 0.081235
0 0.707555 0.127539 0.032494 0.081235
0 0.748985 0.127539 0.032494 0.081235
0 0.790414 0.127539 0.032494 0.081235
0 0.872461 0.195776 0.081235 0.032494
0 0.872461 0.238018 0.081235 0.032494
0 0.872461 0.279448 0.081235 0.032494
0 0.872461 0.324939 0.081235 0.032494
0 0.872461 0.363119 0.081235 0.032494
0 0.872461 0.407799 0.081235 0.032494
0 0.872461 0.441917 0.081235 0.032494
0 0.872461 0.471162 0.081235 0.032494
0 0.872461 0.523152 0.081235 0.032494
0 0.872461 0.567831 0.081235 0.032494
0 0.872461 0.601137 0.081235 0.032494
0 0.872461 0.637693 0.081235 0.032494
0 0.872461 0.675873 0.081235 0.032494
0 0.872461 0.724614 0.081235 0.032494
0 0.872461 0.765232 0.081235 0.032494
0 0.872461 0.808286 0.081235 0.032494
0 0.796913 0.872461 0.032494 0.081235
0 0.753046 0.872461 0.032494 0.081235
0 0.710804 0.872461 0.032494 0.081235
0 0.671812 0.872461 0.032494 0.081235
0 0.636068 0.872461 0.032494 0.081235
0 0.598700 0.872461 0.032494 0.081235
0 0.562957 0.872461 0.032494 0.081235
0 0.523964 0.872461 0.032494 0.081235
0 0.479285 0.872461 0.032494 0.081235
0 0.444354 0.872461 0.032494 0.081235
0 0.409423 0.872461 0.032494 0.081235
0 0.361495 0.872461 0.032494 0.081235
0 0.322502 0.872461 0.032494 0.081235
0 0.281885 0.872461 0.032494 0.081235
0 0.238830 0.872461 0.032494 0.081235
0 0.198213 0.872461 0.032494 0.081235
0 0.127539 0.805849 0.081235 0.032494
0 0.127539 0.763607 0.081235 0.032494
0 0.127539 0.712429 0.081235 0.032494
0 0.127539 0.671812 0.081235 0.032494
0 0.127539 0.632006 0.081235 0.032494
0 0.127539 0.595451 0.081235 0.032494
0 0.127539 0.554833 0.081235 0.032494
0 0.127539 0.518278 0.081235 0.032494
0 0.127539 0.477660 0.081235 0.032494
0 0.127539 0.443542 0.081235 0.032494
0 0.127539 0.407799 0.081235 0.032494
0 0.127539 0.371243 0.081235 0.032494
0 0.127539 0.345248 0.081235 0.032494
0 0.127539 0.289196 0.081235 0.032494
0 0.127539 0.240455 0.081235 0.032494
0 0.127539 0.197400 0.081235 0.032494
0 0.200650 0.137287 0.032494 0.081235
0 0.240455 0.137287 0.032494 0.081235
0 0.281072 0.137287 0.032494 0.081235
0 0.320065 0.137287 0.032494 0.081235
0 0.356621 0.137287 0.032494 0.081235
0 0.391552 0.137287 0.032494 0.081235
0 0.426483 0.137287 0.032494 0.081235
0 0.462226 0.137287 0.032494 0.081235
0 0.519090 0.137287 0.032494 0.081235
0 0.549147 0.137287 0.032494 0.081235
0 0.581641 0.137287 0.032494 0.081235
0 0.614947 0.137287 0.032494 0.081235
0 0.649878 0.137287 0.032494 0.081235
0 0.700244 0.137287 0.032494 0.081235
0 0.739236 0.137287 0.032494 0.081235
0 0.778229 0.137287 0.032494 0.081235
0 0.862713 0.203087 0.081235 0.032494
0 0.862713 0.243704 0.081235 0.032494
0 0.862713 0.283509 0.081235 0.032494
0 0.862713 0.329001 0.081235 0.032494
0 0.862713 0.365556 0.081235 0.032494
0 0.862713 0.410236 0.081235 0.032494
0 0.862713 0.442729 0.081235 0.032494
0 0.862713 0.471162 0.081235 0.032494
0 0.862713 0.523964 0.081235 0.032494
0 0.862713 0.569456 0.081235 0.032494
0 0.862713 0.601950 0.081235 0.032494
0 0.862713 0.636881 0.081235 0.032494
0 0.862713 0.674249 0.081235 0.032494
0 0.862713 0.722989 0.081235 0.032494
0 0.862713 0.761982 0.081235 0.032494
0 0.862713 0.803412 0.081235 0.032494
0 0.786353 0.862713 0.032494 0.081235
0 0.744110 0.862713 0.032494 0.081235
0 0.704305 0.862713 0.032494 0.081235
0 0.666937 0.862713 0.032494 0.081235
0 0.632819 0.862713 0.032494 0.081235
0 0.597888 0.862713 0.032494 0.081235
0 0.563769 0.862713 0.032494 0.081235
0 0.523152 0.862713 0.032494 0.081235
0 0.479285 0.862713 0.032494 0.081235
0 0.445167 0.862713 0.032494 0.081235
0 0.411048 0.862713 0.032494 0.081235
0 0.362307 0.862713 0.032494 0.081235
0 0.324939 0.862713 0.032494 0.081235
0 0.285134 0.862713 0.032494 0.081235
0 0.243704 0.862713 0.032494 0.081235
0 0.205524 0.862713 0.032494 0.081235
0 0.137287 0.799350 0.081235 0.032494
0 0.137287 0.759545 0.081235 0.032494
0 0.137287 0.705930 0.081235 0.032494
0 0.137287 0.667750 0.081235 0.032494
0 0.137287 0.629569 0.081235 0.032494
0 0.137287 0.593826 0.081235 0.032494
0 0.137287 0.553209 0.081235 0.032494
0 0.137287 0.516653 0.081235 0.032494
0 0.137287 0.477660 0.081235 0.032494
0 0.137287 0.444354 0.081235 0.032494
0 0.137287 0.409423 0.081235 0.032494
0 0.137287 0.374492 0.081235 0.032494
0 0.137287 0.337124 0.081235 0.032494
0 0.137287 0.294070 0.081235 0.032494
0 0.137287 0.244517 0.081235 0.032494
0 0.137287 0.204712 0.081235 0.032494
0 0.203899 0.142161 0.032494 0.081235
0 0.242892 0.142161 0.032494 0.081235
0 0.282697 0.142161 0.032494 0.081235
0 0.320877 0.142161 0.032494 0.081235
0 0.355808 0.142161 0.032494 0.081235
0 0.390739 0.142161 0.032494 0.081235
0 0.426483 0.142161 0.032494 0.081235
0 0.462226 0.142161 0.032494 0.081235
0 0.518278 0.142161 0.032494 0.081235
0 0.548335 0.142161 0.032494 0.081235
0 0.579204 0.142161 0.032494 0.081235
0 0.612510 0.142161 0.032494 0.081235
0 0.646629 0.142161 0.032494 0.081235
0 0.696182 0.142161 0.032494 0.081235
0 0.734362 0.142161 0.032494 0.081235
0 0.772543 0.142161 0.032494 0.081235
0 0.857839 0.207149 0.081235 0.032494
0 0.857839 0.246141 0.081235 0.032494
0 0.857839 0.285134 0.081235 0.032494
0 0.857839 0.330626 0.081235 0.032494
0 0.857839 0.366369 0.081235 0.032494
0 0.857839 0.412673 0.081235 0.032494
0 0.857839 0.443542 0.081235 0.032494
0 0.857839 0.470349 0.081235 0.032494
0 0.857839 0.524777 0.081235 0.032494
0 0.857839 0.570268 0.081235 0.032494
0 0.857839 0.601950 0.081235 0.032494
0 0.857839 0.636068 0.081235 0.032494
0 0.857839 0.672624 0.081235 0.032494
0 0.857839 0.722989 0.081235 0.032494
0 0.857839 0.760357 0.081235 0.032494
0 0.857839 0.800975 0.081235 0.032494
0 0.781478 0.857839 0.032494 0.081235
0 0.740049 0.857839 0.032494 0.081235
0 0.700244 0.857839 0.032494 0.081235
0 0.664500 0.857839 0.032494 0.081235
0 0.632006 0.857839 0.032494 0.081235
0 0.597076 0.857839 0.032494 0.081235
0 0.564582 0.857839 0.032494 0.081235
0 0.523152 0.857839 0.032494 0.081235
0 0.480097 0.857839 0.032494 0.081235
0 0.445167 0.857839 0.032494 0.081235
0 0.411860 0.857839 0.032494 0.081235
0 0.363119 0.857839 0.032494 0.081235
0 0.326564 0.857839 0.032494 0.081235
0 0.286759 0.857839 0.032494 0.081235
0 0.245329 0.857839 0.032494 0.081235
0 0.208773 0.857839 0.032494 0.081235
0 0.142161 0.796101 0.081235 0.032494
0 0.142161 0.757108 0.081235 0.032494
0 0.142161 0.702681 0.081235 0.032494
0 0.142161 0.665313 0.081235 0.032494
0 0.142161 0.627945 0.081235 0.032494
0 0.142161 0.593014 0.081235 0.032494
0 0.142161 0.552396 0.081235 0.032494
0 0.142161 0.515841 0.081235 0.032494
0 0.142161 0.477660 0.081235 0.032494
0 0.142161 0.444354 0.081235 0.032494
0 0.142161 0.411048 0.081235 0.032494
0 0.142161 0.376929 0.081235 0.032494
0 0.142161 0.339561 0.081235 0.032494
0 0.142161 0.297319 0.081235 0.032494
0 0.142161 0.247766 0.081235 0.032494
0 0.142161 0.207961 0.081235 0.032494
0 0.207149 0.147035 0.032494 0.081235
0 0.245329 0.147035 0.032494 0.081235
0 0.283509 0.147035 0.032494 0.081235
0 0.321690 0.147035 0.032494 0.081235
0 0.356621 0.147035 0.032494 0.081235
0 0.389927 0.147035 0.032494 0.081235
0 0.425670 0.147035 0.032494 0.081235
0 0.461413 0.147035 0.032494 0.081235
0 0.519090 0.147035 0.032494 0.081235
0 0.547522 0.147035 0.032494 0.081235
0 0.578392 0.147035 0.032494 0.081235
0 0.610073 0.147035 0.032494 0.081235
0 0.642567 0.147035 0.032494 0.081235
0 0.692933 0.147035 0.032494 0.081235
0 0.730301 0.147035 0.032494 0.081235
0 0.766856 0.147035 0.032494 0.081235
0 0.852965 0.211210 0.081235 0.032494
0 0.852965 0.249391 0.081235 0.032494
0 0.852965 0.287571 0.081235 0.032494
0 0.852965 0.332250 0.081235 0.032494
0 0.852965 0.366369 0.081235 0.032494
0 0.852965 0.413485 0.081235 0.032494
0 0.852965 0.443542 0.081235 0.032494
0 0.852965 0.470349 0.081235 0.032494
0 0.852965 0.525589 0.081235 0.032494
0 0.852965 0.571893 0.081235 0.032494
0 0.852965 0.601950 0.081235 0.032494
0 0.852965 0.636068 0.081235 0.032494
0 0.852965 0.670999 0.081235 0.032494
0 0.852965 0.721365 0.081235 0.032494
0 0.852965 0.758733 0.081235 0.032494
0 0.852965 0.798538 0.081235 0.032494
0 0.774980 0.852965 0.032494 0.081235
0 0.735175 0.852965 0.032494 0.081235
0 0.696994 0.852965 0.032494 0.081235
0 0.662876 0.852965 0.032494 0.081235
0 0.630382 0.852965 0.032494 0.081235
0 0.596263 0.852965 0.032494 0.081235
0 0.564582 0.852965 0.032494 0.081235
0 0.522340 0.852965 0.032494 0.081235
0 0.480097 0.852965 0.032494 0.081235
0 0.445979 0.852965 0.032494 0.081235
0 0.412673 0.852965 0.032494 0.081235
0 0.363932 0.852965 0.032494 0.081235
0 0.327376 0.852965 0.032494 0.081235
0 0.289196 0.852965 0.032494 0.081235
0 0.248578 0.852965 0.032494 0.081235
0 0.212023 0.852965 0.032494 0.081235
0 0.147035 0.792851 0.081235 0.032494
0 0.147035 0.754671 0.081235 0.032494
0 0.147035 0.699431 0.081235 0.032494
0 0.147035 0.663688 0.081235 0.032494
0 0.147035 0.626320 0.081235 0.032494
0 0.147035 0.593014 0.081235 0.032494
0 0.147035 0.550772 0.081235 0.032494
0 0.147035 0.515028 0.081235 0.032494
0 0.147035 0.477660 0.081235 0.032494
0 0.147035 0.445167 0.081235 0.032494
0 0.147035 0.411860 0.081235 0.032494
0 0.147035 0.378554 0.081235 0.032494
0 0.147035 0.341186 0.081235 0.032494
0 0.147035 0.299756 0.081235 0.032494
0 0.147035 0.250203 0.081235 0.032494
0 0.147035 0.212023 0.081235 0.032494
0 0.210398 0.151909 0.032494 0.081235
0 0.247766 0.151909 0.032494 0.081235
0 0.285946 0.151909 0.032494 0.081235
0 0.322502 0.151909 0.032494 0.081235
0 0.355808 0.151909 0.032494 0.081235
0 0.389115 0.151909 0.032494 0.081235
0 0.425670 0.151909 0.032494 0.081235
0 0.460601 0.151909 0.032494 0.081235
0 0.518278 0.151909 0.032494 0.081235
0 0.546710 0.151909 0.032494 0.081235
0 0.576767 0.151909 0.032494 0.081235
0 0.607636 0.151909 0.032494 0.081235
0 0.639318 0.151909 0.032494 0.081235
0 0.688871 0.151909 0.032494 0.081235
0 0.725426 0.151909 0.032494 0.081235
0 0.761170 0.151909 0.032494 0.081235
0 0.848091 0.215272 0.081235 0.032494
0 0.848091 0.251828 0.081235 0.032494
0 0.848091 0.289196 0.081235 0.032494
0 0.848091 0.333875 0.081235 0.032494
0 0.848091 0.414297 0.081235 0.032494
0 0.848091 0.444354 0.081235 0.032494
0 0.848091 0.469537 0.081235 0.032494
0 0.848091 0.525589 0.081235 0.032494
0 0.848091 0.571893 0.081235 0.032494
0 0.848091 0.601950 0.081235 0.032494
0 0.848091 0.635256 0.081235 0.032494
0 0.848091 0.670187 0.081235 0.032494
0 0.848091 0.720552 0.081235 0.032494
0 0.848091 0.756296 0.081235 0.032494
0 0.848091 0.796101 0.081235 0.032494
0 0.770106 0.848091 0.032494 0.081235
0 0.731113 0.848091 0.032494 0.081235
0 0.693745 0.848091 0.032494 0.081235
0 0.660439 0.848091 0.032494 0.081235
0 0.628757 0.848091 0.032494 0.081235
0 0.596263 0.848091 0.032494 0.081235
0 0.564582 0.848091 0.032494 0.081235
0 0.521527 0.848091 0.032494 0.081235
0 0.480097 0.848091 0.032494 0.081235
0 0.445979 0.848091 0.032494 0.081235
0 0.414297 0.848091 0.032494 0.081235
0 0.364744 0.848091 0.032494 0.081235
0 0.328188 0.848091 0.032494 0.081235
0 0.290820 0.848091 0.032494 0.081235
0 0.250203 0.848091 0.032494 0.081235
0 0.216084 0.848091 0.032494 0.081235
0 0.151909 0.789602 0.081235 0.032494
0 0.151909 0.753046 0.081235 0.032494
0 0.151909 0.696994 0.081235 0.032494
0 0.151909 0.661251 0.081235 0.032494
0 0.151909 0.624695 0.081235 0.032494
0 0.151909 0.592201 0.081235 0.032494
0 0.151909 0.549959 0.081235 0.032494
0 0.151909 0.513404 0.081235 0.032494
0 0.151909 0.477660 0.081235 0.032494
0 0.151909 0.445167 0.081235 0.032494
0 0.151909 0.412673 0.081235 0.032494
0 0.151909 0.380179 0.081235 0.032494
0 0.151909 0.343623 0.081235 0.032494
0 0.151909 0.302193 0.081235 0.032494
0 0.151909 0.253452 0.081235 0.032494
0 0.151909 0.216084 0.081235 0.032494
0 0.197400 0.132413 0.032494 0.081235
0 0.238018 0.132413 0.032494 0.081235
0 0.279448 0.132413 0.032494 0.081235
0 0.319253 0.132413 0.032494 0.081235
0 0.355808 0.132413 0.032494 0.081235
0 0.392364 0.132413 0.032494 0.081235
0 0.426483 0.132413 0.032494 0.081235
0 0.463038 0.132413 0.032494 0.081235
0 0.519090 0.132413 0.032494 0.081235
0 0.549959 0.132413 0.032494 0.081235
0 0.583266 0.132413 0.032494 0.081235
0 0.618197 0.132413 0.032494 0.081235
0 0.653940 0.132413 0.032494 0.081235
0 0.703493 0.132413 0.032494 0.081235
0 0.744110 0.132413 0.032494 0.081235
0 0.783916 0.132413 0.032494 0.081235
0 0.867587 0.199025 0.081235 0.032494
0 0.867587 0.241267 0.081235 0.032494
0 0.867587 0.281072 0.081235 0.032494
0 0.867587 0.327376 0.081235 0.032494
0 0.867587 0.363932 0.081235 0.032494
0 0.867587 0.409423 0.081235 0.032494
0 0.867587 0.441917 0.081235 0.032494
0 0.867587 0.471162 0.081235 0.032494
0 0.867587 0.523152 0.081235 0.032494
0 0.867587 0.568643 0.081235 0.032494
0 0.867587 0.601950 0.081235 0.032494
0 0.867587 0.636881 0.081235 0.032494
0 0.867587 0.675061 0.081235 0.032494
0 0.867587 0.723802 0.081235 0.032494
0 0.867587 0.763607 0.081235 0.032494
0 0.867587 0.805849 0.081235 0.032494
0 0.792039 0.867587 0.032494 0.081235
0 0.748985 0.867587 0.032494 0.081235
0 0.707555 0.867587 0.032494 0.081235
0 0.669374 0.867587 0.032494 0.081235
0 0.633631 0.867587 0.032494 0.081235
0 0.598700 0.867587 0.032494 0.081235
0 0.563769 0.867587 0.032494 0.081235
0 0.523964 0.867587 0.032494 0.081235
0 0.480097 0.867587 0.032494 0.081235
0 0.444354 0.867587 0.032494 0.081235
0 0.409423 0.867587 0.032494 0.081235
0 0.362307 0.867587 0.032494 0.081235
0 0.324127 0.867587 0.032494 0.081235
0 0.283509 0.867587 0.032494 0.081235
0 0.241267 0.867587 0.032494 0.081235
0 0.201462 0.867587 0.032494 0.081235
0 0.132413 0.802600 0.081235 0.032494
0 0.132413 0.761982 0.081235 0.032494
0 0.132413 0.709180 0.081235 0.032494
0 0.132413 0.669374 0.081235 0.032494
0 0.132413 0.630382 0.081235 0.032494
0 0.132413 0.594639 0.081235 0.032494
0 0.132413 0.554021 0.081235 0.032494
0 0.132413 0.517465 0.081235 0.032494
0 0.132413 0.477660 0.081235 0.032494
0 0.132413 0.443542 0.081235 0.032494
0 0.132413 0.408611 0.081235 0.032494
0 0.132413 0.372868 0.081235 0.032494
0 0.132413 0.335500 0.081235 0.032494
0 0.132413 0.291633 0.081235 0.032494
0 0.132413 0.242080 0.081235 0.032494
0 0.132413 0.200650 0.081235 0.032494
1 0.226282 0.175071 0.040000 0.100000
1 0.263095 0.176797 0.040000 0.100000
1 0.295306 0.177085 0.040000 0.100000
1 0.326941 0.175647 0.040000 0.100000
1 0.355701 0.176797 0.040000 0.100000
1 0.387164 0.176279 0.040000 0.100000
1 0.423402 0.176624 0.040000 0.100000
1 0.441003 0.176279 0.040000 0.100000
1 0.465851 0.177315 0.040000 0.100000
1 0.518861 0.176970 0.040000 0.100000
1 0.542881 0.174899 0.040000 0.100000
1 0.568558 0.176141 0.040000 0.100000
1 0.595063 0.176141 0.040000 0.100000
1 0.622059 0.176327 0.040000 0.100000
1 0.672677 0.176614 0.040000 0.100000
1 0.701436 0.178340 0.040000 0.100000
1 0.734223 0.177765 0.040000 0.100000
1 0.824418 0.231387 0.100000 0.040000
1 0.824897 0.262544 0.100000 0.040000
1 0.822021 0.298254 0.100000 0.040000
1 0.822501 0.341393 0.100000 0.040000
1 0.823168 0.371795 0.100000 0.040000
1 0.823368 0.419129 0.100000 0.040000
1 0.822952 0.443944 0.100000 0.040000
1 0.821454 0.467411 0.100000 0.040000
1 0.822552 0.528093 0.100000 0.040000
1 0.822552 0.542073 0.100000 0.040000
1 0.822472 0.603696 0.100000 0.040000
1 0.823026 0.576234 0.100000 0.040000
1 0.822860 0.631657 0.100000 0.040000
1 0.822527 0.662447 0.100000 0.040000
1 0.823359 0.715606 0.100000 0.040000
1 0.822880 0.745484 0.100000 0.040000
1 0.821921 0.781434 0.100000 0.040000
1 0.708644 0.823683 0.040000 0.100000
1 0.742396 0.822285 0.040000 0.100000
1 0.677487 0.822884 0.040000 0.100000
1 0.650125 0.824082 0.040000 0.100000
1 0.623363 0.822285 0.040000 0.100000
1 0.594004 0.822884 0.040000 0.100000
1 0.567880 0.823842 0.040000 0.100000
1 0.522164 0.822369 0.040000 0.100000
1 0.482620 0.823167 0.040000 0.100000
1 0.449466 0.822369 0.040000 0.100000
1 0.423652 0.821520 0.040000 0.100000
1 0.369982 0.821636 0.040000 0.100000
1 0.338063 0.820472 0.040000 0.100000
1 0.304083 0.822691 0.040000 0.100000
1 0.264860 0.821637 0.040000 0.100000
1 0.236599 0.822236 0.040000 0.100000
1 0.178421 0.773005 0.100000 0.040000
1 0.176623 0.741449 0.100000 0.040000
1 0.178305 0.678896 0.100000 0.040000
1 0.177958 0.648614 0.100000 0.040000
1 0.175124 0.618499 0.100000 0.040000
1 0.177121 0.588041 0.100000 0.040000
1 0.176489 0.544862 0.100000 0.040000
1 0.176920 0.508800 0.100000 0.040000
1 0.175466 0.477294 0.100000 0.040000
1 0.176864 0.447336 0.100000 0.040000
1 0.176465 0.417178 0.100000 0.040000
1 0.175946 0.388898 0.100000 0.040000
1 0.177384 0.353667 0.100000 0.040000
1 0.176632 0.315115 0.100000 0.040000
1 0.176715 0.266877 0.100000 0.040000
1 0.177381 0.233756 0.100000 0.040000
1 0.302720 0.193987 0.040000 0.100000
1 0.272900 0.194958 0.040000 0.100000
1 0.239752 0.194126 0.040000 0.100000
1 0.358411 0.193558 0.040000 0.100000
1 0.331808 0.192839 0.040000 0.100000
1 0.384294 0.192839 0.040000 0.100000
1 0.424394 0.193690 0.040000 0.100000
1 0.440771 0.193890 0.040000 0.100000
1 0.465337 0.193890 0.040000 0.100000
1 0.520460 0.193091 0.040000 0.100000
1 0.541630 0.193290 0.040000 0.100000
1 0.566176 0.193350 0.040000 0.100000
1 0.589743 0.192751 0.040000 0.100000
1 0.612112 0.193949 0.040000 0.100000
1 0.664319 0.192991 0.040000 0.100000
1 0.691471 0.192422 0.040000 0.100000
1 0.717435 0.193753 0.040000 0.100000
1 0.806227 0.243054 0.100000 0.040000
1 0.806726 0.271015 0.100000 0.040000
1 0.805742 0.301459 0.100000 0.040000
1 0.807018 0.345730 0.100000 0.040000
1 0.806685 0.372359 0.100000 0.040000
1 0.806771 0.420785 0.100000 0.040000
1 0.806771 0.443553 0.100000 0.040000
1 0.806292 0.471834 0.100000 0.040000
1 0.806963 0.543206 0.100000 0.040000
1 0.806676 0.530839 0.100000 0.040000
1 0.806999 0.602607 0.100000 0.040000
1 0.806400 0.578041 0.100000 0.040000
1 0.807399 0.627772 0.100000 0.040000
1 0.806400 0.657730 0.100000 0.040000
1 0.807282 0.712370 0.100000 0.040000
1 0.806250 0.740131 0.100000 0.040000
1 0.805851 0.772087 0.100000 0.040000
1 0.729617 0.806938 0.040000 0.100000
1 0.698860 0.808136 0.040000 0.100000
1 0.669218 0.806788 0.040000 0.100000
1 0.643920 0.807620 0.040000 0.100000
1 0.621119 0.807787 0.040000 0.100000
1 0.594589 0.806422 0.040000 0.100000
1 0.571022 0.806622 0.040000 0.100000
1 0.522131 0.807421 0.040000 0.100000
1 0.485941 0.806222 0.040000 0.100000
1 0.429093 0.806270 0.040000 0.100000
1 0.451813 0.806270 0.040000 0.100000
1 0.373630 0.804860 0.040000 0.100000
1 0.345070 0.805859 0.040000 0.100000
1 0.309320 0.807057 0.040000 0.100000
1 0.273370 0.807057 0.040000 0.100000
1 0.251321 0.804581 0.040000 0.100000
1 0.193742 0.762340 0.100000 0.040000
1 0.193143 0.732981 0.100000 0.040000
1 0.193302 0.668271 0.100000 0.040000
1 0.193762 0.641009 0.100000 0.040000
1 0.192963 0.612649 0.100000 0.040000
1 0.192880 0.584338 0.100000 0.040000
1 0.193337 0.541246 0.100000 0.040000
1 0.193293 0.475488 0.100000 0.040000
1 0.193093 0.505646 0.100000 0.040000
1 0.192894 0.528813 0.100000 0.040000
1 0.192894 0.446728 0.100000 0.040000
1 0.192135 0.419247 0.100000 0.040000
1 0.194751 0.394261 0.100000 0.040000
1 0.194352 0.360708 0.100000 0.040000
1 0.192953 0.346928 0.100000 0.040000
1 0.191755 0.322362 0.100000 0.040000
1 0.192724 0.275011 0.100000 0.040000
1 0.192724 0.244188 0.100000 0.040000
1 0.384236 0.211852 0.040000 0.100000
1 0.360269 0.210454 0.040000 0.100000
1 0.337701 0.211053 0.040000 0.100000
1 0.423381 0.211653 0.040000 0.100000
1 0.442554 0.211653 0.040000 0.100000
1 0.464723 0.209855 0.040000 0.100000
1 0.521684 0.208137 0.040000 0.100000
1 0.541336 0.209096 0.040000 0.100000
1 0.562666 0.209096 0.040000 0.100000
1 0.583024 0.209549 0.040000 0.100000
1 0.602197 0.209309 0.040000 0.100000
1 0.656517 0.209817 0.040000 0.100000
1 0.679885 0.209218 0.040000 0.100000
1 0.702453 0.209218 0.040000 0.100000
1 0.790422 0.249925 0.100000 0.040000
1 0.789623 0.276088 0.100000 0.040000
1 0.789024 0.304249 0.100000 0.040000
1 0.789823 0.347388 0.100000 0.040000
1 0.790223 0.371195 0.100000 0.040000
1 0.789983 0.421525 0.100000 0.040000
1 0.789312 0.442903 0.100000 0.040000
1 0.789779 0.469294 0.100000 0.040000
1 0.790977 0.528811 0.100000 0.040000
1 0.791377 0.544189 0.100000 0.040000
1 0.788381 0.578741 0.100000 0.040000
1 0.788849 0.601274 0.100000 0.040000
1 0.789958 0.624298 0.100000 0.040000
1 0.789958 0.651343 0.100000 0.040000
1 0.789875 0.707154 0.100000 0.040000
1 0.790341 0.733584 0.100000 0.040000
1 0.789942 0.762743 0.100000 0.040000
1 0.686117 0.790960 0.040000 0.100000
1 0.716408 0.790461 0.040000 0.100000
1 0.659987 0.790128 0.040000 0.100000
1 0.640680 0.790461 0.040000 0.100000
1 0.618378 0.791293 0.040000 0.100000
1 0.594944 0.790228 0.040000 0.100000
1 0.574573 0.789229 0.040000 0.100000
1 0.523484 0.790108 0.040000 0.100000
1 0.489691 0.789869 0.040000 0.100000
1 0.455419 0.789150 0.040000 0.100000
1 0.436490 0.790679 0.040000 0.100000
1 0.377972 0.789281 0.040000 0.100000
1 0.320615 0.791135 0.040000 0.100000
1 0.348743 0.790636 0.040000 0.100000
1 0.284610 0.791878 0.040000 0.100000
1 0.262418 0.789682 0.040000 0.100000
1 0.209451 0.751458 0.100000 0.040000
1 0.207786 0.724135 0.100000 0.040000
1 0.209312 0.655869 0.100000 0.040000
1 0.209245 0.630305 0.100000 0.040000
1 0.209445 0.606339 0.100000 0.040000
1 0.209245 0.579376 0.100000 0.040000
1 0.208606 0.536396 0.100000 0.040000
1 0.209469 0.522879 0.100000 0.040000
1 0.209757 0.502739 0.100000 0.040000
1 0.209341 0.472919 0.100000 0.040000
1 0.208370 0.444625 0.100000 0.040000
1 0.210590 0.422573 0.100000 0.040000
1 0.209397 0.398828 0.100000 0.040000
1 0.209497 0.365808 0.100000 0.040000
1 0.208897 0.329259 0.100000 0.040000
1 0.207779 0.280008 0.100000 0.040000
1 0.209217 0.253884 0.100000 0.040000
1 0.252788 0.209546 0.040000 0.100000
1 0.209936 0.315958 0.100000 0.040000
1 0.310176 0.210573 0.040000 0.100000
1 0.499711 0.201026 0.040000 0.100000
1 0.284012 0.209414 0.040000 0.100000
1 0.267272 0.227028 0.040000 0.100000
1 0.294019 0.225015 0.040000 0.100000
1 0.317890 0.225015 0.040000 0.100000
1 0.341473 0.223289 0.040000 0.100000
1 0.364193 0.226453 0.040000 0.100000
1 0.383548 0.225504 0.040000 0.100000
1 0.424962 0.225504 0.040000 0.100000
1 0.443369 0.227229 0.040000 0.100000
1 0.465801 0.227229 0.040000 0.100000
1 0.523321 0.224583 0.040000 0.100000
1 0.540577 0.224928 0.040000 0.100000
1 0.558868 0.226999 0.040000 0.100000
1 0.576124 0.226309 0.040000 0.100000
1 0.594760 0.224928 0.040000 0.100000
1 0.648322 0.225273 0.040000 0.100000
1 0.670272 0.226102 0.040000 0.100000
1 0.688080 0.225273 0.040000 0.100000
1 0.773724 0.258570 0.100000 0.040000
1 0.773227 0.282425 0.100000 0.040000
1 0.771991 0.307429 0.100000 0.040000
1 0.772710 0.349610 0.100000 0.040000
1 0.773620 0.371372 0.100000 0.040000
1 0.772757 0.423139 0.100000 0.040000
1 0.773029 0.440903 0.100000 0.040000
1 0.772629 0.465070 0.100000 0.040000
1 0.774387 0.529140 0.100000 0.040000
1 0.772949 0.545677 0.100000 0.040000
1 0.774643 0.600797 0.100000 0.040000
1 0.773978 0.578827 0.100000 0.040000
1 0.773811 0.621101 0.100000 0.040000
1 0.773478 0.645401 0.100000 0.040000
1 0.775789 0.702574 0.100000 0.040000
1 0.773709 0.725597 0.100000 0.040000
1 0.772322 0.751810 0.100000 0.040000
1 0.705554 0.773696 0.040000 0.100000
1 0.674764 0.774429 0.040000 0.100000
1 0.653993 0.774029 0.040000 0.100000
1 0.635618 0.773830 0.040000 0.100000
1 0.616165 0.774589 0.040000 0.100000
1 0.595075 0.774589 0.040000 0.100000
1 0.577100 0.773630 0.040000 0.100000
1 0.525141 0.773342 0.040000 0.100000
1 0.493217 0.773055 0.040000 0.100000
1 0.460431 0.774205 0.040000 0.100000
1 0.444613 0.772192 0.040000 0.100000
1 0.381917 0.773342 0.040000 0.100000
1 0.358104 0.772997 0.040000 0.100000
1 0.329804 0.772307 0.040000 0.100000
1 0.296856 0.773540 0.040000 0.100000
1 0.279281 0.772741 0.040000 0.100000
1 0.225236 0.740347 0.100000 0.040000
1 0.224517 0.714463 0.100000 0.040000
1 0.224086 0.645104 0.100000 0.040000
1 0.224661 0.621233 0.100000 0.040000
1 0.225840 0.598427 0.100000 0.040000
1 0.226703 0.575994 0.100000 0.040000
1 0.226128 0.533142 0.100000 0.040000
1 0.226535 0.515766 0.100000 0.040000
1 0.225577 0.499229 0.100000 0.040000
1 0.223899 0.471428 0.100000 0.040000
1 0.225960 0.443723 0.100000 0.040000
1 0.224810 0.423591 0.100000 0.040000
1 0.224810 0.399721 0.100000 0.040000
1 0.225960 0.370961 0.100000 0.040000
1 0.224815 0.356116 0.100000 0.040000
1 0.226253 0.336224 0.100000 0.040000
1 0.226253 0.320406 0.100000 0.040000
1 0.222658 0.286134 0.100000 0.040000
1 0.224096 0.260250 0.100000 0.040000
1 0.346710 0.243944 0.040000 0.100000
1 0.327728 0.243368 0.040000 0.100000
1 0.307309 0.242506 0.040000 0.100000
1 0.365116 0.241930 0.040000 0.100000
1 0.384098 0.241068 0.040000 0.100000
1 0.425512 0.240205 0.040000 0.100000
1 0.443918 0.239342 0.040000 0.100000
1 0.464625 0.240780 0.040000 0.100000
1 0.525883 0.241470 0.040000 0.100000
1 0.539688 0.239745 0.040000 0.100000
1 0.555564 0.239400 0.040000 0.100000
1 0.571913 0.241686 0.040000 0.100000
1 0.587012 0.240967 0.040000 0.100000
1 0.641752 0.243124 0.040000 0.100000
1 0.658720 0.243699 0.040000 0.100000
1 0.673963 0.243124 0.040000 0.100000
1 0.758862 0.265154 0.100000 0.040000
1 0.760343 0.285262 0.100000 0.040000
1 0.756269 0.309947 0.100000 0.040000
1 0.755310 0.350211 0.100000 0.040000
1 0.756508 0.370343 0.100000 0.040000
1 0.759172 0.421236 0.100000 0.040000
1 0.757774 0.439610 0.100000 0.040000
1 0.756576 0.461380 0.100000 0.040000
1 0.757645 0.529721 0.100000 0.040000
1 0.757478 0.545698 0.100000 0.040000
1 0.757378 0.580450 0.100000 0.040000
1 0.758776 0.598624 0.100000 0.040000
1 0.758177 0.617198 0.100000 0.040000
1 0.757658 0.638329 0.100000 0.040000
1 0.757446 0.697059 0.100000 0.040000
1 0.757846 0.717830 0.100000 0.040000
1 0.758844 0.739999 0.100000 0.040000
1 0.693136 0.758173 0.040000 0.100000
1 0.666693 0.757854 0.040000 0.100000
1 0.645123 0.759292 0.040000 0.100000
1 0.630264 0.758093 0.040000 0.100000
1 0.614206 0.757854 0.040000 0.100000
1 0.596232 0.758812 0.040000 0.100000
1 0.581133 0.757758 0.040000 0.100000
1 0.526653 0.757746 0.040000 0.100000
1 0.496295 0.758345 0.040000 0.100000
1 0.465139 0.758745 0.040000 0.100000
1 0.449960 0.758545 0.040000 0.100000
1 0.386089 0.759224 0.040000 0.100000
1 0.363561 0.758745 0.040000 0.100000
1 0.340074 0.758265 0.040000 0.100000
1 0.308965 0.757211 0.040000 0.100000
1 0.292285 0.757498 0.040000 0.100000
1 0.243968 0.727300 0.100000 0.040000
1 0.242242 0.704005 0.100000 0.040000
1 0.239309 0.634406 0.100000 0.040000
1 0.242851 0.609628 0.100000 0.040000
1 0.241413 0.590935 0.100000 0.040000
1 0.242851 0.568885 0.100000 0.040000
1 0.242132 0.527184 0.100000 0.040000
1 0.242132 0.511366 0.100000 0.040000
1 0.242132 0.494589 0.100000 0.040000
1 0.242807 0.458922 0.100000 0.040000
1 0.241642 0.441946 0.100000 0.040000
1 0.240810 0.422640 0.100000 0.040000
1 0.240977 0.402668 0.100000 0.040000
1 0.241769 0.376311 0.100000 0.040000
1 0.240371 0.359335 0.100000 0.040000
1 0.240371 0.341560 0.100000 0.040000
1 0.241170 0.325382 0.100000 0.040000
1 0.241769 0.291869 0.100000 0.040000
1 0.241050 0.270299 0.100000 0.040000
1 0.284909 0.244416 0.040000 0.100000
