0 0.203660 0.136038 0.031822 0.079554
0 0.243437 0.136038 0.031822 0.079554
0 0.283214 0.136038 0.031822 0.079554
0 0.309467 0.136038 0.031822 0.079554
0 0.359586 0.136038 0.031822 0.079554
0 0.394590 0.136038 0.031822 0.079554
0 0.429594 0.136038 0.031822 0.079554
0 0.466189 0.136038 0.031822 0.079554
0 0.520286 0.136038 0.031822 0.079554
0 0.552108 0.136038 0.031822 0.079554
0 0.585521 0.136038 0.031822 0.079554
0 0.621321 0.136038 0.031822 0.079554
0 0.656325 0.136038 0.031822 0.079554
0 0.705648 0.136038 0.031822 0.079554
0 0.745426 0.136038 0.031822 0.079554
0 0.785998 0.136038 0.031822 0.079554
0 0.863962 0.197295 0.079554 0.031822
0 0.863962 0.277645 0.079554 0.031822
0 0.863962 0.322196 0.079554 0.031822
0 0.863962 0.357995 0.079554 0.031822
0 0.863962 0.400955 0.079554 0.031822
0 0.863962 0.434368 0.079554 0.031822
0 0.863962 0.465394 0.079554 0.031822
0 0.863962 0.517900 0.079554 0.031822
0 0.863962 0.557677 0.079554 0.031822
0 0.863962 0.591090 0.079554 0.031822
0 0.863962 0.626889 0.079554 0.031822
0 0.863962 0.665076 0.079554 0.031822
0 0.863962 0.712808 0.079554 0.031822
0 0.863962 0.754177 0.079554 0.031822
0 0.863962 0.794749 0.079554 0.031822
0 0.789976 0.863962 0.031822 0.079554
0 0.747017 0.863962 0.031822 0.079554
0 0.705648 0.863962 0.031822 0.079554
0 0.666667 0.863962 0.031822 0.079554
0 0.630867 0.863962 0.031822 0.079554
0 0.595863 0.863962 0.031822 0.079554
0 0.560064 0.863962 0.031822 0.079554
0 0.523469 0.863962 0.031822 0.079554
0 0.480509 0.863962 0.031822 0.079554
0 0.445505 0.863962 0.031822 0.079554
0 0.412092 0.863962 0.031822 0.079554
0 0.365951 0.863962 0.031822 0.079554
0 0.329356 0.863962 0.031822 0.079554
0 0.287987 0.863962 0.031822 0.079554
0 0.246619 0.863962 0.031822 0.079554
0 0.205251 0.863962 0.031822 0.079554
0 0.136038 0.797136 0.079554 0.031822
0 0.136038 0.770088 0.079554 0.031822
0 0.136038 0.703262 0.079554 0.031822
0 0.136038 0.661893 0.079554 0.031822
0 0.136038 0.623707 0.079554 0.031822
0 0.136038 0.585521 0.079554 0.031822
0 0.136038 0.549722 0.079554 0.031822
0 0.136038 0.514718 0.079554 0.031822
0 0.136038 0.473349 0.079554 0.031822
0 0.136038 0.435959 0.079554 0.031822
0 0.136038 0.401750 0.079554 0.031822
0 0.136038 0.366746 0.079554 0.031822
0 0.136038 0.334129 0.079554 0.031822
0 0.136038 0.289578 0.079554 0.031822
0 0.136038 0.239459 0.079554 0.031822
0 0.136038 0.198886 0.079554 0.031822
0 0.210819 0.145585 0.031822 0.079554
0 0.248210 0.145585 0.031822 0.079554
0 0.286396 0.145585 0.031822 0.079554
0 0.323787 0.145585 0.031822 0.079554
0 0.358791 0.145585 0.031822 0.079554
0 0.391408 0.145585 0.031822 0.079554
0 0.428799 0.145585 0.031822 0.079554
0 0.464598 0.145585 0.031822 0.079554
0 0.520286 0.145585 0.031822 0.079554
0 0.550517 0.145585 0.031822 0.079554
0 0.582339 0.145585 0.031822 0.079554
0 0.615752 0.145585 0.031822 0.079554
0 0.649165 0.145585 0.031822 0.079554
0 0.699284 0.145585 0.031822 0.079554
0 0.735879 0.145585 0.031822 0.079554
0 0.774065 0.145585 0.031822 0.079554
0 0.854415 0.201273 0.079554 0.031822
0 0.854415 0.241050 0.079554 0.031822
0 0.854415 0.278441 0.079554 0.031822
0 0.854415 0.322991 0.079554 0.031822
0 0.854415 0.356404 0.079554 0.031822
0 0.854415 0.400955 0.079554 0.031822
0 0.854415 0.432776 0.079554 0.031822
0 0.854415 0.462212 0.079554 0.031822
0 0.854415 0.517104 0.079554 0.031822
0 0.854415 0.556881 0.079554 0.031822
0 0.854415 0.588703 0.079554 0.031822
0 0.854415 0.659507 0.079554 0.031822
0 0.854415 0.708831 0.079554 0.031822
0 0.854415 0.747812 0.079554 0.031822
0 0.854415 0.785998 0.079554 0.031822
0 0.779634 0.854415 0.031822 0.079554
0 0.736675 0.854415 0.031822 0.079554
0 0.697693 0.854415 0.031822 0.079554
0 0.661893 0.854415 0.031822 0.079554
0 0.628481 0.854415 0.031822 0.079554
0 0.594272 0.854415 0.031822 0.079554
0 0.560064 0.854415 0.031822 0.079554
0 0.522673 0.854415 0.031822 0.079554
0 0.480509 0.854415 0.031822 0.079554
0 0.446301 0.854415 0.031822 0.079554
0 0.414479 0.854415 0.031822 0.079554
0 0.366746 0.854415 0.031822 0.079554
0 0.330947 0.854415 0.031822 0.079554
0 0.291169 0.854415 0.031822 0.079554
0 0.251392 0.854415 0.031822 0.079554
0 0.211615 0.854415 0.031822 0.079554
0 0.145585 0.788385 0.079554 0.031822
0 0.145585 0.747812 0.079554 0.031822
0 0.145585 0.693715 0.079554 0.031822
0 0.145585 0.654733 0.079554 0.031822
0 0.145585 0.617343 0.079554 0.031822
0 0.145585 0.581543 0.079554 0.031822
0 0.145585 0.545744 0.079554 0.031822
0 0.145585 0.510740 0.079554 0.031822
0 0.145585 0.470963 0.079554 0.031822
0 0.145585 0.434368 0.079554 0.031822
0 0.145585 0.401750 0.079554 0.031822
0 0.145585 0.335720 0.079554 0.031822
0 0.145585 0.292761 0.079554 0.031822
0 0.145585 0.241050 0.079554 0.031822
0 0.145585 0.202864 0.079554 0.031822
0 0.214002 0.150358 0.031822 0.079554
0 0.250597 0.150358 0.031822 0.079554
0 0.287192 0.150358 0.031822 0.079554
0 0.324582 0.150358 0.031822 0.079554
0 0.358791 0.150358 0.031822 0.079554
0 0.390613 0.150358 0.031822 0.079554
0 0.428003 0.150358 0.031822 0.079554
0 0.463803 0.150358 0.031822 0.079554
0 0.519491 0.150358 0.031822 0.079554
0 0.549722 0.150358 0.031822 0.079554
0 0.580748 0.150358 0.031822 0.079554
0 0.612570 0.150358 0.031822 0.079554
0 0.645187 0.150358 0.031822 0.079554
0 0.696102 0.150358 0.031822 0.079554
0 0.731901 0.150358 0.031822 0.079554
0 0.767701 0.150358 0.031822 0.079554
0 0.849642 0.202864 0.079554 0.031822
0 0.849642 0.242641 0.079554 0.031822
0 0.849642 0.279236 0.079554 0.031822
0 0.849642 0.322991 0.079554 0.031822
0 0.849642 0.355609 0.079554 0.031822
0 0.849642 0.400955 0.079554 0.031822
0 0.849642 0.431981 0.079554 0.031822
0 0.849642 0.461416 0.079554 0.031822
0 0.849642 0.516309 0.079554 0.031822
0 0.849642 0.556881 0.079554 0.031822
0 0.849642 0.587908 0.079554 0.031822
0 0.849642 0.621321 0.079554 0.031822
0 0.849642 0.657120 0.079554 0.031822
0 0.849642 0.706444 0.079554 0.031822
0 0.849642 0.745426 0.079554 0.031822
0 0.849642 0.782816 0.079554 0.031822
0 0.774861 0.849642 0.031822 0.079554
0 0.733492 0.849642 0.031822 0.079554
0 0.694511 0.849642 0.031822 0.079554
0 0.659507 0.849642 0.031822 0.079554
0 0.626889 0.849642 0.031822 0.079554
0 0.593477 0.849642 0.031822 0.079554
0 0.560859 0.849642 0.031822 0.079554
0 0.522673 0.849642 0.031822 0.079554
0 0.481305 0.849642 0.031822 0.079554
0 0.447096 0.849642 0.031822 0.079554
0 0.416070 0.849642 0.031822 0.079554
0 0.367542 0.849642 0.031822 0.079554
0 0.331742 0.849642 0.031822 0.079554
0 0.293556 0.849642 0.031822 0.079554
0 0.252983 0.849642 0.031822 0.079554
0 0.214797 0.849642 0.031822 0.079554
0 0.150358 0.783612 0.079554 0.031822
0 0.150358 0.744630 0.079554 0.031822
0 0.150358 0.688942 0.079554 0.031822
0 0.150358 0.650756 0.079554 0.031822
0 0.150358 0.614956 0.079554 0.031822
0 0.150358 0.579157 0.079554 0.031822
0 0.150358 0.543357 0.079554 0.031822
0 0.150358 0.509149 0.079554 0.031822
0 0.150358 0.469372 0.079554 0.031822
0 0.150358 0.433572 0.079554 0.031822
0 0.150358 0.400955 0.079554 0.031822
0 0.150358 0.368337 0.079554 0.031822
0 0.150358 0.336516 0.079554 0.031822
0 0.150358 0.294352 0.079554 0.031822
0 0.150358 0.243437 0.079554 0.031822
0 0.150358 0.205251 0.079554 0.031822
0 0.217979 0.155131 0.031822 0.079554
0 0.252983 0.155131 0.031822 0.079554
0 0.288783 0.155131 0.031822 0.079554
0 0.325378 0.155131 0.031822 0.079554
0 0.358791 0.155131 0.031822 0.079554
0 0.389817 0.155131 0.031822 0.079554
0 0.427208 0.155131 0.031822 0.079554
0 0.463803 0.155131 0.031822 0.079554
0 0.520286 0.155131 0.031822 0.079554
0 0.548926 0.155131 0.031822 0.079554
0 0.579157 0.155131 0.031822 0.079554
0 0.610979 0.155131 0.031822 0.079554
0 0.642005 0.155131 0.031822 0.079554
0 0.692124 0.155131 0.031822 0.079554
0 0.727128 0.155131 0.031822 0.079554
0 0.761337 0.155131 0.031822 0.079554
0 0.844869 0.205251 0.079554 0.031822
0 0.844869 0.243437 0.079554 0.031822
0 0.844869 0.279236 0.079554 0.031822
0 0.844869 0.322991 0.079554 0.031822
0 0.844869 0.354813 0.079554 0.031822
0 0.844869 0.400159 0.079554 0.031822
0 0.844869 0.431185 0.079554 0.031822
0 0.844869 0.459825 0.079554 0.031822
0 0.844869 0.516309 0.079554 0.031822
0 0.844869 0.556086 0.079554 0.031822
0 0.844869 0.586317 0.079554 0.031822
0 0.844869 0.619730 0.079554 0.031822
0 0.844869 0.653938 0.079554 0.031822
0 0.844869 0.704057 0.079554 0.031822
0 0.844869 0.742243 0.079554 0.031822
0 0.844869 0.778043 0.079554 0.031822
0 0.769292 0.844869 0.031822 0.079554
0 0.728719 0.844869 0.031822 0.079554
0 0.691329 0.844869 0.031822 0.079554
0 0.657120 0.844869 0.031822 0.079554
0 0.626094 0.844869 0.031822 0.079554
0 0.592681 0.844869 0.031822 0.079554
0 0.560859 0.844869 0.031822 0.079554
0 0.522673 0.844869 0.031822 0.079554
0 0.481305 0.844869 0.031822 0.079554
0 0.447892 0.844869 0.031822 0.079554
0 0.417661 0.844869 0.031822 0.079554
0 0.368337 0.844869 0.031822 0.079554
0 0.333333 0.844869 0.031822 0.079554
0 0.295147 0.844869 0.031822 0.079554
0 0.256165 0.844869 0.031822 0.079554
0 0.217184 0.844869 0.031822 0.079554
0 0.155131 0.779634 0.079554 0.031822
0 0.155131 0.741448 0.079554 0.031822
0 0.155131 0.684964 0.079554 0.031822
0 0.155131 0.647574 0.079554 0.031822
0 0.155131 0.612570 0.079554 0.031822
0 0.155131 0.578361 0.079554 0.031822
0 0.155131 0.541766 0.079554 0.031822
0 0.155131 0.507558 0.079554 0.031822
0 0.155131 0.468576 0.079554 0.031822
0 0.155131 0.432776 0.079554 0.031822
0 0.155131 0.401750 0.079554 0.031822
0 0.155131 0.369133 0.079554 0.031822
0 0.155131 0.338107 0.079554 0.031822
0 0.155131 0.295943 0.079554 0.031822
0 0.155131 0.244232 0.079554 0.031822
0 0.155131 0.207637 0.079554 0.031822
0 0.221161 0.159905 0.031822 0.079554
0 0.254574 0.159905 0.031822 0.079554
0 0.290374 0.159905 0.031822 0.079554
0 0.326173 0.159905 0.031822 0.079554
0 0.357995 0.159905 0.031822 0.079554
0 0.389021 0.159905 0.031822 0.079554
0 0.427208 0.159905 0.031822 0.079554
0 0.463007 0.159905 0.031822 0.079554
0 0.520286 0.159905 0.031822 0.079554
0 0.548130 0.159905 0.031822 0.079554
0 0.577566 0.159905 0.031822 0.079554
0 0.608592 0.159905 0.031822 0.079554
0 0.638823 0.159905 0.031822 0.079554
0 0.688942 0.159905 0.031822 0.079554
0 0.723150 0.159905 0.031822 0.079554
0 0.755768 0.159905 0.031822 0.079554
0 0.840095 0.207637 0.079554 0.031822
0 0.840095 0.245028 0.079554 0.031822
0 0.840095 0.279236 0.079554 0.031822
0 0.840095 0.323787 0.079554 0.031822
0 0.840095 0.354813 0.079554 0.031822
0 0.840095 0.400159 0.079554 0.031822
0 0.840095 0.430390 0.079554 0.031822
0 0.840095 0.458234 0.079554 0.031822
0 0.840095 0.516309 0.079554 0.031822
0 0.840095 0.556086 0.079554 0.031822
0 0.840095 0.585521 0.079554 0.031822
0 0.840095 0.618138 0.079554 0.031822
0 0.840095 0.652347 0.079554 0.031822
0 0.840095 0.701671 0.079554 0.031822
0 0.840095 0.739061 0.079554 0.031822
0 0.840095 0.774065 0.079554 0.031822
0 0.764519 0.840095 0.031822 0.079554
0 0.724741 0.840095 0.031822 0.079554
0 0.688146 0.840095 0.031822 0.079554
0 0.654733 0.840095 0.031822 0.079554
0 0.624503 0.840095 0.031822 0.079554
0 0.592681 0.840095 0.031822 0.079554
0 0.561655 0.840095 0.031822 0.079554
0 0.481305 0.840095 0.031822 0.079554
0 0.447892 0.840095 0.031822 0.079554
0 0.334129 0.840095 0.031822 0.079554
0 0.296738 0.840095 0.031822 0.079554
0 0.257757 0.840095 0.031822 0.079554
0 0.220366 0.840095 0.031822 0.079554
0 0.159905 0.775656 0.079554 0.031822
0 0.159905 0.737470 0.079554 0.031822
0 0.159905 0.680191 0.079554 0.031822
0 0.159905 0.644391 0.079554 0.031822
0 0.159905 0.609387 0.079554 0.031822
0 0.159905 0.575179 0.079554 0.031822
0 0.159905 0.539379 0.079554 0.031822
0 0.159905 0.505967 0.079554 0.031822
0 0.159905 0.467780 0.079554 0.031822
0 0.159905 0.431981 0.079554 0.031822
0 0.159905 0.400955 0.079554 0.031822
0 0.159905 0.369928 0.079554 0.031822
0 0.159905 0.339698 0.079554 0.031822
0 0.159905 0.297534 0.079554 0.031822
0 0.159905 0.245823 0.079554 0.031822
0 0.225139 0.164678 0.031822 0.079554
0 0.257757 0.164678 0.031822 0.079554
0 0.291965 0.164678 0.031822 0.079554
0 0.326173 0.164678 0.031822 0.079554
0 0.357995 0.164678 0.031822 0.079554
0 0.388226 0.164678 0.031822 0.079554
0 0.426412 0.164678 0.031822 0.079554
0 0.462212 0.164678 0.031822 0.079554
0 0.519491 0.164678 0.031822 0.079554
0 0.547335 0.164678 0.031822 0.079554
0 0.605410 0.164678 0.031822 0.079554
0 0.634845 0.164678 0.031822 0.079554
0 0.685760 0.164678 0.031822 0.079554
0 0.718377 0.164678 0.031822 0.079554
0 0.750199 0.164678 0.031822 0.079554
0 0.835322 0.245823 0.079554 0.031822
0 0.835322 0.280032 0.079554 0.031822
0 0.835322 0.323787 0.079554 0.031822
0 0.835322 0.354813 0.079554 0.031822
0 0.835322 0.400159 0.079554 0.031822
0 0.835322 0.429594 0.079554 0.031822
0 0.835322 0.457438 0.079554 0.031822
0 0.835322 0.516309 0.079554 0.031822
0 0.835322 0.555290 0.079554 0.031822
0 0.835322 0.584726 0.079554 0.031822
0 0.835322 0.615752 0.079554 0.031822
0 0.835322 0.649960 0.079554 0.031822
0 0.835322 0.700080 0.079554 0.031822
0 0.835322 0.735879 0.079554 0.031822
0 0.835322 0.770883 0.079554 0.031822
0 0.758950 0.835322 0.031822 0.079554
0 0.719968 0.835322 0.031822 0.079554
0 0.684169 0.835322 0.031822 0.079554
0 0.653142 0.835322 0.031822 0.079554
0 0.622912 0.835322 0.031822 0.079554
0 0.591885 0.835322 0.031822 0.079554
0 0.560859 0.835322 0.031822 0.079554
0 0.521082 0.835322 0.031822 0.079554
0 0.481305 0.835322 0.031822 0.079554
0 0.448687 0.835322 0.031822 0.079554
0 0.419252 0.835322 0.031822 0.079554
0 0.369928 0.835322 0.031822 0.079554
0 0.335720 0.835322 0.031822 0.079554
0 0.299125 0.835322 0.031822 0.079554
0 0.260143 0.835322 0.031822 0.079554
0 0.223548 0.835322 0.031822 0.079554
0 0.164678 0.770883 0.079554 0.031822
0 0.164678 0.734288 0.079554 0.031822
0 0.164678 0.675418 0.079554 0.031822
0 0.164678 0.641209 0.079554 0.031822
0 0.164678 0.607001 0.079554 0.031822
0 0.164678 0.573588 0.079554 0.031822
0 0.164678 0.537788 0.079554 0.031822
0 0.164678 0.504375 0.079554 0.031822
0 0.164678 0.466985 0.079554 0.031822
0 0.164678 0.431185 0.079554 0.031822
0 0.164678 0.400955 0.079554 0.031822
0 0.164678 0.369928 0.079554 0.031822
0 0.164678 0.340493 0.079554 0.031822
0 0.164678 0.299125 0.079554 0.031822
0 0.164678 0.248210 0.079554 0.031822
0 0.164678 0.213206 0.079554 0.031822
0 0.206842 0.140811 0.031822 0.079554
0 0.245823 0.140811 0.031822 0.079554
0 0.284805 0.140811 0.031822 0.079554
0 0.323787 0.140811 0.031822 0.079554
0 0.359586 0.140811 0.031822 0.079554
0 0.392999 0.140811 0.031822 0.079554
0 0.428799 0.140811 0.031822 0.079554
0 0.465394 0.140811 0.031822 0.079554
0 0.520286 0.140811 0.031822 0.079554
0 0.551313 0.140811 0.031822 0.079554
0 0.583930 0.140811 0.031822 0.079554
0 0.618138 0.140811 0.031822 0.079554
0 0.653142 0.140811 0.031822 0.079554
0 0.702466 0.140811 0.031822 0.079554
0 0.740652 0.140811 0.031822 0.079554
0 0.779634 0.140811 0.031822 0.079554
0 0.859189 0.199682 0.079554 0.031822
0 0.859189 0.240255 0.079554 0.031822
0 0.859189 0.278441 0.079554 0.031822
0 0.859189 0.322196 0.079554 0.031822
0 0.859189 0.357200 0.079554 0.031822
0 0.859189 0.400955 0.079554 0.031822
0 0.859189 0.433572 0.079554 0.031822
0 0.859189 0.463803 0.079554 0.031822
0 0.859189 0.517104 0.079554 0.031822
0 0.859189 0.556881 0.079554 0.031822
0 0.859189 0.589499 0.079554 0.031822
0 0.859189 0.625298 0.079554 0.031822
0 0.859189 0.662689 0.079554 0.031822
0 0.859189 0.711217 0.079554 0.031822
0 0.859189 0.750994 0.079554 0.031822
0 0.859189 0.790772 0.079554 0.031822
0 0.784407 0.859189 0.031822 0.079554
0 0.742243 0.859189 0.031822 0.079554
0 0.701671 0.859189 0.031822 0.079554
0 0.664280 0.859189 0.031822 0.079554
0 0.630072 0.859189 0.031822 0.079554
0 0.595068 0.859189 0.031822 0.079554
0 0.560064 0.859189 0.031822 0.079554
0 0.523469 0.859189 0.031822 0.079554
0 0.481305 0.859189 0.031822 0.079554
0 0.446301 0.859189 0.031822 0.079554
0 0.413683 0.859189 0.031822 0.079554
0 0.366746 0.859189 0.031822 0.079554
0 0.330151 0.859189 0.031822 0.079554
0 0.289578 0.859189 0.031822 0.079554
0 0.248210 0.859189 0.031822 0.079554
0 0.208433 0.859189 0.031822 0.079554
0 0.140811 0.792363 0.079554 0.031822
0 0.140811 0.750994 0.079554 0.031822
0 0.140811 0.698488 0.079554 0.031822
0 0.140811 0.658711 0.079554 0.031822
0 0.140811 0.620525 0.079554 0.031822
0 0.140811 0.547335 0.079554 0.031822
0 0.140811 0.512331 0.079554 0.031822
0 0.140811 0.471758 0.079554 0.031822
0 0.140811 0.435163 0.079554 0.031822
0 0.140811 0.401750 0.079554 0.031822
0 0.140811 0.367542 0.079554 0.031822
0 0.140811 0.334924 0.079554 0.031822
0 0.140811 0.291169 0.079554 0.031822
0 0.140811 0.240255 0.079554 0.031822
0 0.140811 0.200477 0.079554 0.031822
1 0.241354 0.186247 0.040000 0.100000
1 0.269309 0.185556 0.040000 0.100000
1 0.297412 0.186146 0.040000 0.100000
1 0.330247 0.187105 0.040000 0.100000
1 0.356610 0.185906 0.040000 0.100000
1 0.383214 0.186625 0.040000 0.100000
1 0.425875 0.186386 0.040000 0.100000
1 0.440495 0.186625 0.040000 0.100000
1 0.460243 0.185523 0.040000 0.100000
1 0.520640 0.186098 0.040000 0.100000
1 0.543936 0.185810 0.040000 0.100000
1 0.568497 0.186213 0.040000 0.100000
1 0.595417 0.185178 0.040000 0.100000
1 0.619575 0.185523 0.040000 0.100000
1 0.699423 0.186572 0.040000 0.100000
1 0.671462 0.187770 0.040000 0.100000
1 0.726286 0.186871 0.040000 0.100000
1 0.814205 0.218548 0.100000 0.040000
1 0.816494 0.252584 0.100000 0.040000
1 0.811700 0.282144 0.100000 0.040000
1 0.811500 0.353445 0.100000 0.040000
1 0.813418 0.401179 0.100000 0.040000
1 0.813543 0.325663 0.100000 0.040000
1 0.813453 0.427586 0.100000 0.040000
1 0.813286 0.458377 0.100000 0.040000
1 0.815084 0.515398 0.100000 0.040000
1 0.812487 0.554943 0.100000 0.040000
1 0.813218 0.581423 0.100000 0.040000
1 0.813817 0.609384 0.100000 0.040000
1 0.812819 0.639942 0.100000 0.040000
1 0.814300 0.691354 0.100000 0.040000
1 0.812943 0.723331 0.100000 0.040000
1 0.812481 0.754538 0.100000 0.040000
1 0.705238 0.815738 0.040000 0.100000
1 0.739672 0.813787 0.040000 0.100000
1 0.671701 0.813663 0.040000 0.100000
1 0.644309 0.812738 0.040000 0.100000
1 0.592135 0.813755 0.040000 0.100000
1 0.619043 0.814171 0.040000 0.100000
1 0.564812 0.813422 0.040000 0.100000
1 0.521425 0.813680 0.040000 0.100000
1 0.484254 0.813125 0.040000 0.100000
1 0.452215 0.814374 0.040000 0.100000
1 0.427887 0.813514 0.040000 0.100000
1 0.373396 0.814046 0.040000 0.100000
1 0.344436 0.813048 0.040000 0.100000
1 0.310363 0.812728 0.040000 0.100000
1 0.273214 0.813447 0.040000 0.100000
1 0.242536 0.812968 0.040000 0.100000
1 0.186266 0.754213 0.100000 0.040000
1 0.185068 0.722057 0.100000 0.040000
1 0.186616 0.658528 0.100000 0.040000
1 0.186682 0.626972 0.100000 0.040000
1 0.186283 0.596414 0.100000 0.040000
1 0.186323 0.566336 0.100000 0.040000
1 0.186083 0.529139 0.100000 0.040000
1 0.185508 0.517923 0.100000 0.040000
1 0.184070 0.499516 0.100000 0.040000
1 0.185320 0.463018 0.100000 0.040000
1 0.184521 0.428666 0.100000 0.040000
1 0.184721 0.402502 0.100000 0.040000
1 0.184721 0.374740 0.100000 0.040000
1 0.184721 0.349016 0.100000 0.040000
1 0.186399 0.333198 0.100000 0.040000
1 0.185770 0.293155 0.100000 0.040000
1 0.184771 0.308634 0.100000 0.040000
1 0.185770 0.256539 0.100000 0.040000
1 0.185070 0.226214 0.100000 0.040000
1 0.255251 0.202651 0.040000 0.100000
1 0.278619 0.203449 0.040000 0.100000
1 0.306580 0.203649 0.040000 0.100000
1 0.334342 0.203250 0.040000 0.100000
1 0.358908 0.201852 0.040000 0.100000
1 0.383797 0.202830 0.040000 0.100000
1 0.425739 0.201432 0.040000 0.100000
1 0.440519 0.203429 0.040000 0.100000
1 0.459213 0.200833 0.040000 0.100000
1 0.521048 0.201552 0.040000 0.100000
1 0.542594 0.202103 0.040000 0.100000
1 0.564164 0.202822 0.040000 0.100000
1 0.587891 0.201864 0.040000 0.100000
1 0.609462 0.202343 0.040000 0.100000
1 0.662193 0.201908 0.040000 0.100000
1 0.689355 0.202107 0.040000 0.100000
1 0.709128 0.201508 0.040000 0.100000
1 0.798584 0.225902 0.100000 0.040000
1 0.797586 0.257659 0.100000 0.040000
1 0.797012 0.285678 0.100000 0.040000
1 0.798121 0.327010 0.100000 0.040000
1 0.797356 0.353473 0.100000 0.040000
1 0.796796 0.402446 0.100000 0.040000
1 0.796796 0.424735 0.100000 0.040000
1 0.796952 0.448994 0.100000 0.040000
1 0.797951 0.515901 0.100000 0.040000
1 0.797711 0.555207 0.100000 0.040000
1 0.796752 0.581331 0.100000 0.040000
1 0.798629 0.608194 0.100000 0.040000
1 0.798130 0.633659 0.100000 0.040000
1 0.797298 0.687192 0.100000 0.040000
1 0.798097 0.717350 0.100000 0.040000
1 0.798097 0.744912 0.100000 0.040000
1 0.726038 0.798852 0.040000 0.100000
1 0.693084 0.798352 0.040000 0.100000
1 0.662759 0.798252 0.040000 0.100000
1 0.639591 0.800250 0.040000 0.100000
1 0.616024 0.797254 0.040000 0.100000
1 0.591298 0.798732 0.040000 0.100000
1 0.567091 0.799451 0.040000 0.100000
1 0.521794 0.800649 0.040000 0.100000
1 0.456446 0.799246 0.040000 0.100000
1 0.485156 0.800356 0.040000 0.100000
1 0.433089 0.798885 0.040000 0.100000
1 0.378564 0.796788 0.040000 0.100000
1 0.348726 0.797308 0.040000 0.100000
1 0.316131 0.799944 0.040000 0.100000
1 0.281828 0.799907 0.040000 0.100000
1 0.252369 0.799075 0.040000 0.100000
1 0.202731 0.742693 0.100000 0.040000
1 0.202813 0.711847 0.100000 0.040000
1 0.201939 0.644316 0.100000 0.040000
1 0.201607 0.617020 0.100000 0.040000
1 0.201607 0.589225 0.100000 0.040000
1 0.200821 0.562901 0.100000 0.040000
1 0.203328 0.511882 0.100000 0.040000
1 0.202162 0.525530 0.100000 0.040000
1 0.201705 0.494364 0.100000 0.040000
1 0.200457 0.452256 0.100000 0.040000
1 0.201289 0.428455 0.100000 0.040000
1 0.201855 0.403490 0.100000 0.040000
1 0.201455 0.379323 0.100000 0.040000
1 0.201092 0.336998 0.100000 0.040000
1 0.200094 0.353143 0.100000 0.040000
1 0.201259 0.314030 0.100000 0.040000
1 0.202590 0.299883 0.100000 0.040000
1 0.202324 0.262168 0.100000 0.040000
1 0.202324 0.234806 0.100000 0.040000
1 0.269640 0.220334 0.040000 0.100000
1 0.289812 0.218936 0.040000 0.100000
1 0.313779 0.218137 0.040000 0.100000
1 0.338944 0.217139 0.040000 0.100000
1 0.361114 0.217538 0.040000 0.100000
1 0.382444 0.217298 0.040000 0.100000
1 0.424530 0.218545 0.040000 0.100000
1 0.441111 0.219954 0.040000 0.100000
1 0.464745 0.219455 0.040000 0.100000
1 0.522831 0.217691 0.040000 0.100000
1 0.541206 0.219089 0.040000 0.100000
1 0.561098 0.219568 0.040000 0.100000
1 0.580751 0.217890 0.040000 0.100000
1 0.600883 0.218609 0.040000 0.100000
1 0.654425 0.218370 0.040000 0.100000
1 0.675478 0.218427 0.040000 0.100000
1 0.696185 0.218082 0.040000 0.100000
1 0.779367 0.235966 0.100000 0.040000
1 0.780565 0.262809 0.100000 0.040000
1 0.779942 0.288214 0.100000 0.040000
1 0.780370 0.331017 0.100000 0.040000
1 0.780849 0.352107 0.100000 0.040000
1 0.782171 0.404407 0.100000 0.040000
1 0.781172 0.425778 0.100000 0.040000
1 0.780374 0.453939 0.100000 0.040000
1 0.780230 0.514327 0.100000 0.040000
1 0.780517 0.558331 0.100000 0.040000
1 0.783969 0.581914 0.100000 0.040000
1 0.782243 0.606073 0.100000 0.040000
1 0.781212 0.628817 0.100000 0.040000
1 0.780445 0.682359 0.100000 0.040000
1 0.782171 0.710257 0.100000 0.040000
1 0.781520 0.735394 0.100000 0.040000
1 0.712599 0.780382 0.040000 0.100000
1 0.684804 0.782712 0.040000 0.100000
1 0.655192 0.780590 0.040000 0.100000
1 0.633832 0.782393 0.040000 0.100000
1 0.614442 0.782116 0.040000 0.100000
1 0.591973 0.781949 0.040000 0.100000
1 0.569005 0.782282 0.040000 0.100000
1 0.522902 0.782082 0.040000 0.100000
1 0.490946 0.782482 0.040000 0.100000
1 0.461267 0.782961 0.040000 0.100000
1 0.440895 0.782002 0.040000 0.100000
1 0.380679 0.782382 0.040000 0.100000
1 0.355513 0.782182 0.040000 0.100000
1 0.326753 0.782781 0.040000 0.100000
1 0.291881 0.780864 0.040000 0.100000
1 0.264319 0.782542 0.040000 0.100000
1 0.217883 0.730354 0.100000 0.040000
1 0.216525 0.704733 0.100000 0.040000
1 0.217121 0.634666 0.100000 0.040000
1 0.218519 0.609101 0.100000 0.040000
1 0.217470 0.583620 0.100000 0.040000
1 0.218136 0.558654 0.100000 0.040000
1 0.216571 0.521339 0.100000 0.040000
1 0.217570 0.507358 0.100000 0.040000
1 0.217370 0.490781 0.100000 0.040000
1 0.217520 0.459375 0.100000 0.040000
1 0.217420 0.427818 0.100000 0.040000
1 0.217700 0.405778 0.100000 0.040000
1 0.217353 0.382892 0.100000 0.040000
1 0.217145 0.356864 0.100000 0.040000
1 0.215647 0.322494 0.100000 0.040000
1 0.217544 0.269601 0.100000 0.040000
1 0.216865 0.244875 0.100000 0.040000
1 0.216865 0.305032 0.100000 0.040000
1 0.524229 0.235468 0.040000 0.100000
1 0.541871 0.232805 0.040000 0.100000
1 0.558348 0.232639 0.040000 0.100000
1 0.575658 0.233471 0.040000 0.100000
1 0.593433 0.233338 0.040000 0.100000
1 0.645921 0.234576 0.040000 0.100000
1 0.664615 0.235775 0.040000 0.100000
1 0.678995 0.235295 0.040000 0.100000
1 0.767749 0.241920 0.100000 0.040000
1 0.766937 0.269891 0.100000 0.040000
1 0.766138 0.292061 0.100000 0.040000
1 0.765779 0.334962 0.100000 0.040000
1 0.766258 0.355573 0.100000 0.040000
1 0.766038 0.405404 0.100000 0.040000
1 0.765439 0.426375 0.100000 0.040000
1 0.765439 0.452939 0.100000 0.040000
1 0.765363 0.517965 0.100000 0.040000
1 0.764964 0.531346 0.100000 0.040000
1 0.765763 0.561305 0.100000 0.040000
1 0.765363 0.580878 0.100000 0.040000
1 0.766362 0.601649 0.100000 0.040000
1 0.766571 0.625606 0.100000 0.040000
1 0.765573 0.679865 0.100000 0.040000
1 0.765773 0.703898 0.100000 0.040000
1 0.764774 0.724669 0.100000 0.040000
1 0.701062 0.765573 0.040000 0.100000
1 0.672302 0.765573 0.040000 0.100000
1 0.650138 0.766336 0.040000 0.100000
1 0.631763 0.766735 0.040000 0.100000
1 0.612190 0.765137 0.040000 0.100000
1 0.593216 0.765537 0.040000 0.100000
1 0.574657 0.765972 0.040000 0.100000
1 0.524033 0.766416 0.040000 0.100000
1 0.495239 0.766416 0.040000 0.100000
1 0.464248 0.765551 0.040000 0.100000
1 0.446473 0.766150 0.040000 0.100000
1 0.386037 0.766869 0.040000 0.100000
1 0.362789 0.765191 0.040000 0.100000
1 0.335227 0.765671 0.040000 0.100000
1 0.302152 0.765095 0.040000 0.100000
1 0.280870 0.765095 0.040000 0.100000
1 0.233886 0.721842 0.100000 0.040000
1 0.234053 0.694180 0.100000 0.040000
1 0.233294 0.624676 0.100000 0.040000
1 0.233050 0.601369 0.100000 0.040000
1 0.234248 0.555632 0.100000 0.040000
1 0.233849 0.578600 0.100000 0.040000
1 0.233250 0.518084 0.100000 0.040000
1 0.234967 0.503224 0.100000 0.040000
1 0.234248 0.479497 0.100000 0.040000
1 0.234488 0.458646 0.100000 0.040000
1 0.233817 0.428256 0.100000 0.040000
1 0.233529 0.408986 0.100000 0.040000
1 0.233817 0.388566 0.100000 0.040000
1 0.233044 0.364663 0.100000 0.040000
1 0.234425 0.349120 0.100000 0.040000
1 0.232007 0.321833 0.100000 0.040000
1 0.235116 0.277968 0.100000 0.040000
1 0.235116 0.255517 0.100000 0.040000
1 0.282574 0.234862 0.040000 0.100000
1 0.302054 0.233619 0.040000 0.100000
1 0.324022 0.232790 0.040000 0.100000
1 0.343702 0.232562 0.040000 0.100000
1 0.364081 0.234289 0.040000 0.100000
1 0.383078 0.233598 0.040000 0.100000
1 0.425907 0.234289 0.040000 0.100000
1 0.456993 0.236016 0.040000 0.100000
1 0.748974 0.296028 0.100000 0.040000
1 0.749306 0.338479 0.100000 0.040000
1 0.749969 0.357383 0.100000 0.040000
1 0.749969 0.409783 0.100000 0.040000
1 0.750301 0.426697 0.100000 0.040000
1 0.748643 0.444606 0.100000 0.040000
1 0.749778 0.519283 0.100000 0.040000
1 0.749202 0.534061 0.100000 0.040000
1 0.749970 0.565345 0.100000 0.040000
1 0.749010 0.582426 0.100000 0.040000
1 0.747859 0.599892 0.100000 0.040000
1 0.749202 0.618892 0.100000 0.040000
1 0.749582 0.678320 0.100000 0.040000
1 0.749390 0.698856 0.100000 0.040000
1 0.749582 0.716705 0.100000 0.040000
1 0.690445 0.750006 0.040000 0.100000
1 0.662808 0.750006 0.040000 0.100000
1 0.641121 0.750006 0.040000 0.100000
1 0.627302 0.750966 0.040000 0.100000
1 0.611756 0.750774 0.040000 0.100000
1 0.593715 0.750774 0.040000 0.100000
1 0.576442 0.750774 0.040000 0.100000
1 0.526397 0.750685 0.040000 0.100000
1 0.496329 0.750844 0.040000 0.100000
1 0.467540 0.750365 0.040000 0.100000
1 0.453162 0.751004 0.040000 0.100000
1 0.390306 0.750205 0.040000 0.100000
1 0.368363 0.749661 0.040000 0.100000
1 0.346292 0.750429 0.040000 0.100000
1 0.311937 0.751196 0.040000 0.100000
1 0.297735 0.748701 0.040000 0.100000
1 0.250521 0.710738 0.100000 0.040000
1 0.250060 0.687017 0.100000 0.040000
1 0.251117 0.615055 0.100000 0.040000
1 0.251692 0.593752 0.100000 0.040000
1 0.250349 0.573792 0.100000 0.040000
1 0.248622 0.554407 0.100000 0.040000
1 0.249045 0.511279 0.100000 0.040000
1 0.249204 0.486968 0.100000 0.040000
1 0.249844 0.459299 0.100000 0.040000
1 0.250711 0.430722 0.100000 0.040000
1 0.248632 0.413768 0.100000 0.040000
1 0.249911 0.395375 0.100000 0.040000
1 0.250231 0.372504 0.100000 0.040000
1 0.249411 0.354355 0.100000 0.040000
1 0.249277 0.336761 0.100000 0.040000
1 0.249811 0.320768 0.100000 0.040000
1 0.250286 0.285153 0.100000 0.040000
1 0.249456 0.264662 0.100000 0.040000
1 0.295740 0.250871 0.040000 0.100000
1 0.312092 0.250180 0.040000 0.100000
1 0.330747 0.250641 0.040000 0.100000
1 0.349863 0.249950 0.040000 0.100000
1 0.366445 0.249029 0.040000 0.100000
1 0.384640 0.248568 0.040000 0.100000
1 0.427543 0.248629 0.040000 0.100000
1 0.465736 0.248821 0.040000 0.100000
1 0.444655 0.249052 0.040000 0.100000
1 0.525079 0.247670 0.040000 0.100000
1 0.540279 0.248222 0.040000 0.100000
1 0.555204 0.248499 0.040000 0.100000
1 0.569299 0.248499 0.040000 0.100000
1 0.583394 0.249052 0.040000 0.100000
1 0.638392 0.249328 0.040000 0.100000
1 0.750570 0.253684 0.100000 0.040000
1 0.749419 0.277291 0.100000 0.040000
1 0.653284 0.251164 0.040000 0.100000
1 0.667812 0.251431 0.040000 0.100000
