0 0.204886 0.137904 0.031521 0.078802
0 0.245863 0.137904 0.031521 0.078802
0 0.284476 0.137904 0.031521 0.078802
0 0.324665 0.137904 0.031521 0.078802
0 0.360914 0.137904 0.031521 0.078802
0 0.396375 0.137904 0.031521 0.078802
0 0.430260 0.137904 0.031521 0.078802
0 0.467297 0.137904 0.031521 0.078802
0 0.520883 0.137904 0.031521 0.078802
0 0.552403 0.137904 0.031521 0.078802
0 0.584712 0.137904 0.031521 0.078802
0 0.620173 0.137904 0.031521 0.078802
0 0.656422 0.137904 0.031521 0.078802
0 0.704492 0.137904 0.031521 0.078802
0 0.743893 0.137904 0.031521 0.078802
0 0.784870 0.137904 0.031521 0.078802
0 0.862096 0.200158 0.078802 0.031521
0 0.862096 0.241135 0.078802 0.031521
0 0.862096 0.280536 0.078802 0.031521
0 0.862096 0.323089 0.078802 0.031521
0 0.862096 0.359338 0.078802 0.031521
0 0.862096 0.402679 0.078802 0.031521
0 0.862096 0.436564 0.078802 0.031521
0 0.862096 0.467297 0.078802 0.031521
0 0.862096 0.517730 0.078802 0.031521
0 0.862096 0.557132 0.078802 0.031521
0 0.862096 0.590229 0.078802 0.031521
0 0.862096 0.625690 0.078802 0.031521
0 0.862096 0.662727 0.078802 0.031521
0 0.862096 0.710796 0.078802 0.031521
0 0.862096 0.750985 0.078802 0.031521
0 0.862096 0.791174 0.078802 0.031521
0 0.790386 0.862096 0.031521 0.078802
0 0.747833 0.862096 0.031521 0.078802
0 0.706856 0.862096 0.031521 0.078802
0 0.667455 0.862096 0.031521 0.078802
0 0.631206 0.862096 0.031521 0.078802
0 0.595745 0.862096 0.031521 0.078802
0 0.561072 0.862096 0.031521 0.078802
0 0.524823 0.862096 0.031521 0.078802
0 0.480693 0.862096 0.031521 0.078802
0 0.446809 0.862096 0.031521 0.078802
0 0.413712 0.862096 0.031521 0.078802
0 0.368006 0.862096 0.031521 0.078802
0 0.330181 0.862096 0.031521 0.078802
0 0.289992 0.862096 0.031521 0.078802
0 0.249015 0.862096 0.031521 0.078802
0 0.207250 0.862096 0.031521 0.078802
0 0.137904 0.793538 0.078802 0.031521
0 0.137904 0.752561 0.078802 0.031521
0 0.137904 0.703704 0.078802 0.031521
0 0.137904 0.661939 0.078802 0.031521
0 0.137904 0.622537 0.078802 0.031521
0 0.137904 0.586288 0.078802 0.031521
0 0.137904 0.550827 0.078802 0.031521
0 0.137904 0.514578 0.078802 0.031521
0 0.137904 0.474389 0.078802 0.031521
0 0.137904 0.437352 0.078802 0.031521
0 0.137904 0.403467 0.078802 0.031521
0 0.137904 0.368006 0.078802 0.031521
0 0.137904 0.334909 0.078802 0.031521
0 0.137904 0.292356 0.078802 0.031521
0 0.137904 0.241923 0.078802 0.031521
0 0.137904 0.201734 0.078802 0.031521
0 0.211190 0.147360 0.031521 0.078802
0 0.250591 0.147360 0.031521 0.078802
0 0.287628 0.147360 0.031521 0.078802
0 0.326241 0.147360 0.031521 0.078802
0 0.360914 0.147360 0.031521 0.078802
0 0.394799 0.147360 0.031521 0.078802
0 0.430260 0.147360 0.031521 0.078802
0 0.466509 0.147360 0.031521 0.078802
0 0.520883 0.147360 0.031521 0.078802
0 0.550827 0.147360 0.031521 0.078802
0 0.582348 0.147360 0.031521 0.078802
0 0.615445 0.147360 0.031521 0.078802
0 0.649330 0.147360 0.031521 0.078802
0 0.698188 0.147360 0.031521 0.078802
0 0.735225 0.147360 0.031521 0.078802
0 0.772262 0.147360 0.031521 0.078802
0 0.852640 0.204098 0.078802 0.031521
0 0.852640 0.243499 0.078802 0.031521
0 0.852640 0.281324 0.078802 0.031521
0 0.852640 0.323877 0.078802 0.031521
0 0.852640 0.358550 0.078802 0.031521
0 0.852640 0.403467 0.078802 0.031521
0 0.852640 0.434988 0.078802 0.031521
0 0.852640 0.464933 0.078802 0.031521
0 0.852640 0.516942 0.078802 0.031521
0 0.852640 0.557132 0.078802 0.031521
0 0.852640 0.588652 0.078802 0.031521
0 0.852640 0.622537 0.078802 0.031521
0 0.852640 0.657998 0.078802 0.031521
0 0.852640 0.706856 0.078802 0.031521
0 0.852640 0.744681 0.078802 0.031521
0 0.781718 0.852640 0.031521 0.078802
0 0.739165 0.852640 0.031521 0.078802
0 0.699764 0.852640 0.031521 0.078802
0 0.661939 0.852640 0.031521 0.078802
0 0.628842 0.852640 0.031521 0.078802
0 0.594169 0.852640 0.031521 0.078802
0 0.561072 0.852640 0.031521 0.078802
0 0.524035 0.852640 0.031521 0.078802
0 0.481481 0.852640 0.031521 0.078802
0 0.448385 0.852640 0.031521 0.078802
0 0.416076 0.852640 0.031521 0.078802
0 0.369582 0.852640 0.031521 0.078802
0 0.332545 0.852640 0.031521 0.078802
0 0.293144 0.852640 0.031521 0.078802
0 0.253743 0.852640 0.031521 0.078802
0 0.213554 0.852640 0.031521 0.078802
0 0.147360 0.785658 0.078802 0.031521
0 0.147360 0.746257 0.078802 0.031521
0 0.147360 0.693459 0.078802 0.031521
0 0.147360 0.655634 0.078802 0.031521
0 0.147360 0.617809 0.078802 0.031521
0 0.147360 0.583924 0.078802 0.031521
0 0.147360 0.547675 0.078802 0.031521
0 0.147360 0.511426 0.078802 0.031521
0 0.147360 0.472025 0.078802 0.031521
0 0.147360 0.435776 0.078802 0.031521
0 0.147360 0.403467 0.078802 0.031521
0 0.147360 0.369582 0.078802 0.031521
0 0.147360 0.337273 0.078802 0.031521
0 0.147360 0.295508 0.078802 0.031521
0 0.147360 0.245075 0.078802 0.031521
0 0.147360 0.206462 0.078802 0.031521
0 0.214342 0.152088 0.031521 0.078802
0 0.252955 0.152088 0.031521 0.078802
0 0.289204 0.152088 0.031521 0.078802
0 0.327029 0.152088 0.031521 0.078802
0 0.360126 0.152088 0.031521 0.078802
0 0.394011 0.152088 0.031521 0.078802
0 0.429472 0.152088 0.031521 0.078802
0 0.465721 0.152088 0.031521 0.078802
0 0.520883 0.152088 0.031521 0.078802
0 0.550039 0.152088 0.031521 0.078802
0 0.580772 0.152088 0.031521 0.078802
0 0.612293 0.152088 0.031521 0.078802
0 0.645390 0.152088 0.031521 0.078802
0 0.695035 0.152088 0.031521 0.078802
0 0.729708 0.152088 0.031521 0.078802
0 0.766745 0.152088 0.031521 0.078802
0 0.847912 0.206462 0.078802 0.031521
0 0.847912 0.245075 0.078802 0.031521
0 0.847912 0.282112 0.078802 0.031521
0 0.847912 0.324665 0.078802 0.031521
0 0.847912 0.358550 0.078802 0.031521
0 0.847912 0.402679 0.078802 0.031521
0 0.847912 0.434200 0.078802 0.031521
0 0.847912 0.464145 0.078802 0.031521
0 0.847912 0.516942 0.078802 0.031521
0 0.847912 0.557132 0.078802 0.031521
0 0.847912 0.587864 0.078802 0.031521
0 0.847912 0.620961 0.078802 0.031521
0 0.847912 0.655634 0.078802 0.031521
0 0.847912 0.704492 0.078802 0.031521
0 0.847912 0.742317 0.078802 0.031521
0 0.847912 0.780142 0.078802 0.031521
0 0.776202 0.847912 0.031521 0.078802
0 0.734437 0.847912 0.031521 0.078802
0 0.695823 0.847912 0.031521 0.078802
0 0.659574 0.847912 0.031521 0.078802
0 0.627266 0.847912 0.031521 0.078802
0 0.592593 0.847912 0.031521 0.078802
0 0.561860 0.847912 0.031521 0.078802
0 0.523247 0.847912 0.031521 0.078802
0 0.481481 0.847912 0.031521 0.078802
0 0.448385 0.847912 0.031521 0.078802
0 0.417652 0.847912 0.031521 0.078802
0 0.370370 0.847912 0.031521 0.078802
0 0.334121 0.847912 0.031521 0.078802
0 0.295508 0.847912 0.031521 0.078802
0 0.255319 0.847912 0.031521 0.078802
0 0.216706 0.847912 0.031521 0.078802
0 0.152088 0.781718 0.078802 0.031521
0 0.152088 0.743105 0.078802 0.031521
0 0.152088 0.689519 0.078802 0.031521
0 0.152088 0.651694 0.078802 0.031521
0 0.152088 0.581560 0.078802 0.031521
0 0.152088 0.546099 0.078802 0.031521
0 0.152088 0.509850 0.078802 0.031521
0 0.152088 0.471237 0.078802 0.031521
0 0.152088 0.403467 0.078802 0.031521
0 0.152088 0.370370 0.078802 0.031521
0 0.152088 0.338849 0.078802 0.031521
0 0.152088 0.297872 0.078802 0.031521
0 0.152088 0.246651 0.078802 0.031521
0 0.152088 0.209614 0.078802 0.031521
0 0.217494 0.156816 0.031521 0.078802
0 0.255319 0.156816 0.031521 0.078802
0 0.291568 0.156816 0.031521 0.078802
0 0.360914 0.156816 0.031521 0.078802
0 0.393223 0.156816 0.031521 0.078802
0 0.429472 0.156816 0.031521 0.078802
0 0.465721 0.156816 0.031521 0.078802
0 0.520883 0.156816 0.031521 0.078802
0 0.549251 0.156816 0.031521 0.078802
0 0.579196 0.156816 0.031521 0.078802
0 0.609929 0.156816 0.031521 0.078802
0 0.642238 0.156816 0.031521 0.078802
0 0.691095 0.156816 0.031521 0.078802
0 0.725768 0.156816 0.031521 0.078802
0 0.760441 0.156816 0.031521 0.078802
0 0.843184 0.208826 0.078802 0.031521
0 0.843184 0.246651 0.078802 0.031521
0 0.843184 0.282112 0.078802 0.031521
0 0.843184 0.324665 0.078802 0.031521
0 0.843184 0.358550 0.078802 0.031521
0 0.843184 0.403467 0.078802 0.031521
0 0.843184 0.434200 0.078802 0.031521
0 0.843184 0.462569 0.078802 0.031521
0 0.843184 0.516942 0.078802 0.031521
0 0.843184 0.556344 0.078802 0.031521
0 0.843184 0.587076 0.078802 0.031521
0 0.843184 0.619385 0.078802 0.031521
0 0.843184 0.653270 0.078802 0.031521
0 0.843184 0.702916 0.078802 0.031521
0 0.843184 0.738377 0.078802 0.031521
0 0.843184 0.776202 0.078802 0.031521
0 0.770686 0.843184 0.031521 0.078802
0 0.729708 0.843184 0.031521 0.078802
0 0.692671 0.843184 0.031521 0.078802
0 0.657210 0.843184 0.031521 0.078802
0 0.625690 0.843184 0.031521 0.078802
0 0.592593 0.843184 0.031521 0.078802
0 0.561860 0.843184 0.031521 0.078802
0 0.523247 0.843184 0.031521 0.078802
0 0.481481 0.843184 0.031521 0.078802
0 0.449173 0.843184 0.031521 0.078802
0 0.418440 0.843184 0.031521 0.078802
0 0.371158 0.843184 0.031521 0.078802
0 0.334909 0.843184 0.031521 0.078802
0 0.297084 0.843184 0.031521 0.078802
0 0.257683 0.843184 0.031521 0.078802
0 0.219858 0.843184 0.031521 0.078802
0 0.156816 0.776990 0.078802 0.031521
0 0.156816 0.739953 0.078802 0.031521
0 0.156816 0.685579 0.078802 0.031521
0 0.156816 0.648542 0.078802 0.031521
0 0.156816 0.613081 0.078802 0.031521
0 0.156816 0.579984 0.078802 0.031521
0 0.156816 0.543735 0.078802 0.031521
0 0.156816 0.509062 0.078802 0.031521
0 0.156816 0.470449 0.078802 0.031521
0 0.156816 0.434200 0.078802 0.031521
0 0.156816 0.403467 0.078802 0.031521
0 0.156816 0.371158 0.078802 0.031521
0 0.156816 0.339638 0.078802 0.031521
0 0.156816 0.299448 0.078802 0.031521
0 0.156816 0.248227 0.078802 0.031521
0 0.156816 0.211978 0.078802 0.031521
0 0.220646 0.161545 0.031521 0.078802
0 0.257683 0.161545 0.031521 0.078802
0 0.292356 0.161545 0.031521 0.078802
0 0.327817 0.161545 0.031521 0.078802
0 0.360914 0.161545 0.031521 0.078802
0 0.392435 0.161545 0.031521 0.078802
0 0.428684 0.161545 0.031521 0.078802
0 0.465721 0.161545 0.031521 0.078802
0 0.520883 0.161545 0.031521 0.078802
0 0.548463 0.161545 0.031521 0.078802
0 0.577620 0.161545 0.031521 0.078802
0 0.607565 0.161545 0.031521 0.078802
0 0.638298 0.161545 0.031521 0.078802
0 0.687943 0.161545 0.031521 0.078802
0 0.721040 0.161545 0.031521 0.078802
0 0.754925 0.161545 0.031521 0.078802
0 0.838455 0.210402 0.078802 0.031521
0 0.838455 0.247439 0.078802 0.031521
0 0.838455 0.282900 0.078802 0.031521
0 0.838455 0.325453 0.078802 0.031521
0 0.838455 0.357762 0.078802 0.031521
0 0.838455 0.402679 0.078802 0.031521
0 0.838455 0.433412 0.078802 0.031521
0 0.838455 0.461781 0.078802 0.031521
0 0.838455 0.516942 0.078802 0.031521
0 0.838455 0.556344 0.078802 0.031521
0 0.838455 0.587076 0.078802 0.031521
0 0.838455 0.617809 0.078802 0.031521
0 0.838455 0.650906 0.078802 0.031521
0 0.838455 0.700552 0.078802 0.031521
0 0.838455 0.736013 0.078802 0.031521
0 0.838455 0.772262 0.078802 0.031521
0 0.765957 0.838455 0.031521 0.078802
0 0.726556 0.838455 0.031521 0.078802
0 0.689519 0.838455 0.031521 0.078802
0 0.655634 0.838455 0.031521 0.078802
0 0.624901 0.838455 0.031521 0.078802
0 0.591805 0.838455 0.031521 0.078802
0 0.562648 0.838455 0.031521 0.078802
0 0.523247 0.838455 0.031521 0.078802
0 0.482270 0.838455 0.031521 0.078802
0 0.449961 0.838455 0.031521 0.078802
0 0.420016 0.838455 0.031521 0.078802
0 0.371158 0.838455 0.031521 0.078802
0 0.336485 0.838455 0.031521 0.078802
0 0.299448 0.838455 0.031521 0.078802
0 0.259259 0.838455 0.031521 0.078802
0 0.223010 0.838455 0.031521 0.078802
0 0.161545 0.773838 0.078802 0.031521
0 0.161545 0.736013 0.078802 0.031521
0 0.161545 0.680851 0.078802 0.031521
0 0.161545 0.645390 0.078802 0.031521
0 0.161545 0.609929 0.078802 0.031521
0 0.161545 0.578408 0.078802 0.031521
0 0.161545 0.542159 0.078802 0.031521
0 0.161545 0.507486 0.078802 0.031521
0 0.161545 0.469661 0.078802 0.031521
0 0.161545 0.433412 0.078802 0.031521
0 0.161545 0.403467 0.078802 0.031521
0 0.161545 0.371946 0.078802 0.031521
0 0.161545 0.341214 0.078802 0.031521
0 0.161545 0.301024 0.078802 0.031521
0 0.161545 0.249803 0.078802 0.031521
0 0.161545 0.215130 0.078802 0.031521
0 0.223798 0.166273 0.031521 0.078802
0 0.260047 0.166273 0.031521 0.078802
0 0.294720 0.166273 0.031521 0.078802
0 0.328605 0.166273 0.031521 0.078802
0 0.360914 0.166273 0.031521 0.078802
0 0.391647 0.166273 0.031521 0.078802
0 0.428684 0.166273 0.031521 0.078802
0 0.464933 0.166273 0.031521 0.078802
0 0.520883 0.166273 0.031521 0.078802
0 0.547675 0.166273 0.031521 0.078802
0 0.576044 0.166273 0.031521 0.078802
0 0.605201 0.166273 0.031521 0.078802
0 0.635146 0.166273 0.031521 0.078802
0 0.684791 0.166273 0.031521 0.078802
0 0.717100 0.166273 0.031521 0.078802
0 0.748621 0.166273 0.031521 0.078802
0 0.833727 0.213554 0.078802 0.031521
0 0.833727 0.249015 0.078802 0.031521
0 0.833727 0.283688 0.078802 0.031521
0 0.833727 0.326241 0.078802 0.031521
0 0.833727 0.357762 0.078802 0.031521
0 0.833727 0.403467 0.078802 0.031521
0 0.833727 0.432624 0.078802 0.031521
0 0.833727 0.460205 0.078802 0.031521
0 0.833727 0.516942 0.078802 0.031521
0 0.833727 0.556344 0.078802 0.031521
0 0.833727 0.586288 0.078802 0.031521
0 0.833727 0.616233 0.078802 0.031521
0 0.833727 0.648542 0.078802 0.031521
0 0.833727 0.698976 0.078802 0.031521
0 0.833727 0.732861 0.078802 0.031521
0 0.833727 0.768322 0.078802 0.031521
0 0.762017 0.833727 0.031521 0.078802
0 0.721828 0.833727 0.031521 0.078802
0 0.686367 0.833727 0.031521 0.078802
0 0.653270 0.833727 0.031521 0.078802
0 0.623325 0.833727 0.031521 0.078802
0 0.591805 0.833727 0.031521 0.078802
0 0.562648 0.833727 0.031521 0.078802
0 0.522459 0.833727 0.031521 0.078802
0 0.482270 0.833727 0.031521 0.078802
0 0.449961 0.833727 0.031521 0.078802
0 0.420804 0.833727 0.031521 0.078802
0 0.371946 0.833727 0.031521 0.078802
0 0.337273 0.833727 0.031521 0.078802
0 0.301024 0.833727 0.031521 0.078802
0 0.262411 0.833727 0.031521 0.078802
0 0.226162 0.833727 0.031521 0.078802
0 0.166273 0.769898 0.078802 0.031521
0 0.166273 0.733649 0.078802 0.031521
0 0.166273 0.676911 0.078802 0.031521
0 0.166273 0.642238 0.078802 0.031521
0 0.166273 0.607565 0.078802 0.031521
0 0.166273 0.576044 0.078802 0.031521
0 0.166273 0.540583 0.078802 0.031521
0 0.166273 0.505910 0.078802 0.031521
0 0.166273 0.468873 0.078802 0.031521
0 0.166273 0.433412 0.078802 0.031521
0 0.166273 0.403467 0.078802 0.031521
0 0.166273 0.373522 0.078802 0.031521
0 0.166273 0.342790 0.078802 0.031521
0 0.166273 0.297084 0.078802 0.031521
0 0.166273 0.251379 0.078802 0.031521
0 0.166273 0.217494 0.078802 0.031521
0 0.208826 0.142632 0.031521 0.078802
0 0.248227 0.142632 0.031521 0.078802
0 0.286052 0.142632 0.031521 0.078802
0 0.325453 0.142632 0.031521 0.078802
0 0.360914 0.142632 0.031521 0.078802
0 0.395587 0.142632 0.031521 0.078802
0 0.430260 0.142632 0.031521 0.078802
0 0.467297 0.142632 0.031521 0.078802
0 0.520883 0.142632 0.031521 0.078802
0 0.551615 0.142632 0.031521 0.078802
0 0.583136 0.142632 0.031521 0.078802
0 0.617809 0.142632 0.031521 0.078802
0 0.653270 0.142632 0.031521 0.078802
0 0.701340 0.142632 0.031521 0.078802
0 0.739953 0.142632 0.031521 0.078802
0 0.778566 0.142632 0.031521 0.078802
0 0.857368 0.202522 0.078802 0.031521
0 0.857368 0.241923 0.078802 0.031521
0 0.857368 0.280536 0.078802 0.031521
0 0.857368 0.323877 0.078802 0.031521
0 0.857368 0.359338 0.078802 0.031521
0 0.857368 0.402679 0.078802 0.031521
0 0.857368 0.435776 0.078802 0.031521
0 0.857368 0.465721 0.078802 0.031521
0 0.857368 0.517730 0.078802 0.031521
0 0.857368 0.557132 0.078802 0.031521
0 0.857368 0.589441 0.078802 0.031521
0 0.857368 0.624113 0.078802 0.031521
0 0.857368 0.660362 0.078802 0.031521
0 0.857368 0.708432 0.078802 0.031521
0 0.857368 0.747045 0.078802 0.031521
0 0.857368 0.787234 0.078802 0.031521
0 0.786446 0.857368 0.031521 0.078802
0 0.743105 0.857368 0.031521 0.078802
0 0.702916 0.857368 0.031521 0.078802
0 0.664303 0.857368 0.031521 0.078802
0 0.629630 0.857368 0.031521 0.078802
0 0.594957 0.857368 0.031521 0.078802
0 0.561072 0.857368 0.031521 0.078802
0 0.524035 0.857368 0.031521 0.078802
0 0.481481 0.857368 0.031521 0.078802
0 0.447597 0.857368 0.031521 0.078802
0 0.414500 0.857368 0.031521 0.078802
0 0.368794 0.857368 0.031521 0.078802
0 0.330969 0.857368 0.031521 0.078802
0 0.291568 0.857368 0.031521 0.078802
0 0.260047 0.857368 0.031521 0.078802
0 0.210402 0.857368 0.031521 0.078802
0 0.142632 0.789598 0.078802 0.031521
0 0.142632 0.749409 0.078802 0.031521
0 0.142632 0.697400 0.078802 0.031521
0 0.142632 0.658786 0.078802 0.031521
0 0.142632 0.620173 0.078802 0.031521
0 0.142632 0.585500 0.078802 0.031521
0 0.142632 0.549251 0.078802 0.031521
0 0.142632 0.513002 0.078802 0.031521
0 0.142632 0.472813 0.078802 0.031521
0 0.142632 0.436564 0.078802 0.031521
0 0.142632 0.403467 0.078802 0.031521
0 0.142632 0.368794 0.078802 0.031521
0 0.142632 0.336485 0.078802 0.031521
0 0.142632 0.293932 0.078802 0.031521
0 0.142632 0.255319 0.078802 0.031521
0 0.142632 0.204098 0.078802 0.031521
1 0.521029 0.187925 0.040000 0.100000
1 0.544635 0.188339 0.040000 0.100000
1 0.569070 0.187925 0.040000 0.100000
1 0.593505 0.188339 0.040000 0.100000
1 0.620011 0.187096 0.040000 0.100000
1 0.468017 0.188339 0.040000 0.100000
1 0.442340 0.189167 0.040000 0.100000
1 0.388080 0.187967 0.040000 0.100000
1 0.360518 0.188447 0.040000 0.100000
1 0.332394 0.188363 0.040000 0.100000
1 0.272676 0.189562 0.040000 0.100000
1 0.303034 0.189562 0.040000 0.100000
1 0.239921 0.188563 0.040000 0.100000
1 0.187340 0.230416 0.100000 0.040000
1 0.188006 0.260707 0.100000 0.040000
1 0.188539 0.298555 0.100000 0.040000
1 0.187740 0.312736 0.100000 0.040000
1 0.188878 0.335405 0.100000 0.040000
1 0.188878 0.349985 0.100000 0.040000
1 0.189078 0.377547 0.100000 0.040000
1 0.187879 0.405109 0.100000 0.040000
1 0.187879 0.431473 0.100000 0.040000
1 0.187434 0.458376 0.100000 0.040000
1 0.187780 0.493629 0.100000 0.040000
1 0.188590 0.518595 0.100000 0.040000
1 0.188996 0.569159 0.100000 0.040000
1 0.188830 0.596788 0.100000 0.040000
1 0.187232 0.628711 0.100000 0.040000
1 0.187432 0.658869 0.100000 0.040000
1 0.187030 0.719841 0.100000 0.040000
1 0.188029 0.751997 0.100000 0.040000
1 0.243034 0.810665 0.040000 0.100000
1 0.275157 0.810832 0.040000 0.100000
1 0.312439 0.811664 0.040000 0.100000
1 0.345360 0.811697 0.040000 0.100000
1 0.376717 0.812296 0.040000 0.100000
1 0.430386 0.811906 0.040000 0.100000
1 0.454947 0.811585 0.040000 0.100000
1 0.485772 0.812924 0.040000 0.100000
1 0.517518 0.812192 0.040000 0.100000
1 0.565622 0.811448 0.040000 0.100000
1 0.591558 0.812142 0.040000 0.100000
1 0.619298 0.811309 0.040000 0.100000
1 0.643625 0.811420 0.040000 0.100000
1 0.672419 0.811420 0.040000 0.100000
1 0.703276 0.811753 0.040000 0.100000
1 0.737951 0.811364 0.040000 0.100000
1 0.811493 0.752382 0.100000 0.040000
1 0.811826 0.721757 0.100000 0.040000
1 0.811493 0.690966 0.100000 0.040000
1 0.811110 0.638389 0.100000 0.040000
1 0.811443 0.610760 0.100000 0.040000
1 0.811953 0.583401 0.100000 0.040000
1 0.811398 0.556494 0.100000 0.040000
1 0.811479 0.516708 0.100000 0.040000
1 0.810728 0.461749 0.100000 0.040000
1 0.811421 0.430657 0.100000 0.040000
1 0.811883 0.404074 0.100000 0.040000
1 0.810679 0.357563 0.100000 0.040000
1 0.811739 0.328957 0.100000 0.040000
1 0.811450 0.287509 0.100000 0.040000
1 0.811173 0.256995 0.100000 0.040000
1 0.811755 0.223547 0.100000 0.040000
1 0.670426 0.188984 0.040000 0.100000
1 0.697056 0.189151 0.040000 0.100000
1 0.724385 0.187486 0.040000 0.100000
1 0.427639 0.189406 0.040000 0.100000
1 0.188682 0.531923 0.100000 0.040000
1 0.253655 0.204648 0.040000 0.100000
1 0.282449 0.204149 0.040000 0.100000
1 0.308913 0.204149 0.040000 0.100000
1 0.337580 0.204448 0.040000 0.100000
1 0.363313 0.204178 0.040000 0.100000
1 0.387778 0.204371 0.040000 0.100000
1 0.428405 0.203466 0.040000 0.100000
1 0.443453 0.203651 0.040000 0.100000
1 0.461762 0.202985 0.040000 0.100000
1 0.523011 0.203151 0.040000 0.100000
1 0.543250 0.203051 0.040000 0.100000
1 0.565819 0.203251 0.040000 0.100000
1 0.587189 0.203651 0.040000 0.100000
1 0.609442 0.204120 0.040000 0.100000
1 0.662203 0.204524 0.040000 0.100000
1 0.685416 0.204235 0.040000 0.100000
1 0.707242 0.204254 0.040000 0.100000
1 0.795488 0.231758 0.100000 0.040000
1 0.795288 0.261917 0.100000 0.040000
1 0.794729 0.290278 0.100000 0.040000
1 0.795508 0.331745 0.100000 0.040000
1 0.794909 0.356910 0.100000 0.040000
1 0.795708 0.405643 0.100000 0.040000
1 0.795187 0.430212 0.100000 0.040000
1 0.794841 0.452866 0.100000 0.040000
1 0.795560 0.517641 0.100000 0.040000
1 0.796119 0.558477 0.100000 0.040000
1 0.795444 0.582412 0.100000 0.040000
1 0.794778 0.606878 0.100000 0.040000
1 0.795277 0.632676 0.100000 0.040000
1 0.795451 0.686640 0.100000 0.040000
1 0.794952 0.713936 0.100000 0.040000
1 0.794952 0.741731 0.100000 0.040000
1 0.726724 0.795805 0.040000 0.100000
1 0.694361 0.797308 0.040000 0.100000
1 0.664055 0.795015 0.040000 0.100000
1 0.639367 0.795292 0.040000 0.100000
1 0.617036 0.795986 0.040000 0.100000
1 0.590684 0.795986 0.040000 0.100000
1 0.568575 0.795070 0.040000 0.100000
1 0.524105 0.795887 0.040000 0.100000
1 0.488194 0.795552 0.040000 0.100000
1 0.458221 0.795945 0.040000 0.100000
1 0.434753 0.795612 0.040000 0.100000
1 0.381145 0.795674 0.040000 0.100000
1 0.351402 0.796637 0.040000 0.100000
1 0.320296 0.796674 0.040000 0.100000
1 0.283680 0.796008 0.040000 0.100000
1 0.254187 0.795842 0.040000 0.100000
1 0.203669 0.739519 0.100000 0.040000
1 0.204069 0.709360 0.100000 0.040000
1 0.203669 0.645048 0.100000 0.040000
1 0.203543 0.618810 0.100000 0.040000
1 0.203127 0.590377 0.100000 0.040000
1 0.204026 0.564046 0.100000 0.040000
1 0.203004 0.528436 0.100000 0.040000
1 0.203004 0.512929 0.100000 0.040000
1 0.204314 0.494998 0.100000 0.040000
1 0.203621 0.463098 0.100000 0.040000
1 0.203954 0.430587 0.100000 0.040000
1 0.204120 0.406287 0.100000 0.040000
1 0.203557 0.380897 0.100000 0.040000
1 0.203557 0.355099 0.100000 0.040000
1 0.204389 0.340951 0.100000 0.040000
1 0.203141 0.319592 0.100000 0.040000
1 0.203834 0.304474 0.100000 0.040000
1 0.203662 0.267280 0.100000 0.040000
1 0.204461 0.241116 0.100000 0.040000
1 0.267613 0.219422 0.040000 0.100000
1 0.292745 0.219090 0.040000 0.100000
1 0.317211 0.219090 0.040000 0.100000
1 0.342576 0.218757 0.040000 0.100000
1 0.365545 0.218956 0.040000 0.100000
1 0.387514 0.219356 0.040000 0.100000
1 0.428255 0.218880 0.040000 0.100000
1 0.444899 0.219878 0.040000 0.100000
1 0.468533 0.218880 0.040000 0.100000
1 0.524590 0.219446 0.040000 0.100000
1 0.542964 0.218847 0.040000 0.100000
1 0.562457 0.219046 0.040000 0.100000
1 0.582110 0.219526 0.040000 0.100000
1 0.600325 0.220484 0.040000 0.100000
1 0.654682 0.219493 0.040000 0.100000
1 0.675153 0.219327 0.040000 0.100000
1 0.694394 0.218561 0.040000 0.100000
1 0.779377 0.240152 0.100000 0.040000
1 0.779776 0.266715 0.100000 0.040000
1 0.779577 0.293279 0.100000 0.040000
1 0.779557 0.334202 0.100000 0.040000
1 0.779357 0.357770 0.100000 0.040000
1 0.779157 0.407502 0.100000 0.040000
1 0.780216 0.428892 0.100000 0.040000
1 0.780235 0.450427 0.100000 0.040000
1 0.779761 0.518025 0.100000 0.040000
1 0.780038 0.560328 0.100000 0.040000
1 0.779761 0.582243 0.100000 0.040000
1 0.780205 0.604446 0.100000 0.040000
1 0.779805 0.627614 0.100000 0.040000
1 0.780062 0.682755 0.100000 0.040000
1 0.779729 0.706888 0.100000 0.040000
1 0.779063 0.731854 0.100000 0.040000
1 0.714851 0.780187 0.040000 0.100000
1 0.683035 0.779928 0.040000 0.100000
1 0.656072 0.779728 0.040000 0.100000
1 0.635101 0.780926 0.040000 0.100000
1 0.614928 0.780527 0.040000 0.100000
1 0.591161 0.780128 0.040000 0.100000
1 0.572187 0.779768 0.040000 0.100000
1 0.525508 0.778992 0.040000 0.100000
1 0.491754 0.779592 0.040000 0.100000
1 0.462195 0.779592 0.040000 0.100000
1 0.442222 0.779632 0.040000 0.100000
1 0.385259 0.780099 0.040000 0.100000
1 0.357935 0.780238 0.040000 0.100000
1 0.328531 0.780793 0.040000 0.100000
1 0.293762 0.780476 0.040000 0.100000
1 0.269296 0.779811 0.040000 0.100000
1 0.220338 0.728563 0.100000 0.040000
1 0.219783 0.701517 0.100000 0.040000
1 0.220491 0.634761 0.100000 0.040000
1 0.219950 0.610614 0.100000 0.040000
1 0.220089 0.584816 0.100000 0.040000
1 0.219811 0.559434 0.100000 0.040000
1 0.219406 0.523589 0.100000 0.040000
1 0.219406 0.508010 0.100000 0.040000
1 0.219206 0.492232 0.100000 0.040000
1 0.219406 0.462073 0.100000 0.040000
1 0.219579 0.430112 0.100000 0.040000
1 0.219579 0.407920 0.100000 0.040000
1 0.218808 0.386012 0.100000 0.040000
1 0.218641 0.360380 0.100000 0.040000
1 0.219973 0.344902 0.100000 0.040000
1 0.219307 0.326094 0.100000 0.040000
1 0.219973 0.310615 0.100000 0.040000
1 0.219340 0.273366 0.100000 0.040000
1 0.219540 0.249999 0.100000 0.040000
1 0.234646 0.259426 0.100000 0.040000
1 0.282140 0.235419 0.040000 0.100000
1 0.304430 0.235419 0.040000 0.100000
1 0.325041 0.234940 0.040000 0.100000
1 0.347091 0.235419 0.040000 0.100000
1 0.367923 0.235526 0.040000 0.100000
1 0.387729 0.235693 0.040000 0.100000
1 0.429339 0.235360 0.040000 0.100000
1 0.446316 0.235526 0.040000 0.100000
1 0.467523 0.236249 0.040000 0.100000
1 0.526609 0.236082 0.040000 0.100000
1 0.542254 0.235749 0.040000 0.100000
1 0.559563 0.235250 0.040000 0.100000
1 0.575908 0.236448 0.040000 0.100000
1 0.592684 0.236249 0.040000 0.100000
1 0.646481 0.235653 0.040000 0.100000
1 0.664955 0.235653 0.040000 0.100000
1 0.680933 0.236319 0.040000 0.100000
1 0.763759 0.248235 0.100000 0.040000
1 0.764591 0.272785 0.100000 0.040000
1 0.763981 0.297029 0.100000 0.040000
1 0.763249 0.338406 0.100000 0.040000
1 0.764059 0.359373 0.100000 0.040000
1 0.764475 0.409582 0.100000 0.040000
1 0.765113 0.429138 0.100000 0.040000
1 0.763449 0.448279 0.100000 0.040000
1 0.763948 0.519581 0.100000 0.040000
1 0.765237 0.531710 0.100000 0.040000
1 0.763906 0.563500 0.100000 0.040000
1 0.764885 0.582647 0.100000 0.040000
1 0.763686 0.602539 0.100000 0.040000
1 0.763926 0.623151 0.100000 0.040000
1 0.764166 0.679953 0.100000 0.040000
1 0.764980 0.702290 0.100000 0.040000
1 0.763542 0.722423 0.100000 0.040000
1 0.703597 0.764972 0.040000 0.100000
1 0.673472 0.765138 0.040000 0.100000
1 0.649472 0.763374 0.040000 0.100000
1 0.630897 0.763773 0.040000 0.100000
1 0.613521 0.764173 0.040000 0.100000
1 0.593309 0.763813 0.040000 0.100000
1 0.575334 0.764292 0.040000 0.100000
1 0.527160 0.763334 0.040000 0.100000
1 0.496007 0.763378 0.040000 0.100000
1 0.466048 0.764177 0.040000 0.100000
1 0.448672 0.765575 0.040000 0.100000
1 0.390186 0.763976 0.040000 0.100000
1 0.365359 0.763838 0.040000 0.100000
1 0.339422 0.763560 0.040000 0.100000
1 0.304947 0.764498 0.040000 0.100000
1 0.283377 0.763899 0.040000 0.100000
1 0.236042 0.719759 0.100000 0.040000
1 0.235481 0.694453 0.100000 0.040000
1 0.235900 0.625490 0.100000 0.040000
1 0.235733 0.603687 0.100000 0.040000
1 0.235400 0.579886 0.100000 0.040000
1 0.235317 0.557234 0.100000 0.040000
1 0.235151 0.520784 0.100000 0.040000
1 0.235836 0.504011 0.100000 0.040000
1 0.235420 0.489864 0.100000 0.040000
1 0.234693 0.461492 0.100000 0.040000
1 0.235492 0.431133 0.100000 0.040000
1 0.235151 0.411008 0.100000 0.040000
1 0.235428 0.391174 0.100000 0.040000
1 0.235706 0.367318 0.100000 0.040000
1 0.235406 0.350108 0.100000 0.040000
1 0.235406 0.333631 0.100000 0.040000
1 0.235905 0.317154 0.100000 0.040000
1 0.234640 0.280937 0.100000 0.040000
1 0.296426 0.251303 0.040000 0.100000
1 0.314800 0.250504 0.040000 0.100000
1 0.333175 0.250305 0.040000 0.100000
1 0.352668 0.250624 0.040000 0.100000
1 0.371123 0.250624 0.040000 0.100000
1 0.387900 0.249905 0.040000 0.100000
1 0.430322 0.249905 0.040000 0.100000
1 0.447083 0.251603 0.040000 0.100000
1 0.467503 0.250453 0.040000 0.100000
1 0.527840 0.250808 0.040000 0.100000
1 0.541421 0.251408 0.040000 0.100000
1 0.556800 0.250409 0.040000 0.100000
1 0.570981 0.250808 0.040000 0.100000
1 0.585561 0.250009 0.040000 0.100000
1 0.640389 0.250001 0.040000 0.100000
1 0.654203 0.251000 0.040000 0.100000
1 0.670348 0.251166 0.040000 0.100000
1 0.748194 0.258604 0.100000 0.040000
1 0.749526 0.279769 0.100000 0.040000
1 0.749027 0.300741 0.100000 0.040000
1 0.748723 0.341948 0.100000 0.040000
1 0.749139 0.360117 0.100000 0.040000
1 0.747844 0.412531 0.100000 0.040000
1 0.747566 0.429591 0.100000 0.040000
1 0.747566 0.446374 0.100000 0.040000
1 0.748692 0.520235 0.100000 0.040000
1 0.748525 0.534549 0.100000 0.040000
1 0.747859 0.566305 0.100000 0.040000
1 0.748738 0.584218 0.100000 0.040000
1 0.748738 0.601416 0.100000 0.040000
1 0.748461 0.619170 0.100000 0.040000
1 0.748526 0.676997 0.100000 0.040000
1 0.748526 0.696454 0.100000 0.040000
1 0.747466 0.714465 0.100000 0.040000
1 0.691499 0.747940 0.040000 0.100000
1 0.664314 0.748911 0.040000 0.100000
1 0.643509 0.748911 0.040000 0.100000
1 0.627559 0.748495 0.040000 0.100000
1 0.612718 0.748467 0.040000 0.100000
1 0.594577 0.748301 0.040000 0.100000
1 0.577933 0.748900 0.040000 0.100000
1 0.527602 0.749299 0.040000 0.100000
1 0.499041 0.748780 0.040000 0.100000
1 0.470760 0.748780 0.040000 0.100000
1 0.456140 0.748780 0.040000 0.100000
1 0.394928 0.748684 0.040000 0.100000
1 0.372207 0.748396 0.040000 0.100000
1 0.348624 0.747534 0.040000 0.100000
1 0.317015 0.748073 0.040000 0.100000
1 0.298374 0.749238 0.040000 0.100000
1 0.251288 0.711396 0.100000 0.040000
1 0.250623 0.686431 0.100000 0.040000
1 0.251764 0.615878 0.100000 0.040000
1 0.251099 0.596571 0.100000 0.040000
1 0.250266 0.575766 0.100000 0.040000
1 0.250100 0.555128 0.100000 0.040000
1 0.250965 0.518312 0.100000 0.040000
1 0.251615 0.501099 0.100000 0.040000
1 0.250450 0.487617 0.100000 0.040000
1 0.250283 0.461819 0.100000 0.040000
1 0.250450 0.432193 0.100000 0.040000
1 0.250574 0.414171 0.100000 0.040000
1 0.250990 0.396417 0.100000 0.040000
1 0.252100 0.374364 0.100000 0.040000
1 0.251268 0.355363 0.100000 0.040000
1 0.250586 0.340048 0.100000 0.040000
1 0.250470 0.323289 0.100000 0.040000
1 0.251164 0.288545 0.100000 0.040000
1 0.251633 0.268516 0.100000 0.040000
