0 0.203310 0.138692 0.031521 0.078802
0 0.245075 0.138692 0.031521 0.078802
0 0.284476 0.138692 0.031521 0.078802
0 0.323877 0.138692 0.031521 0.078802
0 0.360126 0.138692 0.031521 0.078802
0 0.395587 0.138692 0.031521 0.078802
0 0.429472 0.138692 0.031521 0.078802
0 0.466509 0.138692 0.031521 0.078802
0 0.520095 0.138692 0.031521 0.078802
0 0.551615 0.138692 0.031521 0.078802
0 0.584712 0.138692 0.031521 0.078802
0 0.619385 0.138692 0.031521 0.078802
0 0.654846 0.138692 0.031521 0.078802
0 0.703704 0.138692 0.031521 0.078802
0 0.743105 0.138692 0.031521 0.078802
0 0.783294 0.138692 0.031521 0.078802
0 0.861308 0.200946 0.078802 0.031521
0 0.861308 0.241135 0.078802 0.031521
0 0.861308 0.279748 0.078802 0.031521
0 0.861308 0.323089 0.078802 0.031521
0 0.861308 0.359338 0.078802 0.031521
0 0.861308 0.402679 0.078802 0.031521
0 0.861308 0.435776 0.078802 0.031521
0 0.861308 0.465721 0.078802 0.031521
0 0.861308 0.516942 0.078802 0.031521
0 0.861308 0.557920 0.078802 0.031521
0 0.861308 0.589441 0.078802 0.031521
0 0.861308 0.625690 0.078802 0.031521
0 0.861308 0.663515 0.078802 0.031521
0 0.861308 0.710796 0.078802 0.031521
0 0.861308 0.750985 0.078802 0.031521
0 0.861308 0.789598 0.078802 0.031521
0 0.788810 0.861308 0.031521 0.078802
0 0.745469 0.861308 0.031521 0.078802
0 0.703704 0.861308 0.031521 0.078802
0 0.665091 0.861308 0.031521 0.078802
0 0.629630 0.861308 0.031521 0.078802
0 0.594957 0.861308 0.031521 0.078802
0 0.559496 0.861308 0.031521 0.078802
0 0.523247 0.861308 0.031521 0.078802
0 0.480693 0.861308 0.031521 0.078802
0 0.446020 0.861308 0.031521 0.078802
0 0.412136 0.861308 0.031521 0.078802
0 0.367218 0.861308 0.031521 0.078802
0 0.328605 0.861308 0.031521 0.078802
0 0.288416 0.861308 0.031521 0.078802
0 0.248227 0.861308 0.031521 0.078802
0 0.207250 0.861308 0.031521 0.078802
0 0.138692 0.793538 0.078802 0.031521
0 0.138692 0.752561 0.078802 0.031521
0 0.138692 0.702128 0.078802 0.031521
0 0.138692 0.661151 0.078802 0.031521
0 0.138692 0.622537 0.078802 0.031521
0 0.138692 0.584712 0.078802 0.031521
0 0.138692 0.549251 0.078802 0.031521
0 0.138692 0.513790 0.078802 0.031521
0 0.138692 0.473601 0.078802 0.031521
0 0.138692 0.436564 0.078802 0.031521
0 0.138692 0.401891 0.078802 0.031521
0 0.138692 0.368006 0.078802 0.031521
0 0.138692 0.334909 0.078802 0.031521
0 0.138692 0.292356 0.078802 0.031521
0 0.138692 0.241923 0.078802 0.031521
0 0.138692 0.202522 0.078802 0.031521
0 0.209614 0.148148 0.031521 0.078802
0 0.249015 0.148148 0.031521 0.078802
0 0.286840 0.148148 0.031521 0.078802
0 0.325453 0.148148 0.031521 0.078802
0 0.359338 0.148148 0.031521 0.078802
0 0.394011 0.148148 0.031521 0.078802
0 0.428684 0.148148 0.031521 0.078802
0 0.464933 0.148148 0.031521 0.078802
0 0.519307 0.148148 0.031521 0.078802
0 0.550039 0.148148 0.031521 0.078802
0 0.581560 0.148148 0.031521 0.078802
0 0.613869 0.148148 0.031521 0.078802
0 0.646966 0.148148 0.031521 0.078802
0 0.697400 0.148148 0.031521 0.078802
0 0.733649 0.148148 0.031521 0.078802
0 0.771474 0.148148 0.031521 0.078802
0 0.851852 0.204886 0.078802 0.031521
0 0.851852 0.242711 0.078802 0.031521
0 0.851852 0.280536 0.078802 0.031521
0 0.851852 0.323877 0.078802 0.031521
0 0.851852 0.358550 0.078802 0.031521
0 0.851852 0.402679 0.078802 0.031521
0 0.851852 0.434200 0.078802 0.031521
0 0.851852 0.463357 0.078802 0.031521
0 0.851852 0.516154 0.078802 0.031521
0 0.851852 0.557132 0.078802 0.031521
0 0.851852 0.587076 0.078802 0.031521
0 0.851852 0.621749 0.078802 0.031521
0 0.851852 0.657998 0.078802 0.031521
0 0.851852 0.706068 0.078802 0.031521
0 0.851852 0.744681 0.078802 0.031521
0 0.851852 0.781718 0.078802 0.031521
0 0.777778 0.851852 0.031521 0.078802
0 0.736013 0.851852 0.031521 0.078802
0 0.695823 0.851852 0.031521 0.078802
0 0.660362 0.851852 0.031521 0.078802
0 0.627266 0.851852 0.031521 0.078802
0 0.593381 0.851852 0.031521 0.078802
0 0.559496 0.851852 0.031521 0.078802
0 0.522459 0.851852 0.031521 0.078802
0 0.480693 0.851852 0.031521 0.078802
0 0.446809 0.851852 0.031521 0.078802
0 0.414500 0.851852 0.031521 0.078802
0 0.368794 0.851852 0.031521 0.078802
0 0.330969 0.851852 0.031521 0.078802
0 0.291568 0.851852 0.031521 0.078802
0 0.252167 0.851852 0.031521 0.078802
0 0.212766 0.851852 0.031521 0.078802
0 0.148148 0.784870 0.078802 0.031521
0 0.148148 0.745469 0.078802 0.031521
0 0.148148 0.692671 0.078802 0.031521
0 0.148148 0.654058 0.078802 0.031521
0 0.148148 0.617021 0.078802 0.031521
0 0.148148 0.579984 0.078802 0.031521
0 0.148148 0.545311 0.078802 0.031521
0 0.148148 0.509850 0.078802 0.031521
0 0.148148 0.471237 0.078802 0.031521
0 0.148148 0.434200 0.078802 0.031521
0 0.148148 0.401891 0.078802 0.031521
0 0.148148 0.368006 0.078802 0.031521
0 0.148148 0.336485 0.078802 0.031521
0 0.148148 0.295508 0.078802 0.031521
0 0.148148 0.244287 0.078802 0.031521
0 0.148148 0.208038 0.078802 0.031521
0 0.212766 0.152876 0.031521 0.078802
0 0.251379 0.152876 0.031521 0.078802
0 0.288416 0.152876 0.031521 0.078802
0 0.325453 0.152876 0.031521 0.078802
0 0.359338 0.152876 0.031521 0.078802
0 0.392435 0.152876 0.031521 0.078802
0 0.428684 0.152876 0.031521 0.078802
0 0.464145 0.152876 0.031521 0.078802
0 0.519307 0.152876 0.031521 0.078802
0 0.548463 0.152876 0.031521 0.078802
0 0.579984 0.152876 0.031521 0.078802
0 0.610717 0.152876 0.031521 0.078802
0 0.643026 0.152876 0.031521 0.078802
0 0.693459 0.152876 0.031521 0.078802
0 0.728920 0.152876 0.031521 0.078802
0 0.764381 0.152876 0.031521 0.078802
0 0.847124 0.206462 0.078802 0.031521
0 0.847124 0.244287 0.078802 0.031521
0 0.847124 0.280536 0.078802 0.031521
0 0.847124 0.323877 0.078802 0.031521
0 0.847124 0.356974 0.078802 0.031521
0 0.847124 0.402679 0.078802 0.031521
0 0.847124 0.433412 0.078802 0.031521
0 0.847124 0.461781 0.078802 0.031521
0 0.847124 0.516154 0.078802 0.031521
0 0.847124 0.556344 0.078802 0.031521
0 0.847124 0.586288 0.078802 0.031521
0 0.847124 0.619385 0.078802 0.031521
0 0.847124 0.655634 0.078802 0.031521
0 0.847124 0.703704 0.078802 0.031521
0 0.847124 0.741529 0.078802 0.031521
0 0.847124 0.777778 0.078802 0.031521
0 0.772262 0.847124 0.031521 0.078802
0 0.731284 0.847124 0.031521 0.078802
0 0.692671 0.847124 0.031521 0.078802
0 0.657998 0.847124 0.031521 0.078802
0 0.625690 0.847124 0.031521 0.078802
0 0.592593 0.847124 0.031521 0.078802
0 0.559496 0.847124 0.031521 0.078802
0 0.521671 0.847124 0.031521 0.078802
0 0.480693 0.847124 0.031521 0.078802
0 0.447597 0.847124 0.031521 0.078802
0 0.416076 0.847124 0.031521 0.078802
0 0.368794 0.847124 0.031521 0.078802
0 0.332545 0.847124 0.031521 0.078802
0 0.293932 0.847124 0.031521 0.078802
0 0.254531 0.847124 0.031521 0.078802
0 0.215918 0.847124 0.031521 0.078802
0 0.152876 0.780930 0.078802 0.031521
0 0.152876 0.742317 0.078802 0.031521
0 0.152876 0.688731 0.078802 0.031521
0 0.152876 0.650118 0.078802 0.031521
0 0.152876 0.614657 0.078802 0.031521
0 0.152876 0.578408 0.078802 0.031521
0 0.152876 0.543735 0.078802 0.031521
0 0.152876 0.508274 0.078802 0.031521
0 0.152876 0.470449 0.078802 0.031521
0 0.152876 0.433412 0.078802 0.031521
0 0.152876 0.401103 0.078802 0.031521
0 0.152876 0.369582 0.078802 0.031521
0 0.152876 0.337273 0.078802 0.031521
0 0.152876 0.297084 0.078802 0.031521
0 0.152876 0.245863 0.078802 0.031521
0 0.152876 0.211190 0.078802 0.031521
0 0.216706 0.157604 0.031521 0.078802
0 0.253743 0.157604 0.031521 0.078802
0 0.289204 0.157604 0.031521 0.078802
0 0.326241 0.157604 0.031521 0.078802
0 0.359338 0.157604 0.031521 0.078802
0 0.391647 0.157604 0.031521 0.078802
0 0.427896 0.157604 0.031521 0.078802
0 0.463357 0.157604 0.031521 0.078802
0 0.519307 0.157604 0.031521 0.078802
0 0.547675 0.157604 0.031521 0.078802
0 0.578408 0.157604 0.031521 0.078802
0 0.608353 0.157604 0.031521 0.078802
0 0.639874 0.157604 0.031521 0.078802
0 0.690307 0.157604 0.031521 0.078802
0 0.724980 0.157604 0.031521 0.078802
0 0.759653 0.157604 0.031521 0.078802
0 0.842396 0.208826 0.078802 0.031521
0 0.842396 0.245863 0.078802 0.031521
0 0.842396 0.281324 0.078802 0.031521
0 0.842396 0.323877 0.078802 0.031521
0 0.842396 0.356974 0.078802 0.031521
0 0.842396 0.402679 0.078802 0.031521
0 0.842396 0.432624 0.078802 0.031521
0 0.842396 0.460993 0.078802 0.031521
0 0.842396 0.515366 0.078802 0.031521
0 0.842396 0.555556 0.078802 0.031521
0 0.842396 0.585500 0.078802 0.031521
0 0.842396 0.617809 0.078802 0.031521
0 0.842396 0.653270 0.078802 0.031521
0 0.842396 0.701340 0.078802 0.031521
0 0.842396 0.738377 0.078802 0.031521
0 0.842396 0.773050 0.078802 0.031521
0 0.766745 0.842396 0.031521 0.078802
0 0.727344 0.842396 0.031521 0.078802
0 0.688731 0.842396 0.031521 0.078802
0 0.655634 0.842396 0.031521 0.078802
0 0.624113 0.842396 0.031521 0.078802
0 0.591805 0.842396 0.031521 0.078802
0 0.560284 0.842396 0.031521 0.078802
0 0.521671 0.842396 0.031521 0.078802
0 0.481481 0.842396 0.031521 0.078802
0 0.447597 0.842396 0.031521 0.078802
0 0.417652 0.842396 0.031521 0.078802
0 0.370370 0.842396 0.031521 0.078802
0 0.333333 0.842396 0.031521 0.078802
0 0.295508 0.842396 0.031521 0.078802
0 0.256895 0.842396 0.031521 0.078802
0 0.219070 0.842396 0.031521 0.078802
0 0.157604 0.776990 0.078802 0.031521
0 0.157604 0.739165 0.078802 0.031521
0 0.157604 0.684791 0.078802 0.031521
0 0.157604 0.646966 0.078802 0.031521
0 0.157604 0.612293 0.078802 0.031521
0 0.157604 0.576832 0.078802 0.031521
0 0.157604 0.542159 0.078802 0.031521
0 0.157604 0.506698 0.078802 0.031521
0 0.157604 0.468873 0.078802 0.031521
0 0.157604 0.432624 0.078802 0.031521
0 0.157604 0.401103 0.078802 0.031521
0 0.157604 0.369582 0.078802 0.031521
0 0.157604 0.338849 0.078802 0.031521
0 0.157604 0.298660 0.078802 0.031521
0 0.157604 0.248227 0.078802 0.031521
0 0.157604 0.212766 0.078802 0.031521
0 0.219070 0.162333 0.031521 0.078802
0 0.255319 0.162333 0.031521 0.078802
0 0.290780 0.162333 0.031521 0.078802
0 0.327029 0.162333 0.031521 0.078802
0 0.358550 0.162333 0.031521 0.078802
0 0.390859 0.162333 0.031521 0.078802
0 0.427896 0.162333 0.031521 0.078802
0 0.462569 0.162333 0.031521 0.078802
0 0.518519 0.162333 0.031521 0.078802
0 0.546887 0.162333 0.031521 0.078802
0 0.576832 0.162333 0.031521 0.078802
0 0.605989 0.162333 0.031521 0.078802
0 0.635934 0.162333 0.031521 0.078802
0 0.721040 0.162333 0.031521 0.078802
0 0.753349 0.162333 0.031521 0.078802
0 0.837667 0.211190 0.078802 0.031521
0 0.837667 0.246651 0.078802 0.031521
0 0.837667 0.281324 0.078802 0.031521
0 0.837667 0.325453 0.078802 0.031521
0 0.837667 0.356974 0.078802 0.031521
0 0.837667 0.402679 0.078802 0.031521
0 0.837667 0.431836 0.078802 0.031521
0 0.837667 0.459417 0.078802 0.031521
0 0.837667 0.515366 0.078802 0.031521
0 0.837667 0.555556 0.078802 0.031521
0 0.837667 0.583924 0.078802 0.031521
0 0.837667 0.616233 0.078802 0.031521
0 0.837667 0.650906 0.078802 0.031521
0 0.837667 0.698976 0.078802 0.031521
0 0.837667 0.735225 0.078802 0.031521
0 0.837667 0.769110 0.078802 0.031521
0 0.762017 0.837667 0.031521 0.078802
0 0.722616 0.837667 0.031521 0.078802
0 0.684791 0.837667 0.031521 0.078802
0 0.653270 0.837667 0.031521 0.078802
0 0.622537 0.837667 0.031521 0.078802
0 0.591017 0.837667 0.031521 0.078802
0 0.559496 0.837667 0.031521 0.078802
0 0.520883 0.837667 0.031521 0.078802
0 0.481481 0.837667 0.031521 0.078802
0 0.418440 0.837667 0.031521 0.078802
0 0.370370 0.837667 0.031521 0.078802
0 0.334909 0.837667 0.031521 0.078802
0 0.297084 0.837667 0.031521 0.078802
0 0.258471 0.837667 0.031521 0.078802
0 0.222222 0.837667 0.031521 0.078802
0 0.162333 0.772262 0.078802 0.031521
0 0.162333 0.736013 0.078802 0.031521
0 0.162333 0.680063 0.078802 0.031521
0 0.162333 0.643814 0.078802 0.031521
0 0.162333 0.609141 0.078802 0.031521
0 0.162333 0.574468 0.078802 0.031521
0 0.162333 0.539795 0.078802 0.031521
0 0.162333 0.505122 0.078802 0.031521
0 0.162333 0.468085 0.078802 0.031521
0 0.162333 0.431836 0.078802 0.031521
0 0.162333 0.401103 0.078802 0.031521
0 0.162333 0.369582 0.078802 0.031521
0 0.162333 0.339638 0.078802 0.031521
0 0.162333 0.300236 0.078802 0.031521
0 0.162333 0.249015 0.078802 0.031521
0 0.162333 0.215130 0.078802 0.031521
0 0.223010 0.167061 0.031521 0.078802
0 0.257683 0.167061 0.031521 0.078802
0 0.293144 0.167061 0.031521 0.078802
0 0.358550 0.167061 0.031521 0.078802
0 0.389283 0.167061 0.031521 0.078802
0 0.427896 0.167061 0.031521 0.078802
0 0.461781 0.167061 0.031521 0.078802
0 0.518519 0.167061 0.031521 0.078802
0 0.546099 0.167061 0.031521 0.078802
0 0.575256 0.167061 0.031521 0.078802
0 0.603625 0.167061 0.031521 0.078802
0 0.631994 0.167061 0.031521 0.078802
0 0.684003 0.167061 0.031521 0.078802
0 0.716312 0.167061 0.031521 0.078802
0 0.747045 0.167061 0.031521 0.078802
0 0.832939 0.248227 0.078802 0.031521
0 0.832939 0.282112 0.078802 0.031521
0 0.832939 0.324665 0.078802 0.031521
0 0.832939 0.356974 0.078802 0.031521
0 0.832939 0.402679 0.078802 0.031521
0 0.832939 0.431048 0.078802 0.031521
0 0.832939 0.458629 0.078802 0.031521
0 0.832939 0.515366 0.078802 0.031521
0 0.832939 0.555556 0.078802 0.031521
0 0.832939 0.583136 0.078802 0.031521
0 0.832939 0.614657 0.078802 0.031521
0 0.832939 0.648542 0.078802 0.031521
0 0.832939 0.696612 0.078802 0.031521
0 0.832939 0.732072 0.078802 0.031521
0 0.832939 0.765169 0.078802 0.031521
0 0.756501 0.832939 0.031521 0.078802
0 0.719464 0.832939 0.031521 0.078802
0 0.681639 0.832939 0.031521 0.078802
0 0.650906 0.832939 0.031521 0.078802
0 0.621749 0.832939 0.031521 0.078802
0 0.591017 0.832939 0.031521 0.078802
0 0.560284 0.832939 0.031521 0.078802
0 0.520883 0.832939 0.031521 0.078802
0 0.481481 0.832939 0.031521 0.078802
0 0.448385 0.832939 0.031521 0.078802
0 0.419228 0.832939 0.031521 0.078802
0 0.371158 0.832939 0.031521 0.078802
0 0.298660 0.832939 0.031521 0.078802
0 0.260835 0.832939 0.031521 0.078802
0 0.225374 0.832939 0.031521 0.078802
0 0.167061 0.768322 0.078802 0.031521
0 0.167061 0.732861 0.078802 0.031521
0 0.167061 0.676123 0.078802 0.031521
0 0.167061 0.640662 0.078802 0.031521
0 0.167061 0.606777 0.078802 0.031521
0 0.167061 0.572892 0.078802 0.031521
0 0.167061 0.538219 0.078802 0.031521
0 0.167061 0.503546 0.078802 0.031521
0 0.167061 0.467297 0.078802 0.031521
0 0.167061 0.431048 0.078802 0.031521
0 0.167061 0.400315 0.078802 0.031521
0 0.167061 0.370370 0.078802 0.031521
0 0.167061 0.334909 0.078802 0.031521
0 0.167061 0.301812 0.078802 0.031521
0 0.167061 0.250591 0.078802 0.031521
0 0.167061 0.218282 0.078802 0.031521
0 0.207250 0.143420 0.031521 0.078802
0 0.247439 0.143420 0.031521 0.078802
0 0.285264 0.143420 0.031521 0.078802
0 0.324665 0.143420 0.031521 0.078802
0 0.360126 0.143420 0.031521 0.078802
0 0.394799 0.143420 0.031521 0.078802
0 0.429472 0.143420 0.031521 0.078802
0 0.464933 0.143420 0.031521 0.078802
0 0.519307 0.143420 0.031521 0.078802
0 0.550827 0.143420 0.031521 0.078802
0 0.583136 0.143420 0.031521 0.078802
0 0.616233 0.143420 0.031521 0.078802
0 0.651694 0.143420 0.031521 0.078802
0 0.700552 0.143420 0.031521 0.078802
0 0.738377 0.143420 0.031521 0.078802
0 0.776990 0.143420 0.031521 0.078802
0 0.856580 0.202522 0.078802 0.031521
0 0.856580 0.241923 0.078802 0.031521
0 0.856580 0.279748 0.078802 0.031521
0 0.856580 0.323089 0.078802 0.031521
0 0.856580 0.358550 0.078802 0.031521
0 0.856580 0.402679 0.078802 0.031521
0 0.856580 0.434988 0.078802 0.031521
0 0.856580 0.464933 0.078802 0.031521
0 0.856580 0.516942 0.078802 0.031521
0 0.856580 0.557920 0.078802 0.031521
0 0.856580 0.587864 0.078802 0.031521
0 0.856580 0.623325 0.078802 0.031521
0 0.856580 0.661151 0.078802 0.031521
0 0.856580 0.708432 0.078802 0.031521
0 0.856580 0.747833 0.078802 0.031521
0 0.856580 0.785658 0.078802 0.031521
0 0.783294 0.856580 0.031521 0.078802
0 0.740741 0.856580 0.031521 0.078802
0 0.699764 0.856580 0.031521 0.078802
0 0.662727 0.856580 0.031521 0.078802
0 0.628842 0.856580 0.031521 0.078802
0 0.594169 0.856580 0.031521 0.078802
0 0.559496 0.856580 0.031521 0.078802
0 0.522459 0.856580 0.031521 0.078802
0 0.480693 0.856580 0.031521 0.078802
0 0.446020 0.856580 0.031521 0.078802
0 0.413712 0.856580 0.031521 0.078802
0 0.368006 0.856580 0.031521 0.078802
0 0.330181 0.856580 0.031521 0.078802
0 0.289992 0.856580 0.031521 0.078802
0 0.249803 0.856580 0.031521 0.078802
0 0.210402 0.856580 0.031521 0.078802
0 0.143420 0.788810 0.078802 0.031521
0 0.143420 0.749409 0.078802 0.031521
0 0.143420 0.697400 0.078802 0.031521
0 0.143420 0.657210 0.078802 0.031521
0 0.143420 0.620173 0.078802 0.031521
0 0.143420 0.582348 0.078802 0.031521
0 0.143420 0.547675 0.078802 0.031521
0 0.143420 0.511426 0.078802 0.031521
0 0.143420 0.472025 0.078802 0.031521
0 0.143420 0.434988 0.078802 0.031521
0 0.143420 0.401891 0.078802 0.031521
0 0.143420 0.368006 0.078802 0.031521
0 0.143420 0.335697 0.078802 0.031521
0 0.143420 0.293932 0.078802 0.031521
0 0.143420 0.243499 0.078802 0.031521
0 0.143420 0.205674 0.078802 0.031521
1 0.238508 0.188798 0.040000 0.100000
1 0.270264 0.189397 0.040000 0.100000
1 0.300906 0.189310 0.040000 0.100000
1 0.331198 0.189143 0.040000 0.100000
1 0.357662 0.188977 0.040000 0.100000
1 0.386098 0.188957 0.040000 0.100000
1 0.427014 0.188403 0.040000 0.100000
1 0.442132 0.188264 0.040000 0.100000
1 0.465988 0.187709 0.040000 0.100000
1 0.518749 0.188236 0.040000 0.100000
1 0.543258 0.187261 0.040000 0.100000
1 0.568557 0.188759 0.040000 0.100000
1 0.592524 0.188259 0.040000 0.100000
1 0.618022 0.187853 0.040000 0.100000
1 0.669072 0.188333 0.040000 0.100000
1 0.698075 0.187584 0.040000 0.100000
1 0.723388 0.188971 0.040000 0.100000
1 0.811887 0.223108 0.100000 0.040000
1 0.811309 0.254731 0.100000 0.040000
1 0.811586 0.284829 0.100000 0.040000
1 0.810629 0.327506 0.100000 0.040000
1 0.811600 0.354830 0.100000 0.040000
1 0.810865 0.403139 0.100000 0.040000
1 0.811142 0.428520 0.100000 0.040000
1 0.810719 0.454340 0.100000 0.040000
1 0.811545 0.514530 0.100000 0.040000
1 0.810976 0.555543 0.100000 0.040000
1 0.810935 0.580192 0.100000 0.040000
1 0.811166 0.607585 0.100000 0.040000
1 0.810935 0.637867 0.100000 0.040000
1 0.811570 0.687783 0.100000 0.040000
1 0.811339 0.719336 0.100000 0.040000
1 0.810923 0.748121 0.100000 0.040000
1 0.736170 0.812420 0.040000 0.100000
1 0.701993 0.812404 0.040000 0.100000
1 0.667997 0.812169 0.040000 0.100000
1 0.642476 0.812030 0.040000 0.100000
1 0.617233 0.811753 0.040000 0.100000
1 0.590076 0.811004 0.040000 0.100000
1 0.563612 0.811503 0.040000 0.100000
1 0.520917 0.811475 0.040000 0.100000
1 0.484316 0.811397 0.040000 0.100000
1 0.452023 0.810727 0.040000 0.100000
1 0.426003 0.811837 0.040000 0.100000
1 0.375698 0.811717 0.040000 0.100000
1 0.342895 0.811339 0.040000 0.100000
1 0.309209 0.811448 0.040000 0.100000
1 0.273475 0.811159 0.040000 0.100000
1 0.240992 0.812011 0.040000 0.100000
1 0.189722 0.749372 0.100000 0.040000
1 0.188104 0.718743 0.100000 0.040000
1 0.188037 0.658610 0.100000 0.040000
1 0.187922 0.627057 0.100000 0.040000
1 0.187922 0.595849 0.100000 0.040000
1 0.188130 0.565266 0.100000 0.040000
1 0.187911 0.530878 0.100000 0.040000
1 0.187911 0.518117 0.100000 0.040000
1 0.188327 0.496758 0.100000 0.040000
1 0.188327 0.462915 0.100000 0.040000
1 0.189192 0.428108 0.100000 0.040000
1 0.189035 0.401006 0.100000 0.040000
1 0.187764 0.372919 0.100000 0.040000
1 0.188490 0.346354 0.100000 0.040000
1 0.188906 0.335397 0.100000 0.040000
1 0.187796 0.309183 0.100000 0.040000
1 0.188074 0.296977 0.100000 0.040000
1 0.187450 0.258405 0.100000 0.040000
1 0.187588 0.231082 0.100000 0.040000
1 0.251864 0.204959 0.040000 0.100000
1 0.279049 0.204543 0.040000 0.100000
1 0.307760 0.204682 0.040000 0.100000
1 0.334237 0.204030 0.040000 0.100000
1 0.360590 0.203891 0.040000 0.100000
1 0.384807 0.203364 0.040000 0.100000
1 0.427415 0.203364 0.040000 0.100000
1 0.443002 0.203256 0.040000 0.100000
1 0.465748 0.204781 0.040000 0.100000
1 0.520280 0.203849 0.040000 0.100000
1 0.541917 0.203183 0.040000 0.100000
1 0.564885 0.203682 0.040000 0.100000
1 0.585723 0.203694 0.040000 0.100000
1 0.607491 0.204080 0.040000 0.100000
1 0.660578 0.204365 0.040000 0.100000
1 0.686956 0.203748 0.040000 0.100000
1 0.707182 0.204094 0.040000 0.100000
1 0.795463 0.230723 0.100000 0.040000
1 0.796018 0.259434 0.100000 0.040000
1 0.795130 0.287174 0.100000 0.040000
1 0.795776 0.328783 0.100000 0.040000
1 0.795368 0.355073 0.100000 0.040000
1 0.795091 0.403756 0.100000 0.040000
1 0.794314 0.426891 0.100000 0.040000
1 0.795458 0.451448 0.100000 0.040000
1 0.795573 0.514402 0.100000 0.040000
1 0.794880 0.525497 0.100000 0.040000
1 0.794764 0.556473 0.100000 0.040000
1 0.794996 0.578758 0.100000 0.040000
1 0.795439 0.603917 0.100000 0.040000
1 0.795462 0.683330 0.100000 0.040000
1 0.795562 0.632154 0.100000 0.040000
1 0.794794 0.737390 0.100000 0.040000
1 0.796181 0.712701 0.100000 0.040000
1 0.722122 0.796318 0.040000 0.100000
1 0.689999 0.795319 0.040000 0.100000
1 0.659518 0.795329 0.040000 0.100000
1 0.637382 0.794830 0.040000 0.100000
1 0.615079 0.795329 0.040000 0.100000
1 0.590826 0.794972 0.040000 0.100000
1 0.565999 0.795388 0.040000 0.100000
1 0.486925 0.795265 0.040000 0.100000
1 0.521276 0.796444 0.040000 0.100000
1 0.455313 0.796641 0.040000 0.100000
1 0.432803 0.795799 0.040000 0.100000
1 0.379875 0.795633 0.040000 0.100000
1 0.349084 0.795799 0.040000 0.100000
1 0.317125 0.795243 0.040000 0.100000
1 0.283005 0.794910 0.040000 0.100000
1 0.253712 0.794744 0.040000 0.100000
1 0.203538 0.709015 0.100000 0.040000
1 0.203677 0.738280 0.100000 0.040000
1 0.203275 0.617988 0.100000 0.040000
1 0.204689 0.644518 0.100000 0.040000
1 0.203953 0.589258 0.100000 0.040000
1 0.203727 0.560362 0.100000 0.040000
1 0.203842 0.526382 0.100000 0.040000
1 0.203707 0.512782 0.100000 0.040000
1 0.203823 0.492555 0.100000 0.040000
1 0.202907 0.460844 0.100000 0.040000
1 0.203906 0.427057 0.100000 0.040000
1 0.203302 0.376552 0.100000 0.040000
1 0.203614 0.401980 0.100000 0.040000
1 0.203949 0.349518 0.100000 0.040000
1 0.203796 0.315985 0.100000 0.040000
1 0.203463 0.301838 0.100000 0.040000
1 0.203963 0.265388 0.100000 0.040000
1 0.203394 0.239992 0.100000 0.040000
1 0.265881 0.220496 0.040000 0.100000
1 0.289348 0.219164 0.040000 0.100000
1 0.314807 0.219111 0.040000 0.100000
1 0.338802 0.218834 0.040000 0.100000
1 0.362519 0.219111 0.040000 0.100000
1 0.384156 0.219943 0.040000 0.100000
1 0.427430 0.218944 0.040000 0.100000
1 0.443575 0.219277 0.040000 0.100000
1 0.465231 0.219817 0.040000 0.100000
1 0.521640 0.220424 0.040000 0.100000
1 0.541335 0.219731 0.040000 0.100000
1 0.560614 0.219869 0.040000 0.100000
1 0.579394 0.219842 0.040000 0.100000
1 0.598534 0.220507 0.040000 0.100000
1 0.652084 0.219392 0.040000 0.100000
1 0.674221 0.219725 0.040000 0.100000
1 0.693361 0.219725 0.040000 0.100000
1 0.779140 0.238642 0.100000 0.040000
1 0.779639 0.264607 0.100000 0.040000
1 0.779805 0.289905 0.100000 0.040000
1 0.779516 0.332483 0.100000 0.040000
1 0.779849 0.355785 0.100000 0.040000
1 0.779366 0.405933 0.100000 0.040000
1 0.779533 0.427237 0.100000 0.040000
1 0.779865 0.449040 0.100000 0.040000
1 0.778953 0.515818 0.100000 0.040000
1 0.779036 0.527912 0.100000 0.040000
1 0.779702 0.558703 0.100000 0.040000
1 0.779615 0.578037 0.100000 0.040000
1 0.779375 0.600326 0.100000 0.040000
1 0.779615 0.626450 0.100000 0.040000
1 0.779965 0.679354 0.100000 0.040000
1 0.779632 0.706484 0.100000 0.040000
1 0.779798 0.729452 0.100000 0.040000
1 0.711873 0.780664 0.040000 0.100000
1 0.679268 0.779982 0.040000 0.100000
1 0.653137 0.780315 0.040000 0.100000
1 0.633261 0.780273 0.040000 0.100000
1 0.613982 0.779857 0.040000 0.100000
1 0.591097 0.779718 0.040000 0.100000
1 0.569333 0.780046 0.040000 0.100000
1 0.522397 0.780845 0.040000 0.100000
1 0.490641 0.778847 0.040000 0.100000
1 0.460083 0.779447 0.040000 0.100000
1 0.439131 0.779610 0.040000 0.100000
1 0.384457 0.778762 0.040000 0.100000
1 0.355106 0.780627 0.040000 0.100000
1 0.325147 0.780960 0.040000 0.100000
1 0.291859 0.779628 0.040000 0.100000
1 0.266727 0.780294 0.040000 0.100000
1 0.219555 0.699955 0.100000 0.040000
1 0.219262 0.727031 0.100000 0.040000
1 0.219880 0.633513 0.100000 0.040000
1 0.220157 0.608825 0.100000 0.040000
1 0.220018 0.583998 0.100000 0.040000
1 0.219630 0.557229 0.100000 0.040000
1 0.219383 0.508470 0.100000 0.040000
1 0.218828 0.524836 0.100000 0.040000
1 0.219383 0.485030 0.100000 0.040000
1 0.219078 0.459232 0.100000 0.040000
1 0.220077 0.427109 0.100000 0.040000
1 0.219478 0.404440 0.100000 0.040000
1 0.220077 0.380873 0.100000 0.040000
1 0.220112 0.354733 0.100000 0.040000
1 0.219303 0.323180 0.100000 0.040000
1 0.219483 0.308746 0.100000 0.040000
1 0.219151 0.271630 0.100000 0.040000
1 0.219983 0.249827 0.100000 0.040000
1 0.280631 0.235186 0.040000 0.100000
1 0.301802 0.235186 0.040000 0.100000
1 0.323972 0.235186 0.040000 0.100000
1 0.345143 0.235386 0.040000 0.100000
1 0.365725 0.236268 0.040000 0.100000
1 0.384366 0.236268 0.040000 0.100000
1 0.428486 0.236570 0.040000 0.100000
1 0.444852 0.236293 0.040000 0.100000
1 0.465795 0.235877 0.040000 0.100000
1 0.523549 0.234351 0.040000 0.100000
1 0.540563 0.234261 0.040000 0.100000
1 0.558039 0.235093 0.040000 0.100000
1 0.574350 0.235692 0.040000 0.100000
1 0.589928 0.236292 0.040000 0.100000
1 0.644736 0.235369 0.040000 0.100000
1 0.663877 0.235369 0.040000 0.100000
1 0.679355 0.236035 0.040000 0.100000
1 0.765147 0.246649 0.100000 0.040000
1 0.764730 0.271221 0.100000 0.040000
1 0.763748 0.294201 0.100000 0.040000
1 0.763748 0.335943 0.100000 0.040000
1 0.764348 0.356515 0.100000 0.040000
1 0.763137 0.408656 0.100000 0.040000
1 0.763537 0.428428 0.100000 0.040000
1 0.764535 0.447802 0.100000 0.040000
1 0.764144 0.517514 0.100000 0.040000
1 0.763867 0.529581 0.100000 0.040000
1 0.764283 0.560400 0.100000 0.040000
1 0.764116 0.579207 0.100000 0.040000
1 0.763804 0.599589 0.100000 0.040000
1 0.764151 0.622821 0.100000 0.040000
1 0.764214 0.676861 0.100000 0.040000
1 0.763983 0.700671 0.100000 0.040000
1 0.764214 0.721014 0.100000 0.040000
1 0.699375 0.764207 0.040000 0.100000
1 0.671520 0.765362 0.040000 0.100000
1 0.647238 0.765584 0.040000 0.100000
1 0.629612 0.765199 0.040000 0.100000
1 0.612217 0.765179 0.040000 0.100000
1 0.592221 0.764948 0.040000 0.100000
1 0.573187 0.764171 0.040000 0.100000
1 0.524421 0.764338 0.040000 0.100000
1 0.493963 0.764504 0.040000 0.100000
1 0.464484 0.764345 0.040000 0.100000
1 0.446569 0.764345 0.040000 0.100000
1 0.388871 0.764110 0.040000 0.100000
1 0.363281 0.764041 0.040000 0.100000
1 0.336043 0.764103 0.040000 0.100000
1 0.302325 0.765412 0.040000 0.100000
1 0.281187 0.764413 0.040000 0.100000
1 0.235567 0.717727 0.100000 0.040000
1 0.235067 0.692928 0.100000 0.040000
1 0.234499 0.601895 0.100000 0.040000
1 0.235747 0.623948 0.100000 0.040000
1 0.234421 0.578959 0.100000 0.040000
1 0.234338 0.554443 0.100000 0.040000
1 0.236210 0.518701 0.100000 0.040000
1 0.236210 0.504553 0.100000 0.040000
1 0.235239 0.482362 0.100000 0.040000
1 0.235599 0.458701 0.100000 0.040000
1 0.236177 0.428419 0.100000 0.040000
1 0.236292 0.407151 0.100000 0.040000
1 0.234836 0.386416 0.100000 0.040000
1 0.236251 0.349606 0.100000 0.040000
1 0.235459 0.361731 0.100000 0.040000
1 0.235736 0.330385 0.100000 0.040000
1 0.236014 0.315544 0.100000 0.040000
1 0.235550 0.279158 0.100000 0.040000
1 0.235967 0.259047 0.100000 0.040000
1 0.295078 0.250422 0.040000 0.100000
1 0.314252 0.251021 0.040000 0.100000
1 0.332227 0.250821 0.040000 0.100000
1 0.351201 0.250821 0.040000 0.100000
1 0.368283 0.251637 0.040000 0.100000
1 0.384594 0.251804 0.040000 0.100000
1 0.429565 0.250106 0.040000 0.100000
1 0.445943 0.249108 0.040000 0.100000
1 0.465716 0.250705 0.040000 0.100000
1 0.525527 0.251464 0.040000 0.100000
1 0.540008 0.251797 0.040000 0.100000
1 0.554821 0.250465 0.040000 0.100000
1 0.568169 0.250931 0.040000 0.100000
1 0.583747 0.251730 0.040000 0.100000
1 0.637801 0.250987 0.040000 0.100000
1 0.653620 0.252425 0.040000 0.100000
1 0.668000 0.251275 0.040000 0.100000
1 0.748765 0.256727 0.100000 0.040000
1 0.748525 0.278058 0.100000 0.040000
1 0.747806 0.298430 0.100000 0.040000
1 0.748525 0.339414 0.100000 0.040000
1 0.747806 0.358108 0.100000 0.040000
1 0.748166 0.410045 0.100000 0.040000
1 0.747926 0.428020 0.100000 0.040000
1 0.748166 0.445516 0.100000 0.040000
1 0.748046 0.518735 0.100000 0.040000
1 0.747550 0.533212 0.100000 0.040000
1 0.748216 0.563004 0.100000 0.040000
1 0.747716 0.579482 0.100000 0.040000
1 0.747883 0.598456 0.100000 0.040000
1 0.748424 0.618803 0.100000 0.040000
1 0.749006 0.674809 0.100000 0.040000
1 0.748507 0.695314 0.100000 0.040000
1 0.747708 0.712291 0.100000 0.040000
1 0.689471 0.748824 0.040000 0.100000
1 0.661415 0.747928 0.040000 0.100000
1 0.641303 0.748737 0.040000 0.100000
1 0.626740 0.750702 0.040000 0.100000
1 0.611252 0.749315 0.040000 0.100000
1 0.593267 0.748552 0.040000 0.100000
1 0.577594 0.748413 0.040000 0.100000
1 0.526082 0.749328 0.040000 0.100000
1 0.497621 0.748829 0.040000 0.100000
1 0.468987 0.748536 0.040000 0.100000
1 0.453408 0.748536 0.040000 0.100000
1 0.393631 0.748037 0.040000 0.100000
1 0.370662 0.748836 0.040000 0.100000
1 0.345297 0.749036 0.040000 0.100000
1 0.314859 0.747757 0.040000 0.100000
1 0.295685 0.749435 0.040000 0.100000
1 0.251063 0.683888 0.100000 0.040000
1 0.251243 0.709167 0.100000 0.040000
1 0.250426 0.615407 0.100000 0.040000
1 0.250926 0.595601 0.100000 0.040000
1 0.250593 0.573631 0.100000 0.040000
1 0.251758 0.552128 0.100000 0.040000
1 0.250643 0.499916 0.100000 0.040000
1 0.250476 0.515561 0.100000 0.040000
1 0.251641 0.479111 0.100000 0.040000
1 0.251641 0.458972 0.100000 0.040000
1 0.251924 0.429662 0.100000 0.040000
1 0.252091 0.411021 0.100000 0.040000
1 0.251591 0.392380 0.100000 0.040000
1 0.252673 0.356380 0.100000 0.040000
1 0.250982 0.369202 0.100000 0.040000
1 0.251065 0.337962 0.100000 0.040000
1 0.252730 0.323482 0.100000 0.040000
1 0.252164 0.287598 0.100000 0.040000
1 0.251365 0.268424 0.100000 0.040000
