0 0.203807 0.135607 0.031721 0.079302
0 0.244251 0.135607 0.031721 0.079302
0 0.283902 0.135607 0.031721 0.079302
0 0.324346 0.135607 0.031721 0.079302
0 0.360825 0.135607 0.031721 0.079302
0 0.396511 0.135607 0.031721 0.079302
0 0.429025 0.135607 0.031721 0.079302
0 0.465504 0.135607 0.031721 0.079302
0 0.518636 0.135607 0.031721 0.079302
0 0.551150 0.135607 0.031721 0.079302
0 0.585250 0.135607 0.031721 0.079302
0 0.619350 0.135607 0.031721 0.079302
0 0.655036 0.135607 0.031721 0.079302
0 0.703410 0.135607 0.031721 0.079302
0 0.743854 0.135607 0.031721 0.079302
0 0.786677 0.135607 0.031721 0.079302
0 0.864393 0.204600 0.079302 0.031721
0 0.864393 0.245837 0.079302 0.031721
0 0.864393 0.287074 0.079302 0.031721
0 0.864393 0.368755 0.079302 0.031721
0 0.864393 0.411578 0.079302 0.031721
0 0.864393 0.445678 0.079302 0.031721
0 0.864393 0.475020 0.079302 0.031721
0 0.864393 0.524187 0.079302 0.031721
0 0.864393 0.567010 0.079302 0.031721
0 0.864393 0.600317 0.079302 0.031721
0 0.864393 0.636796 0.079302 0.031721
0 0.864393 0.673275 0.079302 0.031721
0 0.864393 0.720856 0.079302 0.031721
0 0.864393 0.761301 0.079302 0.031721
0 0.864393 0.802538 0.079302 0.031721
0 0.789849 0.864393 0.031721 0.079302
0 0.745440 0.864393 0.031721 0.079302
0 0.704203 0.864393 0.031721 0.079302
0 0.666138 0.864393 0.031721 0.079302
0 0.630452 0.864393 0.031721 0.079302
0 0.595559 0.864393 0.031721 0.079302
0 0.560666 0.864393 0.031721 0.079302
0 0.521808 0.864393 0.031721 0.079302
0 0.478192 0.864393 0.031721 0.079302
0 0.444092 0.864393 0.031721 0.079302
0 0.409992 0.864393 0.031721 0.079302
0 0.363997 0.864393 0.031721 0.079302
0 0.326725 0.864393 0.031721 0.079302
0 0.285488 0.864393 0.031721 0.079302
0 0.245044 0.864393 0.031721 0.079302
0 0.205393 0.864393 0.031721 0.079302
0 0.135607 0.800159 0.079302 0.031721
0 0.135607 0.757335 0.079302 0.031721
0 0.135607 0.708961 0.079302 0.031721
0 0.135607 0.667724 0.079302 0.031721
0 0.135607 0.629659 0.079302 0.031721
0 0.135607 0.593973 0.079302 0.031721
0 0.135607 0.554322 0.079302 0.031721
0 0.135607 0.517843 0.079302 0.031721
0 0.135607 0.478985 0.079302 0.031721
0 0.135607 0.444092 0.079302 0.031721
0 0.135607 0.409199 0.079302 0.031721
0 0.135607 0.373513 0.079302 0.031721
0 0.135607 0.336241 0.079302 0.031721
0 0.135607 0.306899 0.079302 0.031721
0 0.135607 0.282316 0.079302 0.031721
0 0.135607 0.243458 0.079302 0.031721
0 0.135607 0.201427 0.079302 0.031721
0 0.209358 0.145123 0.031721 0.079302
0 0.249009 0.145123 0.031721 0.079302
0 0.287074 0.145123 0.031721 0.079302
0 0.325139 0.145123 0.031721 0.079302
0 0.360032 0.145123 0.031721 0.079302
0 0.394925 0.145123 0.031721 0.079302
0 0.429025 0.145123 0.031721 0.079302
0 0.463918 0.145123 0.031721 0.079302
0 0.517843 0.145123 0.031721 0.079302
0 0.548771 0.145123 0.031721 0.079302
0 0.581285 0.145123 0.031721 0.079302
0 0.613006 0.145123 0.031721 0.079302
0 0.647105 0.145123 0.031721 0.079302
0 0.695480 0.145123 0.031721 0.079302
0 0.734338 0.145123 0.031721 0.079302
0 0.774782 0.145123 0.031721 0.079302
0 0.854877 0.212530 0.079302 0.031721
0 0.854877 0.252181 0.079302 0.031721
0 0.854877 0.291832 0.079302 0.031721
0 0.854877 0.335448 0.079302 0.031721
0 0.854877 0.371134 0.079302 0.031721
0 0.854877 0.413957 0.079302 0.031721
0 0.854877 0.447264 0.079302 0.031721
0 0.854877 0.475020 0.079302 0.031721
0 0.854877 0.525773 0.079302 0.031721
0 0.854877 0.569389 0.079302 0.031721
0 0.854877 0.601110 0.079302 0.031721
0 0.854877 0.636003 0.079302 0.031721
0 0.854877 0.671689 0.079302 0.031721
0 0.854877 0.720063 0.079302 0.031721
0 0.854877 0.758128 0.079302 0.031721
0 0.854877 0.798573 0.079302 0.031721
0 0.778747 0.854877 0.031721 0.079302
0 0.735924 0.854877 0.031721 0.079302
0 0.697066 0.854877 0.031721 0.079302
0 0.661380 0.854877 0.031721 0.079302
0 0.627280 0.854877 0.031721 0.079302
0 0.593973 0.854877 0.031721 0.079302
0 0.560666 0.854877 0.031721 0.079302
0 0.521015 0.854877 0.031721 0.079302
0 0.478192 0.854877 0.031721 0.079302
0 0.444092 0.854877 0.031721 0.079302
0 0.411578 0.854877 0.031721 0.079302
0 0.364790 0.854877 0.031721 0.079302
0 0.328311 0.854877 0.031721 0.079302
0 0.289453 0.854877 0.031721 0.079302
0 0.249009 0.854877 0.031721 0.079302
0 0.211737 0.854877 0.031721 0.079302
0 0.145123 0.793814 0.079302 0.031721
0 0.145123 0.753370 0.079302 0.031721
0 0.145123 0.702617 0.079302 0.031721
0 0.145123 0.662966 0.079302 0.031721
0 0.145123 0.626487 0.079302 0.031721
0 0.145123 0.592387 0.079302 0.031721
0 0.145123 0.551943 0.079302 0.031721
0 0.145123 0.516257 0.079302 0.031721
0 0.145123 0.478985 0.079302 0.031721
0 0.145123 0.445678 0.079302 0.031721
0 0.145123 0.412371 0.079302 0.031721
0 0.145123 0.377478 0.079302 0.031721
0 0.145123 0.340206 0.079302 0.031721
0 0.145123 0.291832 0.079302 0.031721
0 0.145123 0.249009 0.079302 0.031721
0 0.145123 0.208565 0.079302 0.031721
0 0.212530 0.149881 0.031721 0.079302
0 0.251388 0.149881 0.031721 0.079302
0 0.288660 0.149881 0.031721 0.079302
0 0.326725 0.149881 0.031721 0.079302
0 0.360032 0.149881 0.031721 0.079302
0 0.394132 0.149881 0.031721 0.079302
0 0.428232 0.149881 0.031721 0.079302
0 0.463125 0.149881 0.031721 0.079302
0 0.517843 0.149881 0.031721 0.079302
0 0.547978 0.149881 0.031721 0.079302
0 0.578906 0.149881 0.031721 0.079302
0 0.609833 0.149881 0.031721 0.079302
0 0.642347 0.149881 0.031721 0.079302
0 0.692308 0.149881 0.031721 0.079302
0 0.728787 0.149881 0.031721 0.079302
0 0.769231 0.149881 0.031721 0.079302
0 0.850119 0.216495 0.079302 0.031721
0 0.850119 0.255353 0.079302 0.031721
0 0.850119 0.293418 0.079302 0.031721
0 0.850119 0.337034 0.079302 0.031721
0 0.850119 0.372720 0.079302 0.031721
0 0.850119 0.414750 0.079302 0.031721
0 0.850119 0.447264 0.079302 0.031721
0 0.850119 0.474227 0.079302 0.031721
0 0.850119 0.526566 0.079302 0.031721
0 0.850119 0.570182 0.079302 0.031721
0 0.850119 0.601903 0.079302 0.031721
0 0.850119 0.636003 0.079302 0.031721
0 0.850119 0.670896 0.079302 0.031721
0 0.850119 0.719270 0.079302 0.031721
0 0.850119 0.757335 0.079302 0.031721
0 0.850119 0.796987 0.079302 0.031721
0 0.772403 0.850119 0.031721 0.079302
0 0.731959 0.850119 0.031721 0.079302
0 0.692308 0.850119 0.031721 0.079302
0 0.659001 0.850119 0.031721 0.079302
0 0.625694 0.850119 0.031721 0.079302
0 0.593973 0.850119 0.031721 0.079302
0 0.560666 0.850119 0.031721 0.079302
0 0.520222 0.850119 0.031721 0.079302
0 0.478192 0.850119 0.031721 0.079302
0 0.444885 0.850119 0.031721 0.079302
0 0.413164 0.850119 0.031721 0.079302
0 0.364790 0.850119 0.031721 0.079302
0 0.329104 0.850119 0.031721 0.079302
0 0.290246 0.850119 0.031721 0.079302
0 0.251388 0.850119 0.031721 0.079302
0 0.214909 0.850119 0.031721 0.079302
0 0.149881 0.790642 0.079302 0.031721
0 0.149881 0.750991 0.079302 0.031721
0 0.149881 0.700238 0.079302 0.031721
0 0.149881 0.661380 0.079302 0.031721
0 0.149881 0.624901 0.079302 0.031721
0 0.149881 0.592387 0.079302 0.031721
0 0.149881 0.546392 0.079302 0.031721
0 0.149881 0.515464 0.079302 0.031721
0 0.149881 0.478192 0.079302 0.031721
0 0.149881 0.445678 0.079302 0.031721
0 0.149881 0.413164 0.079302 0.031721
0 0.149881 0.341792 0.079302 0.031721
0 0.149881 0.298969 0.079302 0.031721
0 0.149881 0.251388 0.079302 0.031721
0 0.149881 0.212530 0.079302 0.031721
0 0.215702 0.154639 0.031721 0.079302
0 0.252974 0.154639 0.031721 0.079302
0 0.289453 0.154639 0.031721 0.079302
0 0.326725 0.154639 0.031721 0.079302
0 0.360032 0.154639 0.031721 0.079302
0 0.392546 0.154639 0.031721 0.079302
0 0.427439 0.154639 0.031721 0.079302
0 0.463125 0.154639 0.031721 0.079302
0 0.517843 0.154639 0.031721 0.079302
0 0.546392 0.154639 0.031721 0.079302
0 0.576527 0.154639 0.031721 0.079302
0 0.606661 0.154639 0.031721 0.079302
0 0.638382 0.154639 0.031721 0.079302
0 0.687550 0.154639 0.031721 0.079302
0 0.724029 0.154639 0.031721 0.079302
0 0.762887 0.154639 0.031721 0.079302
0 0.845361 0.220460 0.079302 0.031721
0 0.845361 0.258525 0.079302 0.031721
0 0.845361 0.295797 0.079302 0.031721
0 0.845361 0.339413 0.079302 0.031721
0 0.845361 0.373513 0.079302 0.031721
0 0.845361 0.416336 0.079302 0.031721
0 0.845361 0.448057 0.079302 0.031721
0 0.845361 0.475020 0.079302 0.031721
0 0.845361 0.527359 0.079302 0.031721
0 0.845361 0.571768 0.079302 0.031721
0 0.845361 0.601903 0.079302 0.031721
0 0.845361 0.635210 0.079302 0.031721
0 0.845361 0.670103 0.079302 0.031721
0 0.845361 0.718477 0.079302 0.031721
0 0.845361 0.755749 0.079302 0.031721
0 0.845361 0.794607 0.079302 0.031721
0 0.767645 0.845361 0.031721 0.079302
0 0.727201 0.845361 0.031721 0.079302
0 0.689136 0.845361 0.031721 0.079302
0 0.656622 0.845361 0.031721 0.079302
0 0.624108 0.845361 0.031721 0.079302
0 0.592387 0.845361 0.031721 0.079302
0 0.515464 0.845361 0.031721 0.079302
0 0.478192 0.845361 0.031721 0.079302
0 0.444885 0.845361 0.031721 0.079302
0 0.413957 0.845361 0.031721 0.079302
0 0.364790 0.845361 0.031721 0.079302
0 0.329897 0.845361 0.031721 0.079302
0 0.291832 0.845361 0.031721 0.079302
0 0.252974 0.845361 0.031721 0.079302
0 0.218081 0.845361 0.031721 0.079302
0 0.154639 0.787470 0.079302 0.031721
0 0.154639 0.749405 0.079302 0.031721
0 0.154639 0.697066 0.079302 0.031721
0 0.154639 0.659794 0.079302 0.031721
0 0.154639 0.624108 0.079302 0.031721
0 0.154639 0.591594 0.079302 0.031721
0 0.154639 0.550357 0.079302 0.031721
0 0.154639 0.514671 0.079302 0.031721
0 0.154639 0.478192 0.079302 0.031721
0 0.154639 0.446471 0.079302 0.031721
0 0.154639 0.414750 0.079302 0.031721
0 0.154639 0.381443 0.079302 0.031721
0 0.154639 0.344171 0.079302 0.031721
0 0.154639 0.301348 0.079302 0.031721
0 0.154639 0.254560 0.079302 0.031721
0 0.218874 0.159397 0.031721 0.079302
0 0.255353 0.159397 0.031721 0.079302
0 0.291039 0.159397 0.031721 0.079302
0 0.327518 0.159397 0.031721 0.079302
0 0.360032 0.159397 0.031721 0.079302
0 0.391753 0.159397 0.031721 0.079302
0 0.427439 0.159397 0.031721 0.079302
0 0.462331 0.159397 0.031721 0.079302
0 0.517050 0.159397 0.031721 0.079302
0 0.545599 0.159397 0.031721 0.079302
0 0.574941 0.159397 0.031721 0.079302
0 0.604282 0.159397 0.031721 0.079302
0 0.634417 0.159397 0.031721 0.079302
0 0.684377 0.159397 0.031721 0.079302
0 0.719270 0.159397 0.031721 0.079302
0 0.756542 0.159397 0.031721 0.079302
0 0.840603 0.223632 0.079302 0.031721
0 0.840603 0.260904 0.079302 0.031721
0 0.840603 0.298176 0.079302 0.031721
0 0.840603 0.340999 0.079302 0.031721
0 0.840603 0.375099 0.079302 0.031721
0 0.840603 0.417922 0.079302 0.031721
0 0.840603 0.448850 0.079302 0.031721
0 0.840603 0.475020 0.079302 0.031721
0 0.840603 0.528152 0.079302 0.031721
0 0.840603 0.572561 0.079302 0.031721
0 0.840603 0.602696 0.079302 0.031721
0 0.840603 0.635210 0.079302 0.031721
0 0.840603 0.668517 0.079302 0.031721
0 0.840603 0.718477 0.079302 0.031721
0 0.840603 0.754163 0.079302 0.031721
0 0.840603 0.793021 0.079302 0.031721
0 0.761301 0.840603 0.031721 0.079302
0 0.721649 0.840603 0.031721 0.079302
0 0.685170 0.840603 0.031721 0.079302
0 0.591594 0.840603 0.031721 0.079302
0 0.561459 0.840603 0.031721 0.079302
0 0.478192 0.840603 0.031721 0.079302
0 0.445678 0.840603 0.031721 0.079302
0 0.414750 0.840603 0.031721 0.079302
0 0.365583 0.840603 0.031721 0.079302
0 0.330690 0.840603 0.031721 0.079302
0 0.293418 0.840603 0.031721 0.079302
0 0.255353 0.840603 0.031721 0.079302
0 0.222046 0.840603 0.031721 0.079302
0 0.159397 0.785091 0.079302 0.031721
0 0.159397 0.747026 0.079302 0.031721
0 0.159397 0.694687 0.079302 0.031721
0 0.159397 0.657415 0.079302 0.031721
0 0.159397 0.622522 0.079302 0.031721
0 0.159397 0.549564 0.079302 0.031721
0 0.159397 0.514671 0.079302 0.031721
0 0.159397 0.478192 0.079302 0.031721
0 0.159397 0.447264 0.079302 0.031721
0 0.159397 0.415543 0.079302 0.031721
0 0.159397 0.383029 0.079302 0.031721
0 0.159397 0.345757 0.079302 0.031721
0 0.159397 0.304520 0.079302 0.031721
0 0.159397 0.257732 0.079302 0.031721
0 0.159397 0.219667 0.079302 0.031721
0 0.222046 0.164155 0.031721 0.079302
0 0.258525 0.164155 0.031721 0.079302
0 0.292625 0.164155 0.031721 0.079302
0 0.328311 0.164155 0.031721 0.079302
0 0.360032 0.164155 0.031721 0.079302
0 0.391753 0.164155 0.031721 0.079302
0 0.426646 0.164155 0.031721 0.079302
0 0.461538 0.164155 0.031721 0.079302
0 0.517050 0.164155 0.031721 0.079302
0 0.544806 0.164155 0.031721 0.079302
0 0.573354 0.164155 0.031721 0.079302
0 0.601110 0.164155 0.031721 0.079302
0 0.630452 0.164155 0.031721 0.079302
0 0.680412 0.164155 0.031721 0.079302
0 0.714512 0.164155 0.031721 0.079302
0 0.750991 0.164155 0.031721 0.079302
0 0.835845 0.227597 0.079302 0.031721
0 0.835845 0.264076 0.079302 0.031721
0 0.835845 0.299762 0.079302 0.031721
0 0.835845 0.343378 0.079302 0.031721
0 0.835845 0.375892 0.079302 0.031721
0 0.835845 0.418715 0.079302 0.031721
0 0.835845 0.448850 0.079302 0.031721
0 0.835845 0.474227 0.079302 0.031721
0 0.835845 0.528152 0.079302 0.031721
0 0.835845 0.573354 0.079302 0.031721
0 0.835845 0.602696 0.079302 0.031721
0 0.835845 0.634417 0.079302 0.031721
0 0.835845 0.667724 0.079302 0.031721
0 0.835845 0.717684 0.079302 0.031721
0 0.835845 0.752577 0.079302 0.031721
0 0.756542 0.835845 0.031721 0.079302
0 0.717684 0.835845 0.031721 0.079302
0 0.620936 0.835845 0.031721 0.079302
0 0.591594 0.835845 0.031721 0.079302
0 0.515464 0.835845 0.031721 0.079302
0 0.478192 0.835845 0.031721 0.079302
0 0.444885 0.835845 0.031721 0.079302
0 0.415543 0.835845 0.031721 0.079302
0 0.331483 0.835845 0.031721 0.079302
0 0.295004 0.835845 0.031721 0.079302
0 0.225218 0.835845 0.031721 0.079302
0 0.164155 0.781919 0.079302 0.031721
0 0.164155 0.744647 0.079302 0.031721
0 0.164155 0.691515 0.079302 0.031721
0 0.164155 0.655829 0.079302 0.031721
0 0.164155 0.621729 0.079302 0.031721
0 0.164155 0.590008 0.079302 0.031721
0 0.164155 0.548771 0.079302 0.031721
0 0.164155 0.513878 0.079302 0.031721
0 0.164155 0.478192 0.079302 0.031721
0 0.164155 0.447264 0.079302 0.031721
0 0.164155 0.417129 0.079302 0.031721
0 0.164155 0.385408 0.079302 0.031721
0 0.164155 0.348136 0.079302 0.031721
0 0.164155 0.306899 0.079302 0.031721
0 0.164155 0.260111 0.079302 0.031721
0 0.164155 0.223632 0.079302 0.031721
0 0.206186 0.140365 0.031721 0.079302
0 0.246630 0.140365 0.031721 0.079302
0 0.285488 0.140365 0.031721 0.079302
0 0.325139 0.140365 0.031721 0.079302
0 0.360032 0.140365 0.031721 0.079302
0 0.395718 0.140365 0.031721 0.079302
0 0.429025 0.140365 0.031721 0.079302
0 0.464711 0.140365 0.031721 0.079302
0 0.518636 0.140365 0.031721 0.079302
0 0.549564 0.140365 0.031721 0.079302
0 0.582871 0.140365 0.031721 0.079302
0 0.616178 0.140365 0.031721 0.079302
0 0.650278 0.140365 0.031721 0.079302
0 0.699445 0.140365 0.031721 0.079302
0 0.739096 0.140365 0.031721 0.079302
0 0.781126 0.140365 0.031721 0.079302
0 0.859635 0.208565 0.079302 0.031721
0 0.859635 0.249802 0.079302 0.031721
0 0.859635 0.289453 0.079302 0.031721
0 0.859635 0.333862 0.079302 0.031721
0 0.859635 0.369548 0.079302 0.031721
0 0.859635 0.412371 0.079302 0.031721
0 0.859635 0.445678 0.079302 0.031721
0 0.859635 0.474227 0.079302 0.031721
0 0.859635 0.524980 0.079302 0.031721
0 0.859635 0.568596 0.079302 0.031721
0 0.859635 0.600317 0.079302 0.031721
0 0.859635 0.636796 0.079302 0.031721
0 0.859635 0.672482 0.079302 0.031721
0 0.859635 0.720063 0.079302 0.031721
0 0.859635 0.759715 0.079302 0.031721
0 0.859635 0.800952 0.079302 0.031721
0 0.784298 0.859635 0.031721 0.079302
0 0.740682 0.859635 0.031721 0.079302
0 0.701031 0.859635 0.031721 0.079302
0 0.664552 0.859635 0.031721 0.079302
0 0.628866 0.859635 0.031721 0.079302
0 0.594766 0.859635 0.031721 0.079302
0 0.560666 0.859635 0.031721 0.079302
0 0.521808 0.859635 0.031721 0.079302
0 0.478192 0.859635 0.031721 0.079302
0 0.444092 0.859635 0.031721 0.079302
0 0.410785 0.859635 0.031721 0.079302
0 0.363997 0.859635 0.031721 0.079302
0 0.326725 0.859635 0.031721 0.079302
0 0.287074 0.859635 0.031721 0.079302
0 0.246630 0.859635 0.031721 0.079302
0 0.208565 0.859635 0.031721 0.079302
0 0.140365 0.796987 0.079302 0.031721
0 0.140365 0.755749 0.079302 0.031721
0 0.140365 0.705789 0.079302 0.031721
0 0.140365 0.665345 0.079302 0.031721
0 0.140365 0.628073 0.079302 0.031721
0 0.140365 0.593180 0.079302 0.031721
0 0.140365 0.553529 0.079302 0.031721
0 0.140365 0.517050 0.079302 0.031721
0 0.140365 0.478985 0.079302 0.031721
0 0.140365 0.444885 0.079302 0.031721
0 0.140365 0.410785 0.079302 0.031721
0 0.140365 0.375099 0.079302 0.031721
0 0.140365 0.337827 0.079302 0.031721
0 0.140365 0.294211 0.079302 0.031721
0 0.140365 0.246630 0.079302 0.031721
0 0.140365 0.205393 0.079302 0.031721
1 0.236907 0.186857 0.040000 0.100000
1 0.270028 0.187856 0.040000 0.100000
1 0.300985 0.187190 0.040000 0.100000
1 0.332608 0.186657 0.040000 0.100000
1 0.359171 0.187057 0.040000 0.100000
1 0.388531 0.186258 0.040000 0.100000
1 0.425836 0.187813 0.040000 0.100000
1 0.459623 0.187313 0.040000 0.100000
1 0.442313 0.187646 0.040000 0.100000
1 0.541108 0.187887 0.040000 0.100000
1 0.517557 0.187166 0.040000 0.100000
1 0.566789 0.187765 0.040000 0.100000
1 0.589993 0.187147 0.040000 0.100000
1 0.615652 0.187147 0.040000 0.100000
1 0.666041 0.186218 0.040000 0.100000
1 0.696416 0.186218 0.040000 0.100000
1 0.725737 0.187383 0.040000 0.100000
1 0.812115 0.244934 0.100000 0.040000
1 0.811976 0.275586 0.100000 0.040000
1 0.812109 0.308999 0.100000 0.040000
1 0.812851 0.350752 0.100000 0.040000
1 0.812504 0.379147 0.100000 0.040000
1 0.812978 0.423287 0.100000 0.040000
1 0.812284 0.449756 0.100000 0.040000
1 0.812781 0.472527 0.100000 0.040000
1 0.813040 0.543716 0.100000 0.040000
1 0.812707 0.531400 0.100000 0.040000
1 0.813301 0.577709 0.100000 0.040000
1 0.812839 0.603021 0.100000 0.040000
1 0.812728 0.632438 0.100000 0.040000
1 0.812028 0.661863 0.100000 0.040000
1 0.813353 0.714201 0.100000 0.040000
1 0.812659 0.745061 0.100000 0.040000
1 0.812733 0.779551 0.100000 0.040000
1 0.732663 0.813102 0.040000 0.100000
1 0.697723 0.813206 0.040000 0.100000
1 0.666632 0.814015 0.040000 0.100000
1 0.640939 0.812950 0.040000 0.100000
1 0.616859 0.813432 0.040000 0.100000
1 0.590012 0.814585 0.040000 0.100000
1 0.562966 0.813198 0.040000 0.100000
1 0.518278 0.812416 0.040000 0.100000
1 0.481162 0.812749 0.040000 0.100000
1 0.449373 0.812749 0.040000 0.100000
1 0.423375 0.812416 0.040000 0.100000
1 0.368820 0.812918 0.040000 0.100000
1 0.338723 0.812780 0.040000 0.100000
1 0.306163 0.812699 0.040000 0.100000
1 0.269455 0.812953 0.040000 0.100000
1 0.245795 0.812317 0.040000 0.100000
1 0.186897 0.767100 0.100000 0.040000
1 0.187244 0.735083 0.100000 0.040000
1 0.186552 0.677233 0.100000 0.040000
1 0.186418 0.645756 0.100000 0.040000
1 0.187250 0.615751 0.100000 0.040000
1 0.187038 0.587696 0.100000 0.040000
1 0.187650 0.544437 0.100000 0.040000
1 0.187303 0.511149 0.100000 0.040000
1 0.187717 0.478430 0.100000 0.040000
1 0.187532 0.449835 0.100000 0.040000
1 0.187366 0.422345 0.100000 0.040000
1 0.187366 0.394550 0.100000 0.040000
1 0.187139 0.357999 0.100000 0.040000
1 0.187601 0.319395 0.100000 0.040000
1 0.186411 0.273327 0.100000 0.040000
1 0.187747 0.242379 0.100000 0.040000
1 0.249369 0.202525 0.040000 0.100000
1 0.279528 0.203523 0.040000 0.100000
1 0.307689 0.203723 0.040000 0.100000
1 0.336819 0.203225 0.040000 0.100000
1 0.361669 0.202839 0.040000 0.100000
1 0.387656 0.202628 0.040000 0.100000
1 0.426006 0.203321 0.040000 0.100000
1 0.442095 0.203321 0.040000 0.100000
1 0.458489 0.203404 0.040000 0.100000
1 0.518806 0.203291 0.040000 0.100000
1 0.540420 0.203176 0.040000 0.100000
1 0.562149 0.203615 0.040000 0.100000
1 0.583844 0.203719 0.040000 0.100000
1 0.605689 0.203141 0.040000 0.100000
1 0.656791 0.202873 0.040000 0.100000
1 0.683243 0.202575 0.040000 0.100000
1 0.710567 0.202575 0.040000 0.100000
1 0.797129 0.253141 0.100000 0.040000
1 0.796963 0.281768 0.100000 0.040000
1 0.796894 0.313044 0.100000 0.040000
1 0.796907 0.354259 0.100000 0.040000
1 0.796618 0.379879 0.100000 0.040000
1 0.797073 0.425272 0.100000 0.040000
1 0.796657 0.449821 0.100000 0.040000
1 0.796657 0.476312 0.100000 0.040000
1 0.796605 0.532680 0.100000 0.040000
1 0.796952 0.545509 0.100000 0.040000
1 0.796952 0.579721 0.100000 0.040000
1 0.796767 0.602722 0.100000 0.040000
1 0.796742 0.629932 0.100000 0.040000
1 0.797158 0.657116 0.100000 0.040000
1 0.796898 0.710498 0.100000 0.040000
1 0.796731 0.738793 0.100000 0.040000
1 0.797064 0.770915 0.100000 0.040000
1 0.718723 0.797390 0.040000 0.100000
1 0.685929 0.797674 0.040000 0.100000
1 0.658099 0.797610 0.040000 0.100000
1 0.635330 0.796223 0.040000 0.100000
1 0.613577 0.796870 0.040000 0.100000
1 0.589999 0.796177 0.040000 0.100000
1 0.565623 0.797159 0.040000 0.100000
1 0.518604 0.796535 0.040000 0.100000
1 0.482848 0.797284 0.040000 0.100000
1 0.451558 0.796452 0.040000 0.100000
1 0.428759 0.796781 0.040000 0.100000
1 0.373184 0.796592 0.040000 0.100000
1 0.345056 0.796925 0.040000 0.100000
1 0.313447 0.797216 0.040000 0.100000
1 0.279438 0.796384 0.040000 0.100000
1 0.257635 0.796384 0.040000 0.100000
1 0.203998 0.754823 0.100000 0.040000
1 0.202380 0.726737 0.100000 0.040000
1 0.203346 0.665229 0.100000 0.040000
1 0.202605 0.637692 0.100000 0.040000
1 0.202466 0.609259 0.100000 0.040000
1 0.202802 0.582987 0.100000 0.040000
1 0.202964 0.540416 0.100000 0.040000
1 0.202868 0.507090 0.100000 0.040000
1 0.202521 0.527894 0.100000 0.040000
1 0.203122 0.477270 0.100000 0.040000
1 0.202995 0.449611 0.100000 0.040000
1 0.203342 0.424183 0.100000 0.040000
1 0.204036 0.398108 0.100000 0.040000
1 0.203659 0.364070 0.100000 0.040000
1 0.204237 0.327547 0.100000 0.040000
1 0.203243 0.281152 0.100000 0.040000
1 0.203326 0.251332 0.100000 0.040000
1 0.261816 0.218142 0.040000 0.100000
1 0.290001 0.219005 0.040000 0.100000
1 0.315023 0.218142 0.040000 0.100000
1 0.339757 0.218717 0.040000 0.100000
1 0.363652 0.219700 0.040000 0.100000
1 0.386660 0.219700 0.040000 0.100000
1 0.426206 0.219700 0.040000 0.100000
1 0.442403 0.219201 0.040000 0.100000
1 0.457383 0.219400 0.040000 0.100000
1 0.520425 0.219769 0.040000 0.100000
1 0.539149 0.218798 0.040000 0.100000
1 0.558844 0.218937 0.040000 0.100000
1 0.577846 0.218937 0.040000 0.100000
1 0.597235 0.218853 0.040000 0.100000
1 0.648665 0.218687 0.040000 0.100000
1 0.672032 0.218088 0.040000 0.100000
1 0.695121 0.218128 0.040000 0.100000
1 0.781192 0.260766 0.100000 0.040000
1 0.781470 0.287257 0.100000 0.040000
1 0.780915 0.315274 0.100000 0.040000
1 0.781233 0.356458 0.100000 0.040000
1 0.781039 0.379511 0.100000 0.040000
1 0.780345 0.426202 0.100000 0.040000
1 0.780545 0.447972 0.100000 0.040000
1 0.781144 0.467345 0.100000 0.040000
1 0.781557 0.546062 0.100000 0.040000
1 0.781696 0.532469 0.100000 0.040000
1 0.781440 0.580628 0.100000 0.040000
1 0.780108 0.601599 0.100000 0.040000
1 0.781107 0.626232 0.100000 0.040000
1 0.780441 0.650033 0.100000 0.040000
1 0.781147 0.706717 0.100000 0.040000
1 0.780592 0.730850 0.100000 0.040000
1 0.781701 0.761363 0.100000 0.040000
1 0.707262 0.782016 0.040000 0.100000
1 0.676333 0.781877 0.040000 0.100000
1 0.650202 0.781183 0.040000 0.100000
1 0.630895 0.781516 0.040000 0.100000
1 0.610923 0.781516 0.040000 0.100000
1 0.589419 0.781483 0.040000 0.100000
1 0.568648 0.781083 0.040000 0.100000
1 0.520180 0.780552 0.040000 0.100000
1 0.486754 0.780413 0.040000 0.100000
1 0.455963 0.781107 0.040000 0.100000
1 0.435547 0.781578 0.040000 0.100000
1 0.377943 0.780896 0.040000 0.100000
1 0.351979 0.780896 0.040000 0.100000
1 0.323005 0.780494 0.040000 0.100000
1 0.289995 0.780494 0.040000 0.100000
1 0.270855 0.781243 0.040000 0.100000
1 0.218127 0.745074 0.100000 0.040000
1 0.218243 0.718837 0.100000 0.040000
1 0.219470 0.652268 0.100000 0.040000
1 0.219239 0.627996 0.100000 0.040000
1 0.219285 0.601435 0.100000 0.040000
1 0.218869 0.578744 0.100000 0.040000
1 0.219016 0.535678 0.100000 0.040000
1 0.218600 0.502530 0.100000 0.040000
1 0.219190 0.475264 0.100000 0.040000
1 0.218867 0.448392 0.100000 0.040000
1 0.219145 0.425785 0.100000 0.040000
1 0.218867 0.401790 0.100000 0.040000
1 0.218583 0.369804 0.100000 0.040000
1 0.219045 0.333511 0.100000 0.040000
1 0.219623 0.322069 0.100000 0.040000
1 0.219027 0.286895 0.100000 0.040000
1 0.219360 0.260764 0.100000 0.040000
1 0.278171 0.236044 0.040000 0.100000
1 0.301139 0.235445 0.040000 0.100000
1 0.323308 0.235445 0.040000 0.100000
1 0.345478 0.235245 0.040000 0.100000
1 0.366407 0.235520 0.040000 0.100000
1 0.386934 0.235936 0.040000 0.100000
1 0.426797 0.235587 0.040000 0.100000
1 0.442978 0.235394 0.040000 0.100000
1 0.457598 0.236368 0.040000 0.100000
1 0.522661 0.235272 0.040000 0.100000
1 0.538611 0.235411 0.040000 0.100000
1 0.555948 0.235272 0.040000 0.100000
1 0.572209 0.235788 0.040000 0.100000
1 0.589083 0.235557 0.040000 0.100000
1 0.641755 0.235180 0.040000 0.100000
1 0.661901 0.234374 0.040000 0.100000
1 0.681897 0.234490 0.040000 0.100000
1 0.764942 0.268330 0.100000 0.040000
1 0.765404 0.292949 0.100000 0.040000
1 0.765867 0.317221 0.100000 0.040000
1 0.765874 0.357540 0.100000 0.040000
1 0.765527 0.378461 0.100000 0.040000
1 0.765481 0.426544 0.100000 0.040000
1 0.765299 0.446504 0.100000 0.040000
1 0.764837 0.464073 0.100000 0.040000
1 0.765776 0.532090 0.100000 0.040000
1 0.765199 0.546923 0.100000 0.040000
1 0.765006 0.580923 0.100000 0.040000
1 0.766069 0.600087 0.100000 0.040000
1 0.765514 0.621724 0.100000 0.040000
1 0.765179 0.644713 0.100000 0.040000
1 0.765509 0.700606 0.100000 0.040000
1 0.765874 0.724735 0.100000 0.040000
1 0.764376 0.749201 0.100000 0.040000
1 0.693890 0.764563 0.040000 0.100000
1 0.666469 0.766047 0.040000 0.100000
1 0.643862 0.765076 0.040000 0.100000
1 0.625831 0.764660 0.040000 0.100000
1 0.609730 0.765851 0.040000 0.100000
1 0.590082 0.765966 0.040000 0.100000
1 0.572658 0.765244 0.040000 0.100000
1 0.521548 0.765756 0.040000 0.100000
1 0.490167 0.766253 0.040000 0.100000
1 0.460694 0.765791 0.040000 0.100000
1 0.443212 0.765531 0.040000 0.100000
1 0.383146 0.765398 0.040000 0.100000
1 0.357487 0.765860 0.040000 0.100000
1 0.332686 0.765465 0.040000 0.100000
1 0.300588 0.765874 0.040000 0.100000
1 0.283511 0.765377 0.040000 0.100000
1 0.234213 0.734781 0.100000 0.040000
1 0.234020 0.709353 0.100000 0.040000
1 0.235144 0.640388 0.100000 0.040000
1 0.235643 0.617586 0.100000 0.040000
1 0.234145 0.595117 0.100000 0.040000
1 0.234048 0.573827 0.100000 0.040000
1 0.234383 0.530681 0.100000 0.040000
1 0.235077 0.515701 0.100000 0.040000
1 0.234880 0.492943 0.100000 0.040000
1 0.235805 0.472139 0.100000 0.040000
1 0.235008 0.446144 0.100000 0.040000
1 0.235008 0.426033 0.100000 0.040000
1 0.233923 0.404267 0.100000 0.040000
1 0.234236 0.374449 0.100000 0.040000
1 0.235392 0.361221 0.100000 0.040000
1 0.235272 0.340762 0.100000 0.040000
1 0.235801 0.327085 0.100000 0.040000
1 0.233964 0.292807 0.100000 0.040000
1 0.235295 0.269339 0.100000 0.040000
1 0.291202 0.250448 0.040000 0.100000
1 0.311840 0.249949 0.040000 0.100000
1 0.330647 0.249117 0.040000 0.100000
1 0.350786 0.250948 0.040000 0.100000
1 0.368119 0.250821 0.040000 0.100000
1 0.386150 0.250705 0.040000 0.100000
1 0.427181 0.250539 0.040000 0.100000
1 0.444158 0.251038 0.040000 0.100000
1 0.456974 0.249873 0.040000 0.100000
1 0.524211 0.249904 0.040000 0.100000
1 0.538775 0.250181 0.040000 0.100000
1 0.553615 0.250042 0.040000 0.100000
1 0.567208 0.250042 0.040000 0.100000
1 0.581494 0.250181 0.040000 0.100000
1 0.635422 0.249862 0.040000 0.100000
1 0.651788 0.250555 0.040000 0.100000
1 0.668155 0.251388 0.040000 0.100000
1 0.749892 0.274434 0.100000 0.040000
1 0.748852 0.296850 0.100000 0.040000
1 0.749545 0.317377 0.100000 0.040000
1 0.749302 0.357819 0.100000 0.040000
1 0.748946 0.376572 0.100000 0.040000
1 0.749648 0.425535 0.100000 0.040000
1 0.749232 0.443011 0.100000 0.040000
1 0.749093 0.467422 0.100000 0.040000
1 0.749474 0.531292 0.100000 0.040000
1 0.749474 0.546895 0.100000 0.040000
1 0.749853 0.580742 0.100000 0.040000
1 0.749187 0.597885 0.100000 0.040000
1 0.749020 0.616692 0.100000 0.040000
1 0.748022 0.637331 0.100000 0.040000
1 0.750149 0.695464 0.100000 0.040000
1 0.749179 0.714882 0.100000 0.040000
1 0.749456 0.739015 0.100000 0.040000
1 0.684848 0.750664 0.040000 0.100000
1 0.658632 0.751124 0.040000 0.100000
1 0.637365 0.751239 0.040000 0.100000
1 0.622871 0.750731 0.040000 0.100000
1 0.608379 0.749965 0.040000 0.100000
1 0.591236 0.749632 0.040000 0.100000
1 0.576090 0.750464 0.040000 0.100000
1 0.522927 0.750672 0.040000 0.100000
1 0.493801 0.750950 0.040000 0.100000
1 0.464768 0.751404 0.040000 0.100000
1 0.450467 0.749636 0.040000 0.100000
1 0.387018 0.750343 0.040000 0.100000
1 0.365242 0.749788 0.040000 0.100000
1 0.341525 0.749927 0.040000 0.100000
1 0.309958 0.750371 0.040000 0.100000
1 0.296310 0.749871 0.040000 0.100000
1 0.250060 0.722096 0.100000 0.040000
1 0.251058 0.698628 0.100000 0.040000
1 0.250096 0.607917 0.100000 0.040000
1 0.250650 0.627335 0.100000 0.040000
1 0.249957 0.587112 0.100000 0.040000
1 0.250096 0.567556 0.100000 0.040000
1 0.250345 0.525503 0.100000 0.040000
1 0.250542 0.509731 0.100000 0.040000
1 0.250079 0.488232 0.100000 0.040000
1 0.250079 0.469971 0.100000 0.040000
1 0.250412 0.444529 0.100000 0.040000
1 0.251411 0.425721 0.100000 0.040000
1 0.251411 0.407746 0.100000 0.040000
1 0.250066 0.378828 0.100000 0.040000
1 0.250620 0.363987 0.100000 0.040000
1 0.251031 0.346216 0.100000 0.040000
1 0.251169 0.331376 0.100000 0.040000
1 0.249921 0.296840 0.100000 0.040000
1 0.250476 0.276590 0.100000 0.040000
