0 0.204600 0.137193 0.031721 0.079302
0 0.245044 0.137193 0.031721 0.079302
0 0.283902 0.137193 0.031721 0.079302
0 0.324346 0.137193 0.031721 0.079302
0 0.360032 0.137193 0.031721 0.079302
0 0.396511 0.137193 0.031721 0.079302
0 0.429025 0.137193 0.031721 0.079302
0 0.464711 0.137193 0.031721 0.079302
0 0.521015 0.137193 0.031721 0.079302
0 0.551943 0.137193 0.031721 0.079302
0 0.585250 0.137193 0.031721 0.079302
0 0.620143 0.137193 0.031721 0.079302
0 0.655036 0.137193 0.031721 0.079302
0 0.704996 0.137193 0.031721 0.079302
0 0.744647 0.137193 0.031721 0.079302
0 0.783505 0.137193 0.031721 0.079302
0 0.862807 0.199048 0.079302 0.031721
0 0.862807 0.238699 0.079302 0.031721
0 0.862807 0.278351 0.079302 0.031721
0 0.862807 0.322760 0.079302 0.031721
0 0.862807 0.357653 0.079302 0.031721
0 0.862807 0.402062 0.079302 0.031721
0 0.862807 0.434576 0.079302 0.031721
0 0.862807 0.466297 0.079302 0.031721
0 0.862807 0.517843 0.079302 0.031721
0 0.862807 0.557494 0.079302 0.031721
0 0.862807 0.590008 0.079302 0.031721
0 0.862807 0.626487 0.079302 0.031721
0 0.862807 0.663759 0.079302 0.031721
0 0.862807 0.711340 0.079302 0.031721
0 0.862807 0.751784 0.079302 0.031721
0 0.862807 0.791435 0.079302 0.031721
0 0.789056 0.862807 0.031721 0.079302
0 0.745440 0.862807 0.031721 0.079302
0 0.704203 0.862807 0.031721 0.079302
0 0.665345 0.862807 0.031721 0.079302
0 0.630452 0.862807 0.031721 0.079302
0 0.594766 0.862807 0.031721 0.079302
0 0.561459 0.862807 0.031721 0.079302
0 0.523394 0.862807 0.031721 0.079302
0 0.479778 0.862807 0.031721 0.079302
0 0.447264 0.862807 0.031721 0.079302
0 0.411578 0.862807 0.031721 0.079302
0 0.367169 0.862807 0.031721 0.079302
0 0.329104 0.862807 0.031721 0.079302
0 0.291832 0.862807 0.031721 0.079302
0 0.248216 0.862807 0.031721 0.079302
0 0.206186 0.862807 0.031721 0.079302
0 0.137193 0.795400 0.079302 0.031721
0 0.137193 0.754163 0.079302 0.031721
0 0.137193 0.707375 0.079302 0.031721
0 0.137193 0.674861 0.079302 0.031721
0 0.137193 0.623315 0.079302 0.031721
0 0.137193 0.585250 0.079302 0.031721
0 0.137193 0.549564 0.079302 0.031721
0 0.137193 0.513878 0.079302 0.031721
0 0.137193 0.472641 0.079302 0.031721
0 0.137193 0.435369 0.079302 0.031721
0 0.137193 0.401269 0.079302 0.031721
0 0.137193 0.367169 0.079302 0.031721
0 0.137193 0.333069 0.079302 0.031721
0 0.137193 0.290246 0.079302 0.031721
0 0.137193 0.239492 0.079302 0.031721
0 0.137193 0.199841 0.079302 0.031721
0 0.210944 0.146709 0.031721 0.079302
0 0.249802 0.146709 0.031721 0.079302
0 0.286281 0.146709 0.031721 0.079302
0 0.325139 0.146709 0.031721 0.079302
0 0.359239 0.146709 0.031721 0.079302
0 0.394132 0.146709 0.031721 0.079302
0 0.428232 0.146709 0.031721 0.079302
0 0.463125 0.146709 0.031721 0.079302
0 0.520222 0.146709 0.031721 0.079302
0 0.550357 0.146709 0.031721 0.079302
0 0.582078 0.146709 0.031721 0.079302
0 0.614592 0.146709 0.031721 0.079302
0 0.647105 0.146709 0.031721 0.079302
0 0.697859 0.146709 0.031721 0.079302
0 0.735131 0.146709 0.031721 0.079302
0 0.770817 0.146709 0.031721 0.079302
0 0.853291 0.203013 0.079302 0.031721
0 0.853291 0.241872 0.079302 0.031721
0 0.853291 0.279144 0.079302 0.031721
0 0.853291 0.323553 0.079302 0.031721
0 0.853291 0.356860 0.079302 0.031721
0 0.853291 0.402062 0.079302 0.031721
0 0.853291 0.432990 0.079302 0.031721
0 0.853291 0.463125 0.079302 0.031721
0 0.853291 0.516257 0.079302 0.031721
0 0.853291 0.556701 0.079302 0.031721
0 0.853291 0.587629 0.079302 0.031721
0 0.853291 0.621729 0.079302 0.031721
0 0.853291 0.658208 0.079302 0.031721
0 0.853291 0.706582 0.079302 0.031721
0 0.853291 0.745440 0.079302 0.031721
0 0.853291 0.782712 0.079302 0.031721
0 0.777954 0.853291 0.031721 0.079302
0 0.735924 0.853291 0.031721 0.079302
0 0.696273 0.853291 0.031721 0.079302
0 0.660587 0.853291 0.031721 0.079302
0 0.628866 0.853291 0.031721 0.079302
0 0.593973 0.853291 0.031721 0.079302
0 0.561459 0.853291 0.031721 0.079302
0 0.523394 0.853291 0.031721 0.079302
0 0.480571 0.853291 0.031721 0.079302
0 0.448057 0.853291 0.031721 0.079302
0 0.413164 0.853291 0.031721 0.079302
0 0.368755 0.853291 0.031721 0.079302
0 0.331483 0.853291 0.031721 0.079302
0 0.293418 0.853291 0.031721 0.079302
0 0.252181 0.853291 0.031721 0.079302
0 0.211737 0.853291 0.031721 0.079302
0 0.146709 0.785884 0.079302 0.031721
0 0.146709 0.746233 0.079302 0.031721
0 0.146709 0.693101 0.079302 0.031721
0 0.146709 0.654243 0.079302 0.031721
0 0.146709 0.616971 0.079302 0.031721
0 0.146709 0.580492 0.079302 0.031721
0 0.146709 0.544806 0.079302 0.031721
0 0.146709 0.509913 0.079302 0.031721
0 0.146709 0.463125 0.079302 0.031721
0 0.146709 0.433783 0.079302 0.031721
0 0.146709 0.400476 0.079302 0.031721
0 0.146709 0.368755 0.079302 0.031721
0 0.146709 0.335448 0.079302 0.031721
0 0.146709 0.292625 0.079302 0.031721
0 0.146709 0.242665 0.079302 0.031721
0 0.146709 0.204600 0.079302 0.031721
0 0.214116 0.151467 0.031721 0.079302
0 0.252181 0.151467 0.031721 0.079302
0 0.287867 0.151467 0.031721 0.079302
0 0.325932 0.151467 0.031721 0.079302
0 0.359239 0.151467 0.031721 0.079302
0 0.394132 0.151467 0.031721 0.079302
0 0.428232 0.151467 0.031721 0.079302
0 0.462331 0.151467 0.031721 0.079302
0 0.520222 0.151467 0.031721 0.079302
0 0.549564 0.151467 0.031721 0.079302
0 0.579699 0.151467 0.031721 0.079302
0 0.611420 0.151467 0.031721 0.079302
0 0.643140 0.151467 0.031721 0.079302
0 0.694687 0.151467 0.031721 0.079302
0 0.731166 0.151467 0.031721 0.079302
0 0.764473 0.151467 0.031721 0.079302
0 0.848533 0.204600 0.079302 0.031721
0 0.848533 0.242665 0.079302 0.031721
0 0.848533 0.279937 0.079302 0.031721
0 0.848533 0.323553 0.079302 0.031721
0 0.848533 0.356860 0.079302 0.031721
0 0.848533 0.401269 0.079302 0.031721
0 0.848533 0.432990 0.079302 0.031721
0 0.848533 0.461538 0.079302 0.031721
0 0.848533 0.516257 0.079302 0.031721
0 0.848533 0.556701 0.079302 0.031721
0 0.848533 0.586836 0.079302 0.031721
0 0.848533 0.620143 0.079302 0.031721
0 0.848533 0.655829 0.079302 0.031721
0 0.848533 0.703410 0.079302 0.031721
0 0.848533 0.742268 0.079302 0.031721
0 0.848533 0.778747 0.079302 0.031721
0 0.772403 0.848533 0.031721 0.079302
0 0.731959 0.848533 0.031721 0.079302
0 0.693101 0.848533 0.031721 0.079302
0 0.657415 0.848533 0.031721 0.079302
0 0.626487 0.848533 0.031721 0.079302
0 0.592387 0.848533 0.031721 0.079302
0 0.561459 0.848533 0.031721 0.079302
0 0.522601 0.848533 0.031721 0.079302
0 0.480571 0.848533 0.031721 0.079302
0 0.448850 0.848533 0.031721 0.079302
0 0.414750 0.848533 0.031721 0.079302
0 0.368755 0.848533 0.031721 0.079302
0 0.332276 0.848533 0.031721 0.079302
0 0.295004 0.848533 0.031721 0.079302
0 0.254560 0.848533 0.031721 0.079302
0 0.214909 0.848533 0.031721 0.079302
0 0.151467 0.781126 0.079302 0.031721
0 0.151467 0.743061 0.079302 0.031721
0 0.151467 0.689136 0.079302 0.031721
0 0.151467 0.650278 0.079302 0.031721
0 0.151467 0.614592 0.079302 0.031721
0 0.151467 0.578113 0.079302 0.031721
0 0.151467 0.543220 0.079302 0.031721
0 0.151467 0.508327 0.079302 0.031721
0 0.151467 0.468676 0.079302 0.031721
0 0.151467 0.432197 0.079302 0.031721
0 0.151467 0.400476 0.079302 0.031721
0 0.151467 0.368755 0.079302 0.031721
0 0.151467 0.336241 0.079302 0.031721
0 0.151467 0.295004 0.079302 0.031721
0 0.151467 0.244251 0.079302 0.031721
0 0.151467 0.206979 0.079302 0.031721
0 0.217288 0.156225 0.031721 0.079302
0 0.254560 0.156225 0.031721 0.079302
0 0.288660 0.156225 0.031721 0.079302
0 0.327518 0.156225 0.031721 0.079302
0 0.358446 0.156225 0.031721 0.079302
0 0.392546 0.156225 0.031721 0.079302
0 0.428232 0.156225 0.031721 0.079302
0 0.461538 0.156225 0.031721 0.079302
0 0.519429 0.156225 0.031721 0.079302
0 0.548771 0.156225 0.031721 0.079302
0 0.609040 0.156225 0.031721 0.079302
0 0.639175 0.156225 0.031721 0.079302
0 0.690722 0.156225 0.031721 0.079302
0 0.726408 0.156225 0.031721 0.079302
0 0.758921 0.156225 0.031721 0.079302
0 0.843775 0.206979 0.079302 0.031721
0 0.843775 0.244251 0.079302 0.031721
0 0.843775 0.279937 0.079302 0.031721
0 0.843775 0.323553 0.079302 0.031721
0 0.843775 0.355274 0.079302 0.031721
0 0.843775 0.401269 0.079302 0.031721
0 0.843775 0.431404 0.079302 0.031721
0 0.843775 0.460745 0.079302 0.031721
0 0.843775 0.515464 0.079302 0.031721
0 0.843775 0.555908 0.079302 0.031721
0 0.843775 0.585250 0.079302 0.031721
0 0.843775 0.617764 0.079302 0.031721
0 0.843775 0.652657 0.079302 0.031721
0 0.843775 0.701031 0.079302 0.031721
0 0.843775 0.739096 0.079302 0.031721
0 0.843775 0.773989 0.079302 0.031721
0 0.766852 0.843775 0.031721 0.079302
0 0.726408 0.843775 0.031721 0.079302
0 0.689136 0.843775 0.031721 0.079302
0 0.655036 0.843775 0.031721 0.079302
0 0.624901 0.843775 0.031721 0.079302
0 0.591594 0.843775 0.031721 0.079302
0 0.561459 0.843775 0.031721 0.079302
0 0.521808 0.843775 0.031721 0.079302
0 0.480571 0.843775 0.031721 0.079302
0 0.448850 0.843775 0.031721 0.079302
0 0.416336 0.843775 0.031721 0.079302
0 0.369548 0.843775 0.031721 0.079302
0 0.296590 0.843775 0.031721 0.079302
0 0.256146 0.843775 0.031721 0.079302
0 0.218081 0.843775 0.031721 0.079302
0 0.156225 0.776368 0.079302 0.031721
0 0.156225 0.739889 0.079302 0.031721
0 0.156225 0.683584 0.079302 0.031721
0 0.156225 0.647105 0.079302 0.031721
0 0.156225 0.612213 0.079302 0.031721
0 0.156225 0.576527 0.079302 0.031721
0 0.156225 0.540841 0.079302 0.031721
0 0.156225 0.506741 0.079302 0.031721
0 0.156225 0.467883 0.079302 0.031721
0 0.156225 0.431404 0.079302 0.031721
0 0.156225 0.400476 0.079302 0.031721
0 0.156225 0.369548 0.079302 0.031721
0 0.156225 0.337827 0.079302 0.031721
0 0.156225 0.291832 0.079302 0.031721
0 0.156225 0.245837 0.079302 0.031721
0 0.156225 0.210151 0.079302 0.031721
0 0.219667 0.160983 0.031721 0.079302
0 0.256146 0.160983 0.031721 0.079302
0 0.327518 0.160983 0.031721 0.079302
0 0.358446 0.160983 0.031721 0.079302
0 0.391753 0.160983 0.031721 0.079302
0 0.437748 0.160983 0.031721 0.079302
0 0.468676 0.160983 0.031721 0.079302
0 0.519429 0.160983 0.031721 0.079302
0 0.547978 0.160983 0.031721 0.079302
0 0.577320 0.160983 0.031721 0.079302
0 0.606661 0.160983 0.031721 0.079302
0 0.636003 0.160983 0.031721 0.079302
0 0.687550 0.160983 0.031721 0.079302
0 0.722443 0.160983 0.031721 0.079302
0 0.752577 0.160983 0.031721 0.079302
0 0.839017 0.209358 0.079302 0.031721
0 0.839017 0.245044 0.079302 0.031721
0 0.839017 0.280730 0.079302 0.031721
0 0.839017 0.323553 0.079302 0.031721
0 0.839017 0.355274 0.079302 0.031721
0 0.839017 0.401269 0.079302 0.031721
0 0.839017 0.429818 0.079302 0.031721
0 0.839017 0.459952 0.079302 0.031721
0 0.839017 0.515464 0.079302 0.031721
0 0.839017 0.555908 0.079302 0.031721
0 0.839017 0.585250 0.079302 0.031721
0 0.839017 0.616971 0.079302 0.031721
0 0.839017 0.650278 0.079302 0.031721
0 0.839017 0.698652 0.079302 0.031721
0 0.839017 0.735924 0.079302 0.031721
0 0.839017 0.770817 0.079302 0.031721
0 0.762094 0.839017 0.031721 0.079302
0 0.722443 0.839017 0.031721 0.079302
0 0.685170 0.839017 0.031721 0.079302
0 0.652657 0.839017 0.031721 0.079302
0 0.623315 0.839017 0.031721 0.079302
0 0.591594 0.839017 0.031721 0.079302
0 0.561459 0.839017 0.031721 0.079302
0 0.521808 0.839017 0.031721 0.079302
0 0.481364 0.839017 0.031721 0.079302
0 0.448850 0.839017 0.031721 0.079302
0 0.417129 0.839017 0.031721 0.079302
0 0.370341 0.839017 0.031721 0.079302
0 0.334655 0.839017 0.031721 0.079302
0 0.298176 0.839017 0.031721 0.079302
0 0.258525 0.839017 0.031721 0.079302
0 0.220460 0.839017 0.031721 0.079302
0 0.160983 0.773196 0.079302 0.031721
0 0.160983 0.735924 0.079302 0.031721
0 0.160983 0.679619 0.079302 0.031721
0 0.160983 0.643933 0.079302 0.031721
0 0.160983 0.609040 0.079302 0.031721
0 0.160983 0.574148 0.079302 0.031721
0 0.160983 0.539255 0.079302 0.031721
0 0.160983 0.504362 0.079302 0.031721
0 0.160983 0.466297 0.079302 0.031721
0 0.160983 0.430611 0.079302 0.031721
0 0.160983 0.399683 0.079302 0.031721
0 0.160983 0.369548 0.079302 0.031721
0 0.160983 0.338620 0.079302 0.031721
0 0.160983 0.297383 0.079302 0.031721
0 0.160983 0.247423 0.079302 0.031721
0 0.160983 0.212530 0.079302 0.031721
0 0.222839 0.165741 0.031721 0.079302
0 0.258525 0.165741 0.031721 0.079302
0 0.291832 0.165741 0.031721 0.079302
0 0.328311 0.165741 0.031721 0.079302
0 0.358446 0.165741 0.031721 0.079302
0 0.390960 0.165741 0.031721 0.079302
0 0.426646 0.165741 0.031721 0.079302
0 0.459952 0.165741 0.031721 0.079302
0 0.519429 0.165741 0.031721 0.079302
0 0.547185 0.165741 0.031721 0.079302
0 0.575734 0.165741 0.031721 0.079302
0 0.604282 0.165741 0.031721 0.079302
0 0.632038 0.165741 0.031721 0.079302
0 0.684377 0.165741 0.031721 0.079302
0 0.746233 0.165741 0.031721 0.079302
0 0.834259 0.246630 0.079302 0.031721
0 0.834259 0.280730 0.079302 0.031721
0 0.834259 0.324346 0.079302 0.031721
0 0.834259 0.354481 0.079302 0.031721
0 0.834259 0.401269 0.079302 0.031721
0 0.834259 0.429818 0.079302 0.031721
0 0.834259 0.458366 0.079302 0.031721
0 0.834259 0.515464 0.079302 0.031721
0 0.834259 0.555115 0.079302 0.031721
0 0.834259 0.615385 0.079302 0.031721
0 0.834259 0.647898 0.079302 0.031721
0 0.834259 0.697066 0.079302 0.031721
0 0.834259 0.733545 0.079302 0.031721
0 0.834259 0.766852 0.079302 0.031721
0 0.756542 0.834259 0.031721 0.079302
0 0.718477 0.834259 0.031721 0.079302
0 0.681998 0.834259 0.031721 0.079302
0 0.650278 0.834259 0.031721 0.079302
0 0.621729 0.834259 0.031721 0.079302
0 0.590801 0.834259 0.031721 0.079302
0 0.562252 0.834259 0.031721 0.079302
0 0.521015 0.834259 0.031721 0.079302
0 0.481364 0.834259 0.031721 0.079302
0 0.449643 0.834259 0.031721 0.079302
0 0.417922 0.834259 0.031721 0.079302
0 0.370341 0.834259 0.031721 0.079302
0 0.335448 0.834259 0.031721 0.079302
0 0.300555 0.834259 0.031721 0.079302
0 0.260904 0.834259 0.031721 0.079302
0 0.224425 0.834259 0.031721 0.079302
0 0.165741 0.768438 0.079302 0.031721
0 0.165741 0.731959 0.079302 0.031721
0 0.165741 0.674068 0.079302 0.031721
0 0.165741 0.639968 0.079302 0.031721
0 0.165741 0.606661 0.079302 0.031721
0 0.165741 0.571768 0.079302 0.031721
0 0.165741 0.536875 0.079302 0.031721
0 0.165741 0.502776 0.079302 0.031721
0 0.165741 0.458366 0.079302 0.031721
0 0.165741 0.429818 0.079302 0.031721
0 0.165741 0.399683 0.079302 0.031721
0 0.165741 0.370341 0.079302 0.031721
0 0.165741 0.339413 0.079302 0.031721
0 0.165741 0.298969 0.079302 0.031721
0 0.165741 0.249009 0.079302 0.031721
0 0.165741 0.214909 0.079302 0.031721
0 0.207772 0.141951 0.031721 0.079302
0 0.247423 0.141951 0.031721 0.079302
0 0.284695 0.141951 0.031721 0.079302
0 0.325139 0.141951 0.031721 0.079302
0 0.359239 0.141951 0.031721 0.079302
0 0.394925 0.141951 0.031721 0.079302
0 0.429025 0.141951 0.031721 0.079302
0 0.463918 0.141951 0.031721 0.079302
0 0.520222 0.141951 0.031721 0.079302
0 0.551943 0.141951 0.031721 0.079302
0 0.584457 0.141951 0.031721 0.079302
0 0.617764 0.141951 0.031721 0.079302
0 0.651864 0.141951 0.031721 0.079302
0 0.701824 0.141951 0.031721 0.079302
0 0.739889 0.141951 0.031721 0.079302
0 0.777161 0.141951 0.031721 0.079302
0 0.858049 0.200634 0.079302 0.031721
0 0.858049 0.240285 0.079302 0.031721
0 0.858049 0.278351 0.079302 0.031721
0 0.858049 0.322760 0.079302 0.031721
0 0.858049 0.356860 0.079302 0.031721
0 0.858049 0.401269 0.079302 0.031721
0 0.858049 0.433783 0.079302 0.031721
0 0.858049 0.464711 0.079302 0.031721
0 0.858049 0.517050 0.079302 0.031721
0 0.858049 0.556701 0.079302 0.031721
0 0.858049 0.588422 0.079302 0.031721
0 0.858049 0.623315 0.079302 0.031721
0 0.858049 0.660587 0.079302 0.031721
0 0.858049 0.708961 0.079302 0.031721
0 0.858049 0.748612 0.079302 0.031721
0 0.858049 0.786677 0.079302 0.031721
0 0.783505 0.858049 0.031721 0.079302
0 0.740682 0.858049 0.031721 0.079302
0 0.700238 0.858049 0.031721 0.079302
0 0.662966 0.858049 0.031721 0.079302
0 0.628866 0.858049 0.031721 0.079302
0 0.593973 0.858049 0.031721 0.079302
0 0.561459 0.858049 0.031721 0.079302
0 0.523394 0.858049 0.031721 0.079302
0 0.480571 0.858049 0.031721 0.079302
0 0.447264 0.858049 0.031721 0.079302
0 0.412371 0.858049 0.031721 0.079302
0 0.367962 0.858049 0.031721 0.079302
0 0.329897 0.858049 0.031721 0.079302
0 0.291039 0.858049 0.031721 0.079302
0 0.250595 0.858049 0.031721 0.079302
0 0.209358 0.858049 0.031721 0.079302
0 0.141951 0.790642 0.079302 0.031721
0 0.141951 0.750198 0.079302 0.031721
0 0.141951 0.698652 0.079302 0.031721
0 0.141951 0.658208 0.079302 0.031721
0 0.141951 0.582871 0.079302 0.031721
0 0.141951 0.547185 0.079302 0.031721
0 0.141951 0.511499 0.079302 0.031721
0 0.141951 0.471055 0.079302 0.031721
0 0.141951 0.433783 0.079302 0.031721
0 0.141951 0.401269 0.079302 0.031721
0 0.141951 0.367962 0.079302 0.031721
0 0.141951 0.334655 0.079302 0.031721
0 0.141951 0.291832 0.079302 0.031721
0 0.141951 0.241079 0.079302 0.031721
0 0.141951 0.202220 0.079302 0.031721
1 0.239373 0.187896 0.040000 0.100000
1 0.270530 0.187896 0.040000 0.100000
1 0.298292 0.187696 0.040000 0.100000
1 0.332245 0.186937 0.040000 0.100000
1 0.357833 0.187946 0.040000 0.100000
1 0.387459 0.188279 0.040000 0.100000
1 0.425117 0.187616 0.040000 0.100000
1 0.440928 0.188448 0.040000 0.100000
1 0.457572 0.188448 0.040000 0.100000
1 0.519783 0.188599 0.040000 0.100000
1 0.543362 0.187559 0.040000 0.100000
1 0.568328 0.187605 0.040000 0.100000
1 0.593016 0.187467 0.040000 0.100000
1 0.615519 0.187940 0.040000 0.100000
1 0.669653 0.187349 0.040000 0.100000
1 0.699279 0.188014 0.040000 0.100000
1 0.724016 0.186325 0.040000 0.100000
1 0.812848 0.220647 0.100000 0.040000
1 0.813151 0.252801 0.100000 0.040000
1 0.813329 0.284112 0.100000 0.040000
1 0.813570 0.326463 0.100000 0.040000
1 0.813107 0.353658 0.100000 0.040000
1 0.812770 0.401825 0.100000 0.040000
1 0.812926 0.427499 0.100000 0.040000
1 0.813386 0.459865 0.100000 0.040000
1 0.813020 0.514485 0.100000 0.040000
1 0.813390 0.555420 0.100000 0.040000
1 0.812812 0.580154 0.100000 0.040000
1 0.812327 0.608055 0.100000 0.040000
1 0.812610 0.637764 0.100000 0.040000
1 0.812809 0.688494 0.100000 0.040000
1 0.812761 0.721795 0.100000 0.040000
1 0.812376 0.751172 0.100000 0.040000
1 0.735740 0.813867 0.040000 0.100000
1 0.701672 0.813723 0.040000 0.100000
1 0.668387 0.813683 0.040000 0.100000
1 0.641150 0.813303 0.040000 0.100000
1 0.618380 0.814112 0.040000 0.100000
1 0.590323 0.811559 0.040000 0.100000
1 0.564633 0.813428 0.040000 0.100000
1 0.521636 0.812596 0.040000 0.100000
1 0.483529 0.812076 0.040000 0.100000
1 0.454165 0.813850 0.040000 0.100000
1 0.425266 0.813603 0.040000 0.100000
1 0.375566 0.813371 0.040000 0.100000
1 0.342866 0.812960 0.040000 0.100000
1 0.309412 0.813626 0.040000 0.100000
1 0.272463 0.812960 0.040000 0.100000
1 0.240940 0.812494 0.040000 0.100000
1 0.187337 0.750116 0.100000 0.040000
1 0.187459 0.717557 0.100000 0.040000
1 0.187126 0.655531 0.100000 0.040000
1 0.187926 0.626019 0.100000 0.040000
1 0.187510 0.595783 0.100000 0.040000
1 0.187920 0.563988 0.100000 0.040000
1 0.187729 0.516962 0.100000 0.040000
1 0.188210 0.529001 0.100000 0.040000
1 0.187663 0.496904 0.100000 0.040000
1 0.186981 0.460577 0.100000 0.040000
1 0.187467 0.427683 0.100000 0.040000
1 0.188056 0.400194 0.100000 0.040000
1 0.187544 0.373475 0.100000 0.040000
1 0.187472 0.346712 0.100000 0.040000
1 0.188050 0.334768 0.100000 0.040000
1 0.186596 0.308541 0.100000 0.040000
1 0.187366 0.296212 0.100000 0.040000
1 0.187189 0.258086 0.100000 0.040000
1 0.188692 0.230115 0.100000 0.040000
1 0.251715 0.203850 0.040000 0.100000
1 0.279676 0.203518 0.040000 0.100000
1 0.305807 0.203518 0.040000 0.100000
1 0.336098 0.203850 0.040000 0.100000
1 0.359899 0.203185 0.040000 0.100000
1 0.387361 0.201953 0.040000 0.100000
1 0.425417 0.203260 0.040000 0.100000
1 0.442338 0.203537 0.040000 0.100000
1 0.464529 0.203953 0.040000 0.100000
1 0.521604 0.203412 0.040000 0.100000
1 0.542686 0.202996 0.040000 0.100000
1 0.564877 0.203551 0.040000 0.100000
1 0.587443 0.202649 0.040000 0.100000
1 0.607138 0.203065 0.040000 0.100000
1 0.660387 0.202707 0.040000 0.100000
1 0.687471 0.203249 0.040000 0.100000
1 0.706927 0.203538 0.040000 0.100000
1 0.796850 0.228634 0.100000 0.040000
1 0.797620 0.258493 0.100000 0.040000
1 0.797476 0.286935 0.100000 0.040000
1 0.796069 0.329258 0.100000 0.040000
1 0.797413 0.353042 0.100000 0.040000
1 0.796559 0.403111 0.100000 0.040000
1 0.796698 0.426551 0.100000 0.040000
1 0.797037 0.450910 0.100000 0.040000
1 0.797389 0.514393 0.100000 0.040000
1 0.796946 0.556222 0.100000 0.040000
1 0.798231 0.579659 0.100000 0.040000
1 0.796666 0.604993 0.100000 0.040000
1 0.797134 0.632337 0.100000 0.040000
1 0.798496 0.683997 0.100000 0.040000
1 0.797955 0.714963 0.100000 0.040000
1 0.797226 0.740708 0.100000 0.040000
1 0.723029 0.798591 0.040000 0.100000
1 0.690803 0.798438 0.040000 0.100000
1 0.659965 0.797491 0.040000 0.100000
1 0.636483 0.797279 0.040000 0.100000
1 0.615817 0.796909 0.040000 0.100000
1 0.590296 0.797187 0.040000 0.100000
1 0.567750 0.797024 0.040000 0.100000
1 0.522384 0.797505 0.040000 0.100000
1 0.486140 0.797245 0.040000 0.100000
1 0.456690 0.796359 0.040000 0.100000
1 0.431308 0.797053 0.040000 0.100000
1 0.378723 0.798501 0.040000 0.100000
1 0.348209 0.797749 0.040000 0.100000
1 0.318588 0.796714 0.040000 0.100000
1 0.281137 0.798169 0.040000 0.100000
1 0.252161 0.797206 0.040000 0.100000
1 0.203836 0.737846 0.100000 0.040000
1 0.202796 0.708604 0.100000 0.040000
1 0.204477 0.642762 0.100000 0.040000
1 0.203090 0.616987 0.100000 0.040000
1 0.203567 0.588930 0.100000 0.040000
1 0.203775 0.559602 0.100000 0.040000
1 0.203252 0.512639 0.100000 0.040000
1 0.203663 0.524528 0.100000 0.040000
1 0.202970 0.492974 0.100000 0.040000
1 0.204135 0.458617 0.100000 0.040000
1 0.203609 0.426804 0.100000 0.040000
1 0.203898 0.402050 0.100000 0.040000
1 0.202523 0.351695 0.100000 0.040000
1 0.203280 0.339323 0.100000 0.040000
1 0.202910 0.315003 0.100000 0.040000
1 0.204201 0.303040 0.100000 0.040000
1 0.203710 0.264215 0.100000 0.040000
1 0.202905 0.237754 0.100000 0.040000
1 0.266521 0.220723 0.040000 0.100000
1 0.290119 0.219182 0.040000 0.100000
1 0.312946 0.219085 0.040000 0.100000
1 0.341611 0.219837 0.040000 0.100000
1 0.361860 0.219698 0.040000 0.100000
1 0.386826 0.219282 0.040000 0.100000
1 0.426485 0.218874 0.040000 0.100000
1 0.443684 0.220400 0.040000 0.100000
1 0.464905 0.219567 0.040000 0.100000
1 0.523063 0.218474 0.040000 0.100000
1 0.542480 0.218358 0.040000 0.100000
1 0.562014 0.218705 0.040000 0.100000
1 0.580853 0.219168 0.040000 0.100000
1 0.597959 0.218035 0.040000 0.100000
1 0.653636 0.218265 0.040000 0.100000
1 0.676798 0.218543 0.040000 0.100000
1 0.693719 0.218959 0.040000 0.100000
1 0.781041 0.237224 0.100000 0.040000
1 0.781330 0.264521 0.100000 0.040000
1 0.782023 0.288908 0.100000 0.040000
1 0.780726 0.332037 0.100000 0.040000
1 0.780610 0.353420 0.100000 0.040000
1 0.781197 0.404909 0.100000 0.040000
1 0.781364 0.426047 0.100000 0.040000
1 0.781183 0.449001 0.100000 0.040000
1 0.781430 0.515507 0.100000 0.040000
1 0.781286 0.527622 0.100000 0.040000
1 0.781175 0.558693 0.100000 0.040000
1 0.780675 0.579165 0.100000 0.040000
1 0.781008 0.602133 0.100000 0.040000
1 0.780609 0.627132 0.100000 0.040000
1 0.781305 0.679879 0.100000 0.040000
1 0.780612 0.708034 0.100000 0.040000
1 0.780639 0.730365 0.100000 0.040000
1 0.710362 0.781214 0.040000 0.100000
1 0.679964 0.782138 0.040000 0.100000
1 0.652802 0.782000 0.040000 0.100000
1 0.632830 0.782277 0.040000 0.100000
1 0.612961 0.781896 0.040000 0.100000
1 0.591579 0.782820 0.040000 0.100000
1 0.571260 0.782081 0.040000 0.100000
1 0.524019 0.781276 0.040000 0.100000
1 0.489470 0.781658 0.040000 0.100000
1 0.437920 0.780618 0.040000 0.100000
1 0.460112 0.781658 0.040000 0.100000
1 0.383574 0.781723 0.040000 0.100000
1 0.354863 0.781445 0.040000 0.100000
1 0.327557 0.781318 0.040000 0.100000
1 0.292020 0.781803 0.040000 0.100000
1 0.265944 0.781526 0.040000 0.100000
1 0.218874 0.727525 0.100000 0.040000
1 0.218874 0.700133 0.100000 0.040000
1 0.220017 0.631770 0.100000 0.040000
1 0.219668 0.608376 0.100000 0.040000
1 0.219252 0.582995 0.100000 0.040000
1 0.218600 0.557044 0.100000 0.040000
1 0.218589 0.509168 0.100000 0.040000
1 0.219051 0.521420 0.100000 0.040000
1 0.218357 0.489173 0.100000 0.040000
1 0.218103 0.458174 0.100000 0.040000
1 0.219074 0.427105 0.100000 0.040000
1 0.219213 0.404997 0.100000 0.040000
1 0.218547 0.381696 0.100000 0.040000
1 0.218031 0.357379 0.100000 0.040000
1 0.218870 0.344913 0.100000 0.040000
1 0.218061 0.321796 0.100000 0.040000
1 0.218986 0.308158 0.100000 0.040000
1 0.218512 0.271345 0.100000 0.040000
1 0.218304 0.246773 0.100000 0.040000
1 0.278513 0.234354 0.040000 0.100000
1 0.300802 0.235073 0.040000 0.100000
1 0.321174 0.234354 0.040000 0.100000
1 0.346100 0.234833 0.040000 0.100000
1 0.364315 0.233395 0.040000 0.100000
1 0.387335 0.234078 0.040000 0.100000
1 0.428079 0.234877 0.040000 0.100000
1 0.444856 0.235276 0.040000 0.100000
1 0.465627 0.235077 0.040000 0.100000
1 0.525286 0.234730 0.040000 0.100000
1 0.541625 0.235451 0.040000 0.100000
1 0.558935 0.234952 0.040000 0.100000
1 0.574580 0.235118 0.040000 0.100000
1 0.590424 0.235251 0.040000 0.100000
1 0.646522 0.235149 0.040000 0.100000
1 0.666217 0.234871 0.040000 0.100000
1 0.680439 0.235312 0.040000 0.100000
1 0.765190 0.246550 0.100000 0.040000
1 0.765190 0.271516 0.100000 0.040000
1 0.765340 0.294274 0.100000 0.040000
1 0.764825 0.336513 0.100000 0.040000
1 0.764825 0.355931 0.100000 0.040000
1 0.764473 0.408073 0.100000 0.040000
1 0.764750 0.427491 0.100000 0.040000
1 0.765027 0.447741 0.100000 0.040000
1 0.764764 0.517090 0.100000 0.040000
1 0.766273 0.561541 0.100000 0.040000
1 0.764370 0.580034 0.100000 0.040000
1 0.765202 0.601116 0.100000 0.040000
1 0.764982 0.624128 0.100000 0.040000
1 0.765200 0.677754 0.100000 0.040000
1 0.765033 0.702054 0.100000 0.040000
1 0.764700 0.722859 0.100000 0.040000
1 0.699665 0.765475 0.040000 0.100000
1 0.671925 0.766169 0.040000 0.100000
1 0.646960 0.766169 0.040000 0.100000
1 0.629056 0.766342 0.040000 0.100000
1 0.612181 0.766804 0.040000 0.100000
1 0.593216 0.765832 0.040000 0.100000
1 0.574627 0.765735 0.040000 0.100000
1 0.524903 0.767011 0.040000 0.100000
1 0.494491 0.765976 0.040000 0.100000
1 0.464555 0.765629 0.040000 0.100000
1 0.446062 0.765352 0.040000 0.100000
1 0.388144 0.765410 0.040000 0.100000
1 0.362563 0.765293 0.040000 0.100000
1 0.337264 0.765460 0.040000 0.100000
1 0.303131 0.765279 0.040000 0.100000
1 0.281575 0.764436 0.040000 0.100000
1 0.235271 0.716910 0.100000 0.040000
1 0.234886 0.692831 0.100000 0.040000
1 0.234665 0.623012 0.100000 0.040000
1 0.235011 0.601514 0.100000 0.040000
1 0.235266 0.578351 0.100000 0.040000
1 0.234156 0.555327 0.100000 0.040000
1 0.235087 0.513931 0.100000 0.040000
1 0.235488 0.487336 0.100000 0.040000
1 0.235072 0.458348 0.100000 0.040000
1 0.234642 0.428598 0.100000 0.040000
1 0.234815 0.408521 0.100000 0.040000
1 0.235046 0.388641 0.100000 0.040000
1 0.234620 0.365174 0.100000 0.040000
1 0.234331 0.350919 0.100000 0.040000
1 0.234562 0.331000 0.100000 0.040000
1 0.234678 0.315859 0.100000 0.040000
1 0.234802 0.279839 0.100000 0.040000
1 0.234636 0.257370 0.100000 0.040000
1 0.295195 0.251887 0.040000 0.100000
1 0.313642 0.251610 0.040000 0.100000
1 0.330563 0.249807 0.040000 0.100000
1 0.351682 0.251348 0.040000 0.100000
1 0.368904 0.249961 0.040000 0.100000
1 0.387744 0.250424 0.040000 0.100000
1 0.429133 0.250458 0.040000 0.100000
1 0.445731 0.249256 0.040000 0.100000
1 0.466536 0.249395 0.040000 0.100000
1 0.526217 0.250962 0.040000 0.100000
1 0.540086 0.251188 0.040000 0.100000
1 0.556064 0.250856 0.040000 0.100000
1 0.569712 0.250689 0.040000 0.100000
1 0.582527 0.251521 0.040000 0.100000
1 0.640099 0.249505 0.040000 0.100000
1 0.657991 0.249921 0.040000 0.100000
1 0.669225 0.250892 0.040000 0.100000
1 0.748552 0.258312 0.100000 0.040000
1 0.749523 0.277730 0.100000 0.040000
1 0.749994 0.298590 0.100000 0.040000
1 0.748695 0.341285 0.100000 0.040000
1 0.749735 0.358761 0.100000 0.040000
1 0.749255 0.411147 0.100000 0.040000
1 0.749255 0.428623 0.100000 0.040000
1 0.748423 0.445683 0.100000 0.040000
1 0.749006 0.519681 0.100000 0.040000
1 0.749089 0.533645 0.100000 0.040000
1 0.749336 0.565885 0.100000 0.040000
1 0.749567 0.581720 0.100000 0.040000
1 0.749567 0.599866 0.100000 0.040000
1 0.748999 0.619843 0.100000 0.040000
1 0.749456 0.676640 0.100000 0.040000
1 0.749040 0.696890 0.100000 0.040000
1 0.749873 0.716197 0.100000 0.040000
1 0.688594 0.749457 0.040000 0.100000
1 0.663050 0.750728 0.040000 0.100000
1 0.641117 0.750502 0.040000 0.100000
1 0.625748 0.749854 0.040000 0.100000
1 0.611532 0.750200 0.040000 0.100000
1 0.594310 0.749969 0.040000 0.100000
1 0.578896 0.750455 0.040000 0.100000
1 0.526822 0.750489 0.040000 0.100000
1 0.497233 0.750605 0.040000 0.100000
1 0.469240 0.750327 0.040000 0.100000
1 0.453844 0.750189 0.040000 0.100000
1 0.393025 0.749204 0.040000 0.100000
1 0.370695 0.749481 0.040000 0.100000
1 0.347283 0.749842 0.040000 0.100000
1 0.315493 0.750008 0.040000 0.100000
1 0.297618 0.749343 0.040000 0.100000
1 0.251868 0.709322 0.100000 0.040000
1 0.251059 0.686437 0.100000 0.040000
1 0.250732 0.614658 0.100000 0.040000
1 0.251172 0.595600 0.100000 0.040000
1 0.250825 0.574449 0.100000 0.040000
1 0.251172 0.553205 0.100000 0.040000
1 0.250541 0.515893 0.100000 0.040000
1 0.250208 0.501080 0.100000 0.040000
1 0.250541 0.478445 0.100000 0.040000
1 0.250541 0.458472 0.100000 0.040000
1 0.250189 0.430182 0.100000 0.040000
1 0.250688 0.412789 0.100000 0.040000
1 0.251687 0.395147 0.100000 0.040000
1 0.251312 0.372580 0.100000 0.040000
1 0.250757 0.356353 0.100000 0.040000
1 0.250330 0.338334 0.100000 0.040000
1 0.250561 0.322730 0.100000 0.040000
1 0.250330 0.287316 0.100000 0.040000
1 0.250718 0.267926 0.100000 0.040000
