0 0.202692 0.136184 0.031671 0.079177
0 0.244656 0.136184 0.031671 0.079177
0 0.284244 0.136184 0.031671 0.079177
0 0.324624 0.136184 0.031671 0.079177
0 0.361045 0.136184 0.031671 0.079177
0 0.396675 0.136184 0.031671 0.079177
0 0.429929 0.136184 0.031671 0.079177
0 0.466350 0.136184 0.031671 0.079177
0 0.517815 0.136184 0.031671 0.079177
0 0.548694 0.136184 0.031671 0.079177
0 0.581948 0.136184 0.031671 0.079177
0 0.616785 0.136184 0.031671 0.079177
0 0.652415 0.136184 0.031671 0.079177
0 0.700713 0.136184 0.031671 0.079177
0 0.741884 0.136184 0.031671 0.079177
0 0.782264 0.136184 0.031671 0.079177
0 0.863816 0.203484 0.079177 0.031671
0 0.863816 0.244656 0.079177 0.031671
0 0.863816 0.285036 0.079177 0.031671
0 0.863816 0.329375 0.079177 0.031671
0 0.863816 0.366587 0.079177 0.031671
0 0.863816 0.410926 0.079177 0.031671
0 0.863816 0.443389 0.079177 0.031671
0 0.863816 0.473476 0.079177 0.031671
0 0.863816 0.522565 0.079177 0.031671
0 0.863816 0.565321 0.079177 0.031671
0 0.863816 0.598575 0.079177 0.031671
0 0.863816 0.634996 0.079177 0.031671
0 0.863816 0.671417 0.079177 0.031671
0 0.863816 0.718923 0.079177 0.031671
0 0.863816 0.758511 0.079177 0.031671
0 0.863816 0.800475 0.079177 0.031671
0 0.790974 0.863816 0.031671 0.079177
0 0.748219 0.863816 0.031671 0.079177
0 0.705463 0.863816 0.031671 0.079177
0 0.666667 0.863816 0.031671 0.079177
0 0.630245 0.863816 0.031671 0.079177
0 0.593824 0.863816 0.031671 0.079177
0 0.558987 0.863816 0.031671 0.079177
0 0.521774 0.863816 0.031671 0.079177
0 0.478226 0.863816 0.031671 0.079177
0 0.443389 0.863816 0.031671 0.079177
0 0.409343 0.863816 0.031671 0.079177
0 0.363420 0.863816 0.031671 0.079177
0 0.325416 0.863816 0.031671 0.079177
0 0.285036 0.863816 0.031671 0.079177
0 0.243864 0.863816 0.031671 0.079177
0 0.204276 0.863816 0.031671 0.079177
0 0.136184 0.798892 0.079177 0.031671
0 0.136184 0.757720 0.079177 0.031671
0 0.136184 0.710214 0.079177 0.031671
0 0.136184 0.669042 0.079177 0.031671
0 0.136184 0.629454 0.079177 0.031671
0 0.136184 0.593824 0.079177 0.031671
0 0.136184 0.554236 0.079177 0.031671
0 0.136184 0.518606 0.079177 0.031671
0 0.136184 0.479018 0.079177 0.031671
0 0.136184 0.444181 0.079177 0.031671
0 0.136184 0.410135 0.079177 0.031671
0 0.136184 0.372922 0.079177 0.031671
0 0.136184 0.336500 0.079177 0.031671
0 0.136184 0.292162 0.079177 0.031671
0 0.136184 0.243864 0.079177 0.031671
0 0.136184 0.201900 0.079177 0.031671
0 0.209026 0.145685 0.031671 0.079177
0 0.249406 0.145685 0.031671 0.079177
0 0.287411 0.145685 0.031671 0.079177
0 0.325416 0.145685 0.031671 0.079177
0 0.361045 0.145685 0.031671 0.079177
0 0.394299 0.145685 0.031671 0.079177
0 0.429137 0.145685 0.031671 0.079177
0 0.464766 0.145685 0.031671 0.079177
0 0.517023 0.145685 0.031671 0.079177
0 0.545527 0.145685 0.031671 0.079177
0 0.577989 0.145685 0.031671 0.079177
0 0.610451 0.145685 0.031671 0.079177
0 0.643705 0.145685 0.031671 0.079177
0 0.692003 0.145685 0.031671 0.079177
0 0.730800 0.145685 0.031671 0.079177
0 0.769596 0.145685 0.031671 0.079177
0 0.854315 0.211401 0.079177 0.031671
0 0.854315 0.250198 0.079177 0.031671
0 0.854315 0.288994 0.079177 0.031671
0 0.854315 0.333333 0.079177 0.031671
0 0.854315 0.368963 0.079177 0.031671
0 0.854315 0.413302 0.079177 0.031671
0 0.854315 0.444972 0.079177 0.031671
0 0.854315 0.473476 0.079177 0.031671
0 0.854315 0.524149 0.079177 0.031671
0 0.854315 0.567696 0.079177 0.031671
0 0.854315 0.598575 0.079177 0.031671
0 0.854315 0.634204 0.079177 0.031671
0 0.854315 0.669042 0.079177 0.031671
0 0.854315 0.718131 0.079177 0.031671
0 0.854315 0.755344 0.079177 0.031671
0 0.854315 0.797308 0.079177 0.031671
0 0.779097 0.854315 0.031671 0.079177
0 0.738717 0.854315 0.031671 0.079177
0 0.697546 0.854315 0.031671 0.079177
0 0.661124 0.854315 0.031671 0.079177
0 0.627078 0.854315 0.031671 0.079177
0 0.592241 0.854315 0.031671 0.079177
0 0.558987 0.854315 0.031671 0.079177
0 0.520190 0.854315 0.031671 0.079177
0 0.477435 0.854315 0.031671 0.079177
0 0.443389 0.854315 0.031671 0.079177
0 0.410926 0.854315 0.031671 0.079177
0 0.363420 0.854315 0.031671 0.079177
0 0.326207 0.854315 0.031671 0.079177
0 0.287411 0.854315 0.031671 0.079177
0 0.247031 0.854315 0.031671 0.079177
0 0.209818 0.854315 0.031671 0.079177
0 0.145685 0.793349 0.079177 0.031671
0 0.145685 0.754553 0.079177 0.031671
0 0.145685 0.705463 0.079177 0.031671
0 0.145685 0.665083 0.079177 0.031671
0 0.145685 0.627870 0.079177 0.031671
0 0.145685 0.593824 0.079177 0.031671
0 0.145685 0.551861 0.079177 0.031671
0 0.145685 0.517815 0.079177 0.031671
0 0.145685 0.479810 0.079177 0.031671
0 0.145685 0.444972 0.079177 0.031671
0 0.145685 0.412510 0.079177 0.031671
0 0.145685 0.376089 0.079177 0.031671
0 0.145685 0.339667 0.079177 0.031671
0 0.145685 0.297704 0.079177 0.031671
0 0.145685 0.249406 0.079177 0.031671
0 0.145685 0.209026 0.079177 0.031671
0 0.211401 0.150435 0.031671 0.079177
0 0.251781 0.150435 0.031671 0.079177
0 0.288994 0.150435 0.031671 0.079177
0 0.326207 0.150435 0.031671 0.079177
0 0.393508 0.150435 0.031671 0.079177
0 0.429137 0.150435 0.031671 0.079177
0 0.463975 0.150435 0.031671 0.079177
0 0.516231 0.150435 0.031671 0.079177
0 0.544735 0.150435 0.031671 0.079177
0 0.576405 0.150435 0.031671 0.079177
0 0.607284 0.150435 0.031671 0.079177
0 0.638955 0.150435 0.031671 0.079177
0 0.688044 0.150435 0.031671 0.079177
0 0.726049 0.150435 0.031671 0.079177
0 0.761679 0.150435 0.031671 0.079177
0 0.849565 0.215360 0.079177 0.031671
0 0.849565 0.253365 0.079177 0.031671
0 0.849565 0.291370 0.079177 0.031671
0 0.849565 0.335709 0.079177 0.031671
0 0.849565 0.370546 0.079177 0.031671
0 0.849565 0.414885 0.079177 0.031671
0 0.849565 0.444972 0.079177 0.031671
0 0.849565 0.473476 0.079177 0.031671
0 0.849565 0.524941 0.079177 0.031671
0 0.849565 0.568488 0.079177 0.031671
0 0.849565 0.599367 0.079177 0.031671
0 0.849565 0.634204 0.079177 0.031671
0 0.849565 0.668250 0.079177 0.031671
0 0.849565 0.717340 0.079177 0.031671
0 0.849565 0.753761 0.079177 0.031671
0 0.849565 0.794933 0.079177 0.031671
0 0.773555 0.849565 0.031671 0.079177
0 0.734759 0.849565 0.031671 0.079177
0 0.692795 0.849565 0.031671 0.079177
0 0.658749 0.849565 0.031671 0.079177
0 0.625495 0.849565 0.031671 0.079177
0 0.590657 0.849565 0.031671 0.079177
0 0.558987 0.849565 0.031671 0.079177
0 0.519398 0.849565 0.031671 0.079177
0 0.477435 0.849565 0.031671 0.079177
0 0.443389 0.849565 0.031671 0.079177
0 0.410926 0.849565 0.031671 0.079177
0 0.363420 0.849565 0.031671 0.079177
0 0.326207 0.849565 0.031671 0.079177
0 0.288203 0.849565 0.031671 0.079177
0 0.248614 0.849565 0.031671 0.079177
0 0.212985 0.849565 0.031671 0.079177
0 0.150435 0.789390 0.079177 0.031671
0 0.150435 0.752177 0.079177 0.031671
0 0.150435 0.703088 0.079177 0.031671
0 0.150435 0.663500 0.079177 0.031671
0 0.150435 0.627078 0.079177 0.031671
0 0.150435 0.593032 0.079177 0.031671
0 0.150435 0.551861 0.079177 0.031671
0 0.150435 0.517023 0.079177 0.031671
0 0.150435 0.479810 0.079177 0.031671
0 0.150435 0.445764 0.079177 0.031671
0 0.150435 0.413302 0.079177 0.031671
0 0.150435 0.379256 0.079177 0.031671
0 0.150435 0.342835 0.079177 0.031671
0 0.150435 0.300871 0.079177 0.031671
0 0.150435 0.252573 0.079177 0.031671
0 0.150435 0.212985 0.079177 0.031671
0 0.213777 0.155186 0.031671 0.079177
0 0.253365 0.155186 0.031671 0.079177
0 0.290578 0.155186 0.031671 0.079177
0 0.326999 0.155186 0.031671 0.079177
0 0.361045 0.155186 0.031671 0.079177
0 0.392716 0.155186 0.031671 0.079177
0 0.429137 0.155186 0.031671 0.079177
0 0.463975 0.155186 0.031671 0.079177
0 0.515439 0.155186 0.031671 0.079177
0 0.574030 0.155186 0.031671 0.079177
0 0.604117 0.155186 0.031671 0.079177
0 0.634996 0.155186 0.031671 0.079177
0 0.684086 0.155186 0.031671 0.079177
0 0.721298 0.155186 0.031671 0.079177
0 0.756136 0.155186 0.031671 0.079177
0 0.844814 0.219319 0.079177 0.031671
0 0.844814 0.255740 0.079177 0.031671
0 0.844814 0.293745 0.079177 0.031671
0 0.844814 0.371338 0.079177 0.031671
0 0.844814 0.416469 0.079177 0.031671
0 0.844814 0.445764 0.079177 0.031671
0 0.844814 0.473476 0.079177 0.031671
0 0.844814 0.525732 0.079177 0.031671
0 0.844814 0.569279 0.079177 0.031671
0 0.844814 0.600158 0.079177 0.031671
0 0.844814 0.633413 0.079177 0.031671
0 0.844814 0.667458 0.079177 0.031671
0 0.844814 0.716548 0.079177 0.031671
0 0.844814 0.752177 0.079177 0.031671
0 0.844814 0.793349 0.079177 0.031671
0 0.767221 0.844814 0.031671 0.079177
0 0.730008 0.844814 0.031671 0.079177
0 0.688836 0.844814 0.031671 0.079177
0 0.655582 0.844814 0.031671 0.079177
0 0.623911 0.844814 0.031671 0.079177
0 0.589865 0.844814 0.031671 0.079177
0 0.558195 0.844814 0.031671 0.079177
0 0.518606 0.844814 0.031671 0.079177
0 0.476643 0.844814 0.031671 0.079177
0 0.443389 0.844814 0.031671 0.079177
0 0.411718 0.844814 0.031671 0.079177
0 0.363420 0.844814 0.031671 0.079177
0 0.326999 0.844814 0.031671 0.079177
0 0.288994 0.844814 0.031671 0.079177
0 0.250198 0.844814 0.031671 0.079177
0 0.215360 0.844814 0.031671 0.079177
0 0.155186 0.786223 0.079177 0.031671
0 0.155186 0.750594 0.079177 0.031671
0 0.155186 0.700713 0.079177 0.031671
0 0.155186 0.661916 0.079177 0.031671
0 0.155186 0.625495 0.079177 0.031671
0 0.155186 0.593032 0.079177 0.031671
0 0.155186 0.551069 0.079177 0.031671
0 0.155186 0.516231 0.079177 0.031671
0 0.155186 0.480602 0.079177 0.031671
0 0.155186 0.446556 0.079177 0.031671
0 0.155186 0.414885 0.079177 0.031671
0 0.155186 0.380839 0.079177 0.031671
0 0.155186 0.344418 0.079177 0.031671
0 0.155186 0.303246 0.079177 0.031671
0 0.155186 0.263658 0.079177 0.031671
0 0.155186 0.216152 0.079177 0.031671
0 0.216944 0.159937 0.031671 0.079177
0 0.256532 0.159937 0.031671 0.079177
0 0.291370 0.159937 0.031671 0.079177
0 0.327791 0.159937 0.031671 0.079177
0 0.361045 0.159937 0.031671 0.079177
0 0.391924 0.159937 0.031671 0.079177
0 0.428345 0.159937 0.031671 0.079177
0 0.463183 0.159937 0.031671 0.079177
0 0.542359 0.159937 0.031671 0.079177
0 0.571655 0.159937 0.031671 0.079177
0 0.600950 0.159937 0.031671 0.079177
0 0.631037 0.159937 0.031671 0.079177
0 0.680918 0.159937 0.031671 0.079177
0 0.715756 0.159937 0.031671 0.079177
0 0.750594 0.159937 0.031671 0.079177
0 0.840063 0.222486 0.079177 0.031671
0 0.840063 0.258907 0.079177 0.031671
0 0.840063 0.296120 0.079177 0.031671
0 0.840063 0.339667 0.079177 0.031671
0 0.840063 0.372130 0.079177 0.031671
0 0.840063 0.418052 0.079177 0.031671
0 0.840063 0.445764 0.079177 0.031671
0 0.840063 0.472684 0.079177 0.031671
0 0.840063 0.526524 0.079177 0.031671
0 0.840063 0.570071 0.079177 0.031671
0 0.840063 0.600158 0.079177 0.031671
0 0.840063 0.633413 0.079177 0.031671
0 0.840063 0.666667 0.079177 0.031671
0 0.840063 0.715756 0.079177 0.031671
0 0.840063 0.750594 0.079177 0.031671
0 0.840063 0.790974 0.079177 0.031671
0 0.760887 0.840063 0.031671 0.079177
0 0.725257 0.840063 0.031671 0.079177
0 0.684877 0.840063 0.031671 0.079177
0 0.653207 0.840063 0.031671 0.079177
0 0.621536 0.840063 0.031671 0.079177
0 0.589074 0.840063 0.031671 0.079177
0 0.558195 0.840063 0.031671 0.079177
0 0.518606 0.840063 0.031671 0.079177
0 0.476643 0.840063 0.031671 0.079177
0 0.443389 0.840063 0.031671 0.079177
0 0.412510 0.840063 0.031671 0.079177
0 0.363420 0.840063 0.031671 0.079177
0 0.326999 0.840063 0.031671 0.079177
0 0.290578 0.840063 0.031671 0.079177
0 0.251781 0.840063 0.031671 0.079177
0 0.217736 0.840063 0.031671 0.079177
0 0.159937 0.783056 0.079177 0.031671
0 0.159937 0.748219 0.079177 0.031671
0 0.159937 0.698337 0.079177 0.031671
0 0.159937 0.659541 0.079177 0.031671
0 0.159937 0.624703 0.079177 0.031671
0 0.159937 0.593032 0.079177 0.031671
0 0.159937 0.550277 0.079177 0.031671
0 0.159937 0.516231 0.079177 0.031671
0 0.159937 0.479810 0.079177 0.031671
0 0.159937 0.447348 0.079177 0.031671
0 0.159937 0.415677 0.079177 0.031671
0 0.159937 0.383215 0.079177 0.031671
0 0.159937 0.346002 0.079177 0.031671
0 0.159937 0.304830 0.079177 0.031671
0 0.159937 0.258116 0.079177 0.031671
0 0.159937 0.220111 0.079177 0.031671
0 0.220111 0.164687 0.031671 0.079177
0 0.258116 0.164687 0.031671 0.079177
0 0.292953 0.164687 0.031671 0.079177
0 0.328583 0.164687 0.031671 0.079177
0 0.361045 0.164687 0.031671 0.079177
0 0.391132 0.164687 0.031671 0.079177
0 0.428345 0.164687 0.031671 0.079177
0 0.463183 0.164687 0.031671 0.079177
0 0.515439 0.164687 0.031671 0.079177
0 0.540776 0.164687 0.031671 0.079177
0 0.598575 0.164687 0.031671 0.079177
0 0.627078 0.164687 0.031671 0.079177
0 0.676168 0.164687 0.031671 0.079177
0 0.711006 0.164687 0.031671 0.079177
0 0.743468 0.164687 0.031671 0.079177
0 0.835313 0.226445 0.079177 0.031671
0 0.835313 0.261283 0.079177 0.031671
0 0.835313 0.297704 0.079177 0.031671
0 0.835313 0.341251 0.079177 0.031671
0 0.835313 0.372922 0.079177 0.031671
0 0.835313 0.418844 0.079177 0.031671
0 0.835313 0.446556 0.079177 0.031671
0 0.835313 0.472684 0.079177 0.031671
0 0.835313 0.527316 0.079177 0.031671
0 0.835313 0.571655 0.079177 0.031671
0 0.835313 0.600158 0.079177 0.031671
0 0.835313 0.632621 0.079177 0.031671
0 0.835313 0.665083 0.079177 0.031671
0 0.835313 0.714964 0.079177 0.031671
0 0.835313 0.749010 0.079177 0.031671
0 0.756136 0.835313 0.031671 0.079177
0 0.720507 0.835313 0.031671 0.079177
0 0.680918 0.835313 0.031671 0.079177
0 0.650040 0.835313 0.031671 0.079177
0 0.619952 0.835313 0.031671 0.079177
0 0.588282 0.835313 0.031671 0.079177
0 0.558195 0.835313 0.031671 0.079177
0 0.517815 0.835313 0.031671 0.079177
0 0.476643 0.835313 0.031671 0.079177
0 0.443389 0.835313 0.031671 0.079177
0 0.413302 0.835313 0.031671 0.079177
0 0.363420 0.835313 0.031671 0.079177
0 0.327791 0.835313 0.031671 0.079177
0 0.291370 0.835313 0.031671 0.079177
0 0.254157 0.835313 0.031671 0.079177
0 0.220903 0.835313 0.031671 0.079177
0 0.164687 0.779889 0.079177 0.031671
0 0.164687 0.746635 0.079177 0.031671
0 0.164687 0.695962 0.079177 0.031671
0 0.164687 0.657957 0.079177 0.031671
0 0.164687 0.623120 0.079177 0.031671
0 0.164687 0.592241 0.079177 0.031671
0 0.164687 0.549485 0.079177 0.031671
0 0.164687 0.515439 0.079177 0.031671
0 0.164687 0.480602 0.079177 0.031671
0 0.164687 0.417260 0.079177 0.031671
0 0.164687 0.385590 0.079177 0.031671
0 0.164687 0.348377 0.079177 0.031671
0 0.164687 0.307997 0.079177 0.031671
0 0.164687 0.261283 0.079177 0.031671
0 0.164687 0.224070 0.079177 0.031671
0 0.205859 0.140934 0.031671 0.079177
0 0.247031 0.140934 0.031671 0.079177
0 0.285827 0.140934 0.031671 0.079177
0 0.324624 0.140934 0.031671 0.079177
0 0.361045 0.140934 0.031671 0.079177
0 0.395091 0.140934 0.031671 0.079177
0 0.429929 0.140934 0.031671 0.079177
0 0.466350 0.140934 0.031671 0.079177
0 0.517815 0.140934 0.031671 0.079177
0 0.547110 0.140934 0.031671 0.079177
0 0.579572 0.140934 0.031671 0.079177
0 0.613618 0.140934 0.031671 0.079177
0 0.648456 0.140934 0.031671 0.079177
0 0.695962 0.140934 0.031671 0.079177
0 0.736342 0.140934 0.031671 0.079177
0 0.775930 0.140934 0.031671 0.079177
0 0.859066 0.207443 0.079177 0.031671
0 0.859066 0.247031 0.079177 0.031671
0 0.859066 0.287411 0.079177 0.031671
0 0.859066 0.331750 0.079177 0.031671
0 0.859066 0.368171 0.079177 0.031671
0 0.859066 0.412510 0.079177 0.031671
0 0.859066 0.444181 0.079177 0.031671
0 0.859066 0.473476 0.079177 0.031671
0 0.859066 0.523357 0.079177 0.031671
0 0.859066 0.566112 0.079177 0.031671
0 0.859066 0.598575 0.079177 0.031671
0 0.859066 0.634204 0.079177 0.031671
0 0.859066 0.670625 0.079177 0.031671
0 0.859066 0.718131 0.079177 0.031671
0 0.859066 0.756928 0.079177 0.031671
0 0.859066 0.798892 0.079177 0.031671
0 0.785432 0.859066 0.031671 0.079177
0 0.743468 0.859066 0.031671 0.079177
0 0.701504 0.859066 0.031671 0.079177
0 0.664291 0.859066 0.031671 0.079177
0 0.628662 0.859066 0.031671 0.079177
0 0.593032 0.859066 0.031671 0.079177
0 0.559778 0.859066 0.031671 0.079177
0 0.520982 0.859066 0.031671 0.079177
0 0.477435 0.859066 0.031671 0.079177
0 0.443389 0.859066 0.031671 0.079177
0 0.410135 0.859066 0.031671 0.079177
0 0.363420 0.859066 0.031671 0.079177
0 0.325416 0.859066 0.031671 0.079177
0 0.285827 0.859066 0.031671 0.079177
0 0.245447 0.859066 0.031671 0.079177
0 0.206651 0.859066 0.031671 0.079177
0 0.140934 0.796516 0.079177 0.031671
0 0.140934 0.756136 0.079177 0.031671
0 0.140934 0.707838 0.079177 0.031671
0 0.140934 0.667458 0.079177 0.031671
0 0.140934 0.628662 0.079177 0.031671
0 0.140934 0.593824 0.079177 0.031671
0 0.140934 0.552652 0.079177 0.031671
0 0.140934 0.517815 0.079177 0.031671
0 0.140934 0.479018 0.079177 0.031671
0 0.140934 0.444972 0.079177 0.031671
0 0.140934 0.410926 0.079177 0.031671
0 0.140934 0.374505 0.079177 0.031671
0 0.140934 0.338084 0.079177 0.031671
0 0.140934 0.295329 0.079177 0.031671
0 0.140934 0.247031 0.079177 0.031671
0 0.140934 0.205067 0.079177 0.031671
1 0.236270 0.186821 0.040000 0.100000
1 0.270722 0.186821 0.040000 0.100000
1 0.300847 0.185989 0.040000 0.100000
1 0.332271 0.186388 0.040000 0.100000
1 0.362030 0.186388 0.040000 0.100000
1 0.388743 0.186252 0.040000 0.100000
1 0.427290 0.186252 0.040000 0.100000
1 0.441870 0.186052 0.040000 0.100000
1 0.460844 0.185652 0.040000 0.100000
1 0.514350 0.186272 0.040000 0.100000
1 0.538317 0.186272 0.040000 0.100000
1 0.563682 0.186272 0.040000 0.100000
1 0.587940 0.185981 0.040000 0.100000
1 0.611740 0.186480 0.040000 0.100000
1 0.662384 0.186372 0.040000 0.100000
1 0.693037 0.186233 0.040000 0.100000
1 0.717864 0.186649 0.040000 0.100000
1 0.813162 0.241404 0.100000 0.040000
1 0.813162 0.272057 0.100000 0.040000
1 0.813139 0.304912 0.100000 0.040000
1 0.813772 0.348052 0.100000 0.040000
1 0.814518 0.376960 0.100000 0.040000
1 0.813686 0.423562 0.100000 0.040000
1 0.813686 0.447002 0.100000 0.040000
1 0.813691 0.470969 0.100000 0.040000
1 0.812812 0.541370 0.100000 0.040000
1 0.813089 0.529441 0.100000 0.040000
1 0.813727 0.574907 0.100000 0.040000
1 0.813658 0.600191 0.100000 0.040000
1 0.814351 0.630011 0.100000 0.040000
1 0.814213 0.659387 0.100000 0.040000
1 0.813613 0.710950 0.100000 0.040000
1 0.812815 0.741508 0.100000 0.040000
1 0.813296 0.778571 0.100000 0.040000
1 0.732239 0.813905 0.040000 0.100000
1 0.702303 0.814829 0.040000 0.100000
1 0.667049 0.814416 0.040000 0.100000
1 0.640095 0.814046 0.040000 0.100000
1 0.614991 0.815017 0.040000 0.100000
1 0.586488 0.814060 0.040000 0.100000
1 0.560136 0.815031 0.040000 0.100000
1 0.516333 0.814940 0.040000 0.100000
1 0.477382 0.814362 0.040000 0.100000
1 0.444889 0.813401 0.040000 0.100000
1 0.418925 0.814067 0.040000 0.100000
1 0.366983 0.813664 0.040000 0.100000
1 0.333119 0.813767 0.040000 0.100000
1 0.299889 0.813606 0.040000 0.100000
1 0.263545 0.813356 0.040000 0.100000
1 0.236638 0.814049 0.040000 0.100000
1 0.186603 0.765762 0.100000 0.040000
1 0.186679 0.736527 0.100000 0.040000
1 0.186679 0.683012 0.100000 0.040000
1 0.186342 0.648014 0.100000 0.040000
1 0.185648 0.619026 0.100000 0.040000
1 0.185371 0.590732 0.100000 0.040000
1 0.186871 0.545829 0.100000 0.040000
1 0.186640 0.513581 0.100000 0.040000
1 0.186788 0.481256 0.100000 0.040000
1 0.185505 0.449884 0.100000 0.040000
1 0.186637 0.422237 0.100000 0.040000
1 0.186637 0.392917 0.100000 0.040000
1 0.185447 0.357260 0.100000 0.040000
1 0.186140 0.345817 0.100000 0.040000
1 0.186048 0.320274 0.100000 0.040000
1 0.186603 0.309455 0.100000 0.040000
1 0.186268 0.273775 0.100000 0.040000
1 0.186187 0.239667 0.100000 0.040000
1 0.248399 0.202111 0.040000 0.100000
1 0.280092 0.202625 0.040000 0.100000
1 0.307832 0.202070 0.040000 0.100000
1 0.336584 0.201529 0.040000 0.100000
1 0.363768 0.202084 0.040000 0.100000
1 0.388179 0.201668 0.040000 0.100000
1 0.427805 0.202713 0.040000 0.100000
1 0.442923 0.202575 0.040000 0.100000
1 0.460815 0.201881 0.040000 0.100000
1 0.516528 0.202752 0.040000 0.100000
1 0.537448 0.202521 0.040000 0.100000
1 0.560408 0.202203 0.040000 0.100000
1 0.580443 0.202588 0.040000 0.100000
1 0.603674 0.202434 0.040000 0.100000
1 0.654253 0.202665 0.040000 0.100000
1 0.681304 0.201217 0.040000 0.100000
1 0.703474 0.201816 0.040000 0.100000
1 0.797348 0.250386 0.100000 0.040000
1 0.798014 0.278847 0.100000 0.040000
1 0.796949 0.309538 0.100000 0.040000
1 0.797445 0.351389 0.100000 0.040000
1 0.797722 0.376770 0.100000 0.040000
1 0.797440 0.424732 0.100000 0.040000
1 0.797440 0.446202 0.100000 0.040000
1 0.797273 0.468172 0.100000 0.040000
1 0.798513 0.530157 0.100000 0.040000
1 0.797819 0.542640 0.100000 0.040000
1 0.797126 0.575927 0.100000 0.040000
1 0.797172 0.599575 0.100000 0.040000
1 0.798087 0.626787 0.100000 0.040000
1 0.799200 0.654585 0.100000 0.040000
1 0.798495 0.707487 0.100000 0.040000
1 0.798263 0.735227 0.100000 0.040000
1 0.798460 0.770722 0.100000 0.040000
1 0.718949 0.798826 0.040000 0.100000
1 0.690516 0.799104 0.040000 0.100000
1 0.658358 0.798503 0.040000 0.100000
1 0.634548 0.799543 0.040000 0.100000
1 0.611524 0.798942 0.040000 0.100000
1 0.586281 0.798526 0.040000 0.100000
1 0.561281 0.798547 0.040000 0.100000
1 0.517013 0.797738 0.040000 0.100000
1 0.479338 0.797941 0.040000 0.100000
1 0.448214 0.799106 0.040000 0.100000
1 0.424247 0.799106 0.040000 0.100000
1 0.369703 0.798626 0.040000 0.100000
1 0.337664 0.797933 0.040000 0.100000
1 0.305472 0.799167 0.040000 0.100000
1 0.271214 0.798751 0.040000 0.100000
1 0.249438 0.797669 0.040000 0.100000
1 0.202070 0.754757 0.100000 0.040000
1 0.201839 0.728636 0.100000 0.040000
1 0.201925 0.672834 0.100000 0.040000
1 0.201060 0.641605 0.100000 0.040000
1 0.201531 0.613116 0.100000 0.040000
1 0.202197 0.586653 0.100000 0.040000
1 0.202569 0.541641 0.100000 0.040000
1 0.202107 0.532164 0.100000 0.040000
1 0.203311 0.509808 0.100000 0.040000
1 0.202637 0.480142 0.100000 0.040000
1 0.202504 0.449122 0.100000 0.040000
1 0.202427 0.423586 0.100000 0.040000
1 0.202427 0.397372 0.100000 0.040000
1 0.201635 0.363640 0.100000 0.040000
1 0.202309 0.351600 0.100000 0.040000
1 0.202444 0.327582 0.100000 0.040000
1 0.202721 0.315100 0.100000 0.040000
1 0.202721 0.281396 0.100000 0.040000
1 0.202432 0.250724 0.100000 0.040000
1 0.262051 0.218137 0.040000 0.100000
1 0.290844 0.217638 0.040000 0.100000
1 0.315810 0.218303 0.040000 0.100000
1 0.341608 0.217305 0.040000 0.100000
1 0.365575 0.218137 0.040000 0.100000
1 0.387844 0.217238 0.040000 0.100000
1 0.428065 0.218143 0.040000 0.100000
1 0.444154 0.217866 0.040000 0.100000
1 0.459688 0.217866 0.040000 0.100000
1 0.518868 0.217979 0.040000 0.100000
1 0.537361 0.218095 0.040000 0.100000
1 0.557588 0.217401 0.040000 0.100000
1 0.575965 0.217863 0.040000 0.100000
1 0.594965 0.217603 0.040000 0.100000
1 0.647878 0.217034 0.040000 0.100000
1 0.670625 0.217589 0.040000 0.100000
1 0.690264 0.218144 0.040000 0.100000
1 0.783062 0.258065 0.100000 0.040000
1 0.783502 0.283639 0.100000 0.040000
1 0.782531 0.311563 0.100000 0.040000
1 0.782786 0.353151 0.100000 0.040000
1 0.782208 0.376499 0.100000 0.040000
1 0.782420 0.425080 0.100000 0.040000
1 0.782087 0.444886 0.100000 0.040000
1 0.781397 0.464456 0.100000 0.040000
1 0.782368 0.530338 0.100000 0.040000
1 0.782229 0.543236 0.100000 0.040000
1 0.782194 0.576552 0.100000 0.040000
1 0.782541 0.599091 0.100000 0.040000
1 0.782356 0.623386 0.100000 0.040000
1 0.783269 0.648830 0.100000 0.040000
1 0.782560 0.703706 0.100000 0.040000
1 0.783392 0.727793 0.100000 0.040000
1 0.782143 0.761496 0.100000 0.040000
1 0.707516 0.782659 0.040000 0.100000
1 0.680470 0.782936 0.040000 0.100000
1 0.650261 0.781910 0.040000 0.100000
1 0.628832 0.782229 0.040000 0.100000
1 0.609969 0.782506 0.040000 0.100000
1 0.586946 0.782506 0.040000 0.100000
1 0.564698 0.781841 0.040000 0.100000
1 0.518052 0.782245 0.040000 0.100000
1 0.482892 0.782153 0.040000 0.100000
1 0.452240 0.781737 0.040000 0.100000
1 0.431516 0.782812 0.040000 0.100000
1 0.373900 0.782189 0.040000 0.100000
1 0.343849 0.782767 0.040000 0.100000
1 0.315299 0.783432 0.040000 0.100000
1 0.282148 0.782496 0.040000 0.100000
1 0.262384 0.781802 0.040000 0.100000
1 0.216997 0.743144 0.100000 0.040000
1 0.217783 0.719113 0.100000 0.040000
1 0.218364 0.660091 0.100000 0.040000
1 0.217304 0.631967 0.100000 0.040000
1 0.217200 0.606153 0.100000 0.040000
1 0.218033 0.581881 0.100000 0.040000
1 0.218160 0.537463 0.100000 0.040000
1 0.217351 0.506487 0.100000 0.040000
1 0.217778 0.477835 0.100000 0.040000
1 0.217686 0.448385 0.100000 0.040000
1 0.218992 0.424170 0.100000 0.040000
1 0.217952 0.400707 0.100000 0.040000
1 0.218019 0.368841 0.100000 0.040000
1 0.218481 0.355781 0.100000 0.040000
1 0.217002 0.333450 0.100000 0.040000
1 0.217499 0.319153 0.100000 0.040000
1 0.217464 0.286062 0.100000 0.040000
1 0.217325 0.258322 0.100000 0.040000
1 0.276214 0.233843 0.040000 0.100000
1 0.302449 0.233427 0.040000 0.100000
1 0.325479 0.233952 0.040000 0.100000
1 0.347162 0.233623 0.040000 0.100000
1 0.368168 0.233995 0.040000 0.100000
1 0.387586 0.234110 0.040000 0.100000
1 0.428809 0.232772 0.040000 0.100000
1 0.444528 0.233350 0.040000 0.100000
1 0.459508 0.233119 0.040000 0.100000
1 0.521823 0.234136 0.040000 0.100000
1 0.538101 0.233943 0.040000 0.100000
1 0.555149 0.234425 0.040000 0.100000
1 0.572040 0.233997 0.040000 0.100000
1 0.589100 0.233997 0.040000 0.100000
1 0.641313 0.232991 0.040000 0.100000
1 0.660384 0.233762 0.040000 0.100000
1 0.677721 0.233955 0.040000 0.100000
1 0.765243 0.265178 0.100000 0.040000
1 0.766809 0.287899 0.100000 0.040000
1 0.765943 0.313520 0.100000 0.040000
1 0.766505 0.354405 0.100000 0.040000
1 0.766644 0.374932 0.100000 0.040000
1 0.766982 0.424957 0.100000 0.040000
1 0.766483 0.442433 0.100000 0.040000
1 0.766171 0.460887 0.100000 0.040000
1 0.767310 0.529948 0.100000 0.040000
1 0.767310 0.543047 0.100000 0.040000
1 0.766424 0.576990 0.100000 0.040000
1 0.766098 0.596756 0.100000 0.040000
1 0.766561 0.618717 0.100000 0.040000
1 0.764827 0.640331 0.100000 0.040000
1 0.767026 0.698358 0.100000 0.040000
1 0.766693 0.719662 0.100000 0.040000
1 0.766193 0.749621 0.100000 0.040000
1 0.696471 0.765707 0.040000 0.100000
1 0.670831 0.766523 0.040000 0.100000
1 0.645034 0.767356 0.040000 0.100000
1 0.626448 0.767772 0.040000 0.100000
1 0.608182 0.767425 0.040000 0.100000
1 0.588348 0.767147 0.040000 0.100000
1 0.569069 0.767702 0.040000 0.100000
1 0.519792 0.766646 0.040000 0.100000
1 0.487248 0.766606 0.040000 0.100000
1 0.457081 0.766105 0.040000 0.100000
1 0.439212 0.766590 0.040000 0.100000
1 0.352254 0.766276 0.040000 0.100000
1 0.379512 0.766469 0.040000 0.100000
1 0.325398 0.766861 0.040000 0.100000
1 0.293775 0.766861 0.040000 0.100000
1 0.276160 0.766306 0.040000 0.100000
1 0.233463 0.730836 0.100000 0.040000
1 0.233944 0.708298 0.100000 0.040000
1 0.233975 0.646712 0.100000 0.040000
1 0.233657 0.620616 0.100000 0.040000
1 0.234042 0.596922 0.100000 0.040000
1 0.233907 0.575790 0.100000 0.040000
1 0.234552 0.530706 0.100000 0.040000
1 0.233108 0.518763 0.100000 0.040000
1 0.233761 0.494481 0.100000 0.040000
1 0.233447 0.474531 0.100000 0.040000
1 0.233332 0.463435 0.100000 0.040000
1 0.233101 0.445520 0.100000 0.040000
1 0.233054 0.423791 0.100000 0.040000
1 0.232650 0.402720 0.100000 0.040000
1 0.233172 0.372995 0.100000 0.040000
1 0.234135 0.358740 0.100000 0.040000
1 0.233653 0.339091 0.100000 0.040000
1 0.233846 0.325125 0.100000 0.040000
1 0.234147 0.290681 0.100000 0.040000
1 0.233969 0.266392 0.100000 0.040000
1 0.294890 0.249574 0.040000 0.100000
1 0.315029 0.249075 0.040000 0.100000
1 0.334649 0.248839 0.040000 0.100000
1 0.352403 0.249394 0.040000 0.100000
1 0.370850 0.250087 0.040000 0.100000
1 0.387355 0.250365 0.040000 0.100000
1 0.428093 0.249261 0.040000 0.100000
1 0.445269 0.248661 0.040000 0.100000
1 0.459050 0.248462 0.040000 0.100000
1 0.524553 0.249944 0.040000 0.100000
1 0.539200 0.250277 0.040000 0.100000
1 0.552515 0.250111 0.040000 0.100000
1 0.567161 0.249778 0.040000 0.100000
1 0.580809 0.249778 0.040000 0.100000
1 0.635534 0.248879 0.040000 0.100000
1 0.651512 0.249079 0.040000 0.100000
1 0.665692 0.249878 0.040000 0.100000
1 0.750900 0.271543 0.100000 0.040000
1 0.750500 0.290317 0.100000 0.040000
1 0.750700 0.314284 0.100000 0.040000
1 0.750565 0.354183 0.100000 0.040000
1 0.750731 0.372824 0.100000 0.040000
1 0.750778 0.424079 0.100000 0.040000
1 0.751056 0.439197 0.100000 0.040000
1 0.750640 0.455979 0.100000 0.040000
1 0.750199 0.528848 0.100000 0.040000
1 0.750199 0.542579 0.100000 0.040000
1 0.750550 0.576074 0.100000 0.040000
1 0.750716 0.594216 0.100000 0.040000
1 0.750051 0.614022 0.100000 0.040000
1 0.751049 0.633495 0.100000 0.040000
1 0.750773 0.691545 0.100000 0.040000
1 0.750440 0.711185 0.100000 0.040000
1 0.750440 0.737648 0.100000 0.040000
1 0.688023 0.751970 0.040000 0.100000
1 0.662364 0.751693 0.040000 0.100000
1 0.638897 0.751942 0.040000 0.100000
1 0.622586 0.750278 0.040000 0.100000
1 0.607552 0.751751 0.040000 0.100000
1 0.589175 0.751405 0.040000 0.100000
1 0.573340 0.751520 0.040000 0.100000
1 0.522704 0.752295 0.040000 0.100000
1 0.490965 0.752133 0.040000 0.100000
1 0.462116 0.750885 0.040000 0.100000
1 0.446582 0.751661 0.040000 0.100000
1 0.385308 0.751548 0.040000 0.100000
1 0.359510 0.751131 0.040000 0.100000
1 0.336153 0.750521 0.040000 0.100000
1 0.304905 0.752166 0.040000 0.100000
1 0.289509 0.751889 0.040000 0.100000
1 0.249852 0.719388 0.100000 0.040000
1 0.249852 0.697332 0.100000 0.040000
1 0.250365 0.631777 0.100000 0.040000
1 0.249884 0.608853 0.100000 0.040000
1 0.250327 0.587297 0.100000 0.040000
1 0.249518 0.569613 0.100000 0.040000
1 0.250294 0.524993 0.100000 0.040000
1 0.250005 0.510449 0.100000 0.040000
1 0.249235 0.488681 0.100000 0.040000
1 0.249408 0.470130 0.100000 0.040000
1 0.249223 0.442576 0.100000 0.040000
1 0.249741 0.423718 0.100000 0.040000
1 0.249549 0.404744 0.100000 0.040000
1 0.250297 0.376659 0.100000 0.040000
1 0.250759 0.361518 0.100000 0.040000
1 0.249950 0.344181 0.100000 0.040000
1 0.248447 0.328230 0.100000 0.040000
1 0.249169 0.294924 0.100000 0.040000
1 0.249834 0.273287 0.100000 0.040000
