0 0.203013 0.136400 0.031721 0.079302
0 0.243458 0.136400 0.031721 0.079302
0 0.283109 0.136400 0.031721 0.079302
0 0.323553 0.136400 0.031721 0.079302
0 0.360032 0.136400 0.031721 0.079302
0 0.396511 0.136400 0.031721 0.079302
0 0.429818 0.136400 0.031721 0.079302
0 0.465504 0.136400 0.031721 0.079302
0 0.518636 0.136400 0.031721 0.079302
0 0.550357 0.136400 0.031721 0.079302
0 0.583664 0.136400 0.031721 0.079302
0 0.618557 0.136400 0.031721 0.079302
0 0.653450 0.136400 0.031721 0.079302
0 0.701824 0.136400 0.031721 0.079302
0 0.742268 0.136400 0.031721 0.079302
0 0.784298 0.136400 0.031721 0.079302
0 0.863600 0.203013 0.079302 0.031721
0 0.863600 0.244251 0.079302 0.031721
0 0.863600 0.284695 0.079302 0.031721
0 0.863600 0.329104 0.079302 0.031721
0 0.863600 0.366376 0.079302 0.031721
0 0.863600 0.409199 0.079302 0.031721
0 0.863600 0.442506 0.079302 0.031721
0 0.863600 0.472641 0.079302 0.031721
0 0.863600 0.521808 0.079302 0.031721
0 0.863600 0.564631 0.079302 0.031721
0 0.863600 0.597145 0.079302 0.031721
0 0.863600 0.634417 0.079302 0.031721
0 0.863600 0.670896 0.079302 0.031721
0 0.863600 0.718477 0.079302 0.031721
0 0.863600 0.758128 0.079302 0.031721
0 0.863600 0.800159 0.079302 0.031721
0 0.791435 0.863600 0.031721 0.079302
0 0.748612 0.863600 0.031721 0.079302
0 0.707375 0.863600 0.031721 0.079302
0 0.668517 0.863600 0.031721 0.079302
0 0.632831 0.863600 0.031721 0.079302
0 0.596352 0.863600 0.031721 0.079302
0 0.561459 0.863600 0.031721 0.079302
0 0.524187 0.863600 0.031721 0.079302
0 0.479778 0.863600 0.031721 0.079302
0 0.445678 0.863600 0.031721 0.079302
0 0.411578 0.863600 0.031721 0.079302
0 0.365583 0.863600 0.031721 0.079302
0 0.326725 0.863600 0.031721 0.079302
0 0.287074 0.863600 0.031721 0.079302
0 0.245044 0.863600 0.031721 0.079302
0 0.205393 0.863600 0.031721 0.079302
0 0.136400 0.798573 0.079302 0.031721
0 0.136400 0.758128 0.079302 0.031721
0 0.136400 0.707375 0.079302 0.031721
0 0.136400 0.667724 0.079302 0.031721
0 0.136400 0.628073 0.079302 0.031721
0 0.136400 0.592387 0.079302 0.031721
0 0.136400 0.552736 0.079302 0.031721
0 0.136400 0.517050 0.079302 0.031721
0 0.136400 0.477399 0.079302 0.031721
0 0.136400 0.442506 0.079302 0.031721
0 0.136400 0.408406 0.079302 0.031721
0 0.136400 0.372720 0.079302 0.031721
0 0.136400 0.336241 0.079302 0.031721
0 0.136400 0.292625 0.079302 0.031721
0 0.136400 0.244251 0.079302 0.031721
0 0.136400 0.202220 0.079302 0.031721
0 0.210151 0.145916 0.031721 0.079302
0 0.249009 0.145916 0.031721 0.079302
0 0.287074 0.145916 0.031721 0.079302
0 0.325139 0.145916 0.031721 0.079302
0 0.360825 0.145916 0.031721 0.079302
0 0.395718 0.145916 0.031721 0.079302
0 0.429025 0.145916 0.031721 0.079302
0 0.464711 0.145916 0.031721 0.079302
0 0.517843 0.145916 0.031721 0.079302
0 0.547978 0.145916 0.031721 0.079302
0 0.580492 0.145916 0.031721 0.079302
0 0.612213 0.145916 0.031721 0.079302
0 0.645519 0.145916 0.031721 0.079302
0 0.694687 0.145916 0.031721 0.079302
0 0.731166 0.145916 0.031721 0.079302
0 0.771610 0.145916 0.031721 0.079302
0 0.854084 0.210944 0.079302 0.031721
0 0.854084 0.249802 0.079302 0.031721
0 0.854084 0.287867 0.079302 0.031721
0 0.854084 0.333069 0.079302 0.031721
0 0.854084 0.367962 0.079302 0.031721
0 0.854084 0.411578 0.079302 0.031721
0 0.854084 0.443299 0.079302 0.031721
0 0.854084 0.471848 0.079302 0.031721
0 0.854084 0.522601 0.079302 0.031721
0 0.854084 0.566217 0.079302 0.031721
0 0.854084 0.597938 0.079302 0.031721
0 0.854084 0.632831 0.079302 0.031721
0 0.854084 0.668517 0.079302 0.031721
0 0.854084 0.716891 0.079302 0.031721
0 0.854084 0.754956 0.079302 0.031721
0 0.854084 0.795400 0.079302 0.031721
0 0.781126 0.854084 0.031721 0.079302
0 0.739889 0.854084 0.031721 0.079302
0 0.700238 0.854084 0.031721 0.079302
0 0.662966 0.854084 0.031721 0.079302
0 0.630452 0.854084 0.031721 0.079302
0 0.595559 0.854084 0.031721 0.079302
0 0.562252 0.854084 0.031721 0.079302
0 0.524187 0.854084 0.031721 0.079302
0 0.479778 0.854084 0.031721 0.079302
0 0.445678 0.854084 0.031721 0.079302
0 0.413957 0.854084 0.031721 0.079302
0 0.365583 0.854084 0.031721 0.079302
0 0.328311 0.854084 0.031721 0.079302
0 0.290246 0.854084 0.031721 0.079302
0 0.261697 0.854084 0.031721 0.079302
0 0.211737 0.854084 0.031721 0.079302
0 0.145916 0.792228 0.079302 0.031721
0 0.145916 0.753370 0.079302 0.031721
0 0.145916 0.701824 0.079302 0.031721
0 0.145916 0.662966 0.079302 0.031721
0 0.145916 0.625694 0.079302 0.031721
0 0.145916 0.590801 0.079302 0.031721
0 0.145916 0.550357 0.079302 0.031721
0 0.145916 0.515464 0.079302 0.031721
0 0.145916 0.476606 0.079302 0.031721
0 0.145916 0.443299 0.079302 0.031721
0 0.145916 0.410785 0.079302 0.031721
0 0.145916 0.376685 0.079302 0.031721
0 0.145916 0.340206 0.079302 0.031721
0 0.145916 0.297383 0.079302 0.031721
0 0.145916 0.249009 0.079302 0.031721
0 0.145916 0.209358 0.079302 0.031721
0 0.212530 0.150674 0.031721 0.079302
0 0.251388 0.150674 0.031721 0.079302
0 0.288660 0.150674 0.031721 0.079302
0 0.325932 0.150674 0.031721 0.079302
0 0.360825 0.150674 0.031721 0.079302
0 0.394925 0.150674 0.031721 0.079302
0 0.429025 0.150674 0.031721 0.079302
0 0.463918 0.150674 0.031721 0.079302
0 0.517050 0.150674 0.031721 0.079302
0 0.546392 0.150674 0.031721 0.079302
0 0.578113 0.150674 0.031721 0.079302
0 0.609833 0.150674 0.031721 0.079302
0 0.641554 0.150674 0.031721 0.079302
0 0.689929 0.150674 0.031721 0.079302
0 0.727201 0.150674 0.031721 0.079302
0 0.765266 0.150674 0.031721 0.079302
0 0.849326 0.214116 0.079302 0.031721
0 0.849326 0.252181 0.079302 0.031721
0 0.849326 0.289453 0.079302 0.031721
0 0.849326 0.333862 0.079302 0.031721
0 0.849326 0.368755 0.079302 0.031721
0 0.849326 0.412371 0.079302 0.031721
0 0.849326 0.443299 0.079302 0.031721
0 0.849326 0.471848 0.079302 0.031721
0 0.849326 0.523394 0.079302 0.031721
0 0.849326 0.567803 0.079302 0.031721
0 0.849326 0.597938 0.079302 0.031721
0 0.849326 0.632038 0.079302 0.031721
0 0.849326 0.666931 0.079302 0.031721
0 0.849326 0.716098 0.079302 0.031721
0 0.849326 0.754163 0.079302 0.031721
0 0.849326 0.793021 0.079302 0.031721
0 0.775575 0.849326 0.031721 0.079302
0 0.735924 0.849326 0.031721 0.079302
0 0.697066 0.849326 0.031721 0.079302
0 0.660587 0.849326 0.031721 0.079302
0 0.628866 0.849326 0.031721 0.079302
0 0.594766 0.849326 0.031721 0.079302
0 0.562252 0.849326 0.031721 0.079302
0 0.522601 0.849326 0.031721 0.079302
0 0.480571 0.849326 0.031721 0.079302
0 0.445678 0.849326 0.031721 0.079302
0 0.414750 0.849326 0.031721 0.079302
0 0.366376 0.849326 0.031721 0.079302
0 0.329104 0.849326 0.031721 0.079302
0 0.292625 0.849326 0.031721 0.079302
0 0.251388 0.849326 0.031721 0.079302
0 0.214909 0.849326 0.031721 0.079302
0 0.150674 0.789056 0.079302 0.031721
0 0.150674 0.751784 0.079302 0.031721
0 0.150674 0.697859 0.079302 0.031721
0 0.150674 0.660587 0.079302 0.031721
0 0.150674 0.624108 0.079302 0.031721
0 0.150674 0.590008 0.079302 0.031721
0 0.150674 0.549564 0.079302 0.031721
0 0.150674 0.514671 0.079302 0.031721
0 0.150674 0.476606 0.079302 0.031721
0 0.150674 0.444092 0.079302 0.031721
0 0.150674 0.411578 0.079302 0.031721
0 0.150674 0.378271 0.079302 0.031721
0 0.150674 0.341792 0.079302 0.031721
0 0.150674 0.299762 0.079302 0.031721
0 0.150674 0.251388 0.079302 0.031721
0 0.150674 0.213323 0.079302 0.031721
0 0.215702 0.155432 0.031721 0.079302
0 0.253767 0.155432 0.031721 0.079302
0 0.290246 0.155432 0.031721 0.079302
0 0.326725 0.155432 0.031721 0.079302
0 0.360032 0.155432 0.031721 0.079302
0 0.394132 0.155432 0.031721 0.079302
0 0.428232 0.155432 0.031721 0.079302
0 0.463918 0.155432 0.031721 0.079302
0 0.517050 0.155432 0.031721 0.079302
0 0.545599 0.155432 0.031721 0.079302
0 0.577320 0.155432 0.031721 0.079302
0 0.606661 0.155432 0.031721 0.079302
0 0.637589 0.155432 0.031721 0.079302
0 0.685964 0.155432 0.031721 0.079302
0 0.723236 0.155432 0.031721 0.079302
0 0.758921 0.155432 0.031721 0.079302
0 0.844568 0.217288 0.079302 0.031721
0 0.844568 0.254560 0.079302 0.031721
0 0.844568 0.291832 0.079302 0.031721
0 0.844568 0.336241 0.079302 0.031721
0 0.844568 0.370341 0.079302 0.031721
0 0.844568 0.413957 0.079302 0.031721
0 0.844568 0.471055 0.079302 0.031721
0 0.844568 0.524187 0.079302 0.031721
0 0.844568 0.568596 0.079302 0.031721
0 0.844568 0.597938 0.079302 0.031721
0 0.844568 0.631245 0.079302 0.031721
0 0.844568 0.666138 0.079302 0.031721
0 0.844568 0.715305 0.079302 0.031721
0 0.844568 0.751784 0.079302 0.031721
0 0.844568 0.790642 0.079302 0.031721
0 0.770817 0.844568 0.031721 0.079302
0 0.731959 0.844568 0.031721 0.079302
0 0.693101 0.844568 0.031721 0.079302
0 0.659001 0.844568 0.031721 0.079302
0 0.628073 0.844568 0.031721 0.079302
0 0.593973 0.844568 0.031721 0.079302
0 0.563045 0.844568 0.031721 0.079302
0 0.522601 0.844568 0.031721 0.079302
0 0.480571 0.844568 0.031721 0.079302
0 0.446471 0.844568 0.031721 0.079302
0 0.415543 0.844568 0.031721 0.079302
0 0.366376 0.844568 0.031721 0.079302
0 0.329897 0.844568 0.031721 0.079302
0 0.293418 0.844568 0.031721 0.079302
0 0.253767 0.844568 0.031721 0.079302
0 0.218081 0.844568 0.031721 0.079302
0 0.155432 0.785091 0.079302 0.031721
0 0.155432 0.749405 0.079302 0.031721
0 0.155432 0.695480 0.079302 0.031721
0 0.155432 0.658208 0.079302 0.031721
0 0.155432 0.621729 0.079302 0.031721
0 0.155432 0.589215 0.079302 0.031721
0 0.155432 0.547978 0.079302 0.031721
0 0.155432 0.513878 0.079302 0.031721
0 0.155432 0.476606 0.079302 0.031721
0 0.155432 0.444092 0.079302 0.031721
0 0.155432 0.412371 0.079302 0.031721
0 0.155432 0.379857 0.079302 0.031721
0 0.155432 0.343378 0.079302 0.031721
0 0.155432 0.301348 0.079302 0.031721
0 0.155432 0.253767 0.079302 0.031721
0 0.155432 0.215702 0.079302 0.031721
0 0.219667 0.160190 0.031721 0.079302
0 0.256146 0.160190 0.031721 0.079302
0 0.291832 0.160190 0.031721 0.079302
0 0.327518 0.160190 0.031721 0.079302
0 0.360825 0.160190 0.031721 0.079302
0 0.393339 0.160190 0.031721 0.079302
0 0.428232 0.160190 0.031721 0.079302
0 0.463125 0.160190 0.031721 0.079302
0 0.517050 0.160190 0.031721 0.079302
0 0.544013 0.160190 0.031721 0.079302
0 0.574941 0.160190 0.031721 0.079302
0 0.604282 0.160190 0.031721 0.079302
0 0.633624 0.160190 0.031721 0.079302
0 0.682791 0.160190 0.031721 0.079302
0 0.717684 0.160190 0.031721 0.079302
0 0.752577 0.160190 0.031721 0.079302
0 0.839810 0.221253 0.079302 0.031721
0 0.839810 0.256939 0.079302 0.031721
0 0.839810 0.293418 0.079302 0.031721
0 0.839810 0.337034 0.079302 0.031721
0 0.839810 0.371134 0.079302 0.031721
0 0.839810 0.414750 0.079302 0.031721
0 0.839810 0.444885 0.079302 0.031721
0 0.839810 0.471055 0.079302 0.031721
0 0.839810 0.524187 0.079302 0.031721
0 0.839810 0.568596 0.079302 0.031721
0 0.839810 0.597938 0.079302 0.031721
0 0.839810 0.630452 0.079302 0.031721
0 0.839810 0.664552 0.079302 0.031721
0 0.839810 0.750198 0.079302 0.031721
0 0.839810 0.787470 0.079302 0.031721
0 0.765266 0.839810 0.031721 0.079302
0 0.727994 0.839810 0.031721 0.079302
0 0.689929 0.839810 0.031721 0.079302
0 0.656622 0.839810 0.031721 0.079302
0 0.626487 0.839810 0.031721 0.079302
0 0.593973 0.839810 0.031721 0.079302
0 0.562252 0.839810 0.031721 0.079302
0 0.521808 0.839810 0.031721 0.079302
0 0.480571 0.839810 0.031721 0.079302
0 0.446471 0.839810 0.031721 0.079302
0 0.417129 0.839810 0.031721 0.079302
0 0.367169 0.839810 0.031721 0.079302
0 0.330690 0.839810 0.031721 0.079302
0 0.295797 0.839810 0.031721 0.079302
0 0.255353 0.839810 0.031721 0.079302
0 0.221253 0.839810 0.031721 0.079302
0 0.160190 0.781919 0.079302 0.031721
0 0.160190 0.747026 0.079302 0.031721
0 0.160190 0.692308 0.079302 0.031721
0 0.160190 0.656622 0.079302 0.031721
0 0.160190 0.620143 0.079302 0.031721
0 0.160190 0.588422 0.079302 0.031721
0 0.160190 0.547185 0.079302 0.031721
0 0.160190 0.513085 0.079302 0.031721
0 0.160190 0.476606 0.079302 0.031721
0 0.160190 0.444092 0.079302 0.031721
0 0.160190 0.413164 0.079302 0.031721
0 0.160190 0.380650 0.079302 0.031721
0 0.160190 0.345757 0.079302 0.031721
0 0.160190 0.303727 0.079302 0.031721
0 0.160190 0.256146 0.079302 0.031721
0 0.160190 0.219667 0.079302 0.031721
0 0.222839 0.164948 0.031721 0.079302
0 0.258525 0.164948 0.031721 0.079302
0 0.293418 0.164948 0.031721 0.079302
0 0.328311 0.164948 0.031721 0.079302
0 0.360825 0.164948 0.031721 0.079302
0 0.392546 0.164948 0.031721 0.079302
0 0.427439 0.164948 0.031721 0.079302
0 0.462331 0.164948 0.031721 0.079302
0 0.517050 0.164948 0.031721 0.079302
0 0.544013 0.164948 0.031721 0.079302
0 0.573354 0.164948 0.031721 0.079302
0 0.601903 0.164948 0.031721 0.079302
0 0.630452 0.164948 0.031721 0.079302
0 0.678826 0.164948 0.031721 0.079302
0 0.747026 0.164948 0.031721 0.079302
0 0.835052 0.224425 0.079302 0.031721
0 0.835052 0.259318 0.079302 0.031721
0 0.835052 0.338620 0.079302 0.031721
0 0.835052 0.371134 0.079302 0.031721
0 0.835052 0.415543 0.079302 0.031721
0 0.835052 0.444092 0.079302 0.031721
0 0.835052 0.471055 0.079302 0.031721
0 0.835052 0.528152 0.079302 0.031721
0 0.835052 0.570182 0.079302 0.031721
0 0.835052 0.597938 0.079302 0.031721
0 0.835052 0.630452 0.079302 0.031721
0 0.835052 0.785884 0.079302 0.031721
0 0.760508 0.835052 0.031721 0.079302
0 0.723236 0.835052 0.031721 0.079302
0 0.686757 0.835052 0.031721 0.079302
0 0.653450 0.835052 0.031721 0.079302
0 0.625694 0.835052 0.031721 0.079302
0 0.593180 0.835052 0.031721 0.079302
0 0.563045 0.835052 0.031721 0.079302
0 0.521808 0.835052 0.031721 0.079302
0 0.480571 0.835052 0.031721 0.079302
0 0.447264 0.835052 0.031721 0.079302
0 0.418715 0.835052 0.031721 0.079302
0 0.367169 0.835052 0.031721 0.079302
0 0.331483 0.835052 0.031721 0.079302
0 0.297383 0.835052 0.031721 0.079302
0 0.258525 0.835052 0.031721 0.079302
0 0.224425 0.835052 0.031721 0.079302
0 0.164948 0.778747 0.079302 0.031721
0 0.164948 0.744647 0.079302 0.031721
0 0.164948 0.689136 0.079302 0.031721
0 0.164948 0.654243 0.079302 0.031721
0 0.164948 0.619350 0.079302 0.031721
0 0.164948 0.587629 0.079302 0.031721
0 0.164948 0.545599 0.079302 0.031721
0 0.164948 0.512292 0.079302 0.031721
0 0.164948 0.476606 0.079302 0.031721
0 0.164948 0.444885 0.079302 0.031721
0 0.164948 0.413957 0.079302 0.031721
0 0.164948 0.383029 0.079302 0.031721
0 0.164948 0.347343 0.079302 0.031721
0 0.164948 0.305313 0.079302 0.031721
0 0.164948 0.258525 0.079302 0.031721
0 0.164948 0.222839 0.079302 0.031721
0 0.206186 0.141158 0.031721 0.079302
0 0.246630 0.141158 0.031721 0.079302
0 0.284695 0.141158 0.031721 0.079302
0 0.324346 0.141158 0.031721 0.079302
0 0.360032 0.141158 0.031721 0.079302
0 0.395718 0.141158 0.031721 0.079302
0 0.429025 0.141158 0.031721 0.079302
0 0.465504 0.141158 0.031721 0.079302
0 0.518636 0.141158 0.031721 0.079302
0 0.548771 0.141158 0.031721 0.079302
0 0.582078 0.141158 0.031721 0.079302
0 0.615385 0.141158 0.031721 0.079302
0 0.649485 0.141158 0.031721 0.079302
0 0.697859 0.141158 0.031721 0.079302
0 0.736717 0.141158 0.031721 0.079302
0 0.777954 0.141158 0.031721 0.079302
0 0.858842 0.206979 0.079302 0.031721
0 0.858842 0.246630 0.079302 0.031721
0 0.858842 0.286281 0.079302 0.031721
0 0.858842 0.330690 0.079302 0.031721
0 0.858842 0.367169 0.079302 0.031721
0 0.858842 0.409992 0.079302 0.031721
0 0.858842 0.443299 0.079302 0.031721
0 0.858842 0.471848 0.079302 0.031721
0 0.858842 0.521808 0.079302 0.031721
0 0.858842 0.565424 0.079302 0.031721
0 0.858842 0.597938 0.079302 0.031721
0 0.858842 0.633624 0.079302 0.031721
0 0.858842 0.669310 0.079302 0.031721
0 0.858842 0.717684 0.079302 0.031721
0 0.858842 0.757335 0.079302 0.031721
0 0.858842 0.797780 0.079302 0.031721
0 0.786677 0.858842 0.031721 0.079302
0 0.744647 0.858842 0.031721 0.079302
0 0.703410 0.858842 0.031721 0.079302
0 0.666138 0.858842 0.031721 0.079302
0 0.632038 0.858842 0.031721 0.079302
0 0.596352 0.858842 0.031721 0.079302
0 0.562252 0.858842 0.031721 0.079302
0 0.524187 0.858842 0.031721 0.079302
0 0.479778 0.858842 0.031721 0.079302
0 0.445678 0.858842 0.031721 0.079302
0 0.413164 0.858842 0.031721 0.079302
0 0.365583 0.858842 0.031721 0.079302
0 0.327518 0.858842 0.031721 0.079302
0 0.288660 0.858842 0.031721 0.079302
0 0.247423 0.858842 0.031721 0.079302
0 0.209358 0.858842 0.031721 0.079302
0 0.141158 0.795400 0.079302 0.031721
0 0.141158 0.755749 0.079302 0.031721
0 0.141158 0.704203 0.079302 0.031721
0 0.141158 0.665345 0.079302 0.031721
0 0.141158 0.626487 0.079302 0.031721
0 0.141158 0.591594 0.079302 0.031721
0 0.141158 0.551943 0.079302 0.031721
0 0.141158 0.516257 0.079302 0.031721
0 0.141158 0.477399 0.079302 0.031721
0 0.141158 0.443299 0.079302 0.031721
0 0.141158 0.409992 0.079302 0.031721
0 0.141158 0.374306 0.079302 0.031721
0 0.141158 0.338620 0.079302 0.031721
0 0.141158 0.295004 0.079302 0.031721
0 0.141158 0.246630 0.079302 0.031721
0 0.141158 0.206186 0.079302 0.031721
1 0.239459 0.187809 0.040000 0.100000
1 0.271475 0.187000 0.040000 0.100000
1 0.302377 0.186769 0.040000 0.100000
1 0.333307 0.187185 0.040000 0.100000
1 0.361665 0.187099 0.040000 0.100000
1 0.390181 0.186100 0.040000 0.100000
1 0.426495 0.187296 0.040000 0.100000
1 0.442029 0.187019 0.040000 0.100000
1 0.461308 0.186603 0.040000 0.100000
1 0.517650 0.186361 0.040000 0.100000
1 0.540812 0.186222 0.040000 0.100000
1 0.566749 0.186361 0.040000 0.100000
1 0.591576 0.186639 0.040000 0.100000
1 0.614516 0.187027 0.040000 0.100000
1 0.665598 0.186114 0.040000 0.100000
1 0.695696 0.185837 0.040000 0.100000
1 0.720523 0.186669 0.040000 0.100000
1 0.812087 0.239622 0.100000 0.040000
1 0.812376 0.270587 0.100000 0.040000
1 0.813035 0.302314 0.100000 0.040000
1 0.813048 0.345331 0.100000 0.040000
1 0.812566 0.373841 0.100000 0.040000
1 0.812491 0.419140 0.100000 0.040000
1 0.812299 0.444375 0.100000 0.040000
1 0.813127 0.467819 0.100000 0.040000
1 0.812446 0.526787 0.100000 0.040000
1 0.812446 0.540368 0.100000 0.040000
1 0.812677 0.572673 0.100000 0.040000
1 0.813428 0.597858 0.100000 0.040000
1 0.813428 0.626291 0.100000 0.040000
1 0.812915 0.656666 0.100000 0.040000
1 0.811584 0.708594 0.100000 0.040000
1 0.812947 0.739389 0.100000 0.040000
1 0.813044 0.773293 0.100000 0.040000
1 0.738764 0.813590 0.040000 0.100000
1 0.706434 0.813863 0.040000 0.100000
1 0.671863 0.813809 0.040000 0.100000
1 0.643893 0.813347 0.040000 0.100000
1 0.619565 0.813299 0.040000 0.100000
1 0.591825 0.813781 0.040000 0.100000
1 0.565049 0.813310 0.040000 0.100000
1 0.521220 0.813033 0.040000 0.100000
1 0.448748 0.813166 0.040000 0.100000
1 0.482006 0.812726 0.040000 0.100000
1 0.424533 0.813456 0.040000 0.100000
1 0.370557 0.813321 0.040000 0.100000
1 0.337163 0.813252 0.040000 0.100000
1 0.307038 0.812253 0.040000 0.100000
1 0.269116 0.812853 0.040000 0.100000
1 0.239643 0.814008 0.040000 0.100000
1 0.187075 0.763351 0.100000 0.040000
1 0.187337 0.734169 0.100000 0.040000
1 0.187759 0.675376 0.100000 0.040000
1 0.187297 0.643822 0.100000 0.040000
1 0.187395 0.611265 0.100000 0.040000
1 0.187395 0.583429 0.100000 0.040000
1 0.188048 0.540861 0.100000 0.040000
1 0.187007 0.507343 0.100000 0.040000
1 0.187828 0.475015 0.100000 0.040000
1 0.187684 0.444780 0.100000 0.040000
1 0.187487 0.418235 0.100000 0.040000
1 0.187511 0.389621 0.100000 0.040000
1 0.187502 0.355662 0.100000 0.040000
1 0.188946 0.342274 0.100000 0.040000
1 0.186996 0.315939 0.100000 0.040000
1 0.187744 0.270108 0.100000 0.040000
1 0.187652 0.238781 0.100000 0.040000
1 0.252064 0.203086 0.040000 0.100000
1 0.281064 0.203086 0.040000 0.100000
1 0.310064 0.202846 0.040000 0.100000
1 0.337207 0.203402 0.040000 0.100000
1 0.362572 0.203402 0.040000 0.100000
1 0.387937 0.203002 0.040000 0.100000
1 0.426084 0.203002 0.040000 0.100000
1 0.442861 0.202802 0.040000 0.100000
1 0.460155 0.203342 0.040000 0.100000
1 0.518858 0.203625 0.040000 0.100000
1 0.539496 0.202793 0.040000 0.100000
1 0.562700 0.203806 0.040000 0.100000
1 0.584198 0.203944 0.040000 0.100000
1 0.656580 0.202830 0.040000 0.100000
1 0.605770 0.203310 0.040000 0.100000
1 0.682342 0.203578 0.040000 0.100000
1 0.704764 0.203462 0.040000 0.100000
1 0.796748 0.248410 0.100000 0.040000
1 0.797557 0.276150 0.100000 0.040000
1 0.797289 0.305632 0.100000 0.040000
1 0.796731 0.348758 0.100000 0.040000
1 0.797078 0.375226 0.100000 0.040000
1 0.796945 0.420204 0.100000 0.040000
1 0.797278 0.444004 0.100000 0.040000
1 0.797112 0.464642 0.100000 0.040000
1 0.797137 0.527516 0.100000 0.040000
1 0.796174 0.541386 0.100000 0.040000
1 0.796837 0.574038 0.100000 0.040000
1 0.796837 0.596645 0.100000 0.040000
1 0.797843 0.623943 0.100000 0.040000
1 0.796802 0.650411 0.100000 0.040000
1 0.796861 0.704603 0.100000 0.040000
1 0.796861 0.733124 0.100000 0.040000
1 0.795662 0.763801 0.100000 0.040000
1 0.724341 0.797350 0.040000 0.100000
1 0.693816 0.797616 0.040000 0.100000
1 0.662031 0.796738 0.040000 0.100000
1 0.638453 0.797015 0.040000 0.100000
1 0.616666 0.797327 0.040000 0.100000
1 0.591469 0.797211 0.040000 0.100000
1 0.567312 0.796911 0.040000 0.100000
1 0.520668 0.796204 0.040000 0.100000
1 0.484607 0.796620 0.040000 0.100000
1 0.453566 0.795843 0.040000 0.100000
1 0.430265 0.797008 0.040000 0.100000
1 0.373751 0.797715 0.040000 0.100000
1 0.342824 0.797311 0.040000 0.100000
1 0.313992 0.797085 0.040000 0.100000
1 0.277854 0.797779 0.040000 0.100000
1 0.252865 0.796739 0.040000 0.100000
1 0.203020 0.751465 0.100000 0.040000
1 0.202049 0.725251 0.100000 0.040000
1 0.202791 0.663131 0.100000 0.040000
1 0.202907 0.634467 0.100000 0.040000
1 0.203517 0.604818 0.100000 0.040000
1 0.203378 0.579436 0.100000 0.040000
1 0.202428 0.525462 0.100000 0.040000
1 0.203237 0.536789 0.100000 0.040000
1 0.204278 0.503155 0.100000 0.040000
1 0.202699 0.473180 0.100000 0.040000
1 0.203161 0.444284 0.100000 0.040000
1 0.202780 0.419307 0.100000 0.040000
1 0.203473 0.393879 0.100000 0.040000
1 0.202594 0.360364 0.100000 0.040000
1 0.202594 0.347120 0.100000 0.040000
1 0.202870 0.323069 0.100000 0.040000
1 0.203448 0.311164 0.100000 0.040000
1 0.203499 0.276721 0.100000 0.040000
1 0.203222 0.247733 0.100000 0.040000
1 0.266081 0.218677 0.040000 0.100000
1 0.291247 0.218277 0.040000 0.100000
1 0.317470 0.219536 0.040000 0.100000
1 0.342037 0.218537 0.040000 0.100000
1 0.364406 0.217738 0.040000 0.100000
1 0.387574 0.218737 0.040000 0.100000
1 0.426620 0.218757 0.040000 0.100000
1 0.443197 0.218557 0.040000 0.100000
1 0.466565 0.217958 0.040000 0.100000
1 0.520510 0.219370 0.040000 0.100000
1 0.539317 0.219536 0.040000 0.100000
1 0.559290 0.218704 0.040000 0.100000
1 0.578552 0.219085 0.040000 0.100000
1 0.596860 0.219224 0.040000 0.100000
1 0.649107 0.217823 0.040000 0.100000
1 0.670050 0.218933 0.040000 0.100000
1 0.690411 0.218655 0.040000 0.100000
1 0.781209 0.255035 0.100000 0.040000
1 0.781043 0.280666 0.100000 0.040000
1 0.780550 0.308774 0.100000 0.040000
1 0.780750 0.350317 0.100000 0.040000
1 0.781625 0.373848 0.100000 0.040000
1 0.780627 0.420284 0.100000 0.040000
1 0.781143 0.442572 0.100000 0.040000
1 0.780643 0.469702 0.100000 0.040000
1 0.782008 0.527295 0.100000 0.040000
1 0.782008 0.541858 0.100000 0.040000
1 0.781800 0.574845 0.100000 0.040000
1 0.780968 0.595511 0.100000 0.040000
1 0.781287 0.619686 0.100000 0.040000
1 0.781148 0.645068 0.100000 0.040000
1 0.781816 0.700193 0.100000 0.040000
1 0.781469 0.725621 0.100000 0.040000
1 0.781215 0.755256 0.100000 0.040000
1 0.713117 0.781567 0.040000 0.100000
1 0.683020 0.781567 0.040000 0.100000
1 0.654448 0.781290 0.040000 0.100000
1 0.633505 0.781290 0.040000 0.100000
1 0.613879 0.780471 0.040000 0.100000
1 0.591687 0.781165 0.040000 0.100000
1 0.569773 0.781858 0.040000 0.100000
1 0.521756 0.780610 0.040000 0.100000
1 0.487206 0.780846 0.040000 0.100000
1 0.457173 0.781481 0.040000 0.100000
1 0.436923 0.781342 0.040000 0.100000
1 0.349370 0.781396 0.040000 0.100000
1 0.378612 0.782205 0.040000 0.100000
1 0.322870 0.780293 0.040000 0.100000
1 0.288084 0.781292 0.040000 0.100000
1 0.266988 0.780729 0.040000 0.100000
1 0.219727 0.739871 0.100000 0.040000
1 0.218966 0.715782 0.100000 0.040000
1 0.219058 0.650393 0.100000 0.040000
1 0.219561 0.624294 0.100000 0.040000
1 0.219195 0.597966 0.100000 0.040000
1 0.218725 0.574440 0.100000 0.040000
1 0.219467 0.531454 0.100000 0.040000
1 0.219525 0.518874 0.100000 0.040000
1 0.219872 0.499919 0.100000 0.040000
1 0.219201 0.471255 0.100000 0.040000
1 0.219305 0.442459 0.100000 0.040000
1 0.218496 0.420291 0.100000 0.040000
1 0.218774 0.397406 0.100000 0.040000
1 0.218721 0.329446 0.100000 0.040000
1 0.218027 0.365854 0.100000 0.040000
1 0.218143 0.350597 0.100000 0.040000
1 0.218027 0.316154 0.100000 0.040000
1 0.218272 0.282349 0.100000 0.040000
1 0.219428 0.256535 0.100000 0.040000
1 0.281322 0.235721 0.040000 0.100000
1 0.302652 0.235242 0.040000 0.100000
1 0.325661 0.234762 0.040000 0.100000
1 0.346512 0.235242 0.040000 0.100000
1 0.367679 0.235652 0.040000 0.100000
1 0.386542 0.235375 0.040000 0.100000
1 0.427998 0.234834 0.040000 0.100000
1 0.443810 0.235528 0.040000 0.100000
1 0.458789 0.236082 0.040000 0.100000
1 0.522855 0.234904 0.040000 0.100000
1 0.538528 0.235458 0.040000 0.100000
1 0.555865 0.234626 0.040000 0.100000
1 0.572925 0.234765 0.040000 0.100000
1 0.588875 0.234765 0.040000 0.100000
1 0.640985 0.234070 0.040000 0.100000
1 0.660958 0.234270 0.040000 0.100000
1 0.677335 0.235069 0.040000 0.100000
1 0.765190 0.262932 0.100000 0.040000
1 0.766023 0.285401 0.100000 0.040000
1 0.765190 0.310643 0.100000 0.040000
1 0.765593 0.351407 0.100000 0.040000
1 0.765376 0.372766 0.100000 0.040000
1 0.765876 0.420700 0.100000 0.040000
1 0.764711 0.440173 0.100000 0.040000
1 0.764045 0.457816 0.100000 0.040000
1 0.765305 0.526395 0.100000 0.040000
1 0.765189 0.541859 0.100000 0.040000
1 0.765387 0.574572 0.100000 0.040000
1 0.765483 0.594318 0.100000 0.040000
1 0.765872 0.615504 0.100000 0.040000
1 0.764346 0.637140 0.100000 0.040000
1 0.765747 0.694769 0.100000 0.040000
1 0.765470 0.717238 0.100000 0.040000
1 0.765921 0.743584 0.100000 0.040000
1 0.700373 0.764495 0.040000 0.100000
1 0.647989 0.766550 0.040000 0.100000
1 0.672145 0.764585 0.040000 0.100000
1 0.629265 0.765278 0.040000 0.100000
1 0.613083 0.765856 0.040000 0.100000
1 0.592244 0.765290 0.040000 0.100000
1 0.572479 0.766214 0.040000 0.100000
1 0.523149 0.765313 0.040000 0.100000
1 0.490567 0.764474 0.040000 0.100000
1 0.460585 0.765214 0.040000 0.100000
1 0.442832 0.765768 0.040000 0.100000
1 0.382842 0.765241 0.040000 0.100000
1 0.356590 0.765969 0.040000 0.100000
1 0.331933 0.765198 0.040000 0.100000
1 0.298328 0.766017 0.040000 0.100000
1 0.280509 0.764283 0.040000 0.100000
1 0.234461 0.728000 0.100000 0.040000
1 0.234394 0.705876 0.100000 0.040000
1 0.234963 0.638009 0.100000 0.040000
1 0.234674 0.614700 0.100000 0.040000
1 0.235155 0.590100 0.100000 0.040000
1 0.234346 0.569411 0.100000 0.040000
1 0.234386 0.527679 0.100000 0.040000
1 0.235079 0.513001 0.100000 0.040000
1 0.234963 0.495779 0.100000 0.040000
1 0.235160 0.468259 0.100000 0.040000
1 0.235010 0.440739 0.100000 0.040000
1 0.235125 0.420628 0.100000 0.040000
1 0.235405 0.400130 0.100000 0.040000
1 0.234634 0.371234 0.100000 0.040000
1 0.234952 0.355251 0.100000 0.040000
1 0.234952 0.336084 0.100000 0.040000
1 0.235722 0.321540 0.100000 0.040000
1 0.234925 0.287894 0.100000 0.040000
1 0.235480 0.264454 0.100000 0.040000
1 0.295087 0.250614 0.040000 0.100000
1 0.314561 0.250947 0.040000 0.100000
1 0.333534 0.250614 0.040000 0.100000
1 0.351676 0.251113 0.040000 0.100000
1 0.370051 0.251213 0.040000 0.100000
1 0.386428 0.250414 0.040000 0.100000
1 0.427476 0.250326 0.040000 0.100000
1 0.444786 0.249826 0.040000 0.100000
1 0.465757 0.249327 0.040000 0.100000
1 0.523128 0.250056 0.040000 0.100000
1 0.537774 0.249890 0.040000 0.100000
1 0.553419 0.249557 0.040000 0.100000
1 0.567234 0.250056 0.040000 0.100000
1 0.581547 0.249390 0.040000 0.100000
1 0.635303 0.249999 0.040000 0.100000
1 0.650948 0.250332 0.040000 0.100000
1 0.666094 0.249666 0.040000 0.100000
1 0.749589 0.269329 0.100000 0.040000
1 0.749089 0.289135 0.100000 0.040000
1 0.749755 0.311272 0.100000 0.040000
1 0.748933 0.351879 0.100000 0.040000
1 0.748767 0.371019 0.100000 0.040000
1 0.749814 0.420059 0.100000 0.040000
1 0.749814 0.437742 0.100000 0.040000
1 0.749236 0.453462 0.100000 0.040000
1 0.749484 0.525992 0.100000 0.040000
1 0.749484 0.541942 0.100000 0.040000
1 0.749800 0.575052 0.100000 0.040000
1 0.749467 0.592528 0.100000 0.040000
1 0.749467 0.611169 0.100000 0.040000
1 0.749134 0.630975 0.100000 0.040000
1 0.750161 0.689589 0.100000 0.040000
1 0.749606 0.709007 0.100000 0.040000
1 0.749051 0.731337 0.100000 0.040000
1 0.689675 0.749559 0.040000 0.100000
1 0.663600 0.750114 0.040000 0.100000
1 0.640992 0.749837 0.040000 0.100000
1 0.624626 0.750114 0.040000 0.100000
1 0.610687 0.750350 0.040000 0.100000
1 0.592379 0.749934 0.040000 0.100000
1 0.575735 0.750766 0.040000 0.100000
1 0.524278 0.750988 0.040000 0.100000
1 0.494444 0.749920 0.040000 0.100000
1 0.464902 0.750197 0.040000 0.100000
1 0.450422 0.749920 0.040000 0.100000
1 0.387532 0.750186 0.040000 0.100000
1 0.363491 0.750186 0.040000 0.100000
1 0.341346 0.749284 0.040000 0.100000
1 0.310000 0.749118 0.040000 0.100000
1 0.293190 0.749451 0.040000 0.100000
1 0.250230 0.716299 0.100000 0.040000
1 0.249952 0.694524 0.100000 0.040000
1 0.251060 0.624835 0.100000 0.040000
1 0.250675 0.604319 0.100000 0.040000
1 0.250193 0.582744 0.100000 0.040000
1 0.250251 0.563403 0.100000 0.040000
1 0.250378 0.522129 0.100000 0.040000
1 0.250378 0.505832 0.100000 0.040000
1 0.251777 0.484530 0.100000 0.040000
1 0.250621 0.465691 0.100000 0.040000
1 0.250736 0.438876 0.100000 0.040000
1 0.250112 0.421122 0.100000 0.040000
1 0.250528 0.402676 0.100000 0.040000
1 0.250286 0.375613 0.100000 0.040000
1 0.251210 0.358970 0.100000 0.040000
1 0.251210 0.341517 0.100000 0.040000
1 0.250748 0.326376 0.100000 0.040000
1 0.250465 0.292506 0.100000 0.040000
1 0.250798 0.272367 0.100000 0.040000
