0 0.205813 0.139827 0.031422 0.078555
0 0.247447 0.139827 0.031422 0.078555
0 0.285939 0.139827 0.031422 0.078555
0 0.325216 0.139827 0.031422 0.078555
0 0.361351 0.139827 0.031422 0.078555
0 0.396701 0.139827 0.031422 0.078555
0 0.430479 0.139827 0.031422 0.078555
0 0.465829 0.139827 0.031422 0.078555
0 0.519246 0.139827 0.031422 0.078555
0 0.549882 0.139827 0.031422 0.078555
0 0.582875 0.139827 0.031422 0.078555
0 0.616654 0.139827 0.031422 0.078555
0 0.652003 0.139827 0.031422 0.078555
0 0.700707 0.139827 0.031422 0.078555
0 0.739984 0.139827 0.031422 0.078555
0 0.780833 0.139827 0.031422 0.078555
0 0.860173 0.207384 0.078555 0.031422
0 0.860173 0.287510 0.078555 0.031422
0 0.860173 0.331500 0.078555 0.031422
0 0.860173 0.368421 0.078555 0.031422
0 0.860173 0.412412 0.078555 0.031422
0 0.860173 0.445405 0.078555 0.031422
0 0.860173 0.474470 0.078555 0.031422
0 0.860173 0.523174 0.078555 0.031422
0 0.860173 0.566379 0.078555 0.031422
0 0.860173 0.598586 0.078555 0.031422
0 0.860173 0.633936 0.078555 0.031422
0 0.860173 0.670856 0.078555 0.031422
0 0.860173 0.717203 0.078555 0.031422
0 0.860173 0.757266 0.078555 0.031422
0 0.860173 0.798115 0.078555 0.031422
0 0.788688 0.860173 0.031422 0.078555
0 0.746269 0.860173 0.031422 0.078555
0 0.705420 0.860173 0.031422 0.078555
0 0.667714 0.860173 0.031422 0.078555
0 0.632364 0.860173 0.031422 0.078555
0 0.597015 0.860173 0.031422 0.078555
0 0.562451 0.860173 0.031422 0.078555
0 0.525530 0.860173 0.031422 0.078555
0 0.481540 0.860173 0.031422 0.078555
0 0.446976 0.860173 0.031422 0.078555
0 0.413983 0.860173 0.031422 0.078555
0 0.367636 0.860173 0.031422 0.078555
0 0.330715 0.860173 0.031422 0.078555
0 0.290652 0.860173 0.031422 0.078555
0 0.249804 0.860173 0.031422 0.078555
0 0.209741 0.860173 0.031422 0.078555
0 0.139827 0.795758 0.078555 0.031422
0 0.139827 0.754910 0.078555 0.031422
0 0.139827 0.705420 0.078555 0.031422
0 0.139827 0.664572 0.078555 0.031422
0 0.139827 0.626866 0.078555 0.031422
0 0.139827 0.590731 0.078555 0.031422
0 0.139827 0.551453 0.078555 0.031422
0 0.139827 0.516889 0.078555 0.031422
0 0.139827 0.476826 0.078555 0.031422
0 0.139827 0.442262 0.078555 0.031422
0 0.139827 0.409269 0.078555 0.031422
0 0.139827 0.373134 0.078555 0.031422
0 0.139827 0.337785 0.078555 0.031422
0 0.139827 0.293009 0.078555 0.031422
0 0.139827 0.245090 0.078555 0.031422
0 0.139827 0.204242 0.078555 0.031422
0 0.212883 0.149254 0.031422 0.078555
0 0.251375 0.149254 0.031422 0.078555
0 0.289081 0.149254 0.031422 0.078555
0 0.327573 0.149254 0.031422 0.078555
0 0.361351 0.149254 0.031422 0.078555
0 0.395130 0.149254 0.031422 0.078555
0 0.430479 0.149254 0.031422 0.078555
0 0.464258 0.149254 0.031422 0.078555
0 0.518460 0.149254 0.031422 0.078555
0 0.548311 0.149254 0.031422 0.078555
0 0.578947 0.149254 0.031422 0.078555
0 0.611155 0.149254 0.031422 0.078555
0 0.642577 0.149254 0.031422 0.078555
0 0.692852 0.149254 0.031422 0.078555
0 0.729772 0.149254 0.031422 0.078555
0 0.769049 0.149254 0.031422 0.078555
0 0.850746 0.214454 0.078555 0.031422
0 0.850746 0.253731 0.078555 0.031422
0 0.850746 0.291438 0.078555 0.031422
0 0.850746 0.334643 0.078555 0.031422
0 0.850746 0.369992 0.078555 0.031422
0 0.850746 0.414768 0.078555 0.031422
0 0.850746 0.446976 0.078555 0.031422
0 0.850746 0.474470 0.078555 0.031422
0 0.850746 0.524745 0.078555 0.031422
0 0.850746 0.568735 0.078555 0.031422
0 0.850746 0.599372 0.078555 0.031422
0 0.850746 0.633150 0.078555 0.031422
0 0.850746 0.668500 0.078555 0.031422
0 0.850746 0.715632 0.078555 0.031422
0 0.850746 0.754124 0.078555 0.031422
0 0.850746 0.793401 0.078555 0.031422
0 0.779262 0.850746 0.031422 0.078555
0 0.737628 0.850746 0.031422 0.078555
0 0.699136 0.850746 0.031422 0.078555
0 0.663786 0.850746 0.031422 0.078555
0 0.630008 0.850746 0.031422 0.078555
0 0.596229 0.850746 0.031422 0.078555
0 0.563236 0.850746 0.031422 0.078555
0 0.524745 0.850746 0.031422 0.078555
0 0.481540 0.850746 0.031422 0.078555
0 0.447761 0.850746 0.031422 0.078555
0 0.416339 0.850746 0.031422 0.078555
0 0.369207 0.850746 0.031422 0.078555
0 0.332286 0.850746 0.031422 0.078555
0 0.294580 0.850746 0.031422 0.078555
0 0.254517 0.850746 0.031422 0.078555
0 0.216811 0.850746 0.031422 0.078555
0 0.149254 0.789474 0.078555 0.031422
0 0.149254 0.750196 0.078555 0.031422
0 0.149254 0.700707 0.078555 0.031422
0 0.149254 0.659859 0.078555 0.031422
0 0.149254 0.624509 0.078555 0.031422
0 0.149254 0.589159 0.078555 0.031422
0 0.149254 0.549097 0.078555 0.031422
0 0.149254 0.515318 0.078555 0.031422
0 0.149254 0.476041 0.078555 0.031422
0 0.149254 0.443048 0.078555 0.031422
0 0.149254 0.410841 0.078555 0.031422
0 0.149254 0.376277 0.078555 0.031422
0 0.149254 0.340927 0.078555 0.031422
0 0.149254 0.291438 0.078555 0.031422
0 0.149254 0.250589 0.078555 0.031422
0 0.149254 0.211312 0.078555 0.031422
0 0.216025 0.153967 0.031422 0.078555
0 0.254517 0.153967 0.031422 0.078555
0 0.290652 0.153967 0.031422 0.078555
0 0.328358 0.153967 0.031422 0.078555
0 0.361351 0.153967 0.031422 0.078555
0 0.394344 0.153967 0.031422 0.078555
0 0.429694 0.153967 0.031422 0.078555
0 0.463472 0.153967 0.031422 0.078555
0 0.518460 0.153967 0.031422 0.078555
0 0.547526 0.153967 0.031422 0.078555
0 0.577376 0.153967 0.031422 0.078555
0 0.608013 0.153967 0.031422 0.078555
0 0.639434 0.153967 0.031422 0.078555
0 0.689709 0.153967 0.031422 0.078555
0 0.725059 0.153967 0.031422 0.078555
0 0.762765 0.153967 0.031422 0.078555
0 0.846033 0.218382 0.078555 0.031422
0 0.846033 0.256088 0.078555 0.031422
0 0.846033 0.293794 0.078555 0.031422
0 0.846033 0.336999 0.078555 0.031422
0 0.846033 0.370778 0.078555 0.031422
0 0.846033 0.416339 0.078555 0.031422
0 0.846033 0.446976 0.078555 0.031422
0 0.846033 0.474470 0.078555 0.031422
0 0.846033 0.524745 0.078555 0.031422
0 0.846033 0.568735 0.078555 0.031422
0 0.846033 0.598586 0.078555 0.031422
0 0.846033 0.633150 0.078555 0.031422
0 0.846033 0.666929 0.078555 0.031422
0 0.846033 0.715632 0.078555 0.031422
0 0.846033 0.752553 0.078555 0.031422
0 0.846033 0.791045 0.078555 0.031422
0 0.774548 0.846033 0.031422 0.078555
0 0.733700 0.846033 0.031422 0.078555
0 0.695994 0.846033 0.031422 0.078555
0 0.628437 0.846033 0.031422 0.078555
0 0.595444 0.846033 0.031422 0.078555
0 0.563236 0.846033 0.031422 0.078555
0 0.525530 0.846033 0.031422 0.078555
0 0.481540 0.846033 0.031422 0.078555
0 0.448547 0.846033 0.031422 0.078555
0 0.417125 0.846033 0.031422 0.078555
0 0.369207 0.846033 0.031422 0.078555
0 0.333071 0.846033 0.031422 0.078555
0 0.296151 0.846033 0.031422 0.078555
0 0.256874 0.846033 0.031422 0.078555
0 0.219953 0.846033 0.031422 0.078555
0 0.153967 0.786332 0.078555 0.031422
0 0.153967 0.747840 0.078555 0.031422
0 0.153967 0.696779 0.078555 0.031422
0 0.153967 0.622938 0.078555 0.031422
0 0.153967 0.588374 0.078555 0.031422
0 0.153967 0.548311 0.078555 0.031422
0 0.153967 0.514533 0.078555 0.031422
0 0.153967 0.476041 0.078555 0.031422
0 0.153967 0.443048 0.078555 0.031422
0 0.153967 0.410841 0.078555 0.031422
0 0.153967 0.377848 0.078555 0.031422
0 0.153967 0.342498 0.078555 0.031422
0 0.153967 0.300079 0.078555 0.031422
0 0.153967 0.252946 0.078555 0.031422
0 0.153967 0.215240 0.078555 0.031422
0 0.219953 0.158680 0.031422 0.078555
0 0.256874 0.158680 0.031422 0.078555
0 0.293009 0.158680 0.031422 0.078555
0 0.329144 0.158680 0.031422 0.078555
0 0.361351 0.158680 0.031422 0.078555
0 0.394344 0.158680 0.031422 0.078555
0 0.429694 0.158680 0.031422 0.078555
0 0.463472 0.158680 0.031422 0.078555
0 0.518460 0.158680 0.031422 0.078555
0 0.546740 0.158680 0.031422 0.078555
0 0.575805 0.158680 0.031422 0.078555
0 0.604870 0.158680 0.031422 0.078555
0 0.635507 0.158680 0.031422 0.078555
0 0.685782 0.158680 0.031422 0.078555
0 0.720346 0.158680 0.031422 0.078555
0 0.757266 0.158680 0.031422 0.078555
0 0.841320 0.221524 0.078555 0.031422
0 0.841320 0.259230 0.078555 0.031422
0 0.841320 0.295365 0.078555 0.031422
0 0.841320 0.338570 0.078555 0.031422
0 0.841320 0.371563 0.078555 0.031422
0 0.841320 0.417910 0.078555 0.031422
0 0.841320 0.447761 0.078555 0.031422
0 0.841320 0.473684 0.078555 0.031422
0 0.841320 0.525530 0.078555 0.031422
0 0.841320 0.569521 0.078555 0.031422
0 0.841320 0.599372 0.078555 0.031422
0 0.841320 0.632364 0.078555 0.031422
0 0.841320 0.665357 0.078555 0.031422
0 0.841320 0.714061 0.078555 0.031422
0 0.841320 0.750196 0.078555 0.031422
0 0.841320 0.788688 0.078555 0.031422
0 0.769049 0.841320 0.031422 0.078555
0 0.729772 0.841320 0.031422 0.078555
0 0.692852 0.841320 0.031422 0.078555
0 0.659859 0.841320 0.031422 0.078555
0 0.627651 0.841320 0.031422 0.078555
0 0.594658 0.841320 0.031422 0.078555
0 0.563236 0.841320 0.031422 0.078555
0 0.524745 0.841320 0.031422 0.078555
0 0.482325 0.841320 0.031422 0.078555
0 0.448547 0.841320 0.031422 0.078555
0 0.418696 0.841320 0.031422 0.078555
0 0.369207 0.841320 0.031422 0.078555
0 0.334643 0.841320 0.031422 0.078555
0 0.297722 0.841320 0.031422 0.078555
0 0.259230 0.841320 0.031422 0.078555
0 0.223881 0.841320 0.031422 0.078555
0 0.158680 0.783975 0.078555 0.031422
0 0.158680 0.746269 0.078555 0.031422
0 0.158680 0.693637 0.078555 0.031422
0 0.158680 0.655931 0.078555 0.031422
0 0.158680 0.620581 0.078555 0.031422
0 0.158680 0.587588 0.078555 0.031422
0 0.158680 0.546740 0.078555 0.031422
0 0.158680 0.513747 0.078555 0.031422
0 0.158680 0.475255 0.078555 0.031422
0 0.158680 0.412412 0.078555 0.031422
0 0.158680 0.344069 0.078555 0.031422
0 0.158680 0.302435 0.078555 0.031422
0 0.158680 0.255302 0.078555 0.031422
0 0.158680 0.217596 0.078555 0.031422
0 0.222310 0.163394 0.031422 0.078555
0 0.259230 0.163394 0.031422 0.078555
0 0.294580 0.163394 0.031422 0.078555
0 0.330715 0.163394 0.031422 0.078555
0 0.362137 0.163394 0.031422 0.078555
0 0.393559 0.163394 0.031422 0.078555
0 0.428908 0.163394 0.031422 0.078555
0 0.462687 0.163394 0.031422 0.078555
0 0.517675 0.163394 0.031422 0.078555
0 0.545954 0.163394 0.031422 0.078555
0 0.574234 0.163394 0.031422 0.078555
0 0.602514 0.163394 0.031422 0.078555
0 0.631579 0.163394 0.031422 0.078555
0 0.682639 0.163394 0.031422 0.078555
0 0.716418 0.163394 0.031422 0.078555
0 0.751767 0.163394 0.031422 0.078555
0 0.836606 0.225452 0.078555 0.031422
0 0.836606 0.261587 0.078555 0.031422
0 0.836606 0.296936 0.078555 0.031422
0 0.836606 0.340141 0.078555 0.031422
0 0.836606 0.372349 0.078555 0.031422
0 0.836606 0.418696 0.078555 0.031422
0 0.836606 0.447761 0.078555 0.031422
0 0.836606 0.473684 0.078555 0.031422
0 0.836606 0.526316 0.078555 0.031422
0 0.836606 0.571092 0.078555 0.031422
0 0.836606 0.599372 0.078555 0.031422
0 0.836606 0.631579 0.078555 0.031422
0 0.836606 0.664572 0.078555 0.031422
0 0.836606 0.713276 0.078555 0.031422
0 0.836606 0.748625 0.078555 0.031422
0 0.836606 0.786332 0.078555 0.031422
0 0.764336 0.836606 0.031422 0.078555
0 0.658288 0.836606 0.031422 0.078555
0 0.626080 0.836606 0.031422 0.078555
0 0.594658 0.836606 0.031422 0.078555
0 0.563236 0.836606 0.031422 0.078555
0 0.524745 0.836606 0.031422 0.078555
0 0.482325 0.836606 0.031422 0.078555
0 0.449332 0.836606 0.031422 0.078555
0 0.419482 0.836606 0.031422 0.078555
0 0.369992 0.836606 0.031422 0.078555
0 0.336214 0.836606 0.031422 0.078555
0 0.299293 0.836606 0.031422 0.078555
0 0.261587 0.836606 0.031422 0.078555
0 0.227023 0.836606 0.031422 0.078555
0 0.163394 0.780833 0.078555 0.031422
0 0.163394 0.743912 0.078555 0.031422
0 0.163394 0.691280 0.078555 0.031422
0 0.163394 0.654360 0.078555 0.031422
0 0.163394 0.619796 0.078555 0.031422
0 0.163394 0.586803 0.078555 0.031422
0 0.163394 0.545954 0.078555 0.031422
0 0.163394 0.512962 0.078555 0.031422
0 0.163394 0.475255 0.078555 0.031422
0 0.163394 0.443048 0.078555 0.031422
0 0.163394 0.412412 0.078555 0.031422
0 0.163394 0.380990 0.078555 0.031422
0 0.163394 0.345640 0.078555 0.031422
0 0.163394 0.304792 0.078555 0.031422
0 0.163394 0.257659 0.078555 0.031422
0 0.163394 0.221524 0.078555 0.031422
0 0.226237 0.168107 0.031422 0.078555
0 0.262372 0.168107 0.031422 0.078555
0 0.296151 0.168107 0.031422 0.078555
0 0.330715 0.168107 0.031422 0.078555
0 0.362137 0.168107 0.031422 0.078555
0 0.392773 0.168107 0.031422 0.078555
0 0.428908 0.168107 0.031422 0.078555
0 0.462687 0.168107 0.031422 0.078555
0 0.518460 0.168107 0.031422 0.078555
0 0.545169 0.168107 0.031422 0.078555
0 0.600157 0.168107 0.031422 0.078555
0 0.628437 0.168107 0.031422 0.078555
0 0.679497 0.168107 0.031422 0.078555
0 0.712490 0.168107 0.031422 0.078555
0 0.831893 0.228594 0.078555 0.031422
0 0.831893 0.263943 0.078555 0.031422
0 0.831893 0.298507 0.078555 0.031422
0 0.831893 0.341712 0.078555 0.031422
0 0.831893 0.373134 0.078555 0.031422
0 0.831893 0.419482 0.078555 0.031422
0 0.831893 0.448547 0.078555 0.031422
0 0.831893 0.472899 0.078555 0.031422
0 0.831893 0.527101 0.078555 0.031422
0 0.831893 0.571877 0.078555 0.031422
0 0.831893 0.599372 0.078555 0.031422
0 0.831893 0.630793 0.078555 0.031422
0 0.831893 0.663786 0.078555 0.031422
0 0.831893 0.712490 0.078555 0.031422
0 0.831893 0.747840 0.078555 0.031422
0 0.831893 0.783975 0.078555 0.031422
0 0.758837 0.831893 0.031422 0.078555
0 0.721131 0.831893 0.031422 0.078555
0 0.685782 0.831893 0.031422 0.078555
0 0.655931 0.831893 0.031422 0.078555
0 0.625295 0.831893 0.031422 0.078555
0 0.594658 0.831893 0.031422 0.078555
0 0.564022 0.831893 0.031422 0.078555
0 0.523959 0.831893 0.031422 0.078555
0 0.482325 0.831893 0.031422 0.078555
0 0.449332 0.831893 0.031422 0.078555
0 0.421053 0.831893 0.031422 0.078555
0 0.370778 0.831893 0.031422 0.078555
0 0.336999 0.831893 0.031422 0.078555
0 0.300864 0.831893 0.031422 0.078555
0 0.263158 0.831893 0.031422 0.078555
0 0.230951 0.831893 0.031422 0.078555
0 0.168107 0.777690 0.078555 0.031422
0 0.168107 0.741555 0.078555 0.031422
0 0.168107 0.688924 0.078555 0.031422
0 0.168107 0.652003 0.078555 0.031422
0 0.168107 0.618225 0.078555 0.031422
0 0.168107 0.586017 0.078555 0.031422
0 0.168107 0.544383 0.078555 0.031422
0 0.168107 0.512176 0.078555 0.031422
0 0.168107 0.474470 0.078555 0.031422
0 0.168107 0.443833 0.078555 0.031422
0 0.168107 0.413983 0.078555 0.031422
0 0.168107 0.382561 0.078555 0.031422
0 0.168107 0.347997 0.078555 0.031422
0 0.168107 0.307148 0.078555 0.031422
0 0.168107 0.260016 0.078555 0.031422
0 0.168107 0.225452 0.078555 0.031422
0 0.209741 0.144540 0.031422 0.078555
0 0.249804 0.144540 0.031422 0.078555
0 0.287510 0.144540 0.031422 0.078555
0 0.326787 0.144540 0.031422 0.078555
0 0.361351 0.144540 0.031422 0.078555
0 0.395915 0.144540 0.031422 0.078555
0 0.430479 0.144540 0.031422 0.078555
0 0.465043 0.144540 0.031422 0.078555
0 0.518460 0.144540 0.031422 0.078555
0 0.549097 0.144540 0.031422 0.078555
0 0.581304 0.144540 0.031422 0.078555
0 0.613511 0.144540 0.031422 0.078555
0 0.647290 0.144540 0.031422 0.078555
0 0.696779 0.144540 0.031422 0.078555
0 0.734485 0.144540 0.031422 0.078555
0 0.774548 0.144540 0.031422 0.078555
0 0.855460 0.211312 0.078555 0.031422
0 0.855460 0.251375 0.078555 0.031422
0 0.855460 0.289866 0.078555 0.031422
0 0.855460 0.333071 0.078555 0.031422
0 0.855460 0.369207 0.078555 0.031422
0 0.855460 0.413983 0.078555 0.031422
0 0.855460 0.446190 0.078555 0.031422
0 0.855460 0.474470 0.078555 0.031422
0 0.855460 0.523959 0.078555 0.031422
0 0.855460 0.567164 0.078555 0.031422
0 0.855460 0.598586 0.078555 0.031422
0 0.855460 0.633936 0.078555 0.031422
0 0.855460 0.669285 0.078555 0.031422
0 0.855460 0.716418 0.078555 0.031422
0 0.855460 0.755695 0.078555 0.031422
0 0.855460 0.795758 0.078555 0.031422
0 0.783975 0.855460 0.031422 0.078555
0 0.742341 0.855460 0.031422 0.078555
0 0.702278 0.855460 0.031422 0.078555
0 0.666143 0.855460 0.031422 0.078555
0 0.631579 0.855460 0.031422 0.078555
0 0.597015 0.855460 0.031422 0.078555
0 0.563236 0.855460 0.031422 0.078555
0 0.525530 0.855460 0.031422 0.078555
0 0.481540 0.855460 0.031422 0.078555
0 0.446976 0.855460 0.031422 0.078555
0 0.415554 0.855460 0.031422 0.078555
0 0.367636 0.855460 0.031422 0.078555
0 0.331500 0.855460 0.031422 0.078555
0 0.292223 0.855460 0.031422 0.078555
0 0.252160 0.855460 0.031422 0.078555
0 0.212883 0.855460 0.031422 0.078555
0 0.144540 0.792616 0.078555 0.031422
0 0.144540 0.752553 0.078555 0.031422
0 0.144540 0.703064 0.078555 0.031422
0 0.144540 0.662215 0.078555 0.031422
0 0.144540 0.625295 0.078555 0.031422
0 0.144540 0.589945 0.078555 0.031422
0 0.144540 0.549882 0.078555 0.031422
0 0.144540 0.516104 0.078555 0.031422
0 0.144540 0.476041 0.078555 0.031422
0 0.144540 0.443048 0.078555 0.031422
0 0.144540 0.410055 0.078555 0.031422
0 0.144540 0.374705 0.078555 0.031422
0 0.144540 0.338570 0.078555 0.031422
0 0.144540 0.296151 0.078555 0.031422
0 0.144540 0.247447 0.078555 0.031422
0 0.144540 0.208170 0.078555 0.031422
1 0.241992 0.190117 0.040000 0.100000
1 0.274355 0.189539 0.040000 0.100000
1 0.303847 0.188865 0.040000 0.100000
1 0.336291 0.189663 0.040000 0.100000
1 0.362991 0.188969 0.040000 0.100000
1 0.391632 0.188669 0.040000 0.100000
1 0.428013 0.189071 0.040000 0.100000
1 0.442715 0.189487 0.040000 0.100000
1 0.460746 0.188794 0.040000 0.100000
1 0.519190 0.188119 0.040000 0.100000
1 0.542214 0.188119 0.040000 0.100000
1 0.566903 0.188119 0.040000 0.100000
1 0.590814 0.188175 0.040000 0.100000
1 0.614449 0.188508 0.040000 0.100000
1 0.667193 0.188624 0.040000 0.100000
1 0.694322 0.188291 0.040000 0.100000
1 0.722617 0.188558 0.040000 0.100000
1 0.812389 0.242303 0.100000 0.040000
1 0.811567 0.273685 0.100000 0.040000
1 0.811779 0.305162 0.100000 0.040000
1 0.811075 0.347155 0.100000 0.040000
1 0.811474 0.375316 0.100000 0.040000
1 0.812510 0.422781 0.100000 0.040000
1 0.812343 0.449578 0.100000 0.040000
1 0.811677 0.471048 0.100000 0.040000
1 0.811953 0.528252 0.100000 0.040000
1 0.811721 0.541081 0.100000 0.040000
1 0.811444 0.573930 0.100000 0.040000
1 0.811693 0.599418 0.100000 0.040000
1 0.811462 0.627389 0.100000 0.040000
1 0.811046 0.657062 0.100000 0.040000
1 0.811075 0.708403 0.100000 0.040000
1 0.812578 0.739726 0.100000 0.040000
1 0.812527 0.772939 0.100000 0.040000
1 0.737757 0.811398 0.040000 0.100000
1 0.705509 0.812438 0.040000 0.100000
1 0.673821 0.811495 0.040000 0.100000
1 0.647857 0.811329 0.040000 0.100000
1 0.621227 0.811662 0.040000 0.100000
1 0.593598 0.812161 0.040000 0.100000
1 0.566685 0.811212 0.040000 0.100000
1 0.523952 0.812563 0.040000 0.100000
1 0.484500 0.812602 0.040000 0.100000
1 0.452876 0.812348 0.040000 0.100000
1 0.428010 0.811337 0.040000 0.100000
1 0.373917 0.811684 0.040000 0.100000
1 0.343889 0.811197 0.040000 0.100000
1 0.310360 0.810860 0.040000 0.100000
1 0.275175 0.810581 0.040000 0.100000
1 0.248938 0.810138 0.040000 0.100000
1 0.189240 0.764174 0.100000 0.040000
1 0.188777 0.732389 0.100000 0.040000
1 0.189390 0.674633 0.100000 0.040000
1 0.188905 0.643079 0.100000 0.040000
1 0.188643 0.611661 0.100000 0.040000
1 0.189649 0.582209 0.100000 0.040000
1 0.189591 0.539570 0.100000 0.040000
1 0.189152 0.509195 0.100000 0.040000
1 0.188686 0.473817 0.100000 0.040000
1 0.189456 0.444248 0.100000 0.040000
1 0.188844 0.416951 0.100000 0.040000
1 0.188566 0.388518 0.100000 0.040000
1 0.188618 0.356729 0.100000 0.040000
1 0.188907 0.343630 0.100000 0.040000
1 0.188291 0.317181 0.100000 0.040000
1 0.188753 0.305276 0.100000 0.040000
1 0.188337 0.270255 0.100000 0.040000
1 0.189114 0.238798 0.100000 0.040000
1 0.254997 0.205707 0.040000 0.100000
1 0.283569 0.204181 0.040000 0.100000
1 0.310379 0.204361 0.040000 0.100000
1 0.340338 0.204084 0.040000 0.100000
1 0.365213 0.204270 0.040000 0.100000
1 0.390594 0.204409 0.040000 0.100000
1 0.427900 0.204959 0.040000 0.100000
1 0.443735 0.204612 0.040000 0.100000
1 0.467256 0.204647 0.040000 0.100000
1 0.520192 0.203884 0.040000 0.100000
1 0.541211 0.204266 0.040000 0.100000
1 0.562709 0.203573 0.040000 0.100000
1 0.583491 0.204451 0.040000 0.100000
1 0.605822 0.204035 0.040000 0.100000
1 0.659089 0.204310 0.040000 0.100000
1 0.683430 0.203778 0.040000 0.100000
1 0.708396 0.203778 0.040000 0.100000
1 0.795867 0.251552 0.100000 0.040000
1 0.795241 0.280169 0.100000 0.040000
1 0.796108 0.308506 0.100000 0.040000
1 0.795063 0.349986 0.100000 0.040000
1 0.794731 0.376449 0.100000 0.040000
1 0.795623 0.423645 0.100000 0.040000
1 0.796102 0.449290 0.100000 0.040000
1 0.796581 0.468703 0.100000 0.040000
1 0.796144 0.528579 0.100000 0.040000
1 0.796144 0.542311 0.100000 0.040000
1 0.796283 0.576014 0.100000 0.040000
1 0.794619 0.598095 0.100000 0.040000
1 0.796047 0.624542 0.100000 0.040000
1 0.796379 0.652005 0.100000 0.040000
1 0.796221 0.704569 0.100000 0.040000
1 0.795944 0.733002 0.100000 0.040000
1 0.796612 0.763976 0.100000 0.040000
1 0.725334 0.796899 0.040000 0.100000
1 0.692971 0.796032 0.040000 0.100000
1 0.664446 0.794622 0.040000 0.100000
1 0.641699 0.795038 0.040000 0.100000
1 0.618621 0.796454 0.040000 0.100000
1 0.593193 0.796840 0.040000 0.100000
1 0.568631 0.796647 0.040000 0.100000
1 0.524325 0.795795 0.040000 0.100000
1 0.487292 0.795518 0.040000 0.100000
1 0.456364 0.796150 0.040000 0.100000
1 0.433536 0.796092 0.040000 0.100000
1 0.378658 0.795353 0.040000 0.100000
1 0.349282 0.795297 0.040000 0.100000
1 0.318490 0.796296 0.040000 0.100000
1 0.283572 0.796196 0.040000 0.100000
1 0.259776 0.796524 0.040000 0.100000
1 0.204657 0.753268 0.100000 0.040000
1 0.204497 0.724693 0.100000 0.040000
1 0.203770 0.664947 0.100000 0.040000
1 0.204048 0.635127 0.100000 0.040000
1 0.204854 0.605880 0.100000 0.040000
1 0.204738 0.578949 0.100000 0.040000
1 0.204088 0.535860 0.100000 0.040000
1 0.205112 0.505388 0.100000 0.040000
1 0.203956 0.471985 0.100000 0.040000
1 0.204095 0.443967 0.100000 0.040000
1 0.205066 0.419556 0.100000 0.040000
1 0.204206 0.393703 0.100000 0.040000
1 0.203529 0.361585 0.100000 0.040000
1 0.203992 0.347369 0.100000 0.040000
1 0.203876 0.324114 0.100000 0.040000
1 0.204292 0.311076 0.100000 0.040000
1 0.204184 0.277314 0.100000 0.040000
1 0.204068 0.249112 0.100000 0.040000
1 0.268621 0.220766 0.040000 0.100000
1 0.294280 0.219934 0.040000 0.100000
1 0.318141 0.220296 0.040000 0.100000
1 0.344938 0.219963 0.040000 0.100000
1 0.366907 0.219963 0.040000 0.100000
1 0.389598 0.220343 0.040000 0.100000
1 0.428379 0.220177 0.040000 0.100000
1 0.444523 0.220010 0.040000 0.100000
1 0.459586 0.219494 0.040000 0.100000
1 0.522217 0.219877 0.040000 0.100000
1 0.540858 0.220044 0.040000 0.100000
1 0.560081 0.219528 0.040000 0.100000
1 0.578389 0.219028 0.040000 0.100000
1 0.597197 0.219195 0.040000 0.100000
1 0.650547 0.221082 0.040000 0.100000
1 0.672351 0.220250 0.040000 0.100000
1 0.692989 0.219251 0.040000 0.100000
1 0.779266 0.259785 0.100000 0.040000
1 0.780074 0.284317 0.100000 0.040000
1 0.780074 0.310947 0.100000 0.040000
1 0.779801 0.352009 0.100000 0.040000
1 0.779940 0.375588 0.100000 0.040000
1 0.780963 0.424737 0.100000 0.040000
1 0.779964 0.446707 0.100000 0.040000
1 0.779165 0.470674 0.100000 0.040000
1 0.780206 0.529603 0.100000 0.040000
1 0.779975 0.543011 0.100000 0.040000
1 0.780744 0.576759 0.100000 0.040000
1 0.779877 0.596600 0.100000 0.040000
1 0.780254 0.620487 0.100000 0.040000
1 0.779977 0.645176 0.100000 0.040000
1 0.779980 0.700708 0.100000 0.040000
1 0.779702 0.725812 0.100000 0.040000
1 0.779519 0.752986 0.100000 0.040000
1 0.712162 0.780132 0.040000 0.100000
1 0.682702 0.780132 0.040000 0.100000
1 0.656455 0.778751 0.040000 0.100000
1 0.636649 0.780082 0.040000 0.100000
1 0.616343 0.779749 0.040000 0.100000
1 0.593621 0.780019 0.040000 0.100000
1 0.571707 0.779602 0.040000 0.100000
1 0.525146 0.780338 0.040000 0.100000
1 0.490333 0.779921 0.040000 0.100000
1 0.460012 0.780139 0.040000 0.100000
1 0.439873 0.779806 0.040000 0.100000
1 0.382119 0.779307 0.040000 0.100000
1 0.355086 0.780302 0.040000 0.100000
1 0.326868 0.779957 0.040000 0.100000
1 0.293256 0.780927 0.040000 0.100000
1 0.273125 0.779579 0.040000 0.100000
1 0.220319 0.741818 0.100000 0.040000
1 0.220550 0.715465 0.100000 0.040000
1 0.220652 0.652399 0.100000 0.040000
1 0.219958 0.625630 0.100000 0.040000
1 0.219542 0.600109 0.100000 0.040000
1 0.219958 0.573673 0.100000 0.040000
1 0.220339 0.531276 0.100000 0.040000
1 0.220435 0.519429 0.100000 0.040000
1 0.220435 0.501513 0.100000 0.040000
1 0.220262 0.470422 0.100000 0.040000
1 0.220634 0.442633 0.100000 0.040000
1 0.219941 0.420210 0.100000 0.040000
1 0.219941 0.397210 0.100000 0.040000
1 0.219913 0.366197 0.100000 0.040000
1 0.220607 0.352743 0.100000 0.040000
1 0.219802 0.330995 0.100000 0.040000
1 0.218524 0.316314 0.100000 0.040000
1 0.218639 0.282679 0.100000 0.040000
1 0.220040 0.258254 0.100000 0.040000
1 0.282662 0.236988 0.040000 0.100000
1 0.305858 0.235223 0.040000 0.100000
1 0.327482 0.236266 0.040000 0.100000
1 0.369666 0.236389 0.040000 0.100000
1 0.349601 0.236066 0.040000 0.100000
1 0.389060 0.235937 0.040000 0.100000
1 0.429283 0.235383 0.040000 0.100000
1 0.445595 0.235294 0.040000 0.100000
1 0.459850 0.235294 0.040000 0.100000
1 0.524148 0.235523 0.040000 0.100000
1 0.539848 0.235331 0.040000 0.100000
1 0.557484 0.236535 0.040000 0.100000
1 0.573762 0.235283 0.040000 0.100000
1 0.589931 0.234763 0.040000 0.100000
1 0.643973 0.235623 0.040000 0.100000
1 0.662851 0.235527 0.040000 0.100000
1 0.680189 0.236297 0.040000 0.100000
1 0.763746 0.266459 0.100000 0.040000
1 0.764024 0.289205 0.100000 0.040000
1 0.764750 0.312643 0.100000 0.040000
1 0.764346 0.354234 0.100000 0.040000
1 0.764554 0.374622 0.100000 0.040000
1 0.764662 0.424741 0.100000 0.040000
1 0.763853 0.443928 0.100000 0.040000
1 0.763507 0.460918 0.100000 0.040000
1 0.764056 0.529439 0.100000 0.040000
1 0.764402 0.543656 0.100000 0.040000
1 0.763940 0.576712 0.100000 0.040000
1 0.764056 0.595205 0.100000 0.040000
1 0.764934 0.617258 0.100000 0.040000
1 0.764240 0.639311 0.100000 0.040000
1 0.764265 0.695154 0.100000 0.040000
1 0.764127 0.718040 0.100000 0.040000
1 0.764404 0.741757 0.100000 0.040000
1 0.700698 0.765165 0.040000 0.100000
1 0.672261 0.763708 0.040000 0.100000
1 0.649514 0.763430 0.040000 0.100000
1 0.632341 0.765444 0.040000 0.100000
1 0.614079 0.765444 0.040000 0.100000
1 0.593390 0.765213 0.040000 0.100000
1 0.574424 0.764413 0.040000 0.100000
1 0.526304 0.764201 0.040000 0.100000
1 0.493629 0.764583 0.040000 0.100000
1 0.463808 0.765161 0.040000 0.100000
1 0.446126 0.765521 0.040000 0.100000
1 0.386518 0.765126 0.040000 0.100000
1 0.361668 0.765030 0.040000 0.100000
1 0.336356 0.764298 0.040000 0.100000
1 0.304802 0.764552 0.040000 0.100000
1 0.285800 0.763997 0.040000 0.100000
1 0.236549 0.730580 0.100000 0.040000
1 0.236086 0.706289 0.100000 0.040000
1 0.236070 0.641881 0.100000 0.040000
1 0.236070 0.616164 0.100000 0.040000
1 0.236166 0.592855 0.100000 0.040000
1 0.235384 0.569310 0.100000 0.040000
1 0.235593 0.527003 0.100000 0.040000
1 0.235753 0.514321 0.100000 0.040000
1 0.235111 0.497545 0.100000 0.040000
1 0.235930 0.468422 0.100000 0.040000
1 0.235572 0.441503 0.100000 0.040000
1 0.235687 0.420929 0.100000 0.040000
1 0.235736 0.400566 0.100000 0.040000
1 0.235699 0.372716 0.100000 0.040000
1 0.235506 0.356631 0.100000 0.040000
1 0.235043 0.337096 0.100000 0.040000
1 0.236086 0.322568 0.100000 0.040000
1 0.235670 0.288848 0.100000 0.040000
1 0.235786 0.266540 0.100000 0.040000
1 0.298614 0.252721 0.040000 0.100000
1 0.317754 0.252998 0.040000 0.100000
1 0.336063 0.251472 0.040000 0.100000
1 0.354371 0.251472 0.040000 0.100000
1 0.371403 0.251472 0.040000 0.100000
1 0.388713 0.250806 0.040000 0.100000
1 0.429706 0.250204 0.040000 0.100000
1 0.446517 0.250703 0.040000 0.100000
1 0.459332 0.250870 0.040000 0.100000
1 0.525941 0.250304 0.040000 0.100000
1 0.540421 0.250637 0.040000 0.100000
1 0.555234 0.250637 0.040000 0.100000
1 0.569049 0.251136 0.040000 0.100000
1 0.582364 0.251469 0.040000 0.100000
1 0.638071 0.250720 0.040000 0.100000
1 0.653716 0.250886 0.040000 0.100000
1 0.668695 0.250720 0.040000 0.100000
1 0.748556 0.272870 0.100000 0.040000
1 0.749134 0.292866 0.100000 0.040000
1 0.749030 0.313220 0.100000 0.040000
1 0.747978 0.354471 0.100000 0.040000
1 0.749284 0.373438 0.100000 0.040000
1 0.748813 0.424377 0.100000 0.040000
1 0.749044 0.441599 0.100000 0.040000
1 0.748582 0.456393 0.100000 0.040000
1 0.749498 0.528416 0.100000 0.040000
1 0.749382 0.543558 0.100000 0.040000
1 0.749186 0.576603 0.100000 0.040000
1 0.748596 0.593905 0.100000 0.040000
1 0.748481 0.612630 0.100000 0.040000
1 0.748365 0.632163 0.100000 0.040000
1 0.749254 0.689588 0.100000 0.040000
1 0.749254 0.709815 0.100000 0.040000
1 0.749831 0.731968 0.100000 0.040000
1 0.689827 0.749885 0.040000 0.100000
1 0.664591 0.749596 0.040000 0.100000
1 0.642939 0.749038 0.040000 0.100000
1 0.627798 0.748460 0.040000 0.100000
1 0.612425 0.748460 0.040000 0.100000
1 0.593447 0.749800 0.040000 0.100000
1 0.578329 0.748968 0.040000 0.100000
1 0.526538 0.749329 0.040000 0.100000
1 0.496904 0.749010 0.040000 0.100000
1 0.467084 0.749703 0.040000 0.100000
1 0.452835 0.748724 0.040000 0.100000
1 0.390592 0.750794 0.040000 0.100000
1 0.343961 0.750601 0.040000 0.100000
1 0.368842 0.749298 0.040000 0.100000
1 0.313784 0.749258 0.040000 0.100000
1 0.298084 0.748584 0.040000 0.100000
1 0.251728 0.719746 0.100000 0.040000
1 0.250896 0.695335 0.100000 0.040000
1 0.251504 0.627754 0.100000 0.040000
1 0.252415 0.605190 0.100000 0.040000
1 0.251067 0.584578 0.100000 0.040000
1 0.251009 0.564062 0.100000 0.040000
1 0.251275 0.522155 0.100000 0.040000
1 0.251044 0.508632 0.100000 0.040000
1 0.251159 0.493259 0.100000 0.040000
1 0.251323 0.465779 0.100000 0.040000
1 0.251264 0.439804 0.100000 0.040000
1 0.251841 0.421657 0.100000 0.040000
1 0.252419 0.403973 0.100000 0.040000
1 0.251887 0.376826 0.100000 0.040000
1 0.251598 0.360548 0.100000 0.040000
1 0.252176 0.343307 0.100000 0.040000
1 0.252581 0.327087 0.100000 0.040000
1 0.250697 0.293441 0.100000 0.040000
1 0.251390 0.272983 0.100000 0.040000
