0 0.196761 0.126316 0.032389 0.080972
0 0.238057 0.126316 0.032389 0.080972
0 0.279352 0.126316 0.032389 0.080972
0 0.319838 0.126316 0.032389 0.080972
0 0.357895 0.126316 0.032389 0.080972
0 0.393522 0.126316 0.032389 0.080972
0 0.428340 0.126316 0.032389 0.080972
0 0.464777 0.126316 0.032389 0.080972
0 0.520648 0.126316 0.032389 0.080972
0 0.552227 0.126316 0.032389 0.080972
0 0.587045 0.126316 0.032389 0.080972
0 0.621862 0.126316 0.032389 0.080972
0 0.659919 0.126316 0.032389 0.080972
0 0.708502 0.126316 0.032389 0.080972
0 0.749798 0.126316 0.032389 0.080972
0 0.793522 0.126316 0.032389 0.080972
0 0.873684 0.195951 0.080972 0.032389
0 0.873684 0.238866 0.080972 0.032389
0 0.873684 0.280162 0.080972 0.032389
0 0.873684 0.325506 0.080972 0.032389
0 0.873684 0.363563 0.080972 0.032389
0 0.873684 0.408097 0.080972 0.032389
0 0.873684 0.442915 0.080972 0.032389
0 0.873684 0.472874 0.080972 0.032389
0 0.873684 0.523077 0.080972 0.032389
0 0.873684 0.567611 0.080972 0.032389
0 0.873684 0.601619 0.080972 0.032389
0 0.873684 0.638057 0.080972 0.032389
0 0.873684 0.676923 0.080972 0.032389
0 0.873684 0.725506 0.080972 0.032389
0 0.873684 0.765992 0.080972 0.032389
0 0.873684 0.808907 0.080972 0.032389
0 0.800810 0.873684 0.032389 0.080972
0 0.755466 0.873684 0.032389 0.080972
0 0.711741 0.873684 0.032389 0.080972
0 0.672874 0.873684 0.032389 0.080972
0 0.636437 0.873684 0.032389 0.080972
0 0.599190 0.873684 0.032389 0.080972
0 0.564372 0.873684 0.032389 0.080972
0 0.524696 0.873684 0.032389 0.080972
0 0.480162 0.873684 0.032389 0.080972
0 0.443725 0.873684 0.032389 0.080972
0 0.409717 0.873684 0.032389 0.080972
0 0.361943 0.873684 0.032389 0.080972
0 0.323077 0.873684 0.032389 0.080972
0 0.281781 0.873684 0.032389 0.080972
0 0.239676 0.873684 0.032389 0.080972
0 0.199190 0.873684 0.032389 0.080972
0 0.126316 0.808097 0.080972 0.032389
0 0.126316 0.765182 0.080972 0.032389
0 0.126316 0.714170 0.080972 0.032389
0 0.126316 0.672065 0.080972 0.032389
0 0.126316 0.632389 0.080972 0.032389
0 0.126316 0.595142 0.080972 0.032389
0 0.126316 0.554656 0.080972 0.032389
0 0.126316 0.518219 0.080972 0.032389
0 0.126316 0.477733 0.080972 0.032389
0 0.126316 0.441296 0.080972 0.032389
0 0.126316 0.406478 0.080972 0.032389
0 0.126316 0.369231 0.080972 0.032389
0 0.126316 0.331174 0.080972 0.032389
0 0.126316 0.285830 0.080972 0.032389
0 0.126316 0.236437 0.080972 0.032389
0 0.126316 0.193522 0.080972 0.032389
0 0.203239 0.136032 0.032389 0.080972
0 0.242915 0.136032 0.032389 0.080972
0 0.282591 0.136032 0.032389 0.080972
0 0.321457 0.136032 0.032389 0.080972
0 0.357085 0.136032 0.032389 0.080972
0 0.391903 0.136032 0.032389 0.080972
0 0.427530 0.136032 0.032389 0.080972
0 0.463158 0.136032 0.032389 0.080972
0 0.519838 0.136032 0.032389 0.080972
0 0.549798 0.136032 0.032389 0.080972
0 0.583806 0.136032 0.032389 0.080972
0 0.615385 0.136032 0.032389 0.080972
0 0.650202 0.136032 0.032389 0.080972
0 0.701215 0.136032 0.032389 0.080972
0 0.740081 0.136032 0.032389 0.080972
0 0.781377 0.136032 0.032389 0.080972
0 0.863968 0.204049 0.080972 0.032389
0 0.863968 0.244534 0.080972 0.032389
0 0.863968 0.284211 0.080972 0.032389
0 0.863968 0.329555 0.080972 0.032389
0 0.863968 0.365992 0.080972 0.032389
0 0.863968 0.410526 0.080972 0.032389
0 0.863968 0.443725 0.080972 0.032389
0 0.863968 0.472065 0.080972 0.032389
0 0.863968 0.524696 0.080972 0.032389
0 0.863968 0.570040 0.080972 0.032389
0 0.863968 0.601619 0.080972 0.032389
0 0.863968 0.637247 0.080972 0.032389
0 0.863968 0.674494 0.080972 0.032389
0 0.863968 0.723887 0.080972 0.032389
0 0.863968 0.762753 0.080972 0.032389
0 0.863968 0.804049 0.080972 0.032389
0 0.790283 0.863968 0.032389 0.080972
0 0.746559 0.863968 0.032389 0.080972
0 0.705263 0.863968 0.032389 0.080972
0 0.668016 0.863968 0.032389 0.080972
0 0.634008 0.863968 0.032389 0.080972
0 0.598381 0.863968 0.032389 0.080972
0 0.564372 0.863968 0.032389 0.080972
0 0.523887 0.863968 0.032389 0.080972
0 0.480972 0.863968 0.032389 0.080972
0 0.445344 0.863968 0.032389 0.080972
0 0.412955 0.863968 0.032389 0.080972
0 0.363563 0.863968 0.032389 0.080972
0 0.325506 0.863968 0.032389 0.080972
0 0.285830 0.863968 0.032389 0.080972
0 0.244534 0.863968 0.032389 0.080972
0 0.206478 0.863968 0.032389 0.080972
0 0.136032 0.802429 0.080972 0.032389
0 0.136032 0.760324 0.080972 0.032389
0 0.136032 0.707692 0.080972 0.032389
0 0.136032 0.667206 0.080972 0.032389
0 0.136032 0.629960 0.080972 0.032389
0 0.136032 0.593522 0.080972 0.032389
0 0.136032 0.552227 0.080972 0.032389
0 0.136032 0.516599 0.080972 0.032389
0 0.136032 0.477733 0.080972 0.032389
0 0.136032 0.441296 0.080972 0.032389
0 0.136032 0.408097 0.080972 0.032389
0 0.136032 0.372470 0.080972 0.032389
0 0.136032 0.335223 0.080972 0.032389
0 0.136032 0.291498 0.080972 0.032389
0 0.136032 0.241296 0.080972 0.032389
0 0.136032 0.200810 0.080972 0.032389
0 0.206478 0.140891 0.032389 0.080972
0 0.246154 0.140891 0.032389 0.080972
0 0.284211 0.140891 0.032389 0.080972
0 0.322267 0.140891 0.032389 0.080972
0 0.357895 0.140891 0.032389 0.080972
0 0.391093 0.140891 0.032389 0.080972
0 0.427530 0.140891 0.032389 0.080972
0 0.463158 0.140891 0.032389 0.080972
0 0.519838 0.140891 0.032389 0.080972
0 0.548988 0.140891 0.032389 0.080972
0 0.581377 0.140891 0.032389 0.080972
0 0.612955 0.140891 0.032389 0.080972
0 0.646964 0.140891 0.032389 0.080972
0 0.697976 0.140891 0.032389 0.080972
0 0.734413 0.140891 0.032389 0.080972
0 0.775709 0.140891 0.032389 0.080972
0 0.859109 0.208097 0.080972 0.032389
0 0.859109 0.285830 0.080972 0.032389
0 0.859109 0.331174 0.080972 0.032389
0 0.859109 0.367611 0.080972 0.032389
0 0.859109 0.412146 0.080972 0.032389
0 0.859109 0.444534 0.080972 0.032389
0 0.859109 0.472065 0.080972 0.032389
0 0.859109 0.525506 0.080972 0.032389
0 0.859109 0.570850 0.080972 0.032389
0 0.859109 0.601619 0.080972 0.032389
0 0.859109 0.636437 0.080972 0.032389
0 0.859109 0.672874 0.080972 0.032389
0 0.859109 0.723077 0.080972 0.032389
0 0.859109 0.761134 0.080972 0.032389
0 0.859109 0.801619 0.080972 0.032389
0 0.785425 0.859109 0.032389 0.080972
0 0.742510 0.859109 0.032389 0.080972
0 0.702024 0.859109 0.032389 0.080972
0 0.665587 0.859109 0.032389 0.080972
0 0.632389 0.859109 0.032389 0.080972
0 0.598381 0.859109 0.032389 0.080972
0 0.564372 0.859109 0.032389 0.080972
0 0.523887 0.859109 0.032389 0.080972
0 0.480972 0.859109 0.032389 0.080972
0 0.445344 0.859109 0.032389 0.080972
0 0.413765 0.859109 0.032389 0.080972
0 0.364372 0.859109 0.032389 0.080972
0 0.326316 0.859109 0.032389 0.080972
0 0.288259 0.859109 0.032389 0.080972
0 0.246964 0.859109 0.032389 0.080972
0 0.210526 0.859109 0.032389 0.080972
0 0.140891 0.799190 0.080972 0.032389
0 0.140891 0.757085 0.080972 0.032389
0 0.140891 0.705263 0.080972 0.032389
0 0.140891 0.664777 0.080972 0.032389
0 0.140891 0.628340 0.080972 0.032389
0 0.140891 0.592713 0.080972 0.032389
0 0.140891 0.551417 0.080972 0.032389
0 0.140891 0.515789 0.080972 0.032389
0 0.140891 0.477733 0.080972 0.032389
0 0.140891 0.442105 0.080972 0.032389
0 0.140891 0.408907 0.080972 0.032389
0 0.140891 0.374089 0.080972 0.032389
0 0.140891 0.336842 0.080972 0.032389
0 0.140891 0.293117 0.080972 0.032389
0 0.140891 0.244534 0.080972 0.032389
0 0.140891 0.204049 0.080972 0.032389
0 0.209717 0.145749 0.032389 0.080972
0 0.248583 0.145749 0.032389 0.080972
0 0.286640 0.145749 0.032389 0.080972
0 0.323887 0.145749 0.032389 0.080972
0 0.357895 0.145749 0.032389 0.080972
0 0.391093 0.145749 0.032389 0.080972
0 0.434818 0.145749 0.032389 0.080972
0 0.519838 0.145749 0.032389 0.080972
0 0.579757 0.145749 0.032389 0.080972
0 0.610526 0.145749 0.032389 0.080972
0 0.770040 0.145749 0.032389 0.080972
0 0.854251 0.211336 0.080972 0.032389
0 0.854251 0.250202 0.080972 0.032389
0 0.854251 0.288259 0.080972 0.032389
0 0.854251 0.333603 0.080972 0.032389
0 0.854251 0.368421 0.080972 0.032389
0 0.854251 0.412955 0.080972 0.032389
0 0.854251 0.445344 0.080972 0.032389
0 0.854251 0.472065 0.080972 0.032389
0 0.854251 0.526316 0.080972 0.032389
0 0.854251 0.571660 0.080972 0.032389
0 0.854251 0.601619 0.080972 0.032389
0 0.854251 0.636437 0.080972 0.032389
0 0.854251 0.672065 0.080972 0.032389
0 0.854251 0.722267 0.080972 0.032389
0 0.854251 0.758704 0.080972 0.032389
0 0.854251 0.799190 0.080972 0.032389
0 0.778947 0.854251 0.032389 0.080972
0 0.737652 0.854251 0.032389 0.080972
0 0.698785 0.854251 0.032389 0.080972
0 0.663968 0.854251 0.032389 0.080972
0 0.631579 0.854251 0.032389 0.080972
0 0.597571 0.854251 0.032389 0.080972
0 0.523887 0.854251 0.032389 0.080972
0 0.481781 0.854251 0.032389 0.080972
0 0.446154 0.854251 0.032389 0.080972
0 0.414575 0.854251 0.032389 0.080972
0 0.364372 0.854251 0.032389 0.080972
0 0.327126 0.854251 0.032389 0.080972
0 0.289879 0.854251 0.032389 0.080972
0 0.249393 0.854251 0.032389 0.080972
0 0.213765 0.854251 0.032389 0.080972
0 0.145749 0.795951 0.080972 0.032389
0 0.145749 0.755466 0.080972 0.032389
0 0.145749 0.701215 0.080972 0.032389
0 0.145749 0.663158 0.080972 0.032389
0 0.145749 0.626721 0.080972 0.032389
0 0.145749 0.591903 0.080972 0.032389
0 0.145749 0.549798 0.080972 0.032389
0 0.145749 0.514980 0.080972 0.032389
0 0.145749 0.476923 0.080972 0.032389
0 0.145749 0.442105 0.080972 0.032389
0 0.145749 0.410526 0.080972 0.032389
0 0.145749 0.376518 0.080972 0.032389
0 0.145749 0.339271 0.080972 0.032389
0 0.145749 0.295547 0.080972 0.032389
0 0.145749 0.246964 0.080972 0.032389
0 0.145749 0.208097 0.080972 0.032389
0 0.212955 0.150607 0.032389 0.080972
0 0.251012 0.150607 0.032389 0.080972
0 0.287449 0.150607 0.032389 0.080972
0 0.323887 0.150607 0.032389 0.080972
0 0.357895 0.150607 0.032389 0.080972
0 0.390283 0.150607 0.032389 0.080972
0 0.426721 0.150607 0.032389 0.080972
0 0.470445 0.150607 0.032389 0.080972
0 0.519838 0.150607 0.032389 0.080972
0 0.638866 0.150607 0.032389 0.080972
0 0.849393 0.215385 0.080972 0.032389
0 0.849393 0.252632 0.080972 0.032389
0 0.849393 0.289879 0.080972 0.032389
0 0.849393 0.334413 0.080972 0.032389
0 0.849393 0.369231 0.080972 0.032389
0 0.849393 0.413765 0.080972 0.032389
0 0.849393 0.445344 0.080972 0.032389
0 0.849393 0.472065 0.080972 0.032389
0 0.849393 0.526316 0.080972 0.032389
0 0.849393 0.572470 0.080972 0.032389
0 0.849393 0.601619 0.080972 0.032389
0 0.849393 0.635628 0.080972 0.032389
0 0.849393 0.671255 0.080972 0.032389
0 0.849393 0.721457 0.080972 0.032389
0 0.849393 0.757895 0.080972 0.032389
0 0.849393 0.796761 0.080972 0.032389
0 0.775709 0.849393 0.032389 0.080972
0 0.734413 0.849393 0.032389 0.080972
0 0.695547 0.849393 0.032389 0.080972
0 0.662348 0.849393 0.032389 0.080972
0 0.629960 0.849393 0.032389 0.080972
0 0.596761 0.849393 0.032389 0.080972
0 0.565182 0.849393 0.032389 0.080972
0 0.523887 0.849393 0.032389 0.080972
0 0.446154 0.849393 0.032389 0.080972
0 0.416194 0.849393 0.032389 0.080972
0 0.364372 0.849393 0.032389 0.080972
0 0.328745 0.849393 0.032389 0.080972
0 0.291498 0.849393 0.032389 0.080972
0 0.251822 0.849393 0.032389 0.080972
0 0.217004 0.849393 0.032389 0.080972
0 0.150607 0.792713 0.080972 0.032389
0 0.150607 0.753036 0.080972 0.032389
0 0.150607 0.698785 0.080972 0.032389
0 0.150607 0.660729 0.080972 0.032389
0 0.150607 0.625101 0.080972 0.032389
0 0.150607 0.591093 0.080972 0.032389
0 0.150607 0.548988 0.080972 0.032389
0 0.150607 0.514170 0.080972 0.032389
0 0.150607 0.476923 0.080972 0.032389
0 0.150607 0.442105 0.080972 0.032389
0 0.150607 0.411336 0.080972 0.032389
0 0.150607 0.378138 0.080972 0.032389
0 0.150607 0.340891 0.080972 0.032389
0 0.150607 0.298785 0.080972 0.032389
0 0.150607 0.249393 0.080972 0.032389
0 0.150607 0.211336 0.080972 0.032389
0 0.216194 0.155466 0.032389 0.080972
0 0.253441 0.155466 0.032389 0.080972
0 0.289879 0.155466 0.032389 0.080972
0 0.324696 0.155466 0.032389 0.080972
0 0.389474 0.155466 0.032389 0.080972
0 0.425911 0.155466 0.032389 0.080972
0 0.460729 0.155466 0.032389 0.080972
0 0.546559 0.155466 0.032389 0.080972
0 0.635628 0.155466 0.032389 0.080972
0 0.687449 0.155466 0.032389 0.080972
0 0.757085 0.155466 0.032389 0.080972
0 0.844534 0.218623 0.080972 0.032389
0 0.844534 0.255870 0.080972 0.032389
0 0.844534 0.291498 0.080972 0.032389
0 0.844534 0.336032 0.080972 0.032389
0 0.844534 0.370040 0.080972 0.032389
0 0.844534 0.415385 0.080972 0.032389
0 0.844534 0.446154 0.080972 0.032389
0 0.844534 0.471255 0.080972 0.032389
0 0.844534 0.527126 0.080972 0.032389
0 0.844534 0.573279 0.080972 0.032389
0 0.844534 0.602429 0.080972 0.032389
0 0.844534 0.634818 0.080972 0.032389
0 0.844534 0.669636 0.080972 0.032389
0 0.844534 0.720648 0.080972 0.032389
0 0.844534 0.756275 0.080972 0.032389
0 0.844534 0.794332 0.080972 0.032389
0 0.770040 0.844534 0.032389 0.080972
0 0.730364 0.844534 0.032389 0.080972
0 0.692308 0.844534 0.032389 0.080972
0 0.659919 0.844534 0.032389 0.080972
0 0.629150 0.844534 0.032389 0.080972
0 0.596761 0.844534 0.032389 0.080972
0 0.565992 0.844534 0.032389 0.080972
0 0.523077 0.844534 0.032389 0.080972
0 0.481781 0.844534 0.032389 0.080972
0 0.446964 0.844534 0.032389 0.080972
0 0.417004 0.844534 0.032389 0.080972
0 0.365182 0.844534 0.032389 0.080972
0 0.329555 0.844534 0.032389 0.080972
0 0.293117 0.844534 0.032389 0.080972
0 0.254251 0.844534 0.032389 0.080972
0 0.221053 0.844534 0.032389 0.080972
0 0.155466 0.790283 0.080972 0.032389
0 0.155466 0.751417 0.080972 0.032389
0 0.155466 0.695547 0.080972 0.032389
0 0.155466 0.658300 0.080972 0.032389
0 0.155466 0.624291 0.080972 0.032389
0 0.155466 0.591093 0.080972 0.032389
0 0.155466 0.547368 0.080972 0.032389
0 0.155466 0.513360 0.080972 0.032389
0 0.155466 0.476923 0.080972 0.032389
0 0.155466 0.442915 0.080972 0.032389
0 0.155466 0.412146 0.080972 0.032389
0 0.155466 0.379757 0.080972 0.032389
0 0.155466 0.343320 0.080972 0.032389
0 0.155466 0.300405 0.080972 0.032389
0 0.155466 0.252632 0.080972 0.032389
0 0.155466 0.213765 0.080972 0.032389
0 0.200000 0.131174 0.032389 0.080972
0 0.241296 0.131174 0.032389 0.080972
0 0.280162 0.131174 0.032389 0.080972
0 0.320648 0.131174 0.032389 0.080972
0 0.357085 0.131174 0.032389 0.080972
0 0.392713 0.131174 0.032389 0.080972
0 0.427530 0.131174 0.032389 0.080972
0 0.463968 0.131174 0.032389 0.080972
0 0.520648 0.131174 0.032389 0.080972
0 0.551417 0.131174 0.032389 0.080972
0 0.585425 0.131174 0.032389 0.080972
0 0.618623 0.131174 0.032389 0.080972
0 0.705263 0.131174 0.032389 0.080972
0 0.744939 0.131174 0.032389 0.080972
0 0.787854 0.131174 0.032389 0.080972
0 0.868826 0.200000 0.080972 0.032389
0 0.868826 0.241296 0.080972 0.032389
0 0.868826 0.281781 0.080972 0.032389
0 0.868826 0.327935 0.080972 0.032389
0 0.868826 0.365182 0.080972 0.032389
0 0.868826 0.409717 0.080972 0.032389
0 0.868826 0.442915 0.080972 0.032389
0 0.868826 0.472874 0.080972 0.032389
0 0.868826 0.523887 0.080972 0.032389
0 0.868826 0.568421 0.080972 0.032389
0 0.868826 0.600810 0.080972 0.032389
0 0.868826 0.638057 0.080972 0.032389
0 0.868826 0.675304 0.080972 0.032389
0 0.868826 0.724696 0.080972 0.032389
0 0.868826 0.763563 0.080972 0.032389
0 0.868826 0.806478 0.080972 0.032389
0 0.795142 0.868826 0.032389 0.080972
0 0.751417 0.868826 0.032389 0.080972
0 0.708502 0.868826 0.032389 0.080972
0 0.670445 0.868826 0.032389 0.080972
0 0.634818 0.868826 0.032389 0.080972
0 0.598381 0.868826 0.032389 0.080972
0 0.563563 0.868826 0.032389 0.080972
0 0.525506 0.868826 0.032389 0.080972
0 0.480972 0.868826 0.032389 0.080972
0 0.444534 0.868826 0.032389 0.080972
0 0.411336 0.868826 0.032389 0.080972
0 0.363563 0.868826 0.032389 0.080972
0 0.323887 0.868826 0.032389 0.080972
0 0.284211 0.868826 0.032389 0.080972
0 0.241296 0.868826 0.032389 0.080972
0 0.202429 0.868826 0.032389 0.080972
0 0.131174 0.804858 0.080972 0.032389
0 0.131174 0.762753 0.080972 0.032389
0 0.131174 0.710931 0.080972 0.032389
0 0.131174 0.669636 0.080972 0.032389
0 0.131174 0.630769 0.080972 0.032389
0 0.131174 0.594332 0.080972 0.032389
0 0.131174 0.553036 0.080972 0.032389
0 0.131174 0.517409 0.080972 0.032389
0 0.131174 0.477733 0.080972 0.032389
0 0.131174 0.441296 0.080972 0.032389
0 0.131174 0.407287 0.080972 0.032389
0 0.131174 0.370850 0.080972 0.032389
0 0.131174 0.333603 0.080972 0.032389
0 0.131174 0.289069 0.080972 0.032389
0 0.131174 0.238866 0.080972 0.032389
0 0.131174 0.197571 0.080972 0.032389
1 0.821639 0.235047 0.100000 0.040000
1 0.821639 0.267763 0.100000 0.040000
1 0.820117 0.300479 0.100000 0.040000
1 0.820878 0.344607 0.100000 0.040000
1 0.820878 0.373519 0.100000 0.040000
1 0.820140 0.420287 0.100000 0.040000
1 0.820580 0.446265 0.100000 0.040000
1 0.820580 0.468720 0.100000 0.040000
1 0.819987 0.542569 0.100000 0.040000
1 0.819987 0.577352 0.100000 0.040000
1 0.820427 0.602449 0.100000 0.040000
1 0.820867 0.630628 0.100000 0.040000
1 0.820427 0.660569 0.100000 0.040000
1 0.820422 0.714850 0.100000 0.040000
1 0.819541 0.747433 0.100000 0.040000
1 0.820862 0.780895 0.100000 0.040000
1 0.746452 0.819641 0.040000 0.100000
1 0.710578 0.821478 0.040000 0.100000
1 0.677556 0.820598 0.040000 0.100000
1 0.651138 0.821038 0.040000 0.100000
1 0.624720 0.821919 0.040000 0.100000
1 0.596541 0.821478 0.040000 0.100000
1 0.567921 0.822799 0.040000 0.100000
1 0.517287 0.821038 0.040000 0.100000
1 0.484265 0.821478 0.040000 0.100000
1 0.450973 0.820511 0.040000 0.100000
1 0.424995 0.821392 0.040000 0.100000
1 0.370398 0.821832 0.040000 0.100000
1 0.337376 0.821392 0.040000 0.100000
1 0.303913 0.822713 0.040000 0.100000
1 0.269570 0.819631 0.040000 0.100000
1 0.240297 0.821285 0.040000 0.100000
1 0.179095 0.775934 0.100000 0.040000
1 0.178655 0.739829 0.100000 0.040000
1 0.179645 0.679794 0.100000 0.040000
1 0.179008 0.647519 0.100000 0.040000
1 0.179433 0.616518 0.100000 0.040000
1 0.178583 0.586366 0.100000 0.040000
1 0.179043 0.542796 0.100000 0.040000
1 0.179043 0.510309 0.100000 0.040000
1 0.177981 0.475273 0.100000 0.040000
1 0.178473 0.444132 0.100000 0.040000
1 0.178261 0.416529 0.100000 0.040000
1 0.179110 0.388713 0.100000 0.040000
1 0.180384 0.352828 0.100000 0.040000
1 0.179887 0.340571 0.100000 0.040000
1 0.180312 0.312543 0.100000 0.040000
1 0.180312 0.265617 0.100000 0.040000
1 0.178325 0.231720 0.100000 0.040000
1 0.234382 0.179698 0.040000 0.100000
1 0.265971 0.177951 0.040000 0.100000
1 0.299308 0.177527 0.040000 0.100000
1 0.330097 0.176677 0.040000 0.100000
1 0.359823 0.177527 0.040000 0.100000
1 0.387949 0.178305 0.040000 0.100000
1 0.426170 0.178942 0.040000 0.100000
1 0.435088 0.177881 0.040000 0.100000
1 0.440396 0.177881 0.040000 0.100000
1 0.459082 0.177456 0.040000 0.100000
1 0.467363 0.177456 0.040000 0.100000
1 0.544130 0.177583 0.040000 0.100000
1 0.520349 0.179281 0.040000 0.100000
1 0.569398 0.179281 0.040000 0.100000
1 0.593605 0.177583 0.040000 0.100000
1 0.620359 0.177583 0.040000 0.100000
1 0.672078 0.179036 0.040000 0.100000
1 0.702017 0.178824 0.040000 0.100000
1 0.728134 0.181372 0.040000 0.100000
1 0.804153 0.244073 0.100000 0.040000
1 0.804407 0.273630 0.100000 0.040000
1 0.804917 0.303952 0.100000 0.040000
1 0.805073 0.345944 0.100000 0.040000
1 0.806092 0.373718 0.100000 0.040000
1 0.805073 0.421111 0.100000 0.040000
1 0.805233 0.445828 0.100000 0.040000
1 0.805233 0.466722 0.100000 0.040000
1 0.805997 0.543417 0.100000 0.040000
1 0.804755 0.578592 0.100000 0.040000
1 0.803723 0.602332 0.100000 0.040000
1 0.804211 0.627523 0.100000 0.040000
1 0.803956 0.656570 0.100000 0.040000
1 0.804721 0.529678 0.100000 0.040000
1 0.804022 0.710427 0.100000 0.040000
1 0.804786 0.741258 0.100000 0.040000
1 0.804531 0.771580 0.100000 0.040000
1 0.731416 0.803434 0.040000 0.100000
1 0.697513 0.804755 0.040000 0.100000
1 0.669774 0.804314 0.040000 0.100000
1 0.645998 0.805195 0.040000 0.100000
1 0.596685 0.805195 0.040000 0.100000
1 0.524622 0.806725 0.040000 0.100000
1 0.572174 0.805404 0.040000 0.100000
1 0.622368 0.806285 0.040000 0.100000
1 0.487206 0.804865 0.040000 0.100000
1 0.455639 0.804791 0.040000 0.100000
1 0.432489 0.804349 0.040000 0.100000
1 0.373667 0.804915 0.040000 0.100000
1 0.344874 0.804150 0.040000 0.100000
1 0.312514 0.805679 0.040000 0.100000
1 0.277097 0.804150 0.040000 0.100000
1 0.255438 0.803641 0.040000 0.100000
1 0.193920 0.765546 0.100000 0.040000
1 0.195704 0.730638 0.100000 0.040000
1 0.195607 0.668347 0.100000 0.040000
1 0.195097 0.639809 0.100000 0.040000
1 0.194333 0.611781 0.100000 0.040000
1 0.195352 0.583752 0.100000 0.040000
1 0.194959 0.538823 0.100000 0.040000
1 0.195214 0.506972 0.100000 0.040000
1 0.194705 0.474867 0.100000 0.040000
1 0.195469 0.465949 0.100000 0.040000
1 0.195979 0.443527 0.100000 0.040000
1 0.195732 0.418911 0.100000 0.040000
1 0.194995 0.392959 0.100000 0.040000
1 0.194503 0.357264 0.100000 0.040000
1 0.194248 0.350129 0.100000 0.040000
1 0.194503 0.344524 0.100000 0.040000
1 0.196032 0.321082 0.100000 0.040000
1 0.195183 0.309945 0.100000 0.040000
1 0.194928 0.271979 0.100000 0.040000
1 0.195692 0.241913 0.100000 0.040000
1 0.243333 0.192480 0.040000 0.100000
1 0.276203 0.192735 0.040000 0.100000
1 0.305250 0.192735 0.040000 0.100000
1 0.335317 0.193499 0.040000 0.100000
1 0.361503 0.195260 0.040000 0.100000
1 0.386474 0.194240 0.040000 0.100000
1 0.425968 0.194240 0.040000 0.100000
1 0.435141 0.194240 0.040000 0.100000
1 0.442021 0.199336 0.040000 0.100000
1 0.458328 0.197043 0.040000 0.100000
1 0.466737 0.196788 0.040000 0.100000
1 0.521844 0.196488 0.040000 0.100000
1 0.543503 0.195978 0.040000 0.100000
1 0.566435 0.196233 0.040000 0.100000
1 0.586564 0.196488 0.040000 0.100000
1 0.609751 0.196997 0.040000 0.100000
1 0.663472 0.194643 0.040000 0.100000
1 0.688569 0.196844 0.040000 0.100000
1 0.715867 0.195964 0.040000 0.100000
1 0.788385 0.252471 0.100000 0.040000
1 0.788825 0.279770 0.100000 0.040000
1 0.788618 0.306383 0.100000 0.040000
1 0.789238 0.348016 0.100000 0.040000
1 0.788474 0.372732 0.100000 0.040000
1 0.789249 0.421733 0.100000 0.040000
1 0.788808 0.444629 0.100000 0.040000
1 0.787928 0.461800 0.100000 0.040000
1 0.788289 0.579513 0.100000 0.040000
1 0.787849 0.600207 0.100000 0.040000
1 0.788289 0.624864 0.100000 0.040000
1 0.786528 0.649521 0.100000 0.040000
1 0.787408 0.544289 0.100000 0.040000
1 0.787849 0.529760 0.100000 0.040000
1 0.787449 0.706708 0.100000 0.040000
1 0.788770 0.733126 0.100000 0.040000
1 0.789210 0.760425 0.100000 0.040000
1 0.719202 0.788604 0.040000 0.100000
1 0.687061 0.788604 0.040000 0.100000
1 0.661083 0.789485 0.040000 0.100000
1 0.596033 0.788458 0.040000 0.100000
1 0.619810 0.787137 0.040000 0.100000
1 0.639623 0.789338 0.040000 0.100000
1 0.574899 0.788458 0.040000 0.100000
1 0.518541 0.790659 0.040000 0.100000
1 0.490362 0.790219 0.040000 0.100000
1 0.459101 0.788458 0.040000 0.100000
1 0.437086 0.790219 0.040000 0.100000
1 0.376992 0.790855 0.040000 0.100000
1 0.350134 0.789534 0.040000 0.100000
1 0.321514 0.789974 0.040000 0.100000
1 0.288492 0.789094 0.040000 0.100000
1 0.266917 0.788213 0.040000 0.100000
1 0.211880 0.752989 0.100000 0.040000
1 0.212320 0.723049 0.100000 0.040000
1 0.211413 0.655882 0.100000 0.040000
1 0.210533 0.631225 0.100000 0.040000
1 0.212294 0.605248 0.100000 0.040000
1 0.210973 0.580151 0.100000 0.040000
1 0.212294 0.534800 0.100000 0.040000
1 0.211854 0.504420 0.100000 0.040000
1 0.211413 0.472278 0.100000 0.040000
1 0.210973 0.443218 0.100000 0.040000
1 0.211276 0.420832 0.100000 0.040000
1 0.210836 0.396615 0.100000 0.040000
1 0.209955 0.362713 0.100000 0.040000
1 0.211276 0.327489 0.100000 0.040000
1 0.211373 0.249684 0.100000 0.040000
1 0.210492 0.276983 0.100000 0.040000
1 0.212694 0.310005 0.100000 0.040000
1 0.287104 0.209617 0.040000 0.100000
1 0.258925 0.210058 0.040000 0.100000
1 0.312201 0.210498 0.040000 0.100000
1 0.339940 0.210498 0.040000 0.100000
1 0.362836 0.210498 0.040000 0.100000
1 0.385291 0.210498 0.040000 0.100000
1 0.425723 0.211401 0.040000 0.100000
1 0.435409 0.210080 0.040000 0.100000
1 0.443335 0.210961 0.040000 0.100000
1 0.457424 0.210521 0.040000 0.100000
1 0.467111 0.210521 0.040000 0.100000
1 0.524349 0.209640 0.040000 0.100000
1 0.542842 0.210521 0.040000 0.100000
1 0.563096 0.210521 0.040000 0.100000
1 0.582469 0.210521 0.040000 0.100000
1 0.601842 0.212282 0.040000 0.100000
1 0.655118 0.212282 0.040000 0.100000
1 0.679104 0.211389 0.040000 0.100000
1 0.701999 0.210949 0.040000 0.100000
1 0.770778 0.260355 0.100000 0.040000
1 0.771658 0.284131 0.100000 0.040000
1 0.771658 0.307467 0.100000 0.040000
1 0.772979 0.349295 0.100000 0.040000
1 0.770778 0.372190 0.100000 0.040000
1 0.773161 0.421932 0.100000 0.040000
1 0.772280 0.440865 0.100000 0.040000
1 0.771840 0.457596 0.100000 0.040000
1 0.771400 0.465081 0.100000 0.040000
1 0.771840 0.536850 0.100000 0.040000
1 0.772280 0.546096 0.100000 0.040000
1 0.771400 0.579999 0.100000 0.040000
1 0.772280 0.598932 0.100000 0.040000
1 0.770824 0.619282 0.100000 0.040000
1 0.772585 0.644379 0.100000 0.040000
1 0.773025 0.701618 0.100000 0.040000
1 0.773025 0.725835 0.100000 0.040000
1 0.770824 0.748290 0.100000 0.040000
1 0.579088 0.772251 0.040000 0.100000
1 0.597580 0.772691 0.040000 0.100000
1 0.526692 0.774452 0.040000 0.100000
1 0.518327 0.771811 0.040000 0.100000
1 0.493670 0.772691 0.040000 0.100000
1 0.462849 0.774452 0.040000 0.100000
1 0.444356 0.774893 0.040000 0.100000
1 0.384476 0.773572 0.040000 0.100000
1 0.357618 0.772691 0.040000 0.100000
1 0.331640 0.771811 0.040000 0.100000
1 0.617834 0.773131 0.040000 0.100000
1 0.636327 0.774012 0.040000 0.100000
1 0.706691 0.772246 0.040000 0.100000
1 0.676751 0.773126 0.040000 0.100000
1 0.654296 0.773566 0.040000 0.100000
1 0.298700 0.773725 0.040000 0.100000
1 0.281088 0.772404 0.040000 0.100000
1 0.228253 0.741583 0.100000 0.040000
1 0.226051 0.714725 0.100000 0.040000
1 0.226553 0.645846 0.100000 0.040000
1 0.226553 0.621190 0.100000 0.040000
1 0.226993 0.597414 0.100000 0.040000
1 0.226993 0.574518 0.100000 0.040000
1 0.228314 0.529608 0.100000 0.040000
1 0.226553 0.515078 0.100000 0.040000
1 0.226553 0.500988 0.100000 0.040000
1 0.226113 0.491742 0.100000 0.040000
1 0.226993 0.470167 0.100000 0.040000
1 0.226993 0.460041 0.100000 0.040000
1 0.226918 0.420937 0.100000 0.040000
1 0.226477 0.441631 0.100000 0.040000
1 0.227358 0.399802 0.100000 0.040000
1 0.227358 0.369422 0.100000 0.040000
1 0.227798 0.354452 0.100000 0.040000
1 0.227798 0.332437 0.100000 0.040000
1 0.228679 0.314825 0.100000 0.040000
1 0.228679 0.282683 0.100000 0.040000
1 0.227798 0.259347 0.100000 0.040000
1 0.274535 0.227567 0.040000 0.100000
1 0.297871 0.226686 0.040000 0.100000
1 0.320326 0.226246 0.040000 0.100000
1 0.343662 0.225805 0.040000 0.100000
1 0.366117 0.225805 0.040000 0.100000
1 0.385931 0.227567 0.040000 0.100000
1 0.427759 0.226686 0.040000 0.100000
1 0.444490 0.227126 0.040000 0.100000
1 0.458140 0.226686 0.040000 0.100000
1 0.467826 0.229328 0.040000 0.100000
1 0.575352 0.227081 0.040000 0.100000
1 0.559809 0.226316 0.040000 0.100000
1 0.542228 0.226826 0.040000 0.100000
1 0.593952 0.227845 0.040000 0.100000
1 0.648735 0.227845 0.040000 0.100000
1 0.669884 0.227335 0.040000 0.100000
1 0.688484 0.227590 0.040000 0.100000
1 0.525430 0.226972 0.040000 0.100000
1 0.757244 0.265942 0.100000 0.040000
1 0.755923 0.287957 0.100000 0.040000
1 0.755923 0.309092 0.100000 0.040000
1 0.674027 0.243927 0.040000 0.100000
1 0.659057 0.243487 0.040000 0.100000
1 0.642326 0.244368 0.040000 0.100000
1 0.755923 0.350920 0.100000 0.040000
1 0.755923 0.370293 0.100000 0.040000
1 0.755482 0.420927 0.100000 0.040000
1 0.754815 0.438967 0.100000 0.040000
1 0.755695 0.455258 0.100000 0.040000
1 0.756136 0.536713 0.100000 0.040000
1 0.756622 0.544997 0.100000 0.040000
1 0.757132 0.579905 0.100000 0.040000
1 0.756877 0.595958 0.100000 0.040000
1 0.755858 0.615577 0.100000 0.040000
1 0.754839 0.636216 0.100000 0.040000
1 0.756445 0.697020 0.100000 0.040000
1 0.756005 0.715513 0.100000 0.040000
1 0.755564 0.739289 0.100000 0.040000
1 0.733109 0.720797 0.100000 0.040000
1 0.733549 0.704065 0.100000 0.040000
1 0.734430 0.688214 0.100000 0.040000
1 0.738393 0.627894 0.100000 0.040000
1 0.737072 0.609401 0.100000 0.040000
1 0.737512 0.595311 0.100000 0.040000
1 0.736191 0.580782 0.100000 0.040000
1 0.737512 0.545117 0.100000 0.040000
1 0.737512 0.536311 0.100000 0.040000
1 0.738106 0.456890 0.100000 0.040000
1 0.738106 0.448525 0.100000 0.040000
1 0.738106 0.435756 0.100000 0.040000
1 0.737225 0.420786 0.100000 0.040000
1 0.735904 0.368831 0.100000 0.040000
1 0.736344 0.349898 0.100000 0.040000
1 0.736785 0.309831 0.100000 0.040000
1 0.735904 0.293099 0.100000 0.040000
1 0.734143 0.274607 0.100000 0.040000
1 0.367594 0.241984 0.040000 0.100000
1 0.385940 0.242239 0.040000 0.100000
1 0.427727 0.242239 0.040000 0.100000
1 0.437410 0.241474 0.040000 0.100000
1 0.529304 0.241996 0.040000 0.100000
1 0.457095 0.242436 0.040000 0.100000
1 0.446087 0.241996 0.040000 0.100000
1 0.467662 0.242877 0.040000 0.100000
1 0.542072 0.241556 0.040000 0.100000
1 0.557483 0.241556 0.040000 0.100000
1 0.572453 0.242877 0.040000 0.100000
1 0.695077 0.757655 0.040000 0.100000
1 0.669078 0.758096 0.040000 0.100000
1 0.646605 0.758537 0.040000 0.100000
1 0.631622 0.756774 0.040000 0.100000
1 0.614878 0.757655 0.040000 0.100000
1 0.597692 0.757655 0.040000 0.100000
1 0.580947 0.757655 0.040000 0.100000
1 0.496978 0.758496 0.040000 0.100000
1 0.468335 0.758056 0.040000 0.100000
1 0.453353 0.758056 0.040000 0.100000
1 0.519451 0.758937 0.040000 0.100000
1 0.528264 0.757615 0.040000 0.100000
1 0.389458 0.757174 0.040000 0.100000
1 0.365033 0.758575 0.040000 0.100000
1 0.341678 0.756813 0.040000 0.100000
1 0.295004 0.755970 0.040000 0.100000
1 0.309546 0.756852 0.040000 0.100000
1 0.243888 0.703092 0.100000 0.040000
1 0.243007 0.730412 0.100000 0.040000
1 0.243007 0.631706 0.100000 0.040000
1 0.243888 0.610554 0.100000 0.040000
1 0.240363 0.590284 0.100000 0.040000
1 0.242333 0.567826 0.100000 0.040000
1 0.244302 0.524496 0.100000 0.040000
1 0.243537 0.509450 0.100000 0.040000
1 0.242517 0.487009 0.100000 0.040000
1 0.242007 0.467374 0.100000 0.040000
1 0.242517 0.439578 0.100000 0.040000
1 0.243027 0.421472 0.100000 0.040000
1 0.243355 0.401721 0.100000 0.040000
1 0.243355 0.373415 0.100000 0.040000
1 0.243355 0.357350 0.100000 0.040000
1 0.244120 0.340774 0.100000 0.040000
1 0.243865 0.321904 0.100000 0.040000
1 0.242501 0.266659 0.100000 0.040000
1 0.242756 0.288335 0.100000 0.040000
1 0.290188 0.243199 0.040000 0.100000
1 0.308803 0.241669 0.040000 0.100000
1 0.329204 0.241669 0.040000 0.100000
1 0.348902 0.241388 0.040000 0.100000
1 0.266441 0.278098 0.100000 0.040000
1 0.265676 0.295694 0.100000 0.040000
1 0.265166 0.330375 0.100000 0.040000
1 0.264401 0.347205 0.100000 0.040000
1 0.263553 0.370531 0.100000 0.040000
1 0.263043 0.404957 0.100000 0.040000
1 0.262788 0.380731 0.100000 0.040000
1 0.262788 0.361860 0.100000 0.040000
1 0.261003 0.421532 0.100000 0.040000
1 0.262023 0.437598 0.100000 0.040000
1 0.261003 0.453664 0.100000 0.040000
1 0.260493 0.465139 0.100000 0.040000
1 0.261102 0.480942 0.100000 0.040000
1 0.260592 0.490123 0.100000 0.040000
1 0.260592 0.502108 0.100000 0.040000
1 0.262377 0.518684 0.100000 0.040000
1 0.264712 0.560510 0.100000 0.040000
1 0.264457 0.578616 0.100000 0.040000
1 0.265732 0.594936 0.100000 0.040000
1 0.267262 0.612277 0.100000 0.040000
1 0.269018 0.687399 0.100000 0.040000
1 0.269018 0.708820 0.100000 0.040000
