0 0.197080 0.126521 0.032441 0.081103
0 0.236010 0.126521 0.032441 0.081103
0 0.278994 0.126521 0.032441 0.081103
0 0.318735 0.126521 0.032441 0.081103
0 0.355231 0.126521 0.032441 0.081103
0 0.392539 0.126521 0.032441 0.081103
0 0.428224 0.126521 0.032441 0.081103
0 0.464720 0.126521 0.032441 0.081103
0 0.520681 0.126521 0.032441 0.081103
0 0.553122 0.126521 0.032441 0.081103
0 0.587997 0.126521 0.032441 0.081103
0 0.623682 0.126521 0.032441 0.081103
0 0.660178 0.126521 0.032441 0.081103
0 0.711273 0.126521 0.032441 0.081103
0 0.751825 0.126521 0.032441 0.081103
0 0.792376 0.126521 0.032441 0.081103
0 0.873479 0.189781 0.081103 0.032441
0 0.873479 0.230333 0.081103 0.032441
0 0.873479 0.271695 0.081103 0.032441
0 0.873479 0.316302 0.081103 0.032441
0 0.873479 0.351987 0.081103 0.032441
0 0.873479 0.397405 0.081103 0.032441
0 0.873479 0.430657 0.081103 0.032441
0 0.873479 0.463098 0.081103 0.032441
0 0.873479 0.515004 0.081103 0.032441
0 0.873479 0.554745 0.081103 0.032441
0 0.873479 0.587997 0.081103 0.032441
0 0.873479 0.625304 0.081103 0.032441
0 0.873479 0.665045 0.081103 0.032441
0 0.873479 0.714517 0.081103 0.032441
0 0.873479 0.756691 0.081103 0.032441
0 0.873479 0.799676 0.081103 0.032441
0 0.797242 0.873479 0.032441 0.081103
0 0.751825 0.873479 0.032441 0.081103
0 0.707218 0.873479 0.032441 0.081103
0 0.666667 0.873479 0.032441 0.081103
0 0.630170 0.873479 0.032441 0.081103
0 0.592863 0.873479 0.032441 0.081103
0 0.556367 0.873479 0.032441 0.081103
0 0.520681 0.873479 0.032441 0.081103
0 0.477697 0.873479 0.032441 0.081103
0 0.443633 0.873479 0.032441 0.081103
0 0.409570 0.873479 0.032441 0.081103
0 0.362530 0.873479 0.032441 0.081103
0 0.322790 0.873479 0.032441 0.081103
0 0.283049 0.873479 0.032441 0.081103
0 0.238443 0.873479 0.032441 0.081103
0 0.196269 0.873479 0.032441 0.081103
0 0.126521 0.802109 0.081103 0.032441
0 0.126521 0.759124 0.081103 0.032441
0 0.126521 0.707218 0.081103 0.032441
0 0.126521 0.664234 0.081103 0.032441
0 0.126521 0.625304 0.081103 0.032441
0 0.126521 0.587186 0.081103 0.032441
0 0.126521 0.549878 0.081103 0.032441
0 0.126521 0.516626 0.081103 0.032441
0 0.126521 0.471208 0.081103 0.032441
0 0.126521 0.432279 0.081103 0.032441
0 0.126521 0.397405 0.081103 0.032441
0 0.126521 0.361719 0.081103 0.032441
0 0.126521 0.330900 0.081103 0.032441
0 0.126521 0.283049 0.081103 0.032441
0 0.126521 0.231144 0.081103 0.032441
0 0.126521 0.188159 0.081103 0.032441
0 0.204380 0.136253 0.032441 0.081103
0 0.243309 0.136253 0.032441 0.081103
0 0.282238 0.136253 0.032441 0.081103
0 0.320357 0.136253 0.032441 0.081103
0 0.355231 0.136253 0.032441 0.081103
0 0.390916 0.136253 0.032441 0.081103
0 0.427413 0.136253 0.032441 0.081103
0 0.463098 0.136253 0.032441 0.081103
0 0.519870 0.136253 0.032441 0.081103
0 0.551500 0.136253 0.032441 0.081103
0 0.584753 0.136253 0.032441 0.081103
0 0.618005 0.136253 0.032441 0.081103
0 0.652879 0.136253 0.032441 0.081103
0 0.703974 0.136253 0.032441 0.081103
0 0.742092 0.136253 0.032441 0.081103
0 0.779400 0.136253 0.032441 0.081103
0 0.863747 0.193025 0.081103 0.032441
0 0.863747 0.232766 0.081103 0.032441
0 0.863747 0.271695 0.081103 0.032441
0 0.863747 0.316302 0.081103 0.032441
0 0.863747 0.351176 0.081103 0.032441
0 0.863747 0.396594 0.081103 0.032441
0 0.863747 0.428224 0.081103 0.032441
0 0.863747 0.459043 0.081103 0.032441
0 0.863747 0.512571 0.081103 0.032441
0 0.863747 0.553122 0.081103 0.032441
0 0.863747 0.584753 0.081103 0.032441
0 0.863747 0.620438 0.081103 0.032441
0 0.863747 0.656934 0.081103 0.032441
0 0.863747 0.708840 0.081103 0.032441
0 0.863747 0.747770 0.081103 0.032441
0 0.863747 0.789943 0.081103 0.032441
0 0.785888 0.863747 0.032441 0.081103
0 0.741281 0.863747 0.032441 0.081103
0 0.698297 0.863747 0.032441 0.081103
0 0.660178 0.863747 0.032441 0.081103
0 0.626115 0.863747 0.032441 0.081103
0 0.590430 0.863747 0.032441 0.081103
0 0.555556 0.863747 0.032441 0.081103
0 0.519059 0.863747 0.032441 0.081103
0 0.476886 0.863747 0.032441 0.081103
0 0.443633 0.863747 0.032441 0.081103
0 0.412003 0.863747 0.032441 0.081103
0 0.363341 0.863747 0.032441 0.081103
0 0.325223 0.863747 0.032441 0.081103
0 0.287105 0.863747 0.032441 0.081103
0 0.243309 0.863747 0.032441 0.081103
0 0.203569 0.863747 0.032441 0.081103
0 0.136253 0.793187 0.081103 0.032441
0 0.136253 0.751825 0.081103 0.032441
0 0.136253 0.696675 0.081103 0.032441
0 0.136253 0.656123 0.081103 0.032441
0 0.136253 0.618816 0.081103 0.032441
0 0.136253 0.583131 0.081103 0.032441
0 0.136253 0.545012 0.081103 0.032441
0 0.136253 0.508516 0.081103 0.032441
0 0.136253 0.467964 0.081103 0.032441
0 0.136253 0.429846 0.081103 0.032441
0 0.136253 0.396594 0.081103 0.032441
0 0.136253 0.361719 0.081103 0.032441
0 0.136253 0.329278 0.081103 0.032441
0 0.136253 0.285483 0.081103 0.032441
0 0.136253 0.232766 0.081103 0.032441
0 0.136253 0.192214 0.081103 0.032441
0 0.208435 0.141119 0.032441 0.081103
0 0.245742 0.141119 0.032441 0.081103
0 0.283861 0.141119 0.032441 0.081103
0 0.320357 0.141119 0.032441 0.081103
0 0.389294 0.141119 0.032441 0.081103
0 0.427413 0.141119 0.032441 0.081103
0 0.463098 0.141119 0.032441 0.081103
0 0.520681 0.141119 0.032441 0.081103
0 0.583131 0.141119 0.032441 0.081103
0 0.701541 0.141119 0.032441 0.081103
0 0.737226 0.141119 0.032441 0.081103
0 0.772912 0.141119 0.032441 0.081103
0 0.858881 0.195458 0.081103 0.032441
0 0.858881 0.233577 0.081103 0.032441
0 0.858881 0.272506 0.081103 0.032441
0 0.858881 0.316302 0.081103 0.032441
0 0.858881 0.350365 0.081103 0.032441
0 0.858881 0.395783 0.081103 0.032441
0 0.858881 0.427413 0.081103 0.032441
0 0.858881 0.457421 0.081103 0.032441
0 0.858881 0.511760 0.081103 0.032441
0 0.858881 0.551500 0.081103 0.032441
0 0.858881 0.583131 0.081103 0.032441
0 0.858881 0.617194 0.081103 0.032441
0 0.858881 0.653690 0.081103 0.032441
0 0.858881 0.705596 0.081103 0.032441
0 0.858881 0.744526 0.081103 0.032441
0 0.858881 0.785077 0.081103 0.032441
0 0.781022 0.858881 0.032441 0.081103
0 0.736415 0.858881 0.032441 0.081103
0 0.694242 0.858881 0.032441 0.081103
0 0.657745 0.858881 0.032441 0.081103
0 0.624493 0.858881 0.032441 0.081103
0 0.588808 0.858881 0.032441 0.081103
0 0.555556 0.858881 0.032441 0.081103
0 0.518248 0.858881 0.032441 0.081103
0 0.476886 0.858881 0.032441 0.081103
0 0.444444 0.858881 0.032441 0.081103
0 0.412814 0.858881 0.032441 0.081103
0 0.364964 0.858881 0.032441 0.081103
0 0.326034 0.858881 0.032441 0.081103
0 0.288727 0.858881 0.032441 0.081103
0 0.254663 0.858881 0.032441 0.081103
0 0.206002 0.858881 0.032441 0.081103
0 0.141119 0.788321 0.081103 0.032441
0 0.141119 0.747770 0.081103 0.032441
0 0.141119 0.690998 0.081103 0.032441
0 0.141119 0.652879 0.081103 0.032441
0 0.141119 0.615572 0.081103 0.032441
0 0.141119 0.580697 0.081103 0.032441
0 0.141119 0.542579 0.081103 0.032441
0 0.141119 0.506894 0.081103 0.032441
0 0.141119 0.467153 0.081103 0.032441
0 0.141119 0.429035 0.081103 0.032441
0 0.141119 0.395783 0.081103 0.032441
0 0.141119 0.361719 0.081103 0.032441
0 0.141119 0.330900 0.081103 0.032441
0 0.141119 0.287105 0.081103 0.032441
0 0.141119 0.234388 0.081103 0.032441
0 0.141119 0.193836 0.081103 0.032441
0 0.211679 0.145985 0.032441 0.081103
0 0.248175 0.145985 0.032441 0.081103
0 0.284672 0.145985 0.032441 0.081103
0 0.321168 0.145985 0.032441 0.081103
0 0.354420 0.145985 0.032441 0.081103
0 0.388483 0.145985 0.032441 0.081103
0 0.427413 0.145985 0.032441 0.081103
0 0.469586 0.145985 0.032441 0.081103
0 0.519870 0.145985 0.032441 0.081103
0 0.549067 0.145985 0.032441 0.081103
0 0.581509 0.145985 0.032441 0.081103
0 0.613139 0.145985 0.032441 0.081103
0 0.697486 0.145985 0.032441 0.081103
0 0.854015 0.197080 0.081103 0.032441
0 0.854015 0.235199 0.081103 0.032441
0 0.854015 0.272506 0.081103 0.032441
0 0.854015 0.316302 0.081103 0.032441
0 0.854015 0.348743 0.081103 0.032441
0 0.854015 0.395783 0.081103 0.032441
0 0.854015 0.426602 0.081103 0.032441
0 0.854015 0.455799 0.081103 0.032441
0 0.854015 0.510949 0.081103 0.032441
0 0.854015 0.550689 0.081103 0.032441
0 0.854015 0.582320 0.081103 0.032441
0 0.854015 0.614761 0.081103 0.032441
0 0.854015 0.650446 0.081103 0.032441
0 0.854015 0.703163 0.081103 0.032441
0 0.854015 0.740470 0.081103 0.032441
0 0.854015 0.781022 0.081103 0.032441
0 0.774534 0.854015 0.032441 0.081103
0 0.731549 0.854015 0.032441 0.081103
0 0.690187 0.854015 0.032441 0.081103
0 0.654501 0.854015 0.032441 0.081103
0 0.622871 0.854015 0.032441 0.081103
0 0.587997 0.854015 0.032441 0.081103
0 0.554745 0.854015 0.032441 0.081103
0 0.516626 0.854015 0.032441 0.081103
0 0.476886 0.854015 0.032441 0.081103
0 0.444444 0.854015 0.032441 0.081103
0 0.414436 0.854015 0.032441 0.081103
0 0.364964 0.854015 0.032441 0.081103
0 0.327656 0.854015 0.032441 0.081103
0 0.290349 0.854015 0.032441 0.081103
0 0.248175 0.854015 0.032441 0.081103
0 0.209246 0.854015 0.032441 0.081103
0 0.145985 0.784266 0.081103 0.032441
0 0.145985 0.744526 0.081103 0.032441
0 0.145985 0.686131 0.081103 0.032441
0 0.145985 0.648824 0.081103 0.032441
0 0.145985 0.613139 0.081103 0.032441
0 0.145985 0.578264 0.081103 0.032441
0 0.145985 0.540957 0.081103 0.032441
0 0.145985 0.504461 0.081103 0.032441
0 0.145985 0.465531 0.081103 0.032441
0 0.145985 0.428224 0.081103 0.032441
0 0.145985 0.395783 0.081103 0.032441
0 0.145985 0.361719 0.081103 0.032441
0 0.145985 0.331711 0.081103 0.032441
0 0.145985 0.287916 0.081103 0.032441
0 0.145985 0.236010 0.081103 0.032441
0 0.145985 0.196269 0.081103 0.032441
0 0.214923 0.150852 0.032441 0.081103
0 0.249797 0.150852 0.032441 0.081103
0 0.286294 0.150852 0.032441 0.081103
0 0.321979 0.150852 0.032441 0.081103
0 0.354420 0.150852 0.032441 0.081103
0 0.387672 0.150852 0.032441 0.081103
0 0.426602 0.150852 0.032441 0.081103
0 0.461476 0.150852 0.032441 0.081103
0 0.519059 0.150852 0.032441 0.081103
0 0.548256 0.150852 0.032441 0.081103
0 0.579886 0.150852 0.032441 0.081103
0 0.610706 0.150852 0.032441 0.081103
0 0.694242 0.150852 0.032441 0.081103
0 0.728305 0.150852 0.032441 0.081103
0 0.849148 0.199513 0.081103 0.032441
0 0.849148 0.236010 0.081103 0.032441
0 0.849148 0.272506 0.081103 0.032441
0 0.849148 0.316302 0.081103 0.032441
0 0.849148 0.348743 0.081103 0.032441
0 0.849148 0.394972 0.081103 0.032441
0 0.849148 0.424980 0.081103 0.032441
0 0.849148 0.454177 0.081103 0.032441
0 0.849148 0.510949 0.081103 0.032441
0 0.849148 0.550689 0.081103 0.032441
0 0.849148 0.579886 0.081103 0.032441
0 0.849148 0.613139 0.081103 0.032441
0 0.849148 0.647202 0.081103 0.032441
0 0.849148 0.699919 0.081103 0.032441
0 0.849148 0.736415 0.081103 0.032441
0 0.849148 0.776156 0.081103 0.032441
0 0.769667 0.849148 0.032441 0.081103
0 0.727494 0.849148 0.032441 0.081103
0 0.686131 0.849148 0.032441 0.081103
0 0.652068 0.849148 0.032441 0.081103
0 0.620438 0.849148 0.032441 0.081103
0 0.587186 0.849148 0.032441 0.081103
0 0.554745 0.849148 0.032441 0.081103
0 0.516626 0.849148 0.032441 0.081103
0 0.477697 0.849148 0.032441 0.081103
0 0.445255 0.849148 0.032441 0.081103
0 0.416058 0.849148 0.032441 0.081103
0 0.365775 0.849148 0.032441 0.081103
0 0.328467 0.849148 0.032441 0.081103
0 0.291971 0.849148 0.032441 0.081103
0 0.249797 0.849148 0.032441 0.081103
0 0.212490 0.849148 0.032441 0.081103
0 0.150852 0.780211 0.081103 0.032441
0 0.150852 0.741281 0.081103 0.032441
0 0.150852 0.682076 0.081103 0.032441
0 0.150852 0.644769 0.081103 0.032441
0 0.150852 0.609895 0.081103 0.032441
0 0.150852 0.575831 0.081103 0.032441
0 0.150852 0.538524 0.081103 0.032441
0 0.150852 0.502839 0.081103 0.032441
0 0.150852 0.463909 0.081103 0.032441
0 0.150852 0.426602 0.081103 0.032441
0 0.150852 0.395783 0.081103 0.032441
0 0.150852 0.362530 0.081103 0.032441
0 0.150852 0.333333 0.081103 0.032441
0 0.150852 0.289538 0.081103 0.032441
0 0.150852 0.237632 0.081103 0.032441
0 0.218978 0.155718 0.032441 0.081103
0 0.287916 0.155718 0.032441 0.081103
0 0.321979 0.155718 0.032441 0.081103
0 0.353609 0.155718 0.032441 0.081103
0 0.386861 0.155718 0.032441 0.081103
0 0.426602 0.155718 0.032441 0.081103
0 0.461476 0.155718 0.032441 0.081103
0 0.519059 0.155718 0.032441 0.081103
0 0.546634 0.155718 0.032441 0.081103
0 0.578264 0.155718 0.032441 0.081103
0 0.637470 0.155718 0.032441 0.081103
0 0.690187 0.155718 0.032441 0.081103
0 0.723439 0.155718 0.032441 0.081103
0 0.754258 0.155718 0.032441 0.081103
0 0.844282 0.236821 0.081103 0.032441
0 0.844282 0.272506 0.081103 0.032441
0 0.844282 0.317113 0.081103 0.032441
0 0.844282 0.347932 0.081103 0.032441
0 0.844282 0.394972 0.081103 0.032441
0 0.844282 0.424980 0.081103 0.032441
0 0.844282 0.453366 0.081103 0.032441
0 0.844282 0.510138 0.081103 0.032441
0 0.844282 0.549878 0.081103 0.032441
0 0.844282 0.579075 0.081103 0.032441
0 0.844282 0.610706 0.081103 0.032441
0 0.844282 0.643958 0.081103 0.032441
0 0.844282 0.697486 0.081103 0.032441
0 0.844282 0.733171 0.081103 0.032441
0 0.844282 0.772101 0.081103 0.032441
0 0.764801 0.844282 0.032441 0.081103
0 0.722628 0.844282 0.032441 0.081103
0 0.682076 0.844282 0.032441 0.081103
0 0.650446 0.844282 0.032441 0.081103
0 0.618816 0.844282 0.032441 0.081103
0 0.587186 0.844282 0.032441 0.081103
0 0.554745 0.844282 0.032441 0.081103
0 0.515815 0.844282 0.032441 0.081103
0 0.477697 0.844282 0.032441 0.081103
0 0.445255 0.844282 0.032441 0.081103
0 0.416869 0.844282 0.032441 0.081103
0 0.366586 0.844282 0.032441 0.081103
0 0.329278 0.844282 0.032441 0.081103
0 0.293593 0.844282 0.032441 0.081103
0 0.252230 0.844282 0.032441 0.081103
0 0.215734 0.844282 0.032441 0.081103
0 0.155718 0.776156 0.081103 0.032441
0 0.155718 0.738037 0.081103 0.032441
0 0.155718 0.677210 0.081103 0.032441
0 0.155718 0.641525 0.081103 0.032441
0 0.155718 0.607461 0.081103 0.032441
0 0.155718 0.573398 0.081103 0.032441
0 0.155718 0.536091 0.081103 0.032441
0 0.155718 0.500406 0.081103 0.032441
0 0.155718 0.463098 0.081103 0.032441
0 0.155718 0.425791 0.081103 0.032441
0 0.155718 0.394972 0.081103 0.032441
0 0.155718 0.362530 0.081103 0.032441
0 0.155718 0.334144 0.081103 0.032441
0 0.155718 0.290349 0.081103 0.032441
0 0.155718 0.238443 0.081103 0.032441
0 0.201135 0.131387 0.032441 0.081103
0 0.240876 0.131387 0.032441 0.081103
0 0.280616 0.131387 0.032441 0.081103
0 0.319546 0.131387 0.032441 0.081103
0 0.355231 0.131387 0.032441 0.081103
0 0.391727 0.131387 0.032441 0.081103
0 0.428224 0.131387 0.032441 0.081103
0 0.463909 0.131387 0.032441 0.081103
0 0.520681 0.131387 0.032441 0.081103
0 0.552311 0.131387 0.032441 0.081103
0 0.586375 0.131387 0.032441 0.081103
0 0.620438 0.131387 0.032441 0.081103
0 0.656934 0.131387 0.032441 0.081103
0 0.708029 0.131387 0.032441 0.081103
0 0.747770 0.131387 0.032441 0.081103
0 0.785077 0.131387 0.032441 0.081103
0 0.868613 0.191403 0.081103 0.032441
0 0.868613 0.231955 0.081103 0.032441
0 0.868613 0.271695 0.081103 0.032441
0 0.868613 0.316302 0.081103 0.032441
0 0.868613 0.351176 0.081103 0.032441
0 0.868613 0.396594 0.081103 0.032441
0 0.868613 0.429846 0.081103 0.032441
0 0.868613 0.460665 0.081103 0.032441
0 0.868613 0.514193 0.081103 0.032441
0 0.868613 0.553933 0.081103 0.032441
0 0.868613 0.586375 0.081103 0.032441
0 0.868613 0.622871 0.081103 0.032441
0 0.868613 0.660989 0.081103 0.032441
0 0.868613 0.712084 0.081103 0.032441
0 0.868613 0.752636 0.081103 0.032441
0 0.868613 0.795620 0.081103 0.032441
0 0.791565 0.868613 0.032441 0.081103
0 0.746148 0.868613 0.032441 0.081103
0 0.703163 0.868613 0.032441 0.081103
0 0.663423 0.868613 0.032441 0.081103
0 0.627737 0.868613 0.032441 0.081103
0 0.591241 0.868613 0.032441 0.081103
0 0.556367 0.868613 0.032441 0.081103
0 0.519870 0.868613 0.032441 0.081103
0 0.477697 0.868613 0.032441 0.081103
0 0.443633 0.868613 0.032441 0.081103
0 0.410381 0.868613 0.032441 0.081103
0 0.362530 0.868613 0.032441 0.081103
0 0.324412 0.868613 0.032441 0.081103
0 0.284672 0.868613 0.032441 0.081103
0 0.240876 0.868613 0.032441 0.081103
0 0.200324 0.868613 0.032441 0.081103
0 0.131387 0.807786 0.081103 0.032441
0 0.131387 0.756691 0.081103 0.032441
0 0.131387 0.701541 0.081103 0.032441
0 0.131387 0.660178 0.081103 0.032441
0 0.131387 0.621249 0.081103 0.032441
0 0.131387 0.584753 0.081103 0.032441
0 0.131387 0.547445 0.081103 0.032441
0 0.131387 0.510138 0.081103 0.032441
0 0.131387 0.469586 0.081103 0.032441
0 0.131387 0.430657 0.081103 0.032441
0 0.131387 0.397405 0.081103 0.032441
0 0.131387 0.360908 0.081103 0.032441
0 0.131387 0.328467 0.081103 0.032441
0 0.131387 0.283861 0.081103 0.032441
0 0.131387 0.231955 0.081103 0.032441
0 0.131387 0.189781 0.081103 0.032441
1 0.237581 0.179235 0.040000 0.100000
1 0.265209 0.178237 0.040000 0.100000
1 0.296549 0.177887 0.040000 0.100000
1 0.326340 0.178553 0.040000 0.100000
1 0.354484 0.178037 0.040000 0.100000
1 0.383444 0.178869 0.040000 0.100000
1 0.426220 0.178594 0.040000 0.100000
1 0.441199 0.178040 0.040000 0.100000
1 0.460200 0.179149 0.040000 0.100000
1 0.519451 0.178317 0.040000 0.100000
1 0.544133 0.177235 0.040000 0.100000
1 0.571096 0.178567 0.040000 0.100000
1 0.596546 0.177721 0.040000 0.100000
1 0.621650 0.178137 0.040000 0.100000
1 0.674371 0.179333 0.040000 0.100000
1 0.703458 0.179911 0.040000 0.100000
1 0.729545 0.178019 0.040000 0.100000
1 0.821327 0.210788 0.100000 0.040000
1 0.821866 0.243346 0.100000 0.040000
1 0.821384 0.274553 0.100000 0.040000
1 0.821957 0.318474 0.100000 0.040000
1 0.821877 0.346406 0.100000 0.040000
1 0.822582 0.394919 0.100000 0.040000
1 0.821619 0.421406 0.100000 0.040000
1 0.821565 0.447901 0.100000 0.040000
1 0.821089 0.508280 0.100000 0.040000
1 0.821436 0.549195 0.100000 0.040000
1 0.821600 0.574305 0.100000 0.040000
1 0.821916 0.602256 0.100000 0.040000
1 0.821773 0.631907 0.100000 0.040000
1 0.820922 0.687089 0.100000 0.040000
1 0.821939 0.718368 0.100000 0.040000
1 0.820991 0.752393 0.100000 0.040000
1 0.743792 0.823397 0.040000 0.100000
1 0.703390 0.821867 0.040000 0.100000
1 0.667464 0.821443 0.040000 0.100000
1 0.640719 0.821489 0.040000 0.100000
1 0.613384 0.821639 0.040000 0.100000
1 0.585033 0.821905 0.040000 0.100000
1 0.556022 0.822368 0.040000 0.100000
1 0.515739 0.822046 0.040000 0.100000
1 0.480064 0.821116 0.040000 0.100000
1 0.449967 0.821671 0.040000 0.100000
1 0.425002 0.820977 0.040000 0.100000
1 0.371132 0.821639 0.040000 0.100000
1 0.337413 0.821599 0.040000 0.100000
1 0.304007 0.821518 0.040000 0.100000
1 0.263647 0.821934 0.040000 0.100000
1 0.233162 0.821657 0.040000 0.100000
1 0.179967 0.755789 0.100000 0.040000
1 0.178811 0.723542 0.100000 0.040000
1 0.178506 0.659211 0.100000 0.040000
1 0.178206 0.626889 0.100000 0.040000
1 0.178378 0.596759 0.100000 0.040000
1 0.177659 0.564405 0.100000 0.040000
1 0.177420 0.527736 0.100000 0.040000
1 0.177659 0.514794 0.100000 0.040000
1 0.177659 0.494183 0.100000 0.040000
1 0.179347 0.458443 0.100000 0.040000
1 0.180013 0.423658 0.100000 0.040000
1 0.178182 0.394698 0.100000 0.040000
1 0.178515 0.366331 0.100000 0.040000
1 0.178704 0.339514 0.100000 0.040000
1 0.178473 0.325991 0.100000 0.040000
1 0.178875 0.298298 0.100000 0.040000
1 0.179208 0.283485 0.100000 0.040000
1 0.177696 0.245247 0.100000 0.040000
1 0.178800 0.212093 0.100000 0.040000
1 0.251690 0.195108 0.040000 0.100000
1 0.276516 0.195108 0.040000 0.100000
1 0.305656 0.195011 0.040000 0.100000
1 0.329651 0.194595 0.040000 0.100000
1 0.356169 0.193929 0.040000 0.100000
1 0.382299 0.194262 0.040000 0.100000
1 0.425899 0.195990 0.040000 0.100000
1 0.442195 0.195643 0.040000 0.100000
1 0.459879 0.195528 0.040000 0.100000
1 0.521174 0.194879 0.040000 0.100000
1 0.542944 0.195079 0.040000 0.100000
1 0.567310 0.194480 0.040000 0.100000
1 0.589542 0.194763 0.040000 0.100000
1 0.611977 0.195029 0.040000 0.100000
1 0.666859 0.193795 0.040000 0.100000
1 0.691963 0.193656 0.040000 0.100000
1 0.713322 0.194488 0.040000 0.100000
1 0.805521 0.218605 0.100000 0.040000
1 0.805064 0.247791 0.100000 0.040000
1 0.806035 0.276917 0.100000 0.040000
1 0.805862 0.320595 0.100000 0.040000
1 0.805949 0.346558 0.100000 0.040000
1 0.805811 0.396211 0.100000 0.040000
1 0.804979 0.420899 0.100000 0.040000
1 0.804673 0.444200 0.100000 0.040000
1 0.805015 0.508024 0.100000 0.040000
1 0.806540 0.549078 0.100000 0.040000
1 0.806152 0.572906 0.100000 0.040000
1 0.805153 0.599036 0.100000 0.040000
1 0.806019 0.625699 0.100000 0.040000
1 0.805180 0.681461 0.100000 0.040000
1 0.805420 0.709742 0.100000 0.040000
1 0.806362 0.741836 0.100000 0.040000
1 0.729751 0.805283 0.040000 0.100000
1 0.691804 0.804884 0.040000 0.100000
1 0.659050 0.806082 0.040000 0.100000
1 0.635600 0.805679 0.040000 0.100000
1 0.611134 0.805513 0.040000 0.100000
1 0.585827 0.805743 0.040000 0.100000
1 0.559198 0.805604 0.040000 0.100000
1 0.515620 0.804606 0.040000 0.100000
1 0.482483 0.805088 0.040000 0.100000
1 0.453024 0.805088 0.040000 0.100000
1 0.430555 0.805421 0.040000 0.100000
1 0.374783 0.805971 0.040000 0.100000
1 0.343327 0.805638 0.040000 0.100000
1 0.311965 0.805094 0.040000 0.100000
1 0.274286 0.805671 0.040000 0.100000
1 0.244948 0.805681 0.040000 0.100000
1 0.195866 0.743939 0.100000 0.040000
1 0.194710 0.713542 0.100000 0.040000
1 0.195100 0.646617 0.100000 0.040000
1 0.195516 0.615827 0.100000 0.040000
1 0.194046 0.589319 0.100000 0.040000
1 0.195244 0.558962 0.100000 0.040000
1 0.194645 0.523012 0.100000 0.040000
1 0.194166 0.508432 0.100000 0.040000
1 0.194341 0.489363 0.100000 0.040000
1 0.195589 0.455383 0.100000 0.040000
1 0.194870 0.422303 0.100000 0.040000
1 0.193945 0.396067 0.100000 0.040000
1 0.194042 0.369812 0.100000 0.040000
1 0.193543 0.344847 0.100000 0.040000
1 0.194874 0.330034 0.100000 0.040000
1 0.194400 0.304134 0.100000 0.040000
1 0.193845 0.288739 0.100000 0.040000
1 0.194363 0.250323 0.100000 0.040000
1 0.194710 0.220272 0.100000 0.040000
1 0.265134 0.210477 0.040000 0.100000
1 0.288430 0.209615 0.040000 0.100000
1 0.312588 0.209902 0.040000 0.100000
1 0.335021 0.209902 0.040000 0.100000
1 0.359970 0.211652 0.040000 0.100000
1 0.383217 0.210214 0.040000 0.100000
1 0.427216 0.210354 0.040000 0.100000
1 0.443793 0.211352 0.040000 0.100000
1 0.465762 0.211352 0.040000 0.100000
1 0.523591 0.210843 0.040000 0.100000
1 0.542731 0.210843 0.040000 0.100000
1 0.564035 0.210510 0.040000 0.100000
1 0.583674 0.210011 0.040000 0.100000
1 0.601815 0.211009 0.040000 0.100000
1 0.659959 0.210302 0.040000 0.100000
1 0.680763 0.210163 0.040000 0.100000
1 0.699349 0.210718 0.040000 0.100000
1 0.789089 0.227496 0.100000 0.040000
1 0.789505 0.253987 0.100000 0.040000
1 0.788354 0.280825 0.100000 0.040000
1 0.789106 0.324583 0.100000 0.040000
1 0.788690 0.346635 0.100000 0.040000
1 0.789070 0.398749 0.100000 0.040000
1 0.787798 0.419655 0.100000 0.040000
1 0.787632 0.442457 0.100000 0.040000
1 0.789679 0.509180 0.100000 0.040000
1 0.789163 0.551504 0.100000 0.040000
1 0.789662 0.573307 0.100000 0.040000
1 0.788830 0.597107 0.100000 0.040000
1 0.789113 0.619792 0.100000 0.040000
1 0.790087 0.678225 0.100000 0.040000
1 0.789532 0.703467 0.100000 0.040000
1 0.788145 0.729542 0.100000 0.040000
1 0.715774 0.788066 0.040000 0.100000
1 0.682612 0.788828 0.040000 0.100000
1 0.651440 0.789765 0.040000 0.100000
1 0.632139 0.791152 0.040000 0.100000
1 0.610225 0.788771 0.040000 0.100000
1 0.586369 0.789603 0.040000 0.100000
1 0.563595 0.788327 0.040000 0.100000
1 0.517812 0.789373 0.040000 0.100000
1 0.486883 0.789373 0.040000 0.100000
1 0.457757 0.789373 0.040000 0.100000
1 0.437508 0.788679 0.040000 0.100000
1 0.379402 0.789313 0.040000 0.100000
1 0.350854 0.788619 0.040000 0.100000
1 0.321668 0.788606 0.040000 0.100000
1 0.284886 0.788439 0.040000 0.100000
1 0.258897 0.789685 0.040000 0.100000
1 0.211969 0.733211 0.100000 0.040000
1 0.210814 0.704547 0.100000 0.040000
1 0.211641 0.635149 0.100000 0.040000
1 0.211063 0.607872 0.100000 0.040000
1 0.211526 0.582167 0.100000 0.040000
1 0.211747 0.555759 0.100000 0.040000
1 0.211544 0.517549 0.100000 0.040000
1 0.211045 0.503070 0.100000 0.040000
1 0.210879 0.485594 0.100000 0.040000
1 0.210879 0.454138 0.100000 0.040000
1 0.211212 0.421517 0.100000 0.040000
1 0.211012 0.398316 0.100000 0.040000
1 0.210829 0.373900 0.100000 0.040000
1 0.210496 0.350100 0.100000 0.040000
1 0.211162 0.334955 0.100000 0.040000
1 0.210230 0.310489 0.100000 0.040000
1 0.211428 0.295110 0.100000 0.040000
1 0.210349 0.256604 0.100000 0.040000
1 0.210829 0.230480 0.100000 0.040000
1 0.281411 0.227983 0.040000 0.100000
1 0.300967 0.227983 0.040000 0.100000
1 0.322825 0.228270 0.040000 0.100000
1 0.342957 0.227983 0.040000 0.100000
1 0.363376 0.227983 0.040000 0.100000
1 0.383220 0.226545 0.040000 0.100000
1 0.428654 0.227522 0.040000 0.100000
1 0.445131 0.227356 0.040000 0.100000
1 0.466434 0.226357 0.040000 0.100000
1 0.526111 0.226537 0.040000 0.100000
1 0.543367 0.226297 0.040000 0.100000
1 0.561821 0.225818 0.040000 0.100000
1 0.578118 0.226537 0.040000 0.100000
1 0.594929 0.227827 0.040000 0.100000
1 0.651350 0.227993 0.040000 0.100000
1 0.669991 0.227827 0.040000 0.100000
1 0.685636 0.227328 0.040000 0.100000
1 0.772271 0.237570 0.100000 0.040000
1 0.772438 0.261703 0.100000 0.040000
1 0.772562 0.285018 0.100000 0.040000
1 0.773231 0.328410 0.100000 0.040000
1 0.772954 0.348798 0.100000 0.040000
1 0.773181 0.401141 0.100000 0.040000
1 0.772682 0.420781 0.100000 0.040000
1 0.771796 0.441146 0.100000 0.040000
1 0.772685 0.510803 0.100000 0.040000
1 0.773006 0.523886 0.100000 0.040000
1 0.772852 0.553821 0.100000 0.040000
1 0.773430 0.573585 0.100000 0.040000
1 0.773222 0.594944 0.100000 0.040000
1 0.772945 0.615610 0.100000 0.040000
1 0.773522 0.675674 0.100000 0.040000
1 0.773060 0.697750 0.100000 0.040000
1 0.773406 0.722114 0.100000 0.040000
1 0.704858 0.773204 0.040000 0.100000
1 0.673834 0.772705 0.040000 0.100000
1 0.647072 0.772705 0.040000 0.100000
1 0.628697 0.772705 0.040000 0.100000
1 0.609923 0.773104 0.040000 0.100000
1 0.589296 0.772402 0.040000 0.100000
1 0.567992 0.772735 0.040000 0.100000
1 0.520275 0.772518 0.040000 0.100000
1 0.491482 0.772352 0.040000 0.100000
1 0.462758 0.772615 0.040000 0.100000
1 0.444867 0.773448 0.040000 0.100000
1 0.384534 0.773392 0.040000 0.100000
1 0.357949 0.773427 0.040000 0.100000
1 0.332706 0.771624 0.040000 0.100000
1 0.295663 0.774012 0.040000 0.100000
1 0.274049 0.773318 0.040000 0.100000
1 0.227275 0.724347 0.100000 0.040000
1 0.227085 0.696383 0.100000 0.040000
1 0.228459 0.625026 0.100000 0.040000
1 0.227207 0.600177 0.100000 0.040000
1 0.227438 0.577696 0.100000 0.040000
1 0.227058 0.553820 0.100000 0.040000
1 0.226673 0.515101 0.100000 0.040000
1 0.226866 0.500095 0.100000 0.040000
1 0.226288 0.483798 0.100000 0.040000
1 0.226600 0.454036 0.100000 0.040000
1 0.227178 0.423177 0.100000 0.040000
1 0.227148 0.401607 0.100000 0.040000
1 0.227610 0.379416 0.100000 0.040000
1 0.226847 0.356947 0.100000 0.040000
1 0.226570 0.339194 0.100000 0.040000
1 0.226766 0.317986 0.100000 0.040000
1 0.228153 0.302613 0.100000 0.040000
1 0.227113 0.265096 0.100000 0.040000
1 0.226198 0.239049 0.100000 0.040000
1 0.295769 0.243400 0.040000 0.100000
1 0.314343 0.243200 0.040000 0.100000
1 0.332118 0.242801 0.040000 0.100000
1 0.348894 0.241802 0.040000 0.100000
1 0.384605 0.242002 0.040000 0.100000
1 0.367588 0.242961 0.040000 0.100000
1 0.429901 0.242721 0.040000 0.100000
1 0.460570 0.242756 0.040000 0.100000
1 0.528475 0.243422 0.040000 0.100000
1 0.544186 0.242424 0.040000 0.100000
1 0.559565 0.243023 0.040000 0.100000
1 0.572946 0.242823 0.040000 0.100000
1 0.587726 0.242823 0.040000 0.100000
1 0.644740 0.242285 0.040000 0.100000
1 0.660112 0.242910 0.040000 0.100000
1 0.673705 0.242632 0.040000 0.100000
1 0.757316 0.247353 0.100000 0.040000
1 0.757316 0.268724 0.100000 0.040000
1 0.757116 0.290094 0.100000 0.040000
1 0.756405 0.332299 0.100000 0.040000
1 0.756625 0.350501 0.100000 0.040000
1 0.756824 0.403228 0.100000 0.040000
1 0.757024 0.421802 0.100000 0.040000
1 0.756425 0.439976 0.100000 0.040000
1 0.756914 0.513803 0.100000 0.040000
1 0.757081 0.527617 0.100000 0.040000
1 0.757347 0.558474 0.100000 0.040000
1 0.757347 0.575251 0.100000 0.040000
1 0.756348 0.594224 0.100000 0.040000
1 0.757244 0.612162 0.100000 0.040000
1 0.756744 0.672578 0.100000 0.040000
1 0.756578 0.693216 0.100000 0.040000
1 0.756911 0.713354 0.100000 0.040000
1 0.694947 0.755898 0.040000 0.100000
1 0.665988 0.756398 0.040000 0.100000
1 0.641855 0.757063 0.040000 0.100000
1 0.626196 0.757133 0.040000 0.100000
1 0.610662 0.756855 0.040000 0.100000
1 0.591800 0.756162 0.040000 0.100000
1 0.574862 0.756828 0.040000 0.100000
1 0.524533 0.757227 0.040000 0.100000
1 0.497171 0.757227 0.040000 0.100000
1 0.467612 0.757427 0.040000 0.100000
1 0.453372 0.756328 0.040000 0.100000
1 0.389661 0.756129 0.040000 0.100000
1 0.365345 0.756711 0.040000 0.100000
1 0.342710 0.756378 0.040000 0.100000
1 0.308494 0.756337 0.040000 0.100000
1 0.288799 0.756337 0.040000 0.100000
1 0.242863 0.714362 0.100000 0.040000
1 0.243462 0.689597 0.100000 0.040000
1 0.243399 0.615776 0.100000 0.040000
1 0.243566 0.593807 0.100000 0.040000
1 0.243566 0.573668 0.100000 0.040000
1 0.243066 0.551200 0.100000 0.040000
1 0.243056 0.511851 0.100000 0.040000
1 0.243389 0.495707 0.100000 0.040000
1 0.243556 0.475070 0.100000 0.040000
1 0.242557 0.453433 0.100000 0.040000
1 0.242990 0.424573 0.100000 0.040000
1 0.242707 0.405051 0.100000 0.040000
1 0.243040 0.385079 0.100000 0.040000
1 0.242857 0.363958 0.100000 0.040000
1 0.243522 0.345983 0.100000 0.040000
1 0.243481 0.326435 0.100000 0.040000
1 0.244174 0.309237 0.100000 0.040000
1 0.242305 0.272971 0.100000 0.040000
1 0.243703 0.251202 0.100000 0.040000
