0 0.192526 0.123477 0.032494 0.081235
0 0.236393 0.123477 0.032494 0.081235
0 0.276198 0.123477 0.032494 0.081235
0 0.316816 0.123477 0.032494 0.081235
0 0.354996 0.123477 0.032494 0.081235
0 0.392364 0.123477 0.032494 0.081235
0 0.428107 0.123477 0.032494 0.081235
0 0.465475 0.123477 0.032494 0.081235
0 0.521527 0.123477 0.032494 0.081235
0 0.554021 0.123477 0.032494 0.081235
0 0.588952 0.123477 0.032494 0.081235
0 0.625508 0.123477 0.032494 0.081235
0 0.662063 0.123477 0.032494 0.081235
0 0.713241 0.123477 0.032494 0.081235
0 0.753859 0.123477 0.032494 0.081235
0 0.796101 0.123477 0.032494 0.081235
0 0.876523 0.188465 0.081235 0.032494
0 0.876523 0.230707 0.081235 0.032494
0 0.876523 0.271324 0.081235 0.032494
0 0.876523 0.316003 0.081235 0.032494
0 0.876523 0.354184 0.081235 0.032494
0 0.876523 0.398863 0.081235 0.032494
0 0.876523 0.433794 0.081235 0.032494
0 0.876523 0.466288 0.081235 0.032494
0 0.876523 0.518278 0.081235 0.032494
0 0.876523 0.560520 0.081235 0.032494
0 0.876523 0.593826 0.081235 0.032494
0 0.876523 0.632006 0.081235 0.032494
0 0.876523 0.670187 0.081235 0.032494
0 0.876523 0.720552 0.081235 0.032494
0 0.876523 0.761982 0.081235 0.032494
0 0.876523 0.804224 0.081235 0.032494
0 0.801787 0.876523 0.032494 0.081235
0 0.755483 0.876523 0.032494 0.081235
0 0.711617 0.876523 0.032494 0.081235
0 0.668562 0.876523 0.032494 0.081235
0 0.632006 0.876523 0.032494 0.081235
0 0.597076 0.876523 0.032494 0.081235
0 0.561332 0.876523 0.032494 0.081235
0 0.523964 0.876523 0.032494 0.081235
0 0.477660 0.876523 0.032494 0.081235
0 0.442729 0.876523 0.032494 0.081235
0 0.407799 0.876523 0.032494 0.081235
0 0.360682 0.876523 0.032494 0.081235
0 0.320877 0.876523 0.032494 0.081235
0 0.279448 0.876523 0.032494 0.081235
0 0.235581 0.876523 0.032494 0.081235
0 0.193339 0.876523 0.032494 0.081235
0 0.123477 0.803412 0.081235 0.032494
0 0.123477 0.760357 0.081235 0.032494
0 0.123477 0.708367 0.081235 0.032494
0 0.123477 0.666125 0.081235 0.032494
0 0.123477 0.625508 0.081235 0.032494
0 0.123477 0.591389 0.081235 0.032494
0 0.123477 0.550772 0.081235 0.032494
0 0.123477 0.513404 0.081235 0.032494
0 0.123477 0.471974 0.081235 0.032494
0 0.123477 0.433794 0.081235 0.032494
0 0.123477 0.398050 0.081235 0.032494
0 0.123477 0.361495 0.081235 0.032494
0 0.123477 0.328188 0.081235 0.032494
0 0.123477 0.282697 0.081235 0.032494
0 0.123477 0.229894 0.081235 0.032494
0 0.123477 0.189277 0.081235 0.032494
0 0.199025 0.133225 0.032494 0.081235
0 0.241267 0.133225 0.032494 0.081235
0 0.279448 0.133225 0.032494 0.081235
0 0.318440 0.133225 0.032494 0.081235
0 0.354996 0.133225 0.032494 0.081235
0 0.389927 0.133225 0.032494 0.081235
0 0.427295 0.133225 0.032494 0.081235
0 0.463851 0.133225 0.032494 0.081235
0 0.520715 0.133225 0.032494 0.081235
0 0.551584 0.133225 0.032494 0.081235
0 0.585703 0.133225 0.032494 0.081235
0 0.619821 0.133225 0.032494 0.081235
0 0.654752 0.133225 0.032494 0.081235
0 0.705930 0.133225 0.032494 0.081235
0 0.744923 0.133225 0.032494 0.081235
0 0.783103 0.133225 0.032494 0.081235
0 0.866775 0.192526 0.081235 0.032494
0 0.866775 0.233956 0.081235 0.032494
0 0.866775 0.272136 0.081235 0.032494
0 0.866775 0.316816 0.081235 0.032494
0 0.866775 0.353371 0.081235 0.032494
0 0.866775 0.398863 0.081235 0.032494
0 0.866775 0.432169 0.081235 0.032494
0 0.866775 0.464663 0.081235 0.032494
0 0.866775 0.517465 0.081235 0.032494
0 0.866775 0.559708 0.081235 0.032494
0 0.866775 0.592201 0.081235 0.032494
0 0.866775 0.627945 0.081235 0.032494
0 0.866775 0.665313 0.081235 0.032494
0 0.866775 0.715678 0.081235 0.032494
0 0.866775 0.755483 0.081235 0.032494
0 0.866775 0.796101 0.081235 0.032494
0 0.792039 0.866775 0.032494 0.081235
0 0.745735 0.866775 0.032494 0.081235
0 0.703493 0.866775 0.032494 0.081235
0 0.662876 0.866775 0.032494 0.081235
0 0.628757 0.866775 0.032494 0.081235
0 0.595451 0.866775 0.032494 0.081235
0 0.561332 0.866775 0.032494 0.081235
0 0.523152 0.866775 0.032494 0.081235
0 0.478473 0.866775 0.032494 0.081235
0 0.443542 0.866775 0.032494 0.081235
0 0.409423 0.866775 0.032494 0.081235
0 0.362307 0.866775 0.032494 0.081235
0 0.323314 0.866775 0.032494 0.081235
0 0.282697 0.866775 0.032494 0.081235
0 0.240455 0.866775 0.032494 0.081235
0 0.199838 0.866775 0.032494 0.081235
0 0.133225 0.795288 0.081235 0.032494
0 0.133225 0.753859 0.081235 0.032494
0 0.133225 0.698619 0.081235 0.032494
0 0.133225 0.661251 0.081235 0.032494
0 0.133225 0.620634 0.081235 0.032494
0 0.133225 0.583266 0.081235 0.032494
0 0.133225 0.546710 0.081235 0.032494
0 0.133225 0.510154 0.081235 0.032494
0 0.133225 0.469537 0.081235 0.032494
0 0.133225 0.432169 0.081235 0.032494
0 0.133225 0.397238 0.081235 0.032494
0 0.133225 0.362307 0.081235 0.032494
0 0.133225 0.329001 0.081235 0.032494
0 0.133225 0.285946 0.081235 0.032494
0 0.133225 0.233144 0.081235 0.032494
0 0.133225 0.194963 0.081235 0.032494
0 0.202275 0.138099 0.032494 0.081235
0 0.244517 0.138099 0.032494 0.081235
0 0.281072 0.138099 0.032494 0.081235
0 0.319253 0.138099 0.032494 0.081235
0 0.389115 0.138099 0.032494 0.081235
0 0.427295 0.138099 0.032494 0.081235
0 0.551584 0.138099 0.032494 0.081235
0 0.584078 0.138099 0.032494 0.081235
0 0.616572 0.138099 0.032494 0.081235
0 0.650690 0.138099 0.032494 0.081235
0 0.702681 0.138099 0.032494 0.081235
0 0.740049 0.138099 0.032494 0.081235
0 0.776604 0.138099 0.032494 0.081235
0 0.861901 0.194151 0.081235 0.032494
0 0.861901 0.234768 0.081235 0.032494
0 0.861901 0.272949 0.081235 0.032494
0 0.861901 0.317628 0.081235 0.032494
0 0.861901 0.352559 0.081235 0.032494
0 0.861901 0.398863 0.081235 0.032494
0 0.861901 0.431357 0.081235 0.032494
0 0.861901 0.463038 0.081235 0.032494
0 0.861901 0.517465 0.081235 0.032494
0 0.861901 0.559708 0.081235 0.032494
0 0.861901 0.591389 0.081235 0.032494
0 0.861901 0.625508 0.081235 0.032494
0 0.861901 0.662876 0.081235 0.032494
0 0.861901 0.713241 0.081235 0.032494
0 0.861901 0.752234 0.081235 0.032494
0 0.861901 0.792039 0.081235 0.032494
0 0.786353 0.861901 0.032494 0.081235
0 0.740861 0.861901 0.032494 0.081235
0 0.699431 0.861901 0.032494 0.081235
0 0.659626 0.861901 0.032494 0.081235
0 0.627132 0.861901 0.032494 0.081235
0 0.594639 0.861901 0.032494 0.081235
0 0.561332 0.861901 0.032494 0.081235
0 0.522340 0.861901 0.032494 0.081235
0 0.478473 0.861901 0.032494 0.081235
0 0.443542 0.861901 0.032494 0.081235
0 0.411048 0.861901 0.032494 0.081235
0 0.362307 0.861901 0.032494 0.081235
0 0.324127 0.861901 0.032494 0.081235
0 0.285134 0.861901 0.032494 0.081235
0 0.242892 0.861901 0.032494 0.081235
0 0.202275 0.861901 0.032494 0.081235
0 0.138099 0.790414 0.081235 0.032494
0 0.138099 0.749797 0.081235 0.032494
0 0.138099 0.692933 0.081235 0.032494
0 0.138099 0.655565 0.081235 0.032494
0 0.138099 0.617384 0.081235 0.032494
0 0.138099 0.580829 0.081235 0.032494
0 0.138099 0.544273 0.081235 0.032494
0 0.138099 0.507717 0.081235 0.032494
0 0.138099 0.467912 0.081235 0.032494
0 0.138099 0.431357 0.081235 0.032494
0 0.138099 0.397238 0.081235 0.032494
0 0.138099 0.363119 0.081235 0.032494
0 0.138099 0.325751 0.081235 0.032494
0 0.138099 0.287571 0.081235 0.032494
0 0.138099 0.233956 0.081235 0.032494
0 0.138099 0.197400 0.081235 0.032494
0 0.195776 0.128351 0.032494 0.081235
0 0.238830 0.128351 0.032494 0.081235
0 0.277823 0.128351 0.032494 0.081235
0 0.317628 0.128351 0.032494 0.081235
0 0.354996 0.128351 0.032494 0.081235
0 0.390739 0.128351 0.032494 0.081235
0 0.428107 0.128351 0.032494 0.081235
0 0.464663 0.128351 0.032494 0.081235
0 0.521527 0.128351 0.032494 0.081235
0 0.552396 0.128351 0.032494 0.081235
0 0.587327 0.128351 0.032494 0.081235
0 0.622258 0.128351 0.032494 0.081235
0 0.658814 0.128351 0.032494 0.081235
0 0.709180 0.128351 0.032494 0.081235
0 0.749797 0.128351 0.032494 0.081235
0 0.789602 0.128351 0.032494 0.081235
0 0.871649 0.190089 0.081235 0.032494
0 0.871649 0.232331 0.081235 0.032494
0 0.871649 0.272136 0.081235 0.032494
0 0.871649 0.316816 0.081235 0.032494
0 0.871649 0.353371 0.081235 0.032494
0 0.871649 0.398863 0.081235 0.032494
0 0.871649 0.432981 0.081235 0.032494
0 0.871649 0.465475 0.081235 0.032494
0 0.871649 0.517465 0.081235 0.032494
0 0.871649 0.593014 0.081235 0.032494
0 0.871649 0.629569 0.081235 0.032494
0 0.871649 0.667750 0.081235 0.032494
0 0.871649 0.718115 0.081235 0.032494
0 0.871649 0.758733 0.081235 0.032494
0 0.871649 0.800162 0.081235 0.032494
0 0.796913 0.871649 0.032494 0.081235
0 0.749797 0.871649 0.032494 0.081235
0 0.707555 0.871649 0.032494 0.081235
0 0.666125 0.871649 0.032494 0.081235
0 0.630382 0.871649 0.032494 0.081235
0 0.596263 0.871649 0.032494 0.081235
0 0.561332 0.871649 0.032494 0.081235
0 0.523152 0.871649 0.032494 0.081235
0 0.477660 0.871649 0.032494 0.081235
0 0.443542 0.871649 0.032494 0.081235
0 0.408611 0.871649 0.032494 0.081235
0 0.361495 0.871649 0.032494 0.081235
0 0.322502 0.871649 0.032494 0.081235
0 0.281072 0.871649 0.032494 0.081235
0 0.238018 0.871649 0.032494 0.081235
0 0.196588 0.871649 0.032494 0.081235
0 0.128351 0.800162 0.081235 0.032494
0 0.128351 0.757920 0.081235 0.032494
0 0.128351 0.703493 0.081235 0.032494
0 0.128351 0.662063 0.081235 0.032494
0 0.128351 0.623883 0.081235 0.032494
0 0.128351 0.584890 0.081235 0.032494
0 0.128351 0.548335 0.081235 0.032494
0 0.128351 0.511779 0.081235 0.032494
0 0.128351 0.470349 0.081235 0.032494
0 0.128351 0.432981 0.081235 0.032494
0 0.128351 0.397238 0.081235 0.032494
0 0.128351 0.362307 0.081235 0.032494
0 0.128351 0.328188 0.081235 0.032494
0 0.128351 0.284322 0.081235 0.032494
0 0.128351 0.231519 0.081235 0.032494
0 0.128351 0.191714 0.081235 0.032494
1 0.231179 0.176686 0.040000 0.100000
1 0.264732 0.176886 0.040000 0.100000
1 0.294890 0.176886 0.040000 0.100000
1 0.326047 0.177285 0.040000 0.100000
1 0.355006 0.176486 0.040000 0.100000
1 0.382907 0.176027 0.040000 0.100000
1 0.424249 0.175428 0.040000 0.100000
1 0.441625 0.175827 0.040000 0.100000
1 0.459171 0.177775 0.040000 0.100000
1 0.520585 0.176776 0.040000 0.100000
1 0.545193 0.177163 0.040000 0.100000
1 0.570990 0.177330 0.040000 0.100000
1 0.594957 0.177496 0.040000 0.100000
1 0.622189 0.177074 0.040000 0.100000
1 0.676083 0.177154 0.040000 0.100000
1 0.705903 0.176738 0.040000 0.100000
1 0.730895 0.176627 0.040000 0.100000
1 0.824254 0.210205 0.100000 0.040000
1 0.823824 0.246488 0.100000 0.040000
1 0.823824 0.276945 0.100000 0.040000
1 0.824543 0.321050 0.100000 0.040000
1 0.824303 0.350769 0.100000 0.040000
1 0.823584 0.399181 0.100000 0.040000
1 0.823908 0.426850 0.100000 0.040000
1 0.823908 0.454611 0.100000 0.040000
1 0.824108 0.516325 0.100000 0.040000
1 0.823970 0.559209 0.100000 0.040000
1 0.824053 0.585339 0.100000 0.040000
1 0.824223 0.614228 0.100000 0.040000
1 0.823724 0.644020 0.100000 0.040000
1 0.823368 0.697156 0.100000 0.040000
1 0.823701 0.730609 0.100000 0.040000
1 0.822702 0.761399 0.100000 0.040000
1 0.747175 0.825000 0.040000 0.100000
1 0.708379 0.824596 0.040000 0.100000
1 0.674815 0.824457 0.040000 0.100000
1 0.642027 0.823930 0.040000 0.100000
1 0.617562 0.823597 0.040000 0.100000
1 0.591885 0.824417 0.040000 0.100000
1 0.564030 0.823955 0.040000 0.100000
1 0.520952 0.824315 0.040000 0.100000
1 0.481655 0.824700 0.040000 0.100000
1 0.447906 0.824511 0.040000 0.100000
1 0.421831 0.823679 0.040000 0.100000
1 0.368725 0.823582 0.040000 0.100000
1 0.335161 0.823998 0.040000 0.100000
1 0.300238 0.823749 0.040000 0.100000
1 0.260940 0.823873 0.040000 0.100000
1 0.228624 0.823319 0.040000 0.100000
1 0.176125 0.757687 0.100000 0.040000
1 0.175925 0.725332 0.100000 0.040000
1 0.176664 0.657887 0.100000 0.040000
1 0.175666 0.630125 0.100000 0.040000
1 0.176708 0.598396 0.100000 0.040000
1 0.176292 0.566773 0.100000 0.040000
1 0.176015 0.530851 0.100000 0.040000
1 0.176153 0.517259 0.100000 0.040000
1 0.175876 0.496372 0.100000 0.040000
1 0.176375 0.460921 0.100000 0.040000
1 0.175793 0.425854 0.100000 0.040000
1 0.175460 0.397726 0.100000 0.040000
1 0.175693 0.369266 0.100000 0.040000
1 0.175493 0.339907 0.100000 0.040000
1 0.176092 0.326526 0.100000 0.040000
1 0.176971 0.302280 0.100000 0.040000
1 0.176728 0.286592 0.100000 0.040000
1 0.176728 0.248312 0.100000 0.040000
1 0.177061 0.220518 0.100000 0.040000
1 0.244928 0.193759 0.040000 0.100000
1 0.274053 0.192594 0.040000 0.100000
1 0.301848 0.192427 0.040000 0.100000
1 0.331007 0.193226 0.040000 0.100000
1 0.356172 0.192627 0.040000 0.100000
1 0.382561 0.193154 0.040000 0.100000
1 0.424720 0.193629 0.040000 0.100000
1 0.442057 0.193213 0.040000 0.100000
1 0.457424 0.192603 0.040000 0.100000
1 0.521851 0.191621 0.040000 0.100000
1 0.543920 0.192486 0.040000 0.100000
1 0.568216 0.192411 0.040000 0.100000
1 0.589437 0.192550 0.040000 0.100000
1 0.612876 0.192827 0.040000 0.100000
1 0.667247 0.192409 0.040000 0.100000
1 0.693252 0.192756 0.040000 0.100000
1 0.715513 0.192802 0.040000 0.100000
1 0.806907 0.218089 0.100000 0.040000
1 0.808072 0.251209 0.100000 0.040000
1 0.807739 0.279503 0.100000 0.040000
1 0.807223 0.324357 0.100000 0.040000
1 0.807889 0.350321 0.100000 0.040000
1 0.807542 0.400869 0.100000 0.040000
1 0.807542 0.426334 0.100000 0.040000
1 0.807709 0.451965 0.100000 0.040000
1 0.807326 0.516225 0.100000 0.040000
1 0.808100 0.528196 0.100000 0.040000
1 0.808216 0.560212 0.100000 0.040000
1 0.807869 0.584368 0.100000 0.040000
1 0.807754 0.610142 0.100000 0.040000
1 0.806228 0.637521 0.100000 0.040000
1 0.807549 0.691861 0.100000 0.040000
1 0.807383 0.722818 0.100000 0.040000
1 0.808248 0.751678 0.100000 0.040000
1 0.732599 0.808089 0.040000 0.100000
1 0.695845 0.807858 0.040000 0.100000
1 0.666368 0.806901 0.040000 0.100000
1 0.637797 0.807317 0.040000 0.100000
1 0.615833 0.807171 0.040000 0.100000
1 0.591612 0.806417 0.040000 0.100000
1 0.566813 0.807082 0.040000 0.100000
1 0.520844 0.806749 0.040000 0.100000
1 0.484095 0.807948 0.040000 0.100000
1 0.451851 0.808038 0.040000 0.100000
1 0.427718 0.807705 0.040000 0.100000
1 0.371926 0.807125 0.040000 0.100000
1 0.341968 0.806542 0.040000 0.100000
1 0.307979 0.806723 0.040000 0.100000
1 0.269561 0.807832 0.040000 0.100000
1 0.240990 0.807305 0.040000 0.100000
1 0.193240 0.745675 0.100000 0.040000
1 0.193017 0.713829 0.100000 0.040000
1 0.192254 0.646743 0.100000 0.040000
1 0.192809 0.619974 0.100000 0.040000
1 0.193100 0.590946 0.100000 0.040000
1 0.192961 0.562097 0.100000 0.040000
1 0.193861 0.526200 0.100000 0.040000
1 0.192474 0.511060 0.100000 0.040000
1 0.192474 0.491527 0.100000 0.040000
1 0.192196 0.458355 0.100000 0.040000
1 0.193387 0.425261 0.100000 0.040000
1 0.193248 0.398492 0.100000 0.040000
1 0.192027 0.372778 0.100000 0.040000
1 0.192733 0.345756 0.100000 0.040000
1 0.192733 0.331137 0.100000 0.040000
1 0.192091 0.309397 0.100000 0.040000
1 0.192532 0.292696 0.100000 0.040000
1 0.192930 0.254601 0.100000 0.040000
1 0.192098 0.228970 0.100000 0.040000
1 0.259509 0.209816 0.040000 0.100000
1 0.283975 0.208485 0.040000 0.100000
1 0.310105 0.208818 0.040000 0.100000
1 0.335070 0.208984 0.040000 0.100000
1 0.358637 0.208685 0.040000 0.100000
1 0.382004 0.208685 0.040000 0.100000
1 0.425221 0.208501 0.040000 0.100000
1 0.442863 0.208834 0.040000 0.100000
1 0.457342 0.208834 0.040000 0.100000
1 0.523517 0.209200 0.040000 0.100000
1 0.543377 0.209321 0.040000 0.100000
1 0.563765 0.208489 0.040000 0.100000
1 0.583599 0.209043 0.040000 0.100000
1 0.603377 0.209016 0.040000 0.100000
1 0.658350 0.208067 0.040000 0.100000
1 0.682150 0.208067 0.040000 0.100000
1 0.699625 0.209232 0.040000 0.100000
1 0.791049 0.227239 0.100000 0.040000
1 0.791465 0.256919 0.100000 0.040000
1 0.791327 0.282828 0.100000 0.040000
1 0.791327 0.327765 0.100000 0.040000
1 0.791127 0.351132 0.100000 0.040000
1 0.791235 0.402472 0.100000 0.040000
1 0.791434 0.426638 0.100000 0.040000
1 0.791235 0.454400 0.100000 0.040000
1 0.790446 0.517415 0.100000 0.040000
1 0.791278 0.531395 0.100000 0.040000
1 0.791444 0.562851 0.100000 0.040000
1 0.791112 0.583822 0.100000 0.040000
1 0.791644 0.607489 0.100000 0.040000
1 0.790446 0.633253 0.100000 0.040000
1 0.790897 0.688273 0.100000 0.040000
1 0.791590 0.717261 0.100000 0.040000
1 0.790481 0.741393 0.100000 0.040000
1 0.718601 0.791905 0.040000 0.100000
1 0.685537 0.791433 0.040000 0.100000
1 0.658219 0.791766 0.040000 0.100000
1 0.633401 0.791599 0.040000 0.100000
1 0.613845 0.791066 0.040000 0.100000
1 0.592058 0.791666 0.040000 0.100000
1 0.570671 0.791466 0.040000 0.100000
1 0.522762 0.791716 0.040000 0.100000
1 0.487782 0.791216 0.040000 0.100000
1 0.456134 0.790717 0.040000 0.100000
1 0.434860 0.791689 0.040000 0.100000
1 0.376637 0.791791 0.040000 0.100000
1 0.348598 0.790542 0.040000 0.100000
1 0.319337 0.790154 0.040000 0.100000
1 0.280526 0.791653 0.040000 0.100000
1 0.254778 0.791489 0.040000 0.100000
1 0.209028 0.734538 0.100000 0.040000
1 0.209259 0.705504 0.100000 0.040000
1 0.208631 0.635694 0.100000 0.040000
1 0.208464 0.611708 0.100000 0.040000
1 0.209297 0.585057 0.100000 0.040000
1 0.209011 0.558625 0.100000 0.040000
1 0.208164 0.522443 0.100000 0.040000
1 0.208442 0.506619 0.100000 0.040000
1 0.208720 0.488713 0.100000 0.040000
1 0.208292 0.457287 0.100000 0.040000
1 0.208292 0.425106 0.100000 0.040000
1 0.208092 0.401120 0.100000 0.040000
1 0.209455 0.377881 0.100000 0.040000
1 0.208761 0.351230 0.100000 0.040000
1 0.208761 0.336238 0.100000 0.040000
1 0.208595 0.316250 0.100000 0.040000
1 0.208997 0.299041 0.100000 0.040000
1 0.208442 0.261979 0.100000 0.040000
1 0.209414 0.238937 0.100000 0.040000
1 0.274610 0.225566 0.040000 0.100000
1 0.296247 0.225233 0.040000 0.100000
1 0.318383 0.225566 0.040000 0.100000
1 0.340518 0.224901 0.040000 0.100000
1 0.361489 0.225566 0.040000 0.100000
1 0.382460 0.226066 0.040000 0.100000
1 0.426168 0.225075 0.040000 0.100000
1 0.444198 0.225353 0.040000 0.100000
1 0.456958 0.225630 0.040000 0.100000
1 0.525119 0.224084 0.040000 0.100000
1 0.542139 0.224287 0.040000 0.100000
1 0.560280 0.224454 0.040000 0.100000
1 0.576924 0.224953 0.040000 0.100000
1 0.595231 0.224121 0.040000 0.100000
1 0.651576 0.223758 0.040000 0.100000
1 0.671548 0.224258 0.040000 0.100000
1 0.687858 0.224424 0.040000 0.100000
1 0.775335 0.236564 0.100000 0.040000
1 0.775169 0.263360 0.100000 0.040000
1 0.774503 0.286660 0.100000 0.040000
1 0.774793 0.330130 0.100000 0.040000
1 0.775292 0.353097 0.100000 0.040000
1 0.775384 0.404445 0.100000 0.040000
1 0.774552 0.425943 0.100000 0.040000
1 0.775384 0.447302 0.100000 0.040000
1 0.773685 0.518600 0.100000 0.040000
1 0.774792 0.532261 0.100000 0.040000
1 0.774653 0.565132 0.100000 0.040000
1 0.774792 0.584965 0.100000 0.040000
1 0.774653 0.605631 0.100000 0.040000
1 0.775476 0.628288 0.100000 0.040000
1 0.774072 0.684964 0.100000 0.040000
1 0.774272 0.710928 0.100000 0.040000
1 0.774871 0.733296 0.100000 0.040000
1 0.705868 0.774978 0.040000 0.100000
1 0.675310 0.775178 0.040000 0.100000
1 0.651263 0.774443 0.040000 0.100000
1 0.630320 0.775968 0.040000 0.100000
1 0.613538 0.774859 0.040000 0.100000
1 0.593428 0.774276 0.040000 0.100000
1 0.574454 0.775774 0.040000 0.100000
1 0.524271 0.775222 0.040000 0.100000
1 0.490361 0.775541 0.040000 0.100000
1 0.460957 0.774709 0.040000 0.100000
1 0.442261 0.774293 0.040000 0.100000
1 0.381579 0.773328 0.040000 0.100000
1 0.356215 0.772928 0.040000 0.100000
1 0.327635 0.775025 0.040000 0.100000
1 0.291471 0.775516 0.040000 0.100000
1 0.269974 0.774129 0.040000 0.100000
1 0.225634 0.724458 0.100000 0.040000
1 0.225135 0.697828 0.100000 0.040000
1 0.225568 0.624398 0.100000 0.040000
1 0.224010 0.604425 0.100000 0.040000
1 0.224310 0.580279 0.100000 0.040000
1 0.224909 0.555514 0.100000 0.040000
1 0.225688 0.519400 0.100000 0.040000
1 0.224579 0.502896 0.100000 0.040000
1 0.224856 0.485975 0.100000 0.040000
1 0.225549 0.456572 0.100000 0.040000
1 0.224448 0.426946 0.100000 0.040000
1 0.225183 0.404741 0.100000 0.040000
1 0.225183 0.382938 0.100000 0.040000
1 0.224701 0.358156 0.100000 0.040000
1 0.224534 0.342844 0.100000 0.040000
1 0.225699 0.306728 0.100000 0.040000
1 0.224534 0.323870 0.100000 0.040000
1 0.224132 0.270209 0.100000 0.040000
1 0.225547 0.248856 0.100000 0.040000
1 0.289983 0.242138 0.040000 0.100000
1 0.308157 0.241739 0.040000 0.100000
1 0.327530 0.241739 0.040000 0.100000
1 0.345705 0.240940 0.040000 0.100000
1 0.363680 0.240141 0.040000 0.100000
1 0.381751 0.239406 0.040000 0.100000
1 0.426041 0.240269 0.040000 0.100000
1 0.444091 0.240333 0.040000 0.100000
1 0.460352 0.241175 0.040000 0.100000
1 0.527081 0.240980 0.040000 0.100000
1 0.542226 0.240480 0.040000 0.100000
1 0.557871 0.240314 0.040000 0.100000
1 0.571685 0.240314 0.040000 0.100000
1 0.587396 0.240214 0.040000 0.100000
1 0.642258 0.240142 0.040000 0.100000
1 0.660566 0.240974 0.040000 0.100000
1 0.674214 0.240974 0.040000 0.100000
1 0.759441 0.246327 0.100000 0.040000
1 0.757284 0.271252 0.100000 0.040000
1 0.757764 0.291144 0.100000 0.040000
1 0.758503 0.333968 0.100000 0.040000
1 0.757903 0.354140 0.100000 0.040000
1 0.758702 0.407665 0.100000 0.040000
1 0.759471 0.426662 0.100000 0.040000
1 0.758639 0.452459 0.100000 0.040000
1 0.757757 0.520747 0.100000 0.040000
1 0.758756 0.534728 0.100000 0.040000
1 0.759588 0.567681 0.100000 0.040000
1 0.758090 0.585157 0.100000 0.040000
1 0.758756 0.604796 0.100000 0.040000
1 0.757957 0.624069 0.100000 0.040000
1 0.758552 0.682328 0.100000 0.040000
1 0.757753 0.705096 0.100000 0.040000
1 0.758951 0.724469 0.100000 0.040000
1 0.695456 0.759313 0.040000 0.100000
1 0.666746 0.760423 0.040000 0.100000
1 0.643584 0.757316 0.040000 0.100000
1 0.626608 0.758148 0.040000 0.100000
1 0.612294 0.759646 0.040000 0.100000
1 0.594469 0.759297 0.040000 0.100000
1 0.578492 0.759796 0.040000 0.100000
1 0.524398 0.759951 0.040000 0.100000
1 0.464359 0.759964 0.040000 0.100000
1 0.494209 0.758600 0.040000 0.100000
1 0.448435 0.760547 0.040000 0.100000
1 0.361535 0.759038 0.040000 0.100000
1 0.385901 0.759237 0.040000 0.100000
1 0.337968 0.759836 0.040000 0.100000
1 0.303296 0.759069 0.040000 0.100000
1 0.284890 0.757632 0.040000 0.100000
1 0.241007 0.716050 0.100000 0.040000
1 0.241247 0.691124 0.100000 0.040000
1 0.241051 0.615930 0.100000 0.040000
1 0.241051 0.597789 0.100000 0.040000
1 0.241051 0.576818 0.100000 0.040000
1 0.241550 0.554183 0.100000 0.040000
1 0.241367 0.515501 0.100000 0.040000
1 0.241034 0.498857 0.100000 0.040000
1 0.241034 0.484377 0.100000 0.040000
1 0.240621 0.457251 0.100000 0.040000
1 0.241220 0.428492 0.100000 0.040000
1 0.241020 0.407920 0.100000 0.040000
1 0.239622 0.388148 0.100000 0.040000
1 0.240375 0.364363 0.100000 0.040000
1 0.240375 0.348182 0.100000 0.040000
1 0.240722 0.331885 0.100000 0.040000
1 0.240573 0.313479 0.100000 0.040000
1 0.240092 0.277939 0.100000 0.040000
1 0.240670 0.257654 0.100000 0.040000
