0 0.190709 0.120619 0.032600 0.081500
0 0.232274 0.120619 0.032600 0.081500
0 0.273839 0.120619 0.032600 0.081500
0 0.315403 0.120619 0.032600 0.081500
0 0.352893 0.120619 0.032600 0.081500
0 0.390383 0.120619 0.032600 0.081500
0 0.426243 0.120619 0.032600 0.081500
0 0.464548 0.120619 0.032600 0.081500
0 0.521597 0.120619 0.032600 0.081500
0 0.553382 0.120619 0.032600 0.081500
0 0.589242 0.120619 0.032600 0.081500
0 0.625917 0.120619 0.032600 0.081500
0 0.663407 0.120619 0.032600 0.081500
0 0.715566 0.120619 0.032600 0.081500
0 0.756316 0.120619 0.032600 0.081500
0 0.797881 0.120619 0.032600 0.081500
0 0.879381 0.185819 0.081500 0.032600
0 0.879381 0.228199 0.081500 0.032600
0 0.879381 0.268949 0.081500 0.032600
0 0.879381 0.313773 0.081500 0.032600
0 0.879381 0.352078 0.081500 0.032600
0 0.879381 0.396903 0.081500 0.032600
0 0.879381 0.431133 0.081500 0.032600
0 0.879381 0.463733 0.081500 0.032600
0 0.879381 0.517522 0.081500 0.032600
0 0.879381 0.559087 0.081500 0.032600
0 0.879381 0.593317 0.081500 0.032600
0 0.879381 0.631622 0.081500 0.032600
0 0.879381 0.670742 0.081500 0.032600
0 0.879381 0.721271 0.081500 0.032600
0 0.879381 0.763651 0.081500 0.032600
0 0.879381 0.806031 0.081500 0.032600
0 0.801141 0.879381 0.032600 0.081500
0 0.756316 0.879381 0.032600 0.081500
0 0.713121 0.879381 0.032600 0.081500
0 0.670742 0.879381 0.032600 0.081500
0 0.634067 0.879381 0.032600 0.081500
0 0.597392 0.879381 0.032600 0.081500
0 0.559902 0.879381 0.032600 0.081500
0 0.524042 0.879381 0.032600 0.081500
0 0.476773 0.879381 0.032600 0.081500
0 0.440913 0.879381 0.032600 0.081500
0 0.406683 0.879381 0.032600 0.081500
0 0.358598 0.879381 0.032600 0.081500
0 0.323553 0.879381 0.032600 0.081500
0 0.277099 0.879381 0.032600 0.081500
0 0.233089 0.879381 0.032600 0.081500
0 0.190709 0.879381 0.032600 0.081500
0 0.120619 0.806846 0.081500 0.032600
0 0.120619 0.763651 0.081500 0.032600
0 0.120619 0.709861 0.081500 0.032600
0 0.120619 0.666667 0.081500 0.032600
0 0.120619 0.626732 0.081500 0.032600
0 0.120619 0.588427 0.081500 0.032600
0 0.120619 0.550122 0.081500 0.032600
0 0.120619 0.513447 0.081500 0.032600
0 0.120619 0.471068 0.081500 0.032600
0 0.120619 0.431948 0.081500 0.032600
0 0.120619 0.396088 0.081500 0.032600
0 0.120619 0.361043 0.081500 0.032600
0 0.120619 0.328443 0.081500 0.032600
0 0.120619 0.281174 0.081500 0.032600
0 0.120619 0.227384 0.081500 0.032600
0 0.120619 0.185819 0.081500 0.032600
0 0.197229 0.130399 0.032600 0.081500
0 0.237164 0.130399 0.032600 0.081500
0 0.276284 0.130399 0.032600 0.081500
0 0.317033 0.130399 0.032600 0.081500
0 0.352893 0.130399 0.032600 0.081500
0 0.387938 0.130399 0.032600 0.081500
0 0.425428 0.130399 0.032600 0.081500
0 0.462918 0.130399 0.032600 0.081500
0 0.521597 0.130399 0.032600 0.081500
0 0.551752 0.130399 0.032600 0.081500
0 0.585982 0.130399 0.032600 0.081500
0 0.620212 0.130399 0.032600 0.081500
0 0.655257 0.130399 0.032600 0.081500
0 0.707416 0.130399 0.032600 0.081500
0 0.746536 0.130399 0.032600 0.081500
0 0.784841 0.130399 0.032600 0.081500
0 0.869601 0.189079 0.081500 0.032600
0 0.869601 0.229829 0.081500 0.032600
0 0.869601 0.269764 0.081500 0.032600
0 0.869601 0.314588 0.081500 0.032600
0 0.869601 0.350448 0.081500 0.032600
0 0.869601 0.396088 0.081500 0.032600
0 0.869601 0.428688 0.081500 0.032600
0 0.869601 0.461288 0.081500 0.032600
0 0.869601 0.516707 0.081500 0.032600
0 0.869601 0.557457 0.081500 0.032600
0 0.869601 0.590872 0.081500 0.032600
0 0.869601 0.626732 0.081500 0.032600
0 0.869601 0.665037 0.081500 0.032600
0 0.869601 0.715566 0.081500 0.032600
0 0.869601 0.756316 0.081500 0.032600
0 0.869601 0.796251 0.081500 0.032600
0 0.790546 0.869601 0.032600 0.081500
0 0.745721 0.869601 0.032600 0.081500
0 0.704971 0.869601 0.032600 0.081500
0 0.665852 0.869601 0.032600 0.081500
0 0.630807 0.869601 0.032600 0.081500
0 0.594947 0.869601 0.032600 0.081500
0 0.560717 0.869601 0.032600 0.081500
0 0.522412 0.869601 0.032600 0.081500
0 0.476773 0.869601 0.032600 0.081500
0 0.440913 0.869601 0.032600 0.081500
0 0.409128 0.869601 0.032600 0.081500
0 0.361043 0.869601 0.032600 0.081500
0 0.321108 0.869601 0.032600 0.081500
0 0.280359 0.869601 0.032600 0.081500
0 0.237979 0.869601 0.032600 0.081500
0 0.197229 0.869601 0.032600 0.081500
0 0.130399 0.797066 0.081500 0.032600
0 0.130399 0.755501 0.081500 0.032600
0 0.130399 0.700081 0.081500 0.032600
0 0.130399 0.659332 0.081500 0.032600
0 0.130399 0.621027 0.081500 0.032600
0 0.130399 0.584352 0.081500 0.032600
0 0.130399 0.546047 0.081500 0.032600
0 0.130399 0.509372 0.081500 0.032600
0 0.130399 0.467808 0.081500 0.032600
0 0.130399 0.429503 0.081500 0.032600
0 0.130399 0.395273 0.081500 0.032600
0 0.130399 0.361043 0.081500 0.032600
0 0.130399 0.327628 0.081500 0.032600
0 0.130399 0.283619 0.081500 0.032600
0 0.130399 0.229829 0.081500 0.032600
0 0.130399 0.191524 0.081500 0.032600
0 0.199674 0.135289 0.032600 0.081500
0 0.239609 0.135289 0.032600 0.081500
0 0.277914 0.135289 0.032600 0.081500
0 0.317033 0.135289 0.032600 0.081500
0 0.352078 0.135289 0.032600 0.081500
0 0.387123 0.135289 0.032600 0.081500
0 0.424613 0.135289 0.032600 0.081500
0 0.462103 0.135289 0.032600 0.081500
0 0.521597 0.135289 0.032600 0.081500
0 0.550937 0.135289 0.032600 0.081500
0 0.584352 0.135289 0.032600 0.081500
0 0.616952 0.135289 0.032600 0.081500
0 0.651997 0.135289 0.032600 0.081500
0 0.704156 0.135289 0.032600 0.081500
0 0.741646 0.135289 0.032600 0.081500
0 0.778321 0.135289 0.032600 0.081500
0 0.864711 0.191524 0.081500 0.032600
0 0.864711 0.231459 0.081500 0.032600
0 0.864711 0.269764 0.081500 0.032600
0 0.864711 0.314588 0.081500 0.032600
0 0.864711 0.350448 0.081500 0.032600
0 0.864711 0.396088 0.081500 0.032600
0 0.864711 0.427873 0.081500 0.032600
0 0.864711 0.459658 0.081500 0.032600
0 0.864711 0.515892 0.081500 0.032600
0 0.864711 0.556642 0.081500 0.032600
0 0.864711 0.589242 0.081500 0.032600
0 0.864711 0.624287 0.081500 0.032600
0 0.864711 0.661777 0.081500 0.032600
0 0.864711 0.713121 0.081500 0.032600
0 0.864711 0.752241 0.081500 0.032600
0 0.864711 0.791361 0.081500 0.032600
0 0.784841 0.864711 0.032600 0.081500
0 0.741646 0.864711 0.032600 0.081500
0 0.700081 0.864711 0.032600 0.081500
0 0.662592 0.864711 0.032600 0.081500
0 0.629177 0.864711 0.032600 0.081500
0 0.594132 0.864711 0.032600 0.081500
0 0.559902 0.864711 0.032600 0.081500
0 0.521597 0.864711 0.032600 0.081500
0 0.476773 0.864711 0.032600 0.081500
0 0.441728 0.864711 0.032600 0.081500
0 0.409943 0.864711 0.032600 0.081500
0 0.361043 0.864711 0.032600 0.081500
0 0.322738 0.864711 0.032600 0.081500
0 0.281989 0.864711 0.032600 0.081500
0 0.239609 0.864711 0.032600 0.081500
0 0.199674 0.864711 0.032600 0.081500
0 0.135289 0.792176 0.081500 0.032600
0 0.135289 0.752241 0.081500 0.032600
0 0.135289 0.696007 0.081500 0.032600
0 0.135289 0.654442 0.081500 0.032600
0 0.135289 0.618582 0.081500 0.032600
0 0.135289 0.581907 0.081500 0.032600
0 0.135289 0.543602 0.081500 0.032600
0 0.135289 0.507742 0.081500 0.032600
0 0.135289 0.466178 0.081500 0.032600
0 0.135289 0.428688 0.081500 0.032600
0 0.135289 0.395273 0.081500 0.032600
0 0.135289 0.361043 0.081500 0.032600
0 0.135289 0.329258 0.081500 0.032600
0 0.135289 0.285249 0.081500 0.032600
0 0.135289 0.230644 0.081500 0.032600
0 0.135289 0.193969 0.081500 0.032600
0 0.202934 0.140179 0.032600 0.081500
0 0.242054 0.140179 0.032600 0.081500
0 0.278729 0.140179 0.032600 0.081500
0 0.317033 0.140179 0.032600 0.081500
0 0.352078 0.140179 0.032600 0.081500
0 0.385493 0.140179 0.032600 0.081500
0 0.424613 0.140179 0.032600 0.081500
0 0.461288 0.140179 0.032600 0.081500
0 0.520782 0.140179 0.032600 0.081500
0 0.550122 0.140179 0.032600 0.081500
0 0.582722 0.140179 0.032600 0.081500
0 0.614507 0.140179 0.032600 0.081500
0 0.647922 0.140179 0.032600 0.081500
0 0.700896 0.140179 0.032600 0.081500
0 0.737571 0.140179 0.032600 0.081500
0 0.772616 0.140179 0.032600 0.081500
0 0.859821 0.193154 0.081500 0.032600
0 0.859821 0.270579 0.081500 0.032600
0 0.859821 0.315403 0.081500 0.032600
0 0.859821 0.349633 0.081500 0.032600
0 0.859821 0.396088 0.081500 0.032600
0 0.859821 0.427058 0.081500 0.032600
0 0.859821 0.458028 0.081500 0.032600
0 0.859821 0.515892 0.081500 0.032600
0 0.859821 0.556642 0.081500 0.032600
0 0.859821 0.588427 0.081500 0.032600
0 0.859821 0.622657 0.081500 0.032600
0 0.859821 0.658517 0.081500 0.032600
0 0.859821 0.710676 0.081500 0.032600
0 0.859821 0.748981 0.081500 0.032600
0 0.779136 0.859821 0.032600 0.081500
0 0.736756 0.859821 0.032600 0.081500
0 0.696007 0.859821 0.032600 0.081500
0 0.660147 0.859821 0.032600 0.081500
0 0.627547 0.859821 0.032600 0.081500
0 0.593317 0.859821 0.032600 0.081500
0 0.560717 0.859821 0.032600 0.081500
0 0.520782 0.859821 0.032600 0.081500
0 0.476773 0.859821 0.032600 0.081500
0 0.441728 0.859821 0.032600 0.081500
0 0.410758 0.859821 0.032600 0.081500
0 0.364303 0.859821 0.032600 0.081500
0 0.323553 0.859821 0.032600 0.081500
0 0.284434 0.859821 0.032600 0.081500
0 0.241239 0.859821 0.032600 0.081500
0 0.202934 0.859821 0.032600 0.081500
0 0.140179 0.787286 0.081500 0.032600
0 0.140179 0.748166 0.081500 0.032600
0 0.140179 0.691117 0.081500 0.032600
0 0.140179 0.651182 0.081500 0.032600
0 0.140179 0.616137 0.081500 0.032600
0 0.140179 0.580277 0.081500 0.032600
0 0.140179 0.541972 0.081500 0.032600
0 0.140179 0.505297 0.081500 0.032600
0 0.140179 0.464548 0.081500 0.032600
0 0.140179 0.427058 0.081500 0.032600
0 0.140179 0.394458 0.081500 0.032600
0 0.140179 0.361858 0.081500 0.032600
0 0.140179 0.330073 0.081500 0.032600
0 0.140179 0.286064 0.081500 0.032600
0 0.140179 0.232274 0.081500 0.032600
0 0.140179 0.197229 0.081500 0.032600
0 0.206194 0.145069 0.032600 0.081500
0 0.244499 0.145069 0.032600 0.081500
0 0.281174 0.145069 0.032600 0.081500
0 0.317848 0.145069 0.032600 0.081500
0 0.351263 0.145069 0.032600 0.081500
0 0.384678 0.145069 0.032600 0.081500
0 0.423798 0.145069 0.032600 0.081500
0 0.460473 0.145069 0.032600 0.081500
0 0.519967 0.145069 0.032600 0.081500
0 0.611247 0.145069 0.032600 0.081500
0 0.643847 0.145069 0.032600 0.081500
0 0.696822 0.145069 0.032600 0.081500
0 0.733496 0.145069 0.032600 0.081500
0 0.766096 0.145069 0.032600 0.081500
0 0.854931 0.270579 0.081500 0.032600
0 0.854931 0.315403 0.081500 0.032600
0 0.854931 0.349633 0.081500 0.032600
0 0.854931 0.426243 0.081500 0.032600
0 0.854931 0.464548 0.081500 0.032600
0 0.854931 0.515077 0.081500 0.032600
0 0.854931 0.556642 0.081500 0.032600
0 0.854931 0.621027 0.081500 0.032600
0 0.854931 0.708231 0.081500 0.032600
0 0.854931 0.745721 0.081500 0.032600
0 0.773431 0.854931 0.032600 0.081500
0 0.731866 0.854931 0.032600 0.081500
0 0.691932 0.854931 0.032600 0.081500
0 0.657702 0.854931 0.032600 0.081500
0 0.625917 0.854931 0.032600 0.081500
0 0.592502 0.854931 0.032600 0.081500
0 0.560717 0.854931 0.032600 0.081500
0 0.520782 0.854931 0.032600 0.081500
0 0.476773 0.854931 0.032600 0.081500
0 0.442543 0.854931 0.032600 0.081500
0 0.412388 0.854931 0.032600 0.081500
0 0.361858 0.854931 0.032600 0.081500
0 0.324368 0.854931 0.032600 0.081500
0 0.285249 0.854931 0.032600 0.081500
0 0.244499 0.854931 0.032600 0.081500
0 0.205379 0.854931 0.032600 0.081500
0 0.145069 0.783211 0.081500 0.032600
0 0.145069 0.744091 0.081500 0.032600
0 0.145069 0.686227 0.081500 0.032600
0 0.145069 0.647922 0.081500 0.032600
0 0.145069 0.612877 0.081500 0.032600
0 0.145069 0.577832 0.081500 0.032600
0 0.145069 0.539527 0.081500 0.032600
0 0.145069 0.503667 0.081500 0.032600
0 0.145069 0.462918 0.081500 0.032600
0 0.145069 0.426243 0.081500 0.032600
0 0.145069 0.394458 0.081500 0.032600
0 0.145069 0.361858 0.081500 0.032600
0 0.145069 0.330888 0.081500 0.032600
0 0.145069 0.287694 0.081500 0.032600
0 0.145069 0.233904 0.081500 0.032600
0 0.145069 0.199674 0.081500 0.032600
0 0.209454 0.149959 0.032600 0.081500
0 0.246944 0.149959 0.032600 0.081500
0 0.282804 0.149959 0.032600 0.081500
0 0.318663 0.149959 0.032600 0.081500
0 0.351263 0.149959 0.032600 0.081500
0 0.423798 0.149959 0.032600 0.081500
0 0.459658 0.149959 0.032600 0.081500
0 0.519967 0.149959 0.032600 0.081500
0 0.547677 0.149959 0.032600 0.081500
0 0.578647 0.149959 0.032600 0.081500
0 0.608802 0.149959 0.032600 0.081500
0 0.639772 0.149959 0.032600 0.081500
0 0.693562 0.149959 0.032600 0.081500
0 0.727791 0.149959 0.032600 0.081500
0 0.759576 0.149959 0.032600 0.081500
0 0.850041 0.234719 0.081500 0.032600
0 0.850041 0.315403 0.081500 0.032600
0 0.850041 0.348818 0.081500 0.032600
0 0.850041 0.462918 0.081500 0.032600
0 0.850041 0.515077 0.081500 0.032600
0 0.850041 0.555827 0.081500 0.032600
0 0.850041 0.618582 0.081500 0.032600
0 0.850041 0.653627 0.081500 0.032600
0 0.850041 0.742461 0.081500 0.032600
0 0.850041 0.778321 0.081500 0.032600
0 0.768541 0.850041 0.032600 0.081500
0 0.726976 0.850041 0.032600 0.081500
0 0.688672 0.850041 0.032600 0.081500
0 0.654442 0.850041 0.032600 0.081500
0 0.623472 0.850041 0.032600 0.081500
0 0.592502 0.850041 0.032600 0.081500
0 0.560717 0.850041 0.032600 0.081500
0 0.519967 0.850041 0.032600 0.081500
0 0.476773 0.850041 0.032600 0.081500
0 0.442543 0.850041 0.032600 0.081500
0 0.413203 0.850041 0.032600 0.081500
0 0.361858 0.850041 0.032600 0.081500
0 0.325183 0.850041 0.032600 0.081500
0 0.287694 0.850041 0.032600 0.081500
0 0.246129 0.850041 0.032600 0.081500
0 0.208639 0.850041 0.032600 0.081500
0 0.149959 0.778321 0.081500 0.032600
0 0.149959 0.740831 0.081500 0.032600
0 0.149959 0.682152 0.081500 0.032600
0 0.149959 0.643847 0.081500 0.032600
0 0.149959 0.610432 0.081500 0.032600
0 0.149959 0.576202 0.081500 0.032600
0 0.149959 0.537897 0.081500 0.032600
0 0.149959 0.502037 0.081500 0.032600
0 0.149959 0.462103 0.081500 0.032600
0 0.149959 0.425428 0.081500 0.032600
0 0.149959 0.393643 0.081500 0.032600
0 0.149959 0.362673 0.081500 0.032600
0 0.149959 0.331703 0.081500 0.032600
0 0.149959 0.289324 0.081500 0.032600
0 0.149959 0.235534 0.081500 0.032600
0 0.149959 0.202119 0.081500 0.032600
0 0.193969 0.125509 0.032600 0.081500
0 0.235534 0.125509 0.032600 0.081500
0 0.275469 0.125509 0.032600 0.081500
0 0.316218 0.125509 0.032600 0.081500
0 0.352893 0.125509 0.032600 0.081500
0 0.388753 0.125509 0.032600 0.081500
0 0.425428 0.125509 0.032600 0.081500
0 0.463733 0.125509 0.032600 0.081500
0 0.521597 0.125509 0.032600 0.081500
0 0.552567 0.125509 0.032600 0.081500
0 0.587612 0.125509 0.032600 0.081500
0 0.622657 0.125509 0.032600 0.081500
0 0.659332 0.125509 0.032600 0.081500
0 0.711491 0.125509 0.032600 0.081500
0 0.751426 0.125509 0.032600 0.081500
0 0.791361 0.125509 0.032600 0.081500
0 0.874491 0.187449 0.081500 0.032600
0 0.874491 0.229014 0.081500 0.032600
0 0.874491 0.269764 0.081500 0.032600
0 0.874491 0.314588 0.081500 0.032600
0 0.874491 0.351263 0.081500 0.032600
0 0.874491 0.396903 0.081500 0.032600
0 0.874491 0.430318 0.081500 0.032600
0 0.874491 0.462103 0.081500 0.032600
0 0.874491 0.516707 0.081500 0.032600
0 0.874491 0.558272 0.081500 0.032600
0 0.874491 0.591687 0.081500 0.032600
0 0.874491 0.629177 0.081500 0.032600
0 0.874491 0.668297 0.081500 0.032600
0 0.874491 0.718011 0.081500 0.032600
0 0.874491 0.759576 0.081500 0.032600
0 0.874491 0.800326 0.081500 0.032600
0 0.796251 0.874491 0.032600 0.081500
0 0.751426 0.874491 0.032600 0.081500
0 0.709046 0.874491 0.032600 0.081500
0 0.668297 0.874491 0.032600 0.081500
0 0.632437 0.874491 0.032600 0.081500
0 0.595762 0.874491 0.032600 0.081500
0 0.560717 0.874491 0.032600 0.081500
0 0.522412 0.874491 0.032600 0.081500
0 0.476773 0.874491 0.032600 0.081500
0 0.440913 0.874491 0.032600 0.081500
0 0.407498 0.874491 0.032600 0.081500
0 0.359413 0.874491 0.032600 0.081500
0 0.320293 0.874491 0.032600 0.081500
0 0.278729 0.874491 0.032600 0.081500
0 0.235534 0.874491 0.032600 0.081500
0 0.193969 0.874491 0.032600 0.081500
0 0.125509 0.801956 0.081500 0.032600
0 0.125509 0.759576 0.081500 0.032600
0 0.125509 0.705786 0.081500 0.032600
0 0.125509 0.662592 0.081500 0.032600
0 0.125509 0.624287 0.081500 0.032600
0 0.125509 0.585982 0.081500 0.032600
0 0.125509 0.548492 0.081500 0.032600
0 0.125509 0.511002 0.081500 0.032600
0 0.125509 0.469438 0.081500 0.032600
0 0.125509 0.430318 0.081500 0.032600
0 0.125509 0.395273 0.081500 0.032600
0 0.125509 0.360228 0.081500 0.032600
0 0.125509 0.326813 0.081500 0.032600
0 0.125509 0.281989 0.081500 0.032600
0 0.125509 0.255094 0.081500 0.032600
0 0.125509 0.228199 0.081500 0.032600
0 0.125509 0.189079 0.081500 0.032600
1 0.225955 0.172288 0.040000 0.100000
1 0.260121 0.174014 0.040000 0.100000
1 0.291527 0.173323 0.040000 0.100000
1 0.322933 0.172633 0.040000 0.100000
1 0.351490 0.172564 0.040000 0.100000
1 0.380050 0.172364 0.040000 0.100000
1 0.422850 0.172464 0.040000 0.100000
1 0.439028 0.173063 0.040000 0.100000
1 0.463993 0.173462 0.040000 0.100000
1 0.520137 0.173220 0.040000 0.100000
1 0.545102 0.173220 0.040000 0.100000
1 0.571232 0.173552 0.040000 0.100000
1 0.596555 0.173561 0.040000 0.100000
1 0.623185 0.173145 0.040000 0.100000
1 0.677858 0.173172 0.040000 0.100000
1 0.709017 0.171583 0.040000 0.100000
1 0.733289 0.173247 0.040000 0.100000
1 0.828314 0.206492 0.100000 0.040000
1 0.827898 0.240889 0.100000 0.040000
1 0.826607 0.273475 0.100000 0.040000
1 0.826986 0.317011 0.100000 0.040000
1 0.827153 0.347635 0.100000 0.040000
1 0.828210 0.395737 0.100000 0.040000
1 0.827100 0.421395 0.100000 0.040000
1 0.826268 0.448996 0.100000 0.040000
1 0.827086 0.513281 0.100000 0.040000
1 0.827225 0.554834 0.100000 0.040000
1 0.827158 0.581896 0.100000 0.040000
1 0.827757 0.610056 0.100000 0.040000
1 0.827732 0.642724 0.100000 0.040000
1 0.827166 0.694451 0.100000 0.040000
1 0.827338 0.728567 0.100000 0.040000
1 0.826938 0.759524 0.100000 0.040000
1 0.743421 0.826465 0.040000 0.100000
1 0.707083 0.827158 0.040000 0.100000
1 0.673464 0.826132 0.040000 0.100000
1 0.644171 0.827131 0.040000 0.100000
1 0.619065 0.827749 0.040000 0.100000
1 0.591048 0.827749 0.040000 0.100000
1 0.562339 0.827056 0.040000 0.100000
1 0.520148 0.826806 0.040000 0.100000
1 0.479338 0.826573 0.040000 0.100000
1 0.419996 0.826975 0.040000 0.100000
1 0.445877 0.826698 0.040000 0.100000
1 0.366446 0.826850 0.040000 0.100000
1 0.332050 0.826850 0.040000 0.100000
1 0.297709 0.825907 0.040000 0.100000
1 0.258115 0.826576 0.040000 0.100000
1 0.225161 0.826743 0.040000 0.100000
1 0.172632 0.759094 0.100000 0.040000
1 0.171708 0.726270 0.100000 0.040000
1 0.172632 0.662137 0.100000 0.040000
1 0.173556 0.627279 0.100000 0.040000
1 0.172308 0.598708 0.100000 0.040000
1 0.172447 0.567224 0.100000 0.040000
1 0.172666 0.529101 0.100000 0.040000
1 0.172088 0.515906 0.100000 0.040000
1 0.172647 0.494678 0.100000 0.040000
1 0.172531 0.457069 0.100000 0.040000
1 0.172531 0.421757 0.100000 0.040000
1 0.172800 0.394787 0.100000 0.040000
1 0.172245 0.365799 0.100000 0.040000
1 0.172356 0.336951 0.100000 0.040000
1 0.171857 0.321306 0.100000 0.040000
1 0.172275 0.297069 0.100000 0.040000
1 0.172391 0.281466 0.100000 0.040000
1 0.171929 0.242909 0.100000 0.040000
1 0.172578 0.215497 0.100000 0.040000
1 0.240292 0.189284 0.040000 0.100000
1 0.269557 0.188868 0.040000 0.100000
1 0.298849 0.189367 0.040000 0.100000
1 0.327309 0.189200 0.040000 0.100000
1 0.353390 0.188518 0.040000 0.100000
1 0.379686 0.188685 0.040000 0.100000
1 0.423109 0.189367 0.040000 0.100000
1 0.440085 0.189200 0.040000 0.100000
1 0.456728 0.188535 0.040000 0.100000
1 0.521720 0.189583 0.040000 0.100000
1 0.543856 0.189750 0.040000 0.100000
1 0.566949 0.188820 0.040000 0.100000
1 0.590804 0.189098 0.040000 0.100000
1 0.612579 0.189237 0.040000 0.100000
1 0.669816 0.188648 0.040000 0.100000
1 0.694781 0.188848 0.040000 0.100000
1 0.717749 0.189248 0.040000 0.100000
1 0.810722 0.214735 0.100000 0.040000
1 0.811387 0.246524 0.100000 0.040000
1 0.811326 0.275944 0.100000 0.040000
1 0.810258 0.319536 0.100000 0.040000
1 0.811645 0.347275 0.100000 0.040000
1 0.810671 0.396087 0.100000 0.040000
1 0.810255 0.420081 0.100000 0.040000
1 0.810671 0.446156 0.100000 0.040000
1 0.810644 0.512855 0.100000 0.040000
1 0.811386 0.524045 0.100000 0.040000
1 0.811685 0.555563 0.100000 0.040000
1 0.811477 0.579765 0.100000 0.040000
1 0.811394 0.605756 0.100000 0.040000
1 0.809896 0.634882 0.100000 0.040000
1 0.810802 0.689284 0.100000 0.040000
1 0.811496 0.720375 0.100000 0.040000
1 0.810271 0.747120 0.100000 0.040000
1 0.729425 0.809956 0.040000 0.100000
1 0.696139 0.811343 0.040000 0.100000
1 0.666319 0.811690 0.040000 0.100000
1 0.639112 0.811066 0.040000 0.100000
1 0.616810 0.811315 0.040000 0.100000
1 0.591013 0.811648 0.040000 0.100000
1 0.565315 0.810317 0.040000 0.100000
1 0.520518 0.810434 0.040000 0.100000
1 0.482608 0.811706 0.040000 0.100000
1 0.449460 0.811197 0.040000 0.100000
1 0.426132 0.810476 0.040000 0.100000
1 0.369744 0.810476 0.040000 0.100000
1 0.338262 0.811709 0.040000 0.100000
1 0.304975 0.811431 0.040000 0.100000
1 0.266945 0.810710 0.040000 0.100000
1 0.236987 0.810211 0.040000 0.100000
1 0.189184 0.747722 0.100000 0.040000
1 0.188851 0.715766 0.100000 0.040000
1 0.188652 0.649652 0.100000 0.040000
1 0.188053 0.618097 0.100000 0.040000
1 0.188846 0.562348 0.100000 0.040000
1 0.189013 0.591248 0.100000 0.040000
1 0.188930 0.523352 0.100000 0.040000
1 0.188698 0.509829 0.100000 0.040000
1 0.188930 0.490181 0.100000 0.040000
1 0.189346 0.454467 0.100000 0.040000
1 0.189928 0.420154 0.100000 0.040000
1 0.189029 0.395389 0.100000 0.040000
1 0.188887 0.369410 0.100000 0.040000
1 0.189303 0.342781 0.100000 0.040000
1 0.189164 0.326415 0.100000 0.040000
1 0.190008 0.304471 0.100000 0.040000
1 0.189661 0.287365 0.100000 0.040000
1 0.189650 0.250576 0.100000 0.040000
1 0.190112 0.226189 0.100000 0.040000
1 0.255734 0.206740 0.040000 0.100000
1 0.281618 0.205360 0.040000 0.100000
1 0.306811 0.204669 0.040000 0.100000
1 0.332350 0.205015 0.040000 0.100000
1 0.423253 0.204501 0.040000 0.100000
1 0.441228 0.204701 0.040000 0.100000
1 0.463996 0.204301 0.040000 0.100000
1 0.379315 0.205140 0.040000 0.100000
1 0.523042 0.205619 0.040000 0.100000
1 0.543014 0.205785 0.040000 0.100000
1 0.563652 0.205619 0.040000 0.100000
1 0.582792 0.205785 0.040000 0.100000
1 0.602930 0.205785 0.040000 0.100000
1 0.661011 0.204458 0.040000 0.100000
1 0.684012 0.205961 0.040000 0.100000
1 0.701348 0.205614 0.040000 0.100000
1 0.795385 0.223412 0.100000 0.040000
1 0.794276 0.252676 0.100000 0.040000
1 0.793943 0.279305 0.100000 0.040000
1 0.794195 0.321915 0.100000 0.040000
1 0.794611 0.347712 0.100000 0.040000
1 0.794198 0.398167 0.100000 0.040000
1 0.794753 0.419942 0.100000 0.040000
1 0.793921 0.443770 0.100000 0.040000
1 0.794628 0.513519 0.100000 0.040000
1 0.795321 0.525169 0.100000 0.040000
1 0.795044 0.556930 0.100000 0.040000
1 0.795460 0.579538 0.100000 0.040000
1 0.795072 0.604087 0.100000 0.040000
1 0.793907 0.629884 0.100000 0.040000
1 0.795122 0.685256 0.100000 0.040000
1 0.794622 0.712718 0.100000 0.040000
1 0.795288 0.737616 0.100000 0.040000
1 0.717347 0.794114 0.040000 0.100000
1 0.685891 0.794613 0.040000 0.100000
1 0.658596 0.794280 0.040000 0.100000
1 0.634463 0.793781 0.040000 0.100000
1 0.615124 0.794047 0.040000 0.100000
1 0.591357 0.794846 0.040000 0.100000
1 0.567790 0.794047 0.040000 0.100000
1 0.521352 0.794590 0.040000 0.100000
1 0.485902 0.794923 0.040000 0.100000
1 0.453281 0.794756 0.040000 0.100000
1 0.433150 0.795214 0.040000 0.100000
1 0.374316 0.794326 0.040000 0.100000
1 0.343959 0.795824 0.040000 0.100000
1 0.313601 0.795225 0.040000 0.100000
1 0.277236 0.794290 0.040000 0.100000
1 0.249627 0.795153 0.040000 0.100000
1 0.205900 0.735441 0.100000 0.040000
1 0.205900 0.706282 0.100000 0.040000
1 0.205101 0.638377 0.100000 0.040000
1 0.205085 0.609780 0.100000 0.040000
1 0.205750 0.585314 0.100000 0.040000
1 0.205085 0.558352 0.100000 0.040000
1 0.204419 0.518874 0.100000 0.040000
1 0.205857 0.504694 0.100000 0.040000
1 0.205377 0.485761 0.100000 0.040000
1 0.205154 0.453030 0.100000 0.040000
1 0.204822 0.420409 0.100000 0.040000
1 0.205654 0.397774 0.100000 0.040000
1 0.205480 0.373259 0.100000 0.040000
1 0.205018 0.348641 0.100000 0.040000
1 0.205365 0.331767 0.100000 0.040000
1 0.205434 0.311171 0.100000 0.040000
1 0.205850 0.293140 0.100000 0.040000
1 0.205734 0.257873 0.100000 0.040000
1 0.205933 0.234506 0.100000 0.040000
1 0.270354 0.221866 0.040000 0.100000
1 0.294919 0.221666 0.040000 0.100000
1 0.315690 0.220867 0.040000 0.100000
1 0.337859 0.221466 0.040000 0.100000
1 0.359629 0.220867 0.040000 0.100000
1 0.379976 0.220987 0.040000 0.100000
1 0.425200 0.222355 0.040000 0.100000
1 0.442675 0.222687 0.040000 0.100000
1 0.464811 0.222687 0.040000 0.100000
1 0.525526 0.221536 0.040000 0.100000
1 0.542782 0.221536 0.040000 0.100000
1 0.561715 0.221296 0.040000 0.100000
1 0.578971 0.220817 0.040000 0.100000
1 0.594789 0.221775 0.040000 0.100000
1 0.652419 0.221958 0.040000 0.100000
1 0.671698 0.222235 0.040000 0.100000
1 0.688341 0.222096 0.040000 0.100000
1 0.779244 0.232213 0.100000 0.040000
1 0.778689 0.259258 0.100000 0.040000
1 0.778689 0.283058 0.100000 0.040000
1 0.778160 0.326121 0.100000 0.040000
1 0.778327 0.349089 0.100000 0.040000
1 0.777831 0.400354 0.100000 0.040000
1 0.777831 0.420492 0.100000 0.040000
1 0.778163 0.441796 0.100000 0.040000
1 0.778498 0.514286 0.100000 0.040000
1 0.778165 0.528599 0.100000 0.040000
1 0.778998 0.559223 0.100000 0.040000
1 0.778458 0.601903 0.100000 0.040000
1 0.778219 0.579854 0.100000 0.040000
1 0.778458 0.625869 0.100000 0.040000
1 0.778431 0.682714 0.100000 0.040000
1 0.778264 0.707180 0.100000 0.040000
1 0.778597 0.729149 0.100000 0.040000
1 0.707378 0.778732 0.040000 0.100000
1 0.677420 0.778177 0.040000 0.100000
1 0.652316 0.778871 0.040000 0.100000
1 0.631623 0.778455 0.040000 0.100000
1 0.614313 0.778788 0.040000 0.100000
1 0.593676 0.778288 0.040000 0.100000
1 0.572745 0.777603 0.040000 0.100000
1 0.522279 0.778392 0.040000 0.100000
1 0.489159 0.778724 0.040000 0.100000
1 0.458728 0.777207 0.040000 0.100000
1 0.439555 0.777446 0.040000 0.100000
1 0.379399 0.777446 0.040000 0.100000
1 0.351974 0.779646 0.040000 0.100000
1 0.323847 0.778814 0.040000 0.100000
1 0.289229 0.777982 0.040000 0.100000
1 0.264876 0.778581 0.040000 0.100000
1 0.221234 0.726258 0.100000 0.040000
1 0.221567 0.698796 0.100000 0.040000
1 0.221277 0.628665 0.100000 0.040000
1 0.221444 0.602368 0.100000 0.040000
1 0.221277 0.579900 0.100000 0.040000
1 0.221610 0.555101 0.100000 0.040000
1 0.220868 0.515466 0.100000 0.040000
1 0.221534 0.501153 0.100000 0.040000
1 0.220868 0.483844 0.100000 0.040000
1 0.220921 0.452779 0.100000 0.040000
1 0.221431 0.421813 0.100000 0.040000
1 0.221597 0.401009 0.100000 0.040000
1 0.222097 0.378707 0.100000 0.040000
1 0.221589 0.355397 0.100000 0.040000
1 0.221589 0.336812 0.100000 0.040000
1 0.221312 0.318643 0.100000 0.040000
1 0.221589 0.300336 0.100000 0.040000
1 0.221617 0.264580 0.100000 0.040000
1 0.222349 0.243343 0.100000 0.040000
1 0.287439 0.238744 0.040000 0.100000
1 0.307244 0.238245 0.040000 0.100000
1 0.324886 0.236747 0.040000 0.100000
1 0.345025 0.238744 0.040000 0.100000
1 0.363199 0.238345 0.040000 0.100000
1 0.380775 0.238744 0.040000 0.100000
1 0.425972 0.237206 0.040000 0.100000
1 0.443747 0.237206 0.040000 0.100000
1 0.464717 0.237206 0.040000 0.100000
1 0.527817 0.236803 0.040000 0.100000
1 0.542396 0.236004 0.040000 0.100000
1 0.558574 0.237003 0.040000 0.100000
1 0.572554 0.236803 0.040000 0.100000
1 0.587134 0.237003 0.040000 0.100000
1 0.646410 0.237406 0.040000 0.100000
1 0.661389 0.237738 0.040000 0.100000
1 0.675869 0.237572 0.040000 0.100000
1 0.762175 0.243078 0.100000 0.040000
1 0.763133 0.266325 0.100000 0.040000
1 0.762414 0.287895 0.100000 0.040000
1 0.761839 0.330156 0.100000 0.040000
1 0.762238 0.349928 0.100000 0.040000
1 0.761640 0.403502 0.100000 0.040000
1 0.761871 0.421301 0.100000 0.040000
1 0.761223 0.439979 0.100000 0.040000
1 0.761418 0.516538 0.100000 0.040000
1 0.761085 0.532183 0.100000 0.040000
1 0.761185 0.562906 0.100000 0.040000
1 0.761235 0.582163 0.100000 0.040000
1 0.762732 0.600470 0.100000 0.040000
1 0.763080 0.622764 0.100000 0.040000
1 0.761955 0.680644 0.100000 0.040000
1 0.762435 0.701735 0.100000 0.040000
1 0.761716 0.720429 0.100000 0.040000
1 0.696719 0.761603 0.040000 0.100000
1 0.667671 0.761603 0.040000 0.100000
1 0.645799 0.761774 0.040000 0.100000
1 0.627990 0.761940 0.040000 0.100000
1 0.612345 0.762273 0.040000 0.100000
1 0.594870 0.761608 0.040000 0.100000
1 0.576729 0.761940 0.040000 0.100000
1 0.525201 0.762606 0.040000 0.100000
1 0.493965 0.761008 0.040000 0.100000
1 0.463288 0.762446 0.040000 0.100000
1 0.447709 0.762446 0.040000 0.100000
1 0.383187 0.763077 0.040000 0.100000
1 0.358555 0.763743 0.040000 0.100000
1 0.333623 0.762578 0.040000 0.100000
1 0.300070 0.762777 0.040000 0.100000
1 0.280098 0.761978 0.040000 0.100000
1 0.239096 0.715583 0.100000 0.040000
1 0.237548 0.690901 0.100000 0.040000
1 0.239376 0.617124 0.100000 0.040000
1 0.237795 0.595072 0.100000 0.040000
1 0.238627 0.574600 0.100000 0.040000
1 0.237761 0.553230 0.100000 0.040000
1 0.237988 0.512763 0.100000 0.040000
1 0.237988 0.497091 0.100000 0.040000
1 0.239098 0.473235 0.100000 0.040000
1 0.239474 0.452365 0.100000 0.040000
1 0.238275 0.422607 0.100000 0.040000
1 0.238078 0.405432 0.100000 0.040000
1 0.238495 0.385738 0.100000 0.040000
1 0.238217 0.362160 0.100000 0.040000
1 0.237635 0.342604 0.100000 0.040000
1 0.237626 0.326723 0.100000 0.040000
1 0.238042 0.307583 0.100000 0.040000
1 0.238348 0.272383 0.100000 0.040000
1 0.238181 0.252577 0.100000 0.040000
