0 0.183889 0.116355 0.032547 0.081367
0 0.228641 0.116355 0.032547 0.081367
0 0.270952 0.116355 0.032547 0.081367
0 0.314076 0.116355 0.032547 0.081367
0 0.353133 0.116355 0.032547 0.081367
0 0.390561 0.116355 0.032547 0.081367
0 0.424736 0.116355 0.032547 0.081367
0 0.462978 0.116355 0.032547 0.081367
0 0.519121 0.116355 0.032547 0.081367
0 0.553295 0.116355 0.032547 0.081367
0 0.588283 0.116355 0.032547 0.081367
0 0.626526 0.116355 0.032547 0.081367
0 0.663954 0.116355 0.032547 0.081367
0 0.716843 0.116355 0.032547 0.081367
0 0.759154 0.116355 0.032547 0.081367
0 0.804719 0.116355 0.032547 0.081367
0 0.883645 0.192026 0.081367 0.032547
0 0.883645 0.235964 0.081367 0.032547
0 0.883645 0.279089 0.081367 0.032547
0 0.883645 0.325468 0.081367 0.032547
0 0.883645 0.365338 0.081367 0.032547
0 0.883645 0.411717 0.081367 0.032547
0 0.883645 0.445891 0.081367 0.032547
0 0.883645 0.477624 0.081367 0.032547
0 0.883645 0.528885 0.081367 0.032547
0 0.883645 0.575264 0.081367 0.032547
0 0.883645 0.609439 0.081367 0.032547
0 0.883645 0.647681 0.081367 0.032547
0 0.883645 0.685924 0.081367 0.032547
0 0.883645 0.822620 0.081367 0.032547
0 0.798210 0.883645 0.032547 0.081367
0 0.751831 0.883645 0.032547 0.081367
0 0.710334 0.883645 0.032547 0.081367
0 0.671277 0.883645 0.032547 0.081367
0 0.633849 0.883645 0.032547 0.081367
0 0.598047 0.883645 0.032547 0.081367
0 0.562246 0.883645 0.032547 0.081367
0 0.521562 0.883645 0.032547 0.081367
0 0.475183 0.883645 0.032547 0.081367
0 0.440195 0.883645 0.032547 0.081367
0 0.404394 0.883645 0.032547 0.081367
0 0.353133 0.883645 0.032547 0.081367
0 0.314890 0.883645 0.032547 0.081367
0 0.273393 0.883645 0.032547 0.081367
0 0.230269 0.883645 0.032547 0.081367
0 0.116355 0.820179 0.081367 0.032547
0 0.116355 0.777055 0.081367 0.032547
0 0.116355 0.724166 0.081367 0.032547
0 0.116355 0.681855 0.081367 0.032547
0 0.116355 0.641985 0.081367 0.032547
0 0.116355 0.604557 0.081367 0.032547
0 0.116355 0.558177 0.081367 0.032547
0 0.116355 0.521562 0.081367 0.032547
0 0.116355 0.482506 0.081367 0.032547
0 0.116355 0.446705 0.081367 0.032547
0 0.116355 0.410090 0.081367 0.032547
0 0.116355 0.371847 0.081367 0.032547
0 0.116355 0.331977 0.081367 0.032547
0 0.116355 0.279089 0.081367 0.032547
0 0.116355 0.234337 0.081367 0.032547
0 0.116355 0.191212 0.081367 0.032547
0 0.233523 0.126119 0.032547 0.081367
0 0.273393 0.126119 0.032547 0.081367
0 0.314890 0.126119 0.032547 0.081367
0 0.353133 0.126119 0.032547 0.081367
0 0.423922 0.126119 0.032547 0.081367
0 0.461351 0.126119 0.032547 0.081367
0 0.518308 0.126119 0.032547 0.081367
0 0.550041 0.126119 0.032547 0.081367
0 0.584215 0.126119 0.032547 0.081367
0 0.619203 0.126119 0.032547 0.081367
0 0.655004 0.126119 0.032547 0.081367
0 0.708706 0.126119 0.032547 0.081367
0 0.748576 0.126119 0.032547 0.081367
0 0.790073 0.126119 0.032547 0.081367
0 0.873881 0.200163 0.081367 0.032547
0 0.873881 0.242474 0.081367 0.032547
0 0.873881 0.283157 0.081367 0.032547
0 0.873881 0.330350 0.081367 0.032547
0 0.873881 0.368592 0.081367 0.032547
0 0.873881 0.414972 0.081367 0.032547
0 0.873881 0.476810 0.081367 0.032547
0 0.873881 0.530513 0.081367 0.032547
0 0.873881 0.577705 0.081367 0.032547
0 0.873881 0.611066 0.081367 0.032547
0 0.873881 0.647681 0.081367 0.032547
0 0.873881 0.684296 0.081367 0.032547
0 0.873881 0.734744 0.081367 0.032547
0 0.873881 0.774614 0.081367 0.032547
0 0.873881 0.819365 0.081367 0.032547
0 0.784378 0.873881 0.032547 0.081367
0 0.741253 0.873881 0.032547 0.081367
0 0.702197 0.873881 0.032547 0.081367
0 0.666395 0.873881 0.032547 0.081367
0 0.629780 0.873881 0.032547 0.081367
0 0.595606 0.873881 0.032547 0.081367
0 0.562246 0.873881 0.032547 0.081367
0 0.520749 0.873881 0.032547 0.081367
0 0.474369 0.873881 0.032547 0.081367
0 0.440195 0.873881 0.032547 0.081367
0 0.406835 0.873881 0.032547 0.081367
0 0.353133 0.873881 0.032547 0.081367
0 0.316517 0.873881 0.032547 0.081367
0 0.275834 0.873881 0.032547 0.081367
0 0.233523 0.873881 0.032547 0.081367
0 0.194467 0.873881 0.032547 0.081367
0 0.126119 0.814483 0.081367 0.032547
0 0.126119 0.772172 0.081367 0.032547
0 0.126119 0.719284 0.081367 0.032547
0 0.126119 0.678600 0.081367 0.032547
0 0.126119 0.640358 0.081367 0.032547
0 0.126119 0.604557 0.081367 0.032547
0 0.126119 0.559805 0.081367 0.032547
0 0.126119 0.524817 0.081367 0.032547
0 0.126119 0.482506 0.081367 0.032547
0 0.126119 0.448332 0.081367 0.032547
0 0.126119 0.413344 0.081367 0.032547
0 0.126119 0.376729 0.081367 0.032547
0 0.126119 0.336859 0.081367 0.032547
0 0.126119 0.292107 0.081367 0.032547
0 0.126119 0.240846 0.081367 0.032547
0 0.192026 0.131001 0.032547 0.081367
0 0.235964 0.131001 0.032547 0.081367
0 0.275020 0.131001 0.032547 0.081367
0 0.315704 0.131001 0.032547 0.081367
0 0.352319 0.131001 0.032547 0.081367
0 0.388120 0.131001 0.032547 0.081367
0 0.438568 0.131001 0.032547 0.081367
0 0.517494 0.131001 0.032547 0.081367
0 0.549227 0.131001 0.032547 0.081367
0 0.581774 0.131001 0.032547 0.081367
0 0.615948 0.131001 0.032547 0.081367
0 0.651749 0.131001 0.032547 0.081367
0 0.703824 0.131001 0.032547 0.081367
0 0.743694 0.131001 0.032547 0.081367
0 0.783564 0.131001 0.032547 0.081367
0 0.868999 0.204231 0.081367 0.032547
0 0.868999 0.245728 0.081367 0.032547
0 0.868999 0.285598 0.081367 0.032547
0 0.868999 0.369406 0.081367 0.032547
0 0.868999 0.417413 0.081367 0.032547
0 0.868999 0.449146 0.081367 0.032547
0 0.868999 0.476810 0.081367 0.032547
0 0.868999 0.531326 0.081367 0.032547
0 0.868999 0.578519 0.081367 0.032547
0 0.868999 0.611880 0.081367 0.032547
0 0.868999 0.647681 0.081367 0.032547
0 0.868999 0.734744 0.081367 0.032547
0 0.868999 0.773800 0.081367 0.032547
0 0.868999 0.816924 0.081367 0.032547
0 0.778682 0.868999 0.032547 0.081367
0 0.735557 0.868999 0.032547 0.081367
0 0.698129 0.868999 0.032547 0.081367
0 0.663954 0.868999 0.032547 0.081367
0 0.627339 0.868999 0.032547 0.081367
0 0.594793 0.868999 0.032547 0.081367
0 0.562246 0.868999 0.032547 0.081367
0 0.519935 0.868999 0.032547 0.081367
0 0.474369 0.868999 0.032547 0.081367
0 0.441009 0.868999 0.032547 0.081367
0 0.407648 0.868999 0.032547 0.081367
0 0.353133 0.868999 0.032547 0.081367
0 0.316517 0.868999 0.032547 0.081367
0 0.278275 0.868999 0.032547 0.081367
0 0.235964 0.868999 0.032547 0.081367
0 0.198535 0.868999 0.032547 0.081367
0 0.131001 0.811229 0.081367 0.032547
0 0.131001 0.770545 0.081367 0.032547
0 0.131001 0.716843 0.081367 0.032547
0 0.131001 0.676973 0.081367 0.032547
0 0.131001 0.639544 0.081367 0.032547
0 0.131001 0.604557 0.081367 0.032547
0 0.131001 0.559805 0.081367 0.032547
0 0.131001 0.524003 0.081367 0.032547
0 0.131001 0.480065 0.081367 0.032547
0 0.131001 0.449146 0.081367 0.032547
0 0.131001 0.414972 0.081367 0.032547
0 0.131001 0.378356 0.081367 0.032547
0 0.131001 0.339300 0.081367 0.032547
0 0.131001 0.295362 0.081367 0.032547
0 0.131001 0.243287 0.081367 0.032547
0 0.194467 0.135883 0.032547 0.081367
0 0.237592 0.135883 0.032547 0.081367
0 0.276648 0.135883 0.032547 0.081367
0 0.315704 0.135883 0.032547 0.081367
0 0.352319 0.135883 0.032547 0.081367
0 0.387307 0.135883 0.032547 0.081367
0 0.422295 0.135883 0.032547 0.081367
0 0.460537 0.135883 0.032547 0.081367
0 0.516680 0.135883 0.032547 0.081367
0 0.547600 0.135883 0.032547 0.081367
0 0.579333 0.135883 0.032547 0.081367
0 0.613507 0.135883 0.032547 0.081367
0 0.646054 0.135883 0.032547 0.081367
0 0.699756 0.135883 0.032547 0.081367
0 0.777055 0.135883 0.032547 0.081367
0 0.864117 0.208299 0.081367 0.032547
0 0.864117 0.248983 0.081367 0.032547
0 0.864117 0.288039 0.081367 0.032547
0 0.864117 0.335232 0.081367 0.032547
0 0.864117 0.371033 0.081367 0.032547
0 0.864117 0.418226 0.081367 0.032547
0 0.864117 0.449959 0.081367 0.032547
0 0.864117 0.477624 0.081367 0.032547
0 0.864117 0.532954 0.081367 0.032547
0 0.864117 0.580146 0.081367 0.032547
0 0.864117 0.611880 0.081367 0.032547
0 0.864117 0.647681 0.081367 0.032547
0 0.864117 0.682669 0.081367 0.032547
0 0.864117 0.733930 0.081367 0.032547
0 0.864117 0.772986 0.081367 0.032547
0 0.864117 0.815297 0.081367 0.032547
0 0.772172 0.864117 0.032547 0.081367
0 0.730675 0.864117 0.032547 0.081367
0 0.694060 0.864117 0.032547 0.081367
0 0.661513 0.864117 0.032547 0.081367
0 0.625712 0.864117 0.032547 0.081367
0 0.593979 0.864117 0.032547 0.081367
0 0.562246 0.864117 0.032547 0.081367
0 0.519121 0.864117 0.032547 0.081367
0 0.474369 0.864117 0.032547 0.081367
0 0.441009 0.864117 0.032547 0.081367
0 0.353133 0.864117 0.032547 0.081367
0 0.318145 0.864117 0.032547 0.081367
0 0.279089 0.864117 0.032547 0.081367
0 0.237592 0.864117 0.032547 0.081367
0 0.201790 0.864117 0.032547 0.081367
0 0.135883 0.807974 0.081367 0.032547
0 0.135883 0.715216 0.081367 0.032547
0 0.135883 0.675346 0.081367 0.032547
0 0.135883 0.637917 0.081367 0.032547
0 0.135883 0.603743 0.081367 0.032547
0 0.135883 0.558991 0.081367 0.032547
0 0.135883 0.524003 0.081367 0.032547
0 0.135883 0.483320 0.081367 0.032547
0 0.135883 0.449959 0.081367 0.032547
0 0.135883 0.416599 0.081367 0.032547
0 0.135883 0.380797 0.081367 0.032547
0 0.135883 0.342555 0.081367 0.032547
0 0.135883 0.298617 0.081367 0.032547
0 0.135883 0.247356 0.081367 0.032547
0 0.135883 0.208299 0.081367 0.032547
0 0.197722 0.140765 0.032547 0.081367
0 0.240033 0.140765 0.032547 0.081367
0 0.277461 0.140765 0.032547 0.081367
0 0.352319 0.140765 0.032547 0.081367
0 0.386493 0.140765 0.032547 0.081367
0 0.437754 0.140765 0.032547 0.081367
0 0.467860 0.140765 0.032547 0.081367
0 0.516680 0.140765 0.032547 0.081367
0 0.577705 0.140765 0.032547 0.081367
0 0.611066 0.140765 0.032547 0.081367
0 0.733116 0.140765 0.032547 0.081367
0 0.770545 0.140765 0.032547 0.081367
0 0.859235 0.212368 0.081367 0.032547
0 0.859235 0.251424 0.081367 0.032547
0 0.859235 0.290480 0.081367 0.032547
0 0.859235 0.336859 0.081367 0.032547
0 0.859235 0.371847 0.081367 0.032547
0 0.859235 0.419854 0.081367 0.032547
0 0.859235 0.450773 0.081367 0.032547
0 0.859235 0.477624 0.081367 0.032547
0 0.859235 0.533767 0.081367 0.032547
0 0.859235 0.581774 0.081367 0.032547
0 0.859235 0.646867 0.081367 0.032547
0 0.859235 0.681855 0.081367 0.032547
0 0.859235 0.733930 0.081367 0.032547
0 0.859235 0.771359 0.081367 0.032547
0 0.765663 0.859235 0.032547 0.081367
0 0.724980 0.859235 0.032547 0.081367
0 0.689992 0.859235 0.032547 0.081367
0 0.659072 0.859235 0.032547 0.081367
0 0.623271 0.859235 0.032547 0.081367
0 0.592352 0.859235 0.032547 0.081367
0 0.562246 0.859235 0.032547 0.081367
0 0.518308 0.859235 0.032547 0.081367
0 0.473556 0.859235 0.032547 0.081367
0 0.409276 0.859235 0.032547 0.081367
0 0.353133 0.859235 0.032547 0.081367
0 0.318959 0.859235 0.032547 0.081367
0 0.240033 0.859235 0.032547 0.081367
0 0.205045 0.859235 0.032547 0.081367
0 0.140765 0.805533 0.081367 0.032547
0 0.140765 0.767290 0.081367 0.032547
0 0.140765 0.711961 0.081367 0.032547
0 0.140765 0.673718 0.081367 0.032547
0 0.140765 0.637103 0.081367 0.032547
0 0.140765 0.602929 0.081367 0.032547
0 0.140765 0.558991 0.081367 0.032547
0 0.140765 0.523190 0.081367 0.032547
0 0.140765 0.484133 0.081367 0.032547
0 0.140765 0.418226 0.081367 0.032547
0 0.140765 0.383238 0.081367 0.032547
0 0.140765 0.344996 0.081367 0.032547
0 0.140765 0.301871 0.081367 0.032547
0 0.140765 0.250610 0.081367 0.032547
0 0.140765 0.212368 0.081367 0.032547
0 0.186330 0.121237 0.032547 0.081367
0 0.231082 0.121237 0.032547 0.081367
0 0.271766 0.121237 0.032547 0.081367
0 0.314076 0.121237 0.032547 0.081367
0 0.352319 0.121237 0.032547 0.081367
0 0.389748 0.121237 0.032547 0.081367
0 0.423922 0.121237 0.032547 0.081367
0 0.462164 0.121237 0.032547 0.081367
0 0.519121 0.121237 0.032547 0.081367
0 0.551668 0.121237 0.032547 0.081367
0 0.585842 0.121237 0.032547 0.081367
0 0.622457 0.121237 0.032547 0.081367
0 0.659886 0.121237 0.032547 0.081367
0 0.711961 0.121237 0.032547 0.081367
0 0.753458 0.121237 0.032547 0.081367
0 0.798210 0.121237 0.032547 0.081367
0 0.878763 0.196908 0.081367 0.032547
0 0.878763 0.239219 0.081367 0.032547
0 0.878763 0.280716 0.081367 0.032547
0 0.878763 0.327909 0.081367 0.032547
0 0.878763 0.366965 0.081367 0.032547
0 0.878763 0.413344 0.081367 0.032547
0 0.878763 0.447518 0.081367 0.032547
0 0.878763 0.476810 0.081367 0.032547
0 0.878763 0.529699 0.081367 0.032547
0 0.878763 0.576078 0.081367 0.032547
0 0.878763 0.610252 0.081367 0.032547
0 0.878763 0.647681 0.081367 0.032547
0 0.878763 0.685924 0.081367 0.032547
0 0.878763 0.735557 0.081367 0.032547
0 0.878763 0.776241 0.081367 0.032547
0 0.878763 0.820993 0.081367 0.032547
0 0.791701 0.878763 0.032547 0.081367
0 0.746135 0.878763 0.032547 0.081367
0 0.706265 0.878763 0.032547 0.081367
0 0.668836 0.878763 0.032547 0.081367
0 0.631408 0.878763 0.032547 0.081367
0 0.596420 0.878763 0.032547 0.081367
0 0.562246 0.878763 0.032547 0.081367
0 0.520749 0.878763 0.032547 0.081367
0 0.474369 0.878763 0.032547 0.081367
0 0.440195 0.878763 0.032547 0.081367
0 0.406021 0.878763 0.032547 0.081367
0 0.353133 0.878763 0.032547 0.081367
0 0.315704 0.878763 0.032547 0.081367
0 0.275020 0.878763 0.032547 0.081367
0 0.232710 0.878763 0.032547 0.081367
0 0.192026 0.878763 0.032547 0.081367
0 0.121237 0.816924 0.081367 0.032547
0 0.121237 0.773800 0.081367 0.032547
0 0.121237 0.721725 0.081367 0.032547
0 0.121237 0.680228 0.081367 0.032547
0 0.121237 0.641172 0.081367 0.032547
0 0.121237 0.604557 0.081367 0.032547
0 0.121237 0.561432 0.081367 0.032547
0 0.121237 0.524817 0.081367 0.032547
0 0.121237 0.482506 0.081367 0.032547
0 0.121237 0.447518 0.081367 0.032547
0 0.121237 0.411717 0.081367 0.032547
0 0.121237 0.374288 0.081367 0.032547
0 0.121237 0.334418 0.081367 0.032547
0 0.121237 0.288853 0.081367 0.032547
0 0.121237 0.237592 0.081367 0.032547
0 0.121237 0.195281 0.081367 0.032547
1 0.215435 0.170951 0.040000 0.100000
1 0.254646 0.171589 0.040000 0.100000
1 0.287702 0.170780 0.040000 0.100000
1 0.321710 0.171183 0.040000 0.100000
1 0.352778 0.171460 0.040000 0.100000
1 0.381210 0.171044 0.040000 0.100000
1 0.419462 0.170545 0.040000 0.100000
1 0.436461 0.170850 0.040000 0.100000
1 0.463718 0.170369 0.040000 0.100000
1 0.514985 0.170145 0.040000 0.100000
1 0.541046 0.170076 0.040000 0.100000
1 0.567211 0.170494 0.040000 0.100000
1 0.594814 0.170486 0.040000 0.100000
1 0.620795 0.170686 0.040000 0.100000
1 0.675726 0.170304 0.040000 0.100000
1 0.706702 0.170882 0.040000 0.100000
1 0.735221 0.170117 0.040000 0.100000
1 0.830010 0.234427 0.100000 0.040000
1 0.830241 0.269332 0.100000 0.040000
1 0.829987 0.302087 0.100000 0.040000
1 0.829335 0.348530 0.100000 0.040000
1 0.829890 0.377517 0.100000 0.040000
1 0.829732 0.427661 0.100000 0.040000
1 0.829870 0.454429 0.100000 0.040000
1 0.830841 0.476065 0.100000 0.040000
1 0.830141 0.538643 0.100000 0.040000
1 0.830333 0.552031 0.100000 0.040000
1 0.830719 0.587957 0.100000 0.040000
1 0.829684 0.614450 0.100000 0.040000
1 0.829781 0.644693 0.100000 0.040000
1 0.830031 0.675206 0.100000 0.040000
1 0.829515 0.730181 0.100000 0.040000
1 0.830714 0.762136 0.100000 0.040000
1 0.830514 0.800882 0.100000 0.040000
1 0.735122 0.829944 0.040000 0.100000
1 0.699006 0.829778 0.040000 0.100000
1 0.670227 0.830430 0.040000 0.100000
1 0.645955 0.830984 0.040000 0.100000
1 0.616996 0.830263 0.040000 0.100000
1 0.590699 0.830097 0.040000 0.100000
1 0.565776 0.830776 0.040000 0.100000
1 0.518412 0.829692 0.040000 0.100000
1 0.476179 0.830566 0.040000 0.100000
1 0.445666 0.830566 0.040000 0.100000
1 0.418654 0.829561 0.040000 0.100000
1 0.357897 0.829853 0.040000 0.100000
1 0.326969 0.830685 0.040000 0.100000
1 0.292988 0.831240 0.040000 0.100000
1 0.254681 0.830685 0.040000 0.100000
1 0.226990 0.831261 0.040000 0.100000
1 0.171442 0.786476 0.100000 0.040000
1 0.170940 0.755484 0.100000 0.040000
1 0.170824 0.694369 0.100000 0.040000
1 0.170361 0.661082 0.100000 0.040000
1 0.170188 0.630396 0.100000 0.040000
1 0.169841 0.600230 0.100000 0.040000
1 0.171120 0.555475 0.100000 0.040000
1 0.169964 0.521264 0.100000 0.040000
1 0.171478 0.486163 0.100000 0.040000
1 0.169398 0.454841 0.100000 0.040000
1 0.170403 0.425241 0.100000 0.040000
1 0.169941 0.395768 0.100000 0.040000
1 0.169594 0.358806 0.100000 0.040000
1 0.169394 0.320284 0.100000 0.040000
1 0.171128 0.306530 0.100000 0.040000
1 0.169681 0.267899 0.100000 0.040000
1 0.170213 0.235910 0.100000 0.040000
1 0.226664 0.187387 0.040000 0.100000
1 0.262147 0.185653 0.040000 0.100000
1 0.294336 0.187431 0.040000 0.100000
1 0.325196 0.187431 0.040000 0.100000
1 0.354113 0.187570 0.040000 0.100000
1 0.379827 0.186599 0.040000 0.100000
1 0.419670 0.187080 0.040000 0.100000
1 0.436868 0.187357 0.040000 0.100000
1 0.463220 0.186386 0.040000 0.100000
1 0.516478 0.186096 0.040000 0.100000
1 0.539710 0.186905 0.040000 0.100000
1 0.563057 0.186212 0.040000 0.100000
1 0.588634 0.185936 0.040000 0.100000
1 0.611403 0.186977 0.040000 0.100000
1 0.667949 0.185377 0.040000 0.100000
1 0.696395 0.185030 0.040000 0.100000
1 0.720029 0.185363 0.040000 0.100000
1 0.814399 0.244261 0.100000 0.040000
1 0.813474 0.275814 0.100000 0.040000
1 0.813647 0.307147 0.100000 0.040000
1 0.812815 0.352602 0.100000 0.040000
1 0.813912 0.378496 0.100000 0.040000
1 0.813424 0.430134 0.100000 0.040000
1 0.813540 0.454752 0.100000 0.040000
1 0.814141 0.474100 0.100000 0.040000
1 0.813106 0.539650 0.100000 0.040000
1 0.811997 0.553936 0.100000 0.040000
1 0.813523 0.590274 0.100000 0.040000
1 0.814701 0.615280 0.100000 0.040000
1 0.813592 0.642742 0.100000 0.040000
1 0.813562 0.671131 0.100000 0.040000
1 0.813931 0.728197 0.100000 0.040000
1 0.814412 0.757092 0.100000 0.040000
1 0.813757 0.793191 0.100000 0.040000
1 0.722713 0.813827 0.040000 0.100000
1 0.688469 0.813880 0.040000 0.100000
1 0.661308 0.814361 0.040000 0.100000
1 0.640388 0.813706 0.040000 0.100000
1 0.613204 0.813221 0.040000 0.100000
1 0.591013 0.813082 0.040000 0.100000
1 0.568045 0.813637 0.040000 0.100000
1 0.519193 0.813905 0.040000 0.100000
1 0.479087 0.814368 0.040000 0.100000
1 0.449475 0.813328 0.040000 0.100000
1 0.426050 0.814174 0.040000 0.100000
1 0.361933 0.814264 0.040000 0.100000
1 0.333848 0.813223 0.040000 0.100000
1 0.301934 0.813422 0.040000 0.100000
1 0.265818 0.813256 0.040000 0.100000
1 0.243389 0.813052 0.040000 0.100000
1 0.186809 0.775693 0.100000 0.040000
1 0.186462 0.747222 0.100000 0.040000
1 0.186853 0.684326 0.100000 0.040000
1 0.186604 0.653249 0.100000 0.040000
1 0.186188 0.624678 0.100000 0.040000
1 0.186537 0.597589 0.100000 0.040000
1 0.187783 0.551767 0.100000 0.040000
1 0.186882 0.518634 0.100000 0.040000
1 0.186015 0.484924 0.100000 0.040000
1 0.186535 0.454785 0.100000 0.040000
1 0.185564 0.427323 0.100000 0.040000
1 0.186893 0.401106 0.100000 0.040000
1 0.185973 0.365907 0.100000 0.040000
1 0.186666 0.352962 0.100000 0.040000
1 0.185120 0.328785 0.100000 0.040000
1 0.186950 0.312797 0.100000 0.040000
1 0.186988 0.276274 0.100000 0.040000
1 0.186493 0.245668 0.100000 0.040000
1 0.238284 0.202125 0.040000 0.100000
1 0.272796 0.202604 0.040000 0.100000
1 0.302275 0.202844 0.040000 0.100000
1 0.329117 0.201885 0.040000 0.100000
1 0.355720 0.202844 0.040000 0.100000
1 0.379662 0.202963 0.040000 0.100000
1 0.421124 0.203922 0.040000 0.100000
1 0.437641 0.204022 0.040000 0.100000
1 0.463006 0.203623 0.040000 0.100000
1 0.518052 0.202215 0.040000 0.100000
1 0.538856 0.201549 0.040000 0.100000
1 0.559660 0.202215 0.040000 0.100000
1 0.582628 0.202215 0.040000 0.100000
1 0.603932 0.203380 0.040000 0.100000
1 0.660436 0.203263 0.040000 0.100000
1 0.684735 0.202431 0.040000 0.100000
1 0.704874 0.202597 0.040000 0.100000
1 0.798205 0.252391 0.100000 0.040000
1 0.798436 0.280824 0.100000 0.040000
1 0.796737 0.310932 0.100000 0.040000
1 0.796991 0.355222 0.100000 0.040000
1 0.798387 0.430924 0.100000 0.040000
1 0.797172 0.379147 0.100000 0.040000
1 0.797908 0.453541 0.100000 0.040000
1 0.796382 0.479754 0.100000 0.040000
1 0.797822 0.540339 0.100000 0.040000
1 0.798377 0.555040 0.100000 0.040000
1 0.797414 0.592030 0.100000 0.040000
1 0.797580 0.615165 0.100000 0.040000
1 0.797081 0.639464 0.100000 0.040000
1 0.796582 0.665261 0.100000 0.040000
1 0.797508 0.723634 0.100000 0.040000
1 0.797646 0.750264 0.100000 0.040000
1 0.798162 0.784821 0.100000 0.040000
1 0.709905 0.796538 0.040000 0.100000
1 0.678121 0.798041 0.040000 0.100000
1 0.655144 0.797255 0.040000 0.100000
1 0.635033 0.797116 0.040000 0.100000
1 0.611982 0.797893 0.040000 0.100000
1 0.591510 0.797560 0.040000 0.100000
1 0.572204 0.797727 0.040000 0.100000
1 0.520562 0.796936 0.040000 0.100000
1 0.482976 0.796797 0.040000 0.100000
1 0.454544 0.797213 0.040000 0.100000
1 0.433462 0.797657 0.040000 0.100000
1 0.367787 0.797191 0.040000 0.100000
1 0.342223 0.796992 0.040000 0.100000
1 0.311560 0.797355 0.040000 0.100000
1 0.276970 0.796995 0.040000 0.100000
1 0.258662 0.795996 0.040000 0.100000
1 0.201975 0.765505 0.100000 0.040000
1 0.201958 0.739092 0.100000 0.040000
1 0.202599 0.672028 0.100000 0.040000
1 0.201767 0.645121 0.100000 0.040000
1 0.202516 0.617992 0.100000 0.040000
1 0.202516 0.593194 0.100000 0.040000
1 0.203506 0.547871 0.100000 0.040000
1 0.202813 0.532892 0.100000 0.040000
1 0.202396 0.515416 0.100000 0.040000
1 0.202396 0.483517 0.100000 0.040000
1 0.203645 0.453642 0.100000 0.040000
1 0.202704 0.428795 0.100000 0.040000
1 0.202473 0.404754 0.100000 0.040000
1 0.202773 0.371629 0.100000 0.040000
1 0.202891 0.356999 0.100000 0.040000
1 0.202660 0.335617 0.100000 0.040000
1 0.203122 0.319552 0.100000 0.040000
1 0.203076 0.282220 0.100000 0.040000
1 0.202674 0.255105 0.100000 0.040000
1 0.253605 0.219205 0.040000 0.100000
1 0.283896 0.218372 0.040000 0.100000
1 0.310026 0.218539 0.040000 0.100000
1 0.335187 0.219628 0.040000 0.100000
1 0.358881 0.219628 0.040000 0.100000
1 0.379917 0.219281 0.040000 0.100000
1 0.421861 0.218634 0.040000 0.100000
1 0.439336 0.218495 0.040000 0.100000
1 0.463192 0.219604 0.040000 0.100000
1 0.520279 0.219353 0.040000 0.100000
1 0.539696 0.219492 0.040000 0.100000
1 0.558559 0.220047 0.040000 0.100000
1 0.577144 0.219908 0.040000 0.100000
1 0.596977 0.218798 0.040000 0.100000
1 0.652850 0.219202 0.040000 0.100000
1 0.674764 0.219479 0.040000 0.100000
1 0.693072 0.220172 0.040000 0.100000
1 0.781778 0.260918 0.100000 0.040000
1 0.781586 0.286944 0.100000 0.040000
1 0.781078 0.312788 0.100000 0.040000
1 0.781509 0.356614 0.100000 0.040000
1 0.781509 0.378478 0.100000 0.040000
1 0.781008 0.431539 0.100000 0.040000
1 0.781817 0.451650 0.100000 0.040000
1 0.781193 0.477355 0.100000 0.040000
1 0.779903 0.540852 0.100000 0.040000
1 0.780597 0.556663 0.100000 0.040000
1 0.781013 0.592585 0.100000 0.040000
1 0.781046 0.613289 0.100000 0.040000
1 0.782045 0.636457 0.100000 0.040000
1 0.781446 0.659425 0.100000 0.040000
1 0.780594 0.719231 0.100000 0.040000
1 0.781593 0.743031 0.100000 0.040000
1 0.781593 0.774154 0.100000 0.040000
1 0.699442 0.781678 0.040000 0.100000
1 0.669507 0.781910 0.040000 0.100000
1 0.647385 0.781124 0.040000 0.100000
1 0.631712 0.781678 0.040000 0.100000
1 0.611851 0.781068 0.040000 0.100000
1 0.593710 0.781568 0.040000 0.100000
1 0.575902 0.781734 0.040000 0.100000
1 0.522344 0.782288 0.040000 0.100000
1 0.487906 0.781942 0.040000 0.100000
1 0.458226 0.781248 0.040000 0.100000
1 0.441555 0.780776 0.040000 0.100000
1 0.374717 0.780656 0.040000 0.100000
1 0.351138 0.780656 0.040000 0.100000
1 0.323261 0.780933 0.040000 0.100000
1 0.288199 0.781849 0.040000 0.100000
1 0.272367 0.782092 0.040000 0.100000
1 0.218727 0.752654 0.100000 0.040000
1 0.217894 0.728382 0.100000 0.040000
1 0.219491 0.658588 0.100000 0.040000
1 0.219661 0.633363 0.100000 0.040000
1 0.219523 0.609091 0.100000 0.040000
1 0.219384 0.586623 0.100000 0.040000
1 0.218752 0.542450 0.100000 0.040000
1 0.219561 0.526385 0.100000 0.040000
1 0.219902 0.509142 0.100000 0.040000
1 0.219671 0.479785 0.100000 0.040000
1 0.219555 0.451699 0.100000 0.040000
1 0.219457 0.429225 0.100000 0.040000
1 0.219457 0.407650 0.100000 0.040000
1 0.218760 0.376629 0.100000 0.040000
1 0.218760 0.361026 0.100000 0.040000
1 0.219840 0.342458 0.100000 0.040000
1 0.220804 0.324447 0.100000 0.040000
1 0.218192 0.286822 0.100000 0.040000
1 0.218746 0.262412 0.100000 0.040000
1 0.270180 0.236265 0.040000 0.100000
1 0.296416 0.234994 0.040000 0.100000
1 0.317914 0.234185 0.040000 0.100000
1 0.340937 0.235415 0.040000 0.100000
1 0.361603 0.235831 0.040000 0.100000
1 0.380326 0.235553 0.040000 0.100000
1 0.422587 0.235656 0.040000 0.100000
1 0.441172 0.235379 0.040000 0.100000
1 0.464750 0.234685 0.040000 0.100000
1 0.523487 0.235531 0.040000 0.100000
1 0.540408 0.235254 0.040000 0.100000
1 0.556968 0.235087 0.040000 0.100000
1 0.574444 0.235087 0.040000 0.100000
1 0.590255 0.235087 0.040000 0.100000
1 0.647618 0.234425 0.040000 0.100000
1 0.665260 0.234425 0.040000 0.100000
1 0.680572 0.236589 0.040000 0.100000
1 0.764457 0.267531 0.100000 0.040000
1 0.765694 0.290839 0.100000 0.040000
1 0.765578 0.314070 0.100000 0.040000
1 0.765259 0.357648 0.100000 0.040000
1 0.765426 0.376622 0.100000 0.040000
1 0.765635 0.430803 0.100000 0.040000
1 0.765136 0.448611 0.100000 0.040000
1 0.765136 0.464422 0.100000 0.040000
1 0.764694 0.540643 0.100000 0.040000
1 0.764972 0.556038 0.100000 0.040000
1 0.765388 0.592514 0.100000 0.040000
1 0.765804 0.610739 0.100000 0.040000
1 0.765471 0.631044 0.100000 0.040000
1 0.764972 0.652347 0.100000 0.040000
1 0.765938 0.714126 0.100000 0.040000
1 0.766215 0.734930 0.100000 0.040000
1 0.765660 0.763917 0.100000 0.040000
1 0.686954 0.765571 0.040000 0.100000
1 0.660824 0.765571 0.040000 0.100000
1 0.641531 0.766167 0.040000 0.100000
1 0.628078 0.766722 0.040000 0.100000
1 0.611573 0.766306 0.040000 0.100000
1 0.595124 0.767055 0.040000 0.100000
1 0.580478 0.766722 0.040000 0.100000
1 0.524623 0.765623 0.040000 0.100000
1 0.492408 0.766522 0.040000 0.100000
1 0.463448 0.766722 0.040000 0.100000
1 0.449788 0.766847 0.040000 0.100000
1 0.380070 0.766536 0.040000 0.100000
1 0.355624 0.767015 0.040000 0.100000
1 0.332939 0.767265 0.040000 0.100000
1 0.301982 0.766266 0.040000 0.100000
1 0.288002 0.764602 0.040000 0.100000
1 0.237337 0.740294 0.100000 0.040000
1 0.236088 0.715884 0.100000 0.040000
1 0.235582 0.643861 0.100000 0.040000
1 0.235224 0.622067 0.100000 0.040000
1 0.235779 0.601540 0.100000 0.040000
1 0.236195 0.579765 0.100000 0.040000
1 0.233382 0.537507 0.100000 0.040000
1 0.235427 0.519896 0.100000 0.040000
1 0.235704 0.495901 0.100000 0.040000
1 0.235461 0.476866 0.100000 0.040000
1 0.236270 0.448664 0.100000 0.040000
1 0.235924 0.428091 0.100000 0.040000
1 0.235022 0.409298 0.100000 0.040000
1 0.235797 0.380688 0.100000 0.040000
1 0.235484 0.364043 0.100000 0.040000
1 0.234954 0.347075 0.100000 0.040000
1 0.236075 0.328363 0.100000 0.040000
1 0.235041 0.292250 0.100000 0.040000
1 0.235241 0.270177 0.100000 0.040000
