0 0.188151 0.124099 0.032026 0.080064
0 0.231385 0.124099 0.032026 0.080064
0 0.272218 0.124099 0.032026 0.080064
0 0.313851 0.124099 0.032026 0.080064
0 0.351481 0.124099 0.032026 0.080064
0 0.389111 0.124099 0.032026 0.080064
0 0.421938 0.124099 0.032026 0.080064
0 0.460368 0.124099 0.032026 0.080064
0 0.516413 0.124099 0.032026 0.080064
0 0.549239 0.124099 0.032026 0.080064
0 0.583667 0.124099 0.032026 0.080064
0 0.621297 0.124099 0.032026 0.080064
0 0.658927 0.124099 0.032026 0.080064
0 0.710168 0.124099 0.032026 0.080064
0 0.751001 0.124099 0.032026 0.080064
0 0.793435 0.124099 0.032026 0.080064
0 0.875901 0.188151 0.080064 0.032026
0 0.875901 0.230584 0.080064 0.032026
0 0.875901 0.270616 0.080064 0.032026
0 0.875901 0.314652 0.080064 0.032026
0 0.875901 0.352282 0.080064 0.032026
0 0.875901 0.396317 0.080064 0.032026
0 0.875901 0.429944 0.080064 0.032026
0 0.875901 0.463571 0.080064 0.032026
0 0.875901 0.515612 0.080064 0.032026
0 0.875901 0.555645 0.080064 0.032026
0 0.875901 0.590072 0.080064 0.032026
0 0.875901 0.626101 0.080064 0.032026
0 0.875901 0.664532 0.080064 0.032026
0 0.875901 0.715773 0.080064 0.032026
0 0.875901 0.756605 0.080064 0.032026
0 0.875901 0.799039 0.080064 0.032026
0 0.791833 0.875901 0.032026 0.080064
0 0.746998 0.875901 0.032026 0.080064
0 0.703763 0.875901 0.032026 0.080064
0 0.664532 0.875901 0.032026 0.080064
0 0.626902 0.875901 0.032026 0.080064
0 0.590072 0.875901 0.032026 0.080064
0 0.555645 0.875901 0.032026 0.080064
0 0.518815 0.875901 0.032026 0.080064
0 0.472378 0.875901 0.032026 0.080064
0 0.437150 0.875901 0.032026 0.080064
0 0.404323 0.875901 0.032026 0.080064
0 0.355484 0.875901 0.032026 0.080064
0 0.317854 0.875901 0.032026 0.080064
0 0.276221 0.875901 0.032026 0.080064
0 0.232186 0.875901 0.032026 0.080064
0 0.190552 0.875901 0.032026 0.080064
0 0.124099 0.800641 0.080064 0.032026
0 0.124099 0.758207 0.080064 0.032026
0 0.124099 0.702962 0.080064 0.032026
0 0.124099 0.662130 0.080064 0.032026
0 0.124099 0.622898 0.080064 0.032026
0 0.124099 0.583667 0.080064 0.032026
0 0.124099 0.546837 0.080064 0.032026
0 0.124099 0.509207 0.080064 0.032026
0 0.124099 0.466773 0.080064 0.032026
0 0.124099 0.428343 0.080064 0.032026
0 0.124099 0.392314 0.080064 0.032026
0 0.124099 0.356285 0.080064 0.032026
0 0.124099 0.320256 0.080064 0.032026
0 0.124099 0.279424 0.080064 0.032026
0 0.124099 0.223379 0.080064 0.032026
0 0.124099 0.184147 0.080064 0.032026
0 0.192154 0.133707 0.032026 0.080064
0 0.234588 0.133707 0.032026 0.080064
0 0.313851 0.133707 0.032026 0.080064
0 0.349079 0.133707 0.032026 0.080064
0 0.385108 0.133707 0.032026 0.080064
0 0.419536 0.133707 0.032026 0.080064
0 0.457166 0.133707 0.032026 0.080064
0 0.514011 0.133707 0.032026 0.080064
0 0.546037 0.133707 0.032026 0.080064
0 0.578863 0.133707 0.032026 0.080064
0 0.614892 0.133707 0.032026 0.080064
0 0.649319 0.133707 0.032026 0.080064
0 0.701361 0.133707 0.032026 0.080064
0 0.739792 0.133707 0.032026 0.080064
0 0.778223 0.133707 0.032026 0.080064
0 0.866293 0.191353 0.080064 0.032026
0 0.866293 0.232186 0.080064 0.032026
0 0.866293 0.270616 0.080064 0.032026
0 0.866293 0.314652 0.080064 0.032026
0 0.866293 0.349880 0.080064 0.032026
0 0.866293 0.394716 0.080064 0.032026
0 0.866293 0.426741 0.080064 0.032026
0 0.866293 0.461169 0.080064 0.032026
0 0.866293 0.513211 0.080064 0.032026
0 0.866293 0.586869 0.080064 0.032026
0 0.866293 0.621297 0.080064 0.032026
0 0.866293 0.658127 0.080064 0.032026
0 0.866293 0.709367 0.080064 0.032026
0 0.866293 0.750200 0.080064 0.032026
0 0.866293 0.789432 0.080064 0.032026
0 0.777422 0.866293 0.032026 0.080064
0 0.734187 0.866293 0.032026 0.080064
0 0.693355 0.866293 0.032026 0.080064
0 0.658127 0.866293 0.032026 0.080064
0 0.621297 0.866293 0.032026 0.080064
0 0.587670 0.866293 0.032026 0.080064
0 0.554043 0.866293 0.032026 0.080064
0 0.516413 0.866293 0.032026 0.080064
0 0.470777 0.866293 0.032026 0.080064
0 0.436349 0.866293 0.032026 0.080064
0 0.405124 0.866293 0.032026 0.080064
0 0.354684 0.866293 0.032026 0.080064
0 0.317854 0.866293 0.032026 0.080064
0 0.277822 0.866293 0.032026 0.080064
0 0.235388 0.866293 0.032026 0.080064
0 0.195356 0.866293 0.032026 0.080064
0 0.133707 0.789432 0.080064 0.032026
0 0.133707 0.749400 0.080064 0.032026
0 0.133707 0.691753 0.080064 0.032026
0 0.133707 0.654123 0.080064 0.032026
0 0.133707 0.614892 0.080064 0.032026
0 0.133707 0.578863 0.080064 0.032026
0 0.133707 0.542034 0.080064 0.032026
0 0.133707 0.504404 0.080064 0.032026
0 0.133707 0.463571 0.080064 0.032026
0 0.133707 0.424339 0.080064 0.032026
0 0.133707 0.390713 0.080064 0.032026
0 0.133707 0.355484 0.080064 0.032026
0 0.133707 0.324259 0.080064 0.032026
0 0.133707 0.280224 0.080064 0.032026
0 0.133707 0.223379 0.080064 0.032026
0 0.133707 0.187350 0.080064 0.032026
0 0.193755 0.138511 0.032026 0.080064
0 0.235388 0.138511 0.032026 0.080064
0 0.273819 0.138511 0.032026 0.080064
0 0.313851 0.138511 0.032026 0.080064
0 0.349079 0.138511 0.032026 0.080064
0 0.384307 0.138511 0.032026 0.080064
0 0.418735 0.138511 0.032026 0.080064
0 0.465973 0.138511 0.032026 0.080064
0 0.513211 0.138511 0.032026 0.080064
0 0.544436 0.138511 0.032026 0.080064
0 0.576461 0.138511 0.032026 0.080064
0 0.610889 0.138511 0.032026 0.080064
0 0.644516 0.138511 0.032026 0.080064
0 0.696557 0.138511 0.032026 0.080064
0 0.734187 0.138511 0.032026 0.080064
0 0.771017 0.138511 0.032026 0.080064
0 0.861489 0.192954 0.080064 0.032026
0 0.861489 0.233787 0.080064 0.032026
0 0.861489 0.270616 0.080064 0.032026
0 0.861489 0.313851 0.080064 0.032026
0 0.861489 0.349079 0.080064 0.032026
0 0.861489 0.393915 0.080064 0.032026
0 0.861489 0.425941 0.080064 0.032026
0 0.861489 0.459568 0.080064 0.032026
0 0.861489 0.512410 0.080064 0.032026
0 0.861489 0.553243 0.080064 0.032026
0 0.861489 0.586069 0.080064 0.032026
0 0.861489 0.618895 0.080064 0.032026
0 0.861489 0.654924 0.080064 0.032026
0 0.861489 0.706966 0.080064 0.032026
0 0.861489 0.745396 0.080064 0.032026
0 0.861489 0.784628 0.080064 0.032026
0 0.770216 0.861489 0.032026 0.080064
0 0.728583 0.861489 0.032026 0.080064
0 0.688551 0.861489 0.032026 0.080064
0 0.654924 0.861489 0.032026 0.080064
0 0.618895 0.861489 0.032026 0.080064
0 0.585268 0.861489 0.032026 0.080064
0 0.554043 0.861489 0.032026 0.080064
0 0.514812 0.861489 0.032026 0.080064
0 0.470777 0.861489 0.032026 0.080064
0 0.436349 0.861489 0.032026 0.080064
0 0.405124 0.861489 0.032026 0.080064
0 0.354684 0.861489 0.032026 0.080064
0 0.318655 0.861489 0.032026 0.080064
0 0.279424 0.861489 0.032026 0.080064
0 0.236990 0.861489 0.032026 0.080064
0 0.198559 0.861489 0.032026 0.080064
0 0.138511 0.784628 0.080064 0.032026
0 0.138511 0.745396 0.080064 0.032026
0 0.138511 0.686950 0.080064 0.032026
0 0.138511 0.650120 0.080064 0.032026
0 0.138511 0.613291 0.080064 0.032026
0 0.138511 0.576461 0.080064 0.032026
0 0.138511 0.539632 0.080064 0.032026
0 0.138511 0.502002 0.080064 0.032026
0 0.138511 0.461169 0.080064 0.032026
0 0.138511 0.423539 0.080064 0.032026
0 0.138511 0.390713 0.080064 0.032026
0 0.138511 0.355484 0.080064 0.032026
0 0.138511 0.325060 0.080064 0.032026
0 0.138511 0.281025 0.080064 0.032026
0 0.138511 0.224179 0.080064 0.032026
0 0.138511 0.188951 0.080064 0.032026
0 0.195356 0.143315 0.032026 0.080064
0 0.236990 0.143315 0.032026 0.080064
0 0.348279 0.143315 0.032026 0.080064
0 0.382706 0.143315 0.032026 0.080064
0 0.417134 0.143315 0.032026 0.080064
0 0.454764 0.143315 0.032026 0.080064
0 0.543635 0.143315 0.032026 0.080064
0 0.574860 0.143315 0.032026 0.080064
0 0.607686 0.143315 0.032026 0.080064
0 0.639712 0.143315 0.032026 0.080064
0 0.693355 0.143315 0.032026 0.080064
0 0.729384 0.143315 0.032026 0.080064
0 0.763811 0.143315 0.032026 0.080064
0 0.856685 0.194556 0.080064 0.032026
0 0.856685 0.234588 0.080064 0.032026
0 0.856685 0.270616 0.080064 0.032026
0 0.856685 0.313851 0.080064 0.032026
0 0.856685 0.348279 0.080064 0.032026
0 0.856685 0.393915 0.080064 0.032026
0 0.856685 0.424339 0.080064 0.032026
0 0.856685 0.458767 0.080064 0.032026
0 0.856685 0.511609 0.080064 0.032026
0 0.856685 0.552442 0.080064 0.032026
0 0.856685 0.584468 0.080064 0.032026
0 0.856685 0.617294 0.080064 0.032026
0 0.856685 0.652522 0.080064 0.032026
0 0.856685 0.704564 0.080064 0.032026
0 0.856685 0.742194 0.080064 0.032026
0 0.856685 0.780624 0.080064 0.032026
0 0.763811 0.856685 0.032026 0.080064
0 0.722978 0.856685 0.032026 0.080064
0 0.684548 0.856685 0.032026 0.080064
0 0.651721 0.856685 0.032026 0.080064
0 0.616493 0.856685 0.032026 0.080064
0 0.584468 0.856685 0.032026 0.080064
0 0.553243 0.856685 0.032026 0.080064
0 0.514812 0.856685 0.032026 0.080064
0 0.469976 0.856685 0.032026 0.080064
0 0.436349 0.856685 0.032026 0.080064
0 0.406725 0.856685 0.032026 0.080064
0 0.354684 0.856685 0.032026 0.080064
0 0.319456 0.856685 0.032026 0.080064
0 0.280224 0.856685 0.032026 0.080064
0 0.238591 0.856685 0.032026 0.080064
0 0.200160 0.856685 0.032026 0.080064
0 0.143315 0.779023 0.080064 0.032026
0 0.143315 0.741393 0.080064 0.032026
0 0.143315 0.681345 0.080064 0.032026
0 0.143315 0.646117 0.080064 0.032026
0 0.143315 0.609287 0.080064 0.032026
0 0.143315 0.574059 0.080064 0.032026
0 0.143315 0.537230 0.080064 0.032026
0 0.143315 0.499600 0.080064 0.032026
0 0.143315 0.459568 0.080064 0.032026
0 0.143315 0.421938 0.080064 0.032026
0 0.143315 0.389912 0.080064 0.032026
0 0.143315 0.355484 0.080064 0.032026
0 0.143315 0.325060 0.080064 0.032026
0 0.143315 0.282626 0.080064 0.032026
0 0.143315 0.224980 0.080064 0.032026
0 0.143315 0.191353 0.080064 0.032026
0 0.197758 0.148118 0.032026 0.080064
0 0.274620 0.148118 0.032026 0.080064
0 0.314652 0.148118 0.032026 0.080064
0 0.347478 0.148118 0.032026 0.080064
0 0.381105 0.148118 0.032026 0.080064
0 0.416333 0.148118 0.032026 0.080064
0 0.463571 0.148118 0.032026 0.080064
0 0.512410 0.148118 0.032026 0.080064
0 0.572458 0.148118 0.032026 0.080064
0 0.604484 0.148118 0.032026 0.080064
0 0.635709 0.148118 0.032026 0.080064
0 0.688551 0.148118 0.032026 0.080064
0 0.757406 0.148118 0.032026 0.080064
0 0.851882 0.196157 0.080064 0.032026
0 0.851882 0.235388 0.080064 0.032026
0 0.851882 0.270616 0.080064 0.032026
0 0.851882 0.313851 0.080064 0.032026
0 0.851882 0.347478 0.080064 0.032026
0 0.851882 0.393114 0.080064 0.032026
0 0.851882 0.423539 0.080064 0.032026
0 0.851882 0.457166 0.080064 0.032026
0 0.851882 0.511609 0.080064 0.032026
0 0.851882 0.551641 0.080064 0.032026
0 0.851882 0.582866 0.080064 0.032026
0 0.851882 0.615693 0.080064 0.032026
0 0.851882 0.649319 0.080064 0.032026
0 0.851882 0.702162 0.080064 0.032026
0 0.851882 0.738991 0.080064 0.032026
0 0.851882 0.775020 0.080064 0.032026
0 0.756605 0.851882 0.032026 0.080064
0 0.717374 0.851882 0.032026 0.080064
0 0.679744 0.851882 0.032026 0.080064
0 0.648519 0.851882 0.032026 0.080064
0 0.614892 0.851882 0.032026 0.080064
0 0.582866 0.851882 0.032026 0.080064
0 0.552442 0.851882 0.032026 0.080064
0 0.514011 0.851882 0.032026 0.080064
0 0.469175 0.851882 0.032026 0.080064
0 0.435548 0.851882 0.032026 0.080064
0 0.406725 0.851882 0.032026 0.080064
0 0.354684 0.851882 0.032026 0.080064
0 0.281025 0.851882 0.032026 0.080064
0 0.202562 0.851882 0.032026 0.080064
0 0.148118 0.774219 0.080064 0.032026
0 0.148118 0.737390 0.080064 0.032026
0 0.148118 0.676541 0.080064 0.032026
0 0.148118 0.642114 0.080064 0.032026
0 0.148118 0.606886 0.080064 0.032026
0 0.148118 0.571657 0.080064 0.032026
0 0.148118 0.534828 0.080064 0.032026
0 0.148118 0.497998 0.080064 0.032026
0 0.148118 0.457966 0.080064 0.032026
0 0.148118 0.421137 0.080064 0.032026
0 0.148118 0.389111 0.080064 0.032026
0 0.148118 0.355484 0.080064 0.032026
0 0.148118 0.325861 0.080064 0.032026
0 0.148118 0.282626 0.080064 0.032026
0 0.148118 0.226581 0.080064 0.032026
0 0.200961 0.152922 0.032026 0.080064
0 0.239392 0.152922 0.032026 0.080064
0 0.275420 0.152922 0.032026 0.080064
0 0.313851 0.152922 0.032026 0.080064
0 0.380304 0.152922 0.032026 0.080064
0 0.415532 0.152922 0.032026 0.080064
0 0.511609 0.152922 0.032026 0.080064
0 0.540432 0.152922 0.032026 0.080064
0 0.570056 0.152922 0.032026 0.080064
0 0.632506 0.152922 0.032026 0.080064
0 0.685348 0.152922 0.032026 0.080064
0 0.718975 0.152922 0.032026 0.080064
0 0.751001 0.152922 0.032026 0.080064
0 0.847078 0.236189 0.080064 0.032026
0 0.847078 0.270616 0.080064 0.032026
0 0.847078 0.313851 0.080064 0.032026
0 0.847078 0.346677 0.080064 0.032026
0 0.847078 0.392314 0.080064 0.032026
0 0.847078 0.422738 0.080064 0.032026
0 0.847078 0.455564 0.080064 0.032026
0 0.847078 0.510809 0.080064 0.032026
0 0.847078 0.551641 0.080064 0.032026
0 0.847078 0.582066 0.080064 0.032026
0 0.847078 0.613291 0.080064 0.032026
0 0.847078 0.646117 0.080064 0.032026
0 0.847078 0.699760 0.080064 0.032026
0 0.847078 0.771817 0.080064 0.032026
0 0.751001 0.847078 0.032026 0.080064
0 0.712570 0.847078 0.032026 0.080064
0 0.675741 0.847078 0.032026 0.080064
0 0.646117 0.847078 0.032026 0.080064
0 0.613291 0.847078 0.032026 0.080064
0 0.582066 0.847078 0.032026 0.080064
0 0.552442 0.847078 0.032026 0.080064
0 0.469175 0.847078 0.032026 0.080064
0 0.435548 0.847078 0.032026 0.080064
0 0.407526 0.847078 0.032026 0.080064
0 0.354684 0.847078 0.032026 0.080064
0 0.320256 0.847078 0.032026 0.080064
0 0.282626 0.847078 0.032026 0.080064
0 0.240993 0.847078 0.032026 0.080064
0 0.204964 0.847078 0.032026 0.080064
0 0.152922 0.769416 0.080064 0.032026
0 0.152922 0.733387 0.080064 0.032026
0 0.152922 0.671737 0.080064 0.032026
0 0.152922 0.638911 0.080064 0.032026
0 0.152922 0.603683 0.080064 0.032026
0 0.152922 0.532426 0.080064 0.032026
0 0.152922 0.495596 0.080064 0.032026
0 0.152922 0.457166 0.080064 0.032026
0 0.152922 0.420336 0.080064 0.032026
0 0.152922 0.389111 0.080064 0.032026
0 0.152922 0.356285 0.080064 0.032026
0 0.152922 0.326661 0.080064 0.032026
0 0.152922 0.283427 0.080064 0.032026
0 0.152922 0.227382 0.080064 0.032026
0 0.189752 0.128903 0.032026 0.080064
0 0.232186 0.128903 0.032026 0.080064
0 0.272218 0.128903 0.032026 0.080064
0 0.313851 0.128903 0.032026 0.080064
0 0.350681 0.128903 0.032026 0.080064
0 0.386709 0.128903 0.032026 0.080064
0 0.420336 0.128903 0.032026 0.080064
0 0.458767 0.128903 0.032026 0.080064
0 0.515612 0.128903 0.032026 0.080064
0 0.547638 0.128903 0.032026 0.080064
0 0.581265 0.128903 0.032026 0.080064
0 0.618094 0.128903 0.032026 0.080064
0 0.654123 0.128903 0.032026 0.080064
0 0.705364 0.128903 0.032026 0.080064
0 0.745396 0.128903 0.032026 0.080064
0 0.786229 0.128903 0.032026 0.080064
0 0.871097 0.190552 0.080064 0.032026
0 0.871097 0.231385 0.080064 0.032026
0 0.871097 0.270616 0.080064 0.032026
0 0.871097 0.314652 0.080064 0.032026
0 0.871097 0.395516 0.080064 0.032026
0 0.871097 0.428343 0.080064 0.032026
0 0.871097 0.462770 0.080064 0.032026
0 0.871097 0.514011 0.080064 0.032026
0 0.871097 0.554844 0.080064 0.032026
0 0.871097 0.588471 0.080064 0.032026
0 0.871097 0.623699 0.080064 0.032026
0 0.871097 0.660528 0.080064 0.032026
0 0.871097 0.712570 0.080064 0.032026
0 0.871097 0.793435 0.080064 0.032026
0 0.784628 0.871097 0.032026 0.080064
0 0.739792 0.871097 0.032026 0.080064
0 0.698959 0.871097 0.032026 0.080064
0 0.661329 0.871097 0.032026 0.080064
0 0.624500 0.871097 0.032026 0.080064
0 0.588471 0.871097 0.032026 0.080064
0 0.554844 0.871097 0.032026 0.080064
0 0.517214 0.871097 0.032026 0.080064
0 0.471577 0.871097 0.032026 0.080064
0 0.437150 0.871097 0.032026 0.080064
0 0.404323 0.871097 0.032026 0.080064
0 0.355484 0.871097 0.032026 0.080064
0 0.317054 0.871097 0.032026 0.080064
0 0.277022 0.871097 0.032026 0.080064
0 0.233787 0.871097 0.032026 0.080064
0 0.192954 0.871097 0.032026 0.080064
0 0.128903 0.794235 0.080064 0.032026
0 0.128903 0.753403 0.080064 0.032026
0 0.128903 0.697358 0.080064 0.032026
0 0.128903 0.657326 0.080064 0.032026
0 0.128903 0.618895 0.080064 0.032026
0 0.128903 0.581265 0.080064 0.032026
0 0.128903 0.544436 0.080064 0.032026
0 0.128903 0.506005 0.080064 0.032026
0 0.128903 0.464371 0.080064 0.032026
0 0.128903 0.425941 0.080064 0.032026
0 0.128903 0.391513 0.080064 0.032026
0 0.128903 0.324259 0.080064 0.032026
0 0.128903 0.280224 0.080064 0.032026
0 0.128903 0.223379 0.080064 0.032026
0 0.128903 0.185749 0.080064 0.032026
1 0.825639 0.206135 0.100000 0.040000
1 0.823406 0.242387 0.100000 0.040000
1 0.823661 0.272199 0.100000 0.040000
1 0.824264 0.315797 0.100000 0.040000
1 0.824264 0.345738 0.100000 0.040000
1 0.822943 0.392850 0.100000 0.040000
1 0.824705 0.420149 0.100000 0.040000
1 0.821622 0.508650 0.100000 0.040000
1 0.825460 0.550998 0.100000 0.040000
1 0.823699 0.578297 0.100000 0.040000
1 0.824580 0.607357 0.100000 0.040000
1 0.824580 0.635536 0.100000 0.040000
1 0.824139 0.689693 0.100000 0.040000
1 0.825332 0.723789 0.100000 0.040000
1 0.824011 0.754170 0.100000 0.040000
1 0.726484 0.824401 0.040000 0.100000
1 0.693901 0.825282 0.040000 0.100000
1 0.661319 0.825282 0.040000 0.100000
1 0.635781 0.824401 0.040000 0.100000
1 0.607602 0.825722 0.040000 0.100000
1 0.580744 0.823521 0.040000 0.100000
1 0.555206 0.824401 0.040000 0.100000
1 0.471531 0.824085 0.040000 0.100000
1 0.439681 0.823066 0.040000 0.100000
1 0.414965 0.823830 0.040000 0.100000
1 0.507713 0.823575 0.040000 0.100000
1 0.358016 0.823833 0.040000 0.100000
1 0.327439 0.824343 0.040000 0.100000
1 0.292276 0.824088 0.040000 0.100000
1 0.251173 0.824610 0.040000 0.100000
1 0.221232 0.823729 0.040000 0.100000
1 0.176762 0.749758 0.100000 0.040000
1 0.177202 0.716736 0.100000 0.040000
1 0.175147 0.624720 0.100000 0.040000
1 0.176421 0.649436 0.100000 0.040000
1 0.175911 0.591851 0.100000 0.040000
1 0.176931 0.561784 0.100000 0.040000
1 0.175128 0.483863 0.100000 0.040000
1 0.175637 0.512401 0.100000 0.040000
1 0.175892 0.452777 0.100000 0.040000
1 0.175892 0.418124 0.100000 0.040000
1 0.175164 0.390540 0.100000 0.040000
1 0.175754 0.359132 0.100000 0.040000
1 0.176112 0.274552 0.100000 0.040000
1 0.176367 0.317359 0.100000 0.040000
1 0.176876 0.236586 0.100000 0.040000
1 0.177131 0.209067 0.100000 0.040000
1 0.214333 0.175943 0.040000 0.100000
1 0.249587 0.174641 0.040000 0.100000
1 0.280673 0.174641 0.040000 0.100000
1 0.317365 0.175915 0.040000 0.100000
1 0.347177 0.175915 0.040000 0.100000
1 0.376224 0.177699 0.040000 0.100000
1 0.697754 0.176523 0.040000 0.100000
1 0.721705 0.176778 0.040000 0.100000
1 0.668196 0.176268 0.040000 0.100000
1 0.614433 0.177542 0.040000 0.100000
1 0.587716 0.176722 0.040000 0.100000
1 0.562490 0.176467 0.040000 0.100000
1 0.536500 0.176467 0.040000 0.100000
1 0.511020 0.175448 0.040000 0.100000
1 0.458625 0.176028 0.040000 0.100000
1 0.449706 0.175773 0.040000 0.100000
1 0.414289 0.176028 0.040000 0.100000
1 0.808762 0.213734 0.100000 0.040000
1 0.807881 0.247637 0.100000 0.040000
1 0.807000 0.274936 0.100000 0.040000
1 0.807441 0.316765 0.100000 0.040000
1 0.808321 0.344504 0.100000 0.040000
1 0.707492 0.192600 0.040000 0.100000
1 0.686358 0.192159 0.040000 0.100000
1 0.660820 0.191279 0.040000 0.100000
1 0.808485 0.394052 0.100000 0.040000
1 0.807605 0.418269 0.100000 0.040000
1 0.806284 0.449530 0.100000 0.040000
1 0.808485 0.508531 0.100000 0.040000
1 0.807605 0.553442 0.100000 0.040000
1 0.807003 0.578042 0.100000 0.040000
1 0.806122 0.604461 0.100000 0.040000
1 0.806991 0.629827 0.100000 0.040000
1 0.806551 0.685790 0.100000 0.040000
1 0.806551 0.715314 0.100000 0.040000
1 0.805669 0.744397 0.100000 0.040000
1 0.713738 0.809470 0.040000 0.100000
1 0.682011 0.809029 0.040000 0.100000
1 0.653809 0.809029 0.040000 0.100000
1 0.631336 0.808588 0.040000 0.100000
1 0.605337 0.807707 0.040000 0.100000
1 0.581982 0.808148 0.040000 0.100000
1 0.508913 0.808142 0.040000 0.100000
1 0.474101 0.809024 0.040000 0.100000
1 0.443696 0.806380 0.040000 0.100000
1 0.421663 0.806380 0.040000 0.100000
1 0.362175 0.809464 0.040000 0.100000
1 0.333973 0.809024 0.040000 0.100000
1 0.299161 0.809024 0.040000 0.100000
1 0.259943 0.809024 0.040000 0.100000
1 0.230859 0.808142 0.040000 0.100000
1 0.191932 0.739553 0.100000 0.040000
1 0.191491 0.709148 0.100000 0.040000
1 0.191606 0.639569 0.100000 0.040000
1 0.191165 0.615333 0.100000 0.040000
1 0.191165 0.586249 0.100000 0.040000
1 0.192046 0.557166 0.100000 0.040000
1 0.191165 0.507372 0.100000 0.040000
1 0.191606 0.486221 0.100000 0.040000
1 0.192046 0.451409 0.100000 0.040000
1 0.190850 0.444914 0.100000 0.040000
1 0.189968 0.418034 0.100000 0.040000
1 0.190850 0.392476 0.100000 0.040000
1 0.191290 0.364274 0.100000 0.040000
1 0.192612 0.338275 0.100000 0.040000
1 0.193053 0.322852 0.100000 0.040000
1 0.192612 0.298176 0.100000 0.040000
1 0.193493 0.280549 0.100000 0.040000
1 0.192172 0.221061 0.100000 0.040000
1 0.191731 0.242653 0.100000 0.040000
1 0.226983 0.192859 0.040000 0.100000
1 0.257829 0.192859 0.040000 0.100000
1 0.288675 0.191978 0.040000 0.100000
1 0.320402 0.192418 0.040000 0.100000
1 0.347723 0.191537 0.040000 0.100000
1 0.374816 0.190820 0.040000 0.100000
1 0.414034 0.190820 0.040000 0.100000
1 0.449287 0.191701 0.040000 0.100000
1 0.458100 0.191701 0.040000 0.100000
1 0.512300 0.193023 0.040000 0.100000
1 0.535215 0.192582 0.040000 0.100000
1 0.583279 0.192464 0.040000 0.100000
1 0.558603 0.192464 0.040000 0.100000
1 0.605312 0.191583 0.040000 0.100000
1 0.695520 0.208281 0.040000 0.100000
1 0.676664 0.207517 0.040000 0.100000
1 0.653987 0.207262 0.040000 0.100000
1 0.597165 0.207772 0.040000 0.100000
1 0.577697 0.207394 0.040000 0.100000
1 0.555020 0.208158 0.040000 0.100000
1 0.535400 0.207139 0.040000 0.100000
1 0.513996 0.207648 0.040000 0.100000
1 0.458358 0.208609 0.040000 0.100000
1 0.449949 0.207845 0.040000 0.100000
1 0.415805 0.209629 0.040000 0.100000
1 0.426762 0.207845 0.040000 0.100000
1 0.374272 0.208355 0.040000 0.100000
1 0.349301 0.208355 0.040000 0.100000
1 0.325350 0.207845 0.040000 0.100000
1 0.267223 0.204837 0.040000 0.100000
1 0.241488 0.207895 0.040000 0.100000
1 0.294473 0.206495 0.040000 0.100000
1 0.206852 0.231592 0.100000 0.040000
1 0.206412 0.249644 0.100000 0.040000
1 0.207668 0.287399 0.100000 0.040000
1 0.208108 0.304571 0.100000 0.040000
1 0.208989 0.327027 0.100000 0.040000
1 0.208108 0.343758 0.100000 0.040000
1 0.208108 0.370176 0.100000 0.040000
1 0.208108 0.395714 0.100000 0.040000
1 0.208108 0.419050 0.100000 0.040000
1 0.208108 0.444587 0.100000 0.040000
1 0.208548 0.478050 0.100000 0.040000
1 0.208989 0.501827 0.100000 0.040000
1 0.208548 0.554223 0.100000 0.040000
1 0.208108 0.513715 0.100000 0.040000
1 0.207983 0.580480 0.100000 0.040000
1 0.208423 0.608660 0.100000 0.040000
1 0.207543 0.628914 0.100000 0.040000
1 0.209744 0.699802 0.100000 0.040000
1 0.207543 0.728862 0.100000 0.040000
1 0.247350 0.791554 0.040000 0.100000
1 0.272447 0.791114 0.040000 0.100000
1 0.309432 0.791554 0.040000 0.100000
1 0.341574 0.793316 0.040000 0.100000
1 0.367552 0.791995 0.040000 0.100000
1 0.428754 0.791114 0.040000 0.100000
1 0.448128 0.791554 0.040000 0.100000
1 0.628777 0.791711 0.040000 0.100000
1 0.647710 0.791711 0.040000 0.100000
1 0.672367 0.790390 0.040000 0.100000
1 0.702307 0.791711 0.040000 0.100000
1 0.605881 0.791271 0.040000 0.100000
1 0.583866 0.791271 0.040000 0.100000
1 0.563612 0.790831 0.040000 0.100000
1 0.517820 0.790831 0.040000 0.100000
1 0.509455 0.790390 0.040000 0.100000
1 0.478961 0.791905 0.040000 0.100000
1 0.790841 0.735823 0.100000 0.040000
1 0.791282 0.709845 0.100000 0.040000
1 0.791282 0.684307 0.100000 0.040000
1 0.792162 0.626628 0.100000 0.040000
1 0.792603 0.603732 0.100000 0.040000
1 0.790116 0.222508 0.100000 0.040000
1 0.790996 0.253769 0.100000 0.040000
1 0.790996 0.277545 0.100000 0.040000
1 0.790996 0.320255 0.100000 0.040000
1 0.791437 0.346233 0.100000 0.040000
1 0.791877 0.396867 0.100000 0.040000
1 0.791877 0.420203 0.100000 0.040000
1 0.791629 0.509963 0.100000 0.040000
1 0.790308 0.447440 0.100000 0.040000
1 0.792069 0.527135 0.100000 0.040000
1 0.791629 0.555755 0.100000 0.040000
1 0.793390 0.579091 0.100000 0.040000
1 0.774148 0.233036 0.100000 0.040000
1 0.773707 0.260775 0.100000 0.040000
1 0.775468 0.282350 0.100000 0.040000
1 0.775468 0.325500 0.100000 0.040000
1 0.774588 0.348396 0.100000 0.040000
1 0.685206 0.223350 0.040000 0.100000
1 0.668915 0.223350 0.040000 0.100000
1 0.648221 0.224230 0.040000 0.100000
1 0.774512 0.401005 0.100000 0.040000
1 0.774512 0.421259 0.100000 0.040000
1 0.770990 0.446796 0.100000 0.040000
1 0.775585 0.514041 0.100000 0.040000
1 0.773383 0.526810 0.100000 0.040000
1 0.776025 0.560273 0.100000 0.040000
1 0.774704 0.580086 0.100000 0.040000
1 0.775612 0.602136 0.100000 0.040000
1 0.775171 0.623288 0.100000 0.040000
1 0.773849 0.682776 0.100000 0.040000
1 0.774290 0.704809 0.100000 0.040000
1 0.775171 0.729045 0.100000 0.040000
1 0.694334 0.777212 0.040000 0.100000
1 0.665251 0.777212 0.040000 0.100000
1 0.642337 0.778094 0.040000 0.100000
1 0.626473 0.775009 0.040000 0.100000
1 0.606883 0.774882 0.040000 0.100000
1 0.586613 0.776645 0.040000 0.100000
1 0.568987 0.775763 0.040000 0.100000
1 0.519193 0.776645 0.040000 0.100000
1 0.512583 0.772679 0.040000 0.100000
1 0.483941 0.777967 0.040000 0.100000
1 0.455298 0.775323 0.040000 0.100000
1 0.437231 0.776204 0.040000 0.100000
1 0.375148 0.774276 0.040000 0.100000
1 0.350912 0.775157 0.040000 0.100000
1 0.321388 0.775157 0.040000 0.100000
1 0.287017 0.775157 0.040000 0.100000
1 0.264984 0.774276 0.040000 0.100000
1 0.223632 0.721113 0.100000 0.040000
1 0.224072 0.693793 0.100000 0.040000
1 0.223632 0.620644 0.100000 0.040000
1 0.222750 0.601696 0.100000 0.040000
1 0.223905 0.242620 0.100000 0.040000
1 0.222142 0.260246 0.100000 0.040000
1 0.223023 0.295499 0.100000 0.040000
1 0.224345 0.306956 0.100000 0.040000
1 0.226989 0.315769 0.100000 0.040000
1 0.224345 0.332954 0.100000 0.040000
1 0.223464 0.343530 0.100000 0.040000
1 0.224345 0.351902 0.100000 0.040000
1 0.224345 0.375698 0.100000 0.040000
1 0.224345 0.399493 0.100000 0.040000
1 0.222583 0.420204 0.100000 0.040000
1 0.223023 0.444440 0.100000 0.040000
1 0.224786 0.452372 0.100000 0.040000
1 0.223023 0.476608 0.100000 0.040000
1 0.226989 0.483218 0.100000 0.040000
1 0.223800 0.500129 0.100000 0.040000
1 0.225075 0.510839 0.100000 0.040000
1 0.224565 0.552406 0.100000 0.040000
1 0.225840 0.576631 0.100000 0.040000
1 0.256204 0.223093 0.040000 0.100000
1 0.279559 0.223533 0.040000 0.100000
1 0.305558 0.222652 0.040000 0.100000
1 0.331116 0.223974 0.040000 0.100000
1 0.353589 0.223974 0.040000 0.100000
1 0.376063 0.223974 0.040000 0.100000
1 0.417965 0.223331 0.040000 0.100000
1 0.433829 0.222449 0.040000 0.100000
1 0.450574 0.222890 0.040000 0.100000
1 0.459387 0.222890 0.040000 0.100000
1 0.516672 0.224212 0.040000 0.100000
1 0.536061 0.223331 0.040000 0.100000
1 0.554569 0.223331 0.040000 0.100000
1 0.572635 0.223771 0.040000 0.100000
1 0.591143 0.223771 0.040000 0.100000
1 0.759651 0.243630 0.100000 0.040000
1 0.760973 0.269629 0.100000 0.040000
1 0.675486 0.239224 0.040000 0.100000
1 0.660944 0.239224 0.040000 0.100000
1 0.641996 0.238343 0.040000 0.100000
1 0.760092 0.290340 0.100000 0.040000
1 0.759210 0.331321 0.100000 0.040000
1 0.760973 0.350710 0.100000 0.040000
1 0.759607 0.404810 0.100000 0.040000
1 0.758725 0.424199 0.100000 0.040000
1 0.759166 0.446231 0.100000 0.040000
1 0.759607 0.517177 0.100000 0.040000
1 0.758725 0.530397 0.100000 0.040000
1 0.758285 0.535684 0.100000 0.040000
1 0.759607 0.563886 0.100000 0.040000
1 0.759607 0.583275 0.100000 0.040000
1 0.759607 0.602664 0.100000 0.040000
1 0.759563 0.621536 0.100000 0.040000
1 0.759563 0.681025 0.100000 0.040000
1 0.759122 0.702176 0.100000 0.040000
1 0.759563 0.722446 0.100000 0.040000
1 0.685533 0.759902 0.040000 0.100000
1 0.658653 0.761224 0.040000 0.100000
1 0.639264 0.762546 0.040000 0.100000
1 0.625163 0.762987 0.040000 0.100000
1 0.607977 0.761665 0.040000 0.100000
1 0.589875 0.762120 0.040000 0.100000
1 0.574452 0.760798 0.040000 0.100000
1 0.523336 0.761238 0.040000 0.100000
1 0.514523 0.761238 0.040000 0.100000
1 0.492050 0.760357 0.040000 0.100000
1 0.463407 0.758594 0.040000 0.100000
1 0.448425 0.760357 0.040000 0.100000
1 0.382767 0.759916 0.040000 0.100000
1 0.360294 0.760798 0.040000 0.100000
1 0.334875 0.760200 0.040000 0.100000
1 0.300063 0.760641 0.040000 0.100000
1 0.282437 0.760641 0.040000 0.100000
1 0.239694 0.713931 0.100000 0.040000
1 0.238812 0.688373 0.100000 0.040000
1 0.239708 0.612193 0.100000 0.040000
1 0.238826 0.596329 0.100000 0.040000
1 0.239708 0.573856 0.100000 0.040000
1 0.241911 0.552704 0.100000 0.040000
1 0.240589 0.513927 0.100000 0.040000
1 0.239864 0.499009 0.100000 0.040000
1 0.240374 0.481413 0.100000 0.040000
1 0.240374 0.453872 0.100000 0.040000
1 0.241649 0.445202 0.100000 0.040000
1 0.240483 0.424645 0.100000 0.040000
1 0.238953 0.404754 0.100000 0.040000
1 0.238953 0.383589 0.100000 0.040000
1 0.240228 0.360128 0.100000 0.040000
1 0.241248 0.341002 0.100000 0.040000
1 0.236658 0.349927 0.100000 0.040000
1 0.240228 0.324937 0.100000 0.040000
1 0.238797 0.303966 0.100000 0.040000
1 0.238287 0.268774 0.100000 0.040000
1 0.241092 0.253474 0.100000 0.040000
1 0.275263 0.239958 0.040000 0.100000
1 0.294389 0.239703 0.040000 0.100000
1 0.315554 0.238938 0.040000 0.100000
1 0.338760 0.238938 0.040000 0.100000
1 0.357261 0.238056 0.040000 0.100000
1 0.377661 0.239076 0.040000 0.100000
1 0.421523 0.239076 0.040000 0.100000
1 0.432743 0.239076 0.040000 0.100000
1 0.452889 0.239841 0.040000 0.100000
1 0.461814 0.240351 0.040000 0.100000
1 0.585658 0.239285 0.040000 0.100000
1 0.571122 0.237245 0.040000 0.100000
1 0.554802 0.238265 0.040000 0.100000
1 0.538226 0.238520 0.040000 0.100000
1 0.521395 0.239285 0.040000 0.100000
1 0.733222 0.264655 0.040000 0.100000
1 0.733731 0.285039 0.100000 0.040000
1 0.733731 0.301856 0.100000 0.040000
1 0.733731 0.343390 0.100000 0.040000
1 0.735515 0.358933 0.100000 0.040000
1 0.736333 0.412626 0.100000 0.040000
1 0.737098 0.428169 0.100000 0.040000
1 0.736079 0.452121 0.100000 0.040000
1 0.736799 0.523239 0.100000 0.040000
1 0.736035 0.542349 0.100000 0.040000
1 0.735223 0.573559 0.100000 0.040000
1 0.734968 0.589357 0.100000 0.040000
1 0.735477 0.604900 0.100000 0.040000
1 0.735223 0.619933 0.100000 0.040000
1 0.733923 0.683207 0.100000 0.040000
1 0.733159 0.699005 0.100000 0.040000
1 0.733923 0.714803 0.100000 0.040000
1 0.263698 0.271193 0.100000 0.040000
1 0.261913 0.284964 0.100000 0.040000
1 0.260383 0.318115 0.100000 0.040000
1 0.261403 0.329846 0.100000 0.040000
1 0.260128 0.352541 0.100000 0.040000
1 0.259363 0.370902 0.100000 0.040000
1 0.259342 0.394768 0.100000 0.040000
1 0.258577 0.411598 0.100000 0.040000
1 0.258577 0.427919 0.100000 0.040000
1 0.260107 0.446789 0.100000 0.040000
1 0.259597 0.456990 0.100000 0.040000
1 0.259852 0.474840 0.100000 0.040000
1 0.259087 0.482491 0.100000 0.040000
1 0.258577 0.497026 0.100000 0.040000
1 0.258832 0.506717 0.100000 0.040000
1 0.259342 0.514367 0.100000 0.040000
1 0.260940 0.552735 0.100000 0.040000
1 0.260430 0.570331 0.100000 0.040000
1 0.260430 0.589457 0.100000 0.040000
1 0.260940 0.605777 0.100000 0.040000
1 0.263197 0.681974 0.100000 0.040000
1 0.260993 0.705329 0.100000 0.040000
