0 0.195635 0.126920 0.032336 0.080841
0 0.238480 0.126920 0.032336 0.080841
0 0.278901 0.126920 0.032336 0.080841
0 0.319321 0.126920 0.032336 0.080841
0 0.357316 0.126920 0.032336 0.080841
0 0.393694 0.126920 0.032336 0.080841
0 0.428456 0.126920 0.032336 0.080841
0 0.465643 0.126920 0.032336 0.080841
0 0.520614 0.126920 0.032336 0.080841
0 0.552142 0.126920 0.032336 0.080841
0 0.585287 0.126920 0.032336 0.080841
0 0.620049 0.126920 0.032336 0.080841
0 0.656427 0.126920 0.032336 0.080841
0 0.706548 0.126920 0.032336 0.080841
0 0.747777 0.126920 0.032336 0.080841
0 0.789814 0.126920 0.032336 0.080841
0 0.873080 0.195635 0.080841 0.032336
0 0.873080 0.237672 0.080841 0.032336
0 0.873080 0.279709 0.080841 0.032336
0 0.873080 0.325788 0.080841 0.032336
0 0.873080 0.363783 0.080841 0.032336
0 0.873080 0.409863 0.080841 0.032336
0 0.873080 0.443816 0.080841 0.032336
0 0.873080 0.472918 0.080841 0.032336
0 0.873080 0.523848 0.080841 0.032336
0 0.873080 0.568310 0.080841 0.032336
0 0.873080 0.602264 0.080841 0.032336
0 0.873080 0.639450 0.080841 0.032336
0 0.873080 0.676637 0.080841 0.032336
0 0.873080 0.725141 0.080841 0.032336
0 0.873080 0.765562 0.080841 0.032336
0 0.873080 0.809216 0.080841 0.032336
0 0.797898 0.873080 0.032336 0.080841
0 0.751819 0.873080 0.032336 0.080841
0 0.710590 0.873080 0.032336 0.080841
0 0.670170 0.873080 0.032336 0.080841
0 0.633791 0.873080 0.032336 0.080841
0 0.598222 0.873080 0.032336 0.080841
0 0.561843 0.873080 0.032336 0.080841
0 0.521423 0.873080 0.032336 0.080841
0 0.477769 0.873080 0.032336 0.080841
0 0.440582 0.873080 0.032336 0.080841
0 0.407437 0.873080 0.032336 0.080841
0 0.360550 0.873080 0.032336 0.080841
0 0.324980 0.873080 0.032336 0.080841
0 0.282134 0.873080 0.032336 0.080841
0 0.241714 0.873080 0.032336 0.080841
0 0.198060 0.873080 0.032336 0.080841
0 0.126920 0.805982 0.080841 0.032336
0 0.126920 0.763137 0.080841 0.032336
0 0.126920 0.712207 0.080841 0.032336
0 0.126920 0.670978 0.080841 0.032336
0 0.126920 0.632175 0.080841 0.032336
0 0.126920 0.595796 0.080841 0.032336
0 0.126920 0.554568 0.080841 0.032336
0 0.126920 0.518998 0.080841 0.032336
0 0.126920 0.479386 0.080841 0.032336
0 0.126920 0.443816 0.080841 0.032336
0 0.126920 0.408246 0.080841 0.032336
0 0.126920 0.371059 0.080841 0.032336
0 0.126920 0.332255 0.080841 0.032336
0 0.126920 0.288601 0.080841 0.032336
0 0.126920 0.238480 0.080841 0.032336
0 0.126920 0.195635 0.080841 0.032336
0 0.201293 0.136621 0.032336 0.080841
0 0.242522 0.136621 0.032336 0.080841
0 0.282134 0.136621 0.032336 0.080841
0 0.320129 0.136621 0.032336 0.080841
0 0.356508 0.136621 0.032336 0.080841
0 0.391269 0.136621 0.032336 0.080841
0 0.428456 0.136621 0.032336 0.080841
0 0.463217 0.136621 0.032336 0.080841
0 0.518998 0.136621 0.032336 0.080841
0 0.549717 0.136621 0.032336 0.080841
0 0.581245 0.136621 0.032336 0.080841
0 0.613581 0.136621 0.032336 0.080841
0 0.648343 0.136621 0.032336 0.080841
0 0.738076 0.136621 0.032336 0.080841
0 0.776880 0.136621 0.032336 0.080841
0 0.863379 0.203719 0.080841 0.032336
0 0.863379 0.244139 0.080841 0.032336
0 0.863379 0.284559 0.080841 0.032336
0 0.863379 0.329830 0.080841 0.032336
0 0.863379 0.367017 0.080841 0.032336
0 0.863379 0.413096 0.080841 0.032336
0 0.863379 0.445432 0.080841 0.032336
0 0.863379 0.472918 0.080841 0.032336
0 0.863379 0.525465 0.080841 0.032336
0 0.863379 0.570736 0.080841 0.032336
0 0.863379 0.603072 0.080841 0.032336
0 0.863379 0.638642 0.080841 0.032336
0 0.863379 0.675020 0.080841 0.032336
0 0.863379 0.724333 0.080841 0.032336
0 0.863379 0.763137 0.080841 0.032336
0 0.863379 0.805174 0.080841 0.032336
0 0.785772 0.863379 0.032336 0.080841
0 0.742118 0.863379 0.032336 0.080841
0 0.703314 0.863379 0.032336 0.080841
0 0.664511 0.863379 0.032336 0.080841
0 0.630558 0.863379 0.032336 0.080841
0 0.595796 0.863379 0.032336 0.080841
0 0.561843 0.863379 0.032336 0.080841
0 0.520614 0.863379 0.032336 0.080841
0 0.476960 0.863379 0.032336 0.080841
0 0.440582 0.863379 0.032336 0.080841
0 0.409054 0.863379 0.032336 0.080841
0 0.362167 0.863379 0.032336 0.080841
0 0.324980 0.863379 0.032336 0.080841
0 0.285368 0.863379 0.032336 0.080841
0 0.246564 0.863379 0.032336 0.080841
0 0.205335 0.863379 0.032336 0.080841
0 0.136621 0.798707 0.080841 0.032336
0 0.136621 0.758286 0.080841 0.032336
0 0.136621 0.705740 0.080841 0.032336
0 0.136621 0.666936 0.080841 0.032336
0 0.136621 0.629749 0.080841 0.032336
0 0.136621 0.594988 0.080841 0.032336
0 0.136621 0.552951 0.080841 0.032336
0 0.136621 0.518189 0.080841 0.032336
0 0.136621 0.480194 0.080841 0.032336
0 0.136621 0.445432 0.080841 0.032336
0 0.136621 0.411479 0.080841 0.032336
0 0.136621 0.375909 0.080841 0.032336
0 0.136621 0.337914 0.080841 0.032336
0 0.136621 0.295069 0.080841 0.032336
0 0.136621 0.244947 0.080841 0.032336
0 0.136621 0.203719 0.080841 0.032336
0 0.204527 0.141471 0.032336 0.080841
0 0.245756 0.141471 0.032336 0.080841
0 0.282943 0.141471 0.032336 0.080841
0 0.321746 0.141471 0.032336 0.080841
0 0.356508 0.141471 0.032336 0.080841
0 0.390461 0.141471 0.032336 0.080841
0 0.427648 0.141471 0.032336 0.080841
0 0.462409 0.141471 0.032336 0.080841
0 0.518998 0.141471 0.032336 0.080841
0 0.579628 0.141471 0.032336 0.080841
0 0.611156 0.141471 0.032336 0.080841
0 0.644301 0.141471 0.032336 0.080841
0 0.694422 0.141471 0.032336 0.080841
0 0.733226 0.141471 0.032336 0.080841
0 0.769604 0.141471 0.032336 0.080841
0 0.858529 0.207761 0.080841 0.032336
0 0.858529 0.248181 0.080841 0.032336
0 0.858529 0.286985 0.080841 0.032336
0 0.858529 0.333064 0.080841 0.032336
0 0.858529 0.368634 0.080841 0.032336
0 0.858529 0.414713 0.080841 0.032336
0 0.858529 0.446241 0.080841 0.032336
0 0.858529 0.472918 0.080841 0.032336
0 0.858529 0.527082 0.080841 0.032336
0 0.858529 0.572352 0.080841 0.032336
0 0.858529 0.603880 0.080841 0.032336
0 0.858529 0.638642 0.080841 0.032336
0 0.858529 0.674212 0.080841 0.032336
0 0.858529 0.761520 0.080841 0.032336
0 0.858529 0.803557 0.080841 0.032336
0 0.779305 0.858529 0.032336 0.080841
0 0.737268 0.858529 0.032336 0.080841
0 0.698464 0.858529 0.032336 0.080841
0 0.662086 0.858529 0.032336 0.080841
0 0.629749 0.858529 0.032336 0.080841
0 0.595796 0.858529 0.032336 0.080841
0 0.561843 0.858529 0.032336 0.080841
0 0.519806 0.858529 0.032336 0.080841
0 0.477769 0.858529 0.032336 0.080841
0 0.440582 0.858529 0.032336 0.080841
0 0.409863 0.858529 0.032336 0.080841
0 0.362167 0.858529 0.032336 0.080841
0 0.324980 0.858529 0.032336 0.080841
0 0.287793 0.858529 0.032336 0.080841
0 0.248989 0.858529 0.032336 0.080841
0 0.208569 0.858529 0.032336 0.080841
0 0.141471 0.796281 0.080841 0.032336
0 0.141471 0.755861 0.080841 0.032336
0 0.141471 0.702506 0.080841 0.032336
0 0.141471 0.664511 0.080841 0.032336
0 0.141471 0.628133 0.080841 0.032336
0 0.141471 0.594179 0.080841 0.032336
0 0.141471 0.552142 0.080841 0.032336
0 0.141471 0.517381 0.080841 0.032336
0 0.141471 0.480194 0.080841 0.032336
0 0.141471 0.446241 0.080841 0.032336
0 0.141471 0.413096 0.080841 0.032336
0 0.141471 0.377526 0.080841 0.032336
0 0.141471 0.339531 0.080841 0.032336
0 0.141471 0.298302 0.080841 0.032336
0 0.141471 0.248181 0.080841 0.032336
0 0.141471 0.207761 0.080841 0.032336
0 0.206952 0.146322 0.032336 0.080841
0 0.247373 0.146322 0.032336 0.080841
0 0.284559 0.146322 0.032336 0.080841
0 0.321746 0.146322 0.032336 0.080841
0 0.357316 0.146322 0.032336 0.080841
0 0.389652 0.146322 0.032336 0.080841
0 0.427648 0.146322 0.032336 0.080841
0 0.462409 0.146322 0.032336 0.080841
0 0.518189 0.146322 0.032336 0.080841
0 0.547292 0.146322 0.032336 0.080841
0 0.578011 0.146322 0.032336 0.080841
0 0.607922 0.146322 0.032336 0.080841
0 0.639450 0.146322 0.032336 0.080841
0 0.690380 0.146322 0.032336 0.080841
0 0.728375 0.146322 0.032336 0.080841
0 0.763137 0.146322 0.032336 0.080841
0 0.853678 0.288601 0.080841 0.032336
0 0.853678 0.335489 0.080841 0.032336
0 0.853678 0.416330 0.080841 0.032336
0 0.853678 0.447049 0.080841 0.032336
0 0.853678 0.478577 0.080841 0.032336
0 0.853678 0.527890 0.080841 0.032336
0 0.853678 0.573969 0.080841 0.032336
0 0.853678 0.603880 0.080841 0.032336
0 0.853678 0.673403 0.080841 0.032336
0 0.853678 0.723525 0.080841 0.032336
0 0.853678 0.759903 0.080841 0.032336
0 0.853678 0.801132 0.080841 0.032336
0 0.773646 0.853678 0.032336 0.080841
0 0.732417 0.853678 0.032336 0.080841
0 0.694422 0.853678 0.032336 0.080841
0 0.658852 0.853678 0.032336 0.080841
0 0.628133 0.853678 0.032336 0.080841
0 0.594988 0.853678 0.032336 0.080841
0 0.561843 0.853678 0.032336 0.080841
0 0.518998 0.853678 0.032336 0.080841
0 0.476960 0.853678 0.032336 0.080841
0 0.441390 0.853678 0.032336 0.080841
0 0.410671 0.853678 0.032336 0.080841
0 0.362167 0.853678 0.032336 0.080841
0 0.326597 0.853678 0.032336 0.080841
0 0.289410 0.853678 0.032336 0.080841
0 0.251415 0.853678 0.032336 0.080841
0 0.211803 0.853678 0.032336 0.080841
0 0.146322 0.792239 0.080841 0.032336
0 0.146322 0.753436 0.080841 0.032336
0 0.146322 0.698464 0.080841 0.032336
0 0.146322 0.662086 0.080841 0.032336
0 0.146322 0.626516 0.080841 0.032336
0 0.146322 0.594179 0.080841 0.032336
0 0.146322 0.551334 0.080841 0.032336
0 0.146322 0.517381 0.080841 0.032336
0 0.146322 0.481002 0.080841 0.032336
0 0.146322 0.447049 0.080841 0.032336
0 0.146322 0.414713 0.080841 0.032336
0 0.146322 0.379143 0.080841 0.032336
0 0.146322 0.342765 0.080841 0.032336
0 0.146322 0.299919 0.080841 0.032336
0 0.146322 0.251415 0.080841 0.032336
0 0.146322 0.210994 0.080841 0.032336
0 0.210186 0.151172 0.032336 0.080841
0 0.249798 0.151172 0.032336 0.080841
0 0.286176 0.151172 0.032336 0.080841
0 0.323363 0.151172 0.032336 0.080841
0 0.356508 0.151172 0.032336 0.080841
0 0.388844 0.151172 0.032336 0.080841
0 0.426839 0.151172 0.032336 0.080841
0 0.461601 0.151172 0.032336 0.080841
0 0.518189 0.151172 0.032336 0.080841
0 0.546483 0.151172 0.032336 0.080841
0 0.576395 0.151172 0.032336 0.080841
0 0.605497 0.151172 0.032336 0.080841
0 0.636217 0.151172 0.032336 0.080841
0 0.686338 0.151172 0.032336 0.080841
0 0.723525 0.151172 0.032336 0.080841
0 0.757478 0.151172 0.032336 0.080841
0 0.848828 0.215036 0.080841 0.032336
0 0.848828 0.253032 0.080841 0.032336
0 0.848828 0.291027 0.080841 0.032336
0 0.848828 0.337106 0.080841 0.032336
0 0.848828 0.370251 0.080841 0.032336
0 0.848828 0.417947 0.080841 0.032336
0 0.848828 0.472918 0.080841 0.032336
0 0.848828 0.527890 0.080841 0.032336
0 0.848828 0.574778 0.080841 0.032336
0 0.848828 0.604689 0.080841 0.032336
0 0.848828 0.637833 0.080841 0.032336
0 0.848828 0.722716 0.080841 0.032336
0 0.848828 0.759095 0.080841 0.032336
0 0.767987 0.848828 0.032336 0.080841
0 0.727567 0.848828 0.032336 0.080841
0 0.689572 0.848828 0.032336 0.080841
0 0.656427 0.848828 0.032336 0.080841
0 0.625707 0.848828 0.032336 0.080841
0 0.594179 0.848828 0.032336 0.080841
0 0.561843 0.848828 0.032336 0.080841
0 0.518189 0.848828 0.032336 0.080841
0 0.477769 0.848828 0.032336 0.080841
0 0.441390 0.848828 0.032336 0.080841
0 0.411479 0.848828 0.032336 0.080841
0 0.362975 0.848828 0.032336 0.080841
0 0.327405 0.848828 0.032336 0.080841
0 0.291027 0.848828 0.032336 0.080841
0 0.253032 0.848828 0.032336 0.080841
0 0.215845 0.848828 0.032336 0.080841
0 0.151172 0.789006 0.080841 0.032336
0 0.151172 0.751011 0.080841 0.032336
0 0.151172 0.695230 0.080841 0.032336
0 0.151172 0.659660 0.080841 0.032336
0 0.151172 0.624899 0.080841 0.032336
0 0.151172 0.593371 0.080841 0.032336
0 0.151172 0.550525 0.080841 0.032336
0 0.151172 0.516572 0.080841 0.032336
0 0.151172 0.481002 0.080841 0.032336
0 0.151172 0.447858 0.080841 0.032336
0 0.151172 0.416330 0.080841 0.032336
0 0.151172 0.381568 0.080841 0.032336
0 0.151172 0.344382 0.080841 0.032336
0 0.151172 0.303961 0.080841 0.032336
0 0.151172 0.253840 0.080841 0.032336
0 0.151172 0.215036 0.080841 0.032336
0 0.212611 0.156023 0.032336 0.080841
0 0.252223 0.156023 0.032336 0.080841
0 0.356508 0.156023 0.032336 0.080841
0 0.388036 0.156023 0.032336 0.080841
0 0.426839 0.156023 0.032336 0.080841
0 0.461601 0.156023 0.032336 0.080841
0 0.518189 0.156023 0.032336 0.080841
0 0.573969 0.156023 0.032336 0.080841
0 0.602264 0.156023 0.032336 0.080841
0 0.683104 0.156023 0.032336 0.080841
0 0.718674 0.156023 0.032336 0.080841
0 0.751011 0.156023 0.032336 0.080841
0 0.843977 0.255457 0.080841 0.032336
0 0.843977 0.292643 0.080841 0.032336
0 0.843977 0.338723 0.080841 0.032336
0 0.843977 0.371059 0.080841 0.032336
0 0.843977 0.418755 0.080841 0.032336
0 0.843977 0.448666 0.080841 0.032336
0 0.843977 0.473727 0.080841 0.032336
0 0.843977 0.529507 0.080841 0.032336
0 0.843977 0.575586 0.080841 0.032336
0 0.843977 0.604689 0.080841 0.032336
0 0.843977 0.637833 0.080841 0.032336
0 0.843977 0.670978 0.080841 0.032336
0 0.843977 0.721908 0.080841 0.032336
0 0.843977 0.757478 0.080841 0.032336
0 0.762328 0.843977 0.032336 0.080841
0 0.722716 0.843977 0.032336 0.080841
0 0.687146 0.843977 0.032336 0.080841
0 0.654002 0.843977 0.032336 0.080841
0 0.624899 0.843977 0.032336 0.080841
0 0.593371 0.843977 0.032336 0.080841
0 0.561843 0.843977 0.032336 0.080841
0 0.517381 0.843977 0.032336 0.080841
0 0.477769 0.843977 0.032336 0.080841
0 0.441390 0.843977 0.032336 0.080841
0 0.412288 0.843977 0.032336 0.080841
0 0.362975 0.843977 0.032336 0.080841
0 0.328213 0.843977 0.032336 0.080841
0 0.293452 0.843977 0.032336 0.080841
0 0.255457 0.843977 0.032336 0.080841
0 0.219078 0.843977 0.032336 0.080841
0 0.156023 0.785772 0.080841 0.032336
0 0.156023 0.748585 0.080841 0.032336
0 0.156023 0.692805 0.080841 0.032336
0 0.156023 0.657235 0.080841 0.032336
0 0.156023 0.623282 0.080841 0.032336
0 0.156023 0.592563 0.080841 0.032336
0 0.156023 0.549717 0.080841 0.032336
0 0.156023 0.516572 0.080841 0.032336
0 0.156023 0.481811 0.080841 0.032336
0 0.156023 0.447858 0.080841 0.032336
0 0.156023 0.417138 0.080841 0.032336
0 0.156023 0.383994 0.080841 0.032336
0 0.156023 0.347615 0.080841 0.032336
0 0.156023 0.306386 0.080841 0.032336
0 0.156023 0.257882 0.080841 0.032336
0 0.156023 0.219078 0.080841 0.032336
0 0.198060 0.131770 0.032336 0.080841
0 0.240905 0.131770 0.032336 0.080841
0 0.280517 0.131770 0.032336 0.080841
0 0.320129 0.131770 0.032336 0.080841
0 0.357316 0.131770 0.032336 0.080841
0 0.392078 0.131770 0.032336 0.080841
0 0.428456 0.131770 0.032336 0.080841
0 0.464026 0.131770 0.032336 0.080841
0 0.519806 0.131770 0.032336 0.080841
0 0.550525 0.131770 0.032336 0.080841
0 0.582862 0.131770 0.032336 0.080841
0 0.616815 0.131770 0.032336 0.080841
0 0.652385 0.131770 0.032336 0.080841
0 0.702506 0.131770 0.032336 0.080841
0 0.742926 0.131770 0.032336 0.080841
0 0.783347 0.131770 0.032336 0.080841
0 0.868230 0.199677 0.080841 0.032336
0 0.868230 0.240905 0.080841 0.032336
0 0.868230 0.282134 0.080841 0.032336
0 0.868230 0.328213 0.080841 0.032336
0 0.868230 0.365400 0.080841 0.032336
0 0.868230 0.411479 0.080841 0.032336
0 0.868230 0.444624 0.080841 0.032336
0 0.868230 0.472918 0.080841 0.032336
0 0.868230 0.524656 0.080841 0.032336
0 0.868230 0.569927 0.080841 0.032336
0 0.868230 0.602264 0.080841 0.032336
0 0.868230 0.638642 0.080841 0.032336
0 0.868230 0.675829 0.080841 0.032336
0 0.868230 0.724333 0.080841 0.032336
0 0.868230 0.763945 0.080841 0.032336
0 0.868230 0.807599 0.080841 0.032336
0 0.791431 0.868230 0.032336 0.080841
0 0.747777 0.868230 0.032336 0.080841
0 0.706548 0.868230 0.032336 0.080841
0 0.666936 0.868230 0.032336 0.080841
0 0.632175 0.868230 0.032336 0.080841
0 0.597413 0.868230 0.032336 0.080841
0 0.561035 0.868230 0.032336 0.080841
0 0.520614 0.868230 0.032336 0.080841
0 0.476960 0.868230 0.032336 0.080841
0 0.440582 0.868230 0.032336 0.080841
0 0.410671 0.868230 0.032336 0.080841
0 0.362167 0.868230 0.032336 0.080841
0 0.323363 0.868230 0.032336 0.080841
0 0.283751 0.868230 0.032336 0.080841
0 0.244139 0.868230 0.032336 0.080841
0 0.200485 0.868230 0.032336 0.080841
0 0.131770 0.801940 0.080841 0.032336
0 0.131770 0.760711 0.080841 0.032336
0 0.131770 0.708973 0.080841 0.032336
0 0.131770 0.669361 0.080841 0.032336
0 0.131770 0.630558 0.080841 0.032336
0 0.131770 0.594988 0.080841 0.032336
0 0.131770 0.553759 0.080841 0.032336
0 0.131770 0.518998 0.080841 0.032336
0 0.131770 0.479386 0.080841 0.032336
0 0.131770 0.444624 0.080841 0.032336
0 0.131770 0.409863 0.080841 0.032336
0 0.131770 0.372676 0.080841 0.032336
0 0.131770 0.334681 0.080841 0.032336
0 0.131770 0.291835 0.080841 0.032336
0 0.131770 0.240905 0.080841 0.032336
0 0.131770 0.198868 0.080841 0.032336
1 0.668576 0.178452 0.040000 0.100000
1 0.701292 0.176930 0.040000 0.100000
1 0.728683 0.178452 0.040000 0.100000
1 0.823026 0.236275 0.100000 0.040000
1 0.822266 0.268230 0.100000 0.040000
1 0.821505 0.302468 0.100000 0.040000
1 0.821505 0.347357 0.100000 0.040000
1 0.616803 0.177791 0.040000 0.100000
1 0.591706 0.177791 0.040000 0.100000
1 0.569250 0.176911 0.040000 0.100000
1 0.543273 0.176911 0.040000 0.100000
1 0.518176 0.177351 0.040000 0.100000
1 0.466155 0.179014 0.040000 0.100000
1 0.440618 0.179014 0.040000 0.100000
1 0.426088 0.179014 0.040000 0.100000
1 0.385580 0.178133 0.040000 0.100000
1 0.356520 0.178133 0.040000 0.100000
1 0.326580 0.178133 0.040000 0.100000
1 0.294438 0.176812 0.040000 0.100000
1 0.262737 0.177693 0.040000 0.100000
1 0.225281 0.176645 0.040000 0.100000
1 0.177179 0.236152 0.100000 0.040000
1 0.176739 0.270935 0.100000 0.040000
1 0.176298 0.318928 0.100000 0.040000
1 0.178059 0.345786 0.100000 0.040000
1 0.176739 0.357674 0.100000 0.040000
1 0.178059 0.393339 0.100000 0.040000
1 0.176739 0.422398 0.100000 0.040000
1 0.178500 0.450577 0.100000 0.040000
1 0.177325 0.474081 0.100000 0.040000
1 0.178646 0.483327 0.100000 0.040000
1 0.179967 0.509745 0.100000 0.040000
1 0.179967 0.535722 0.100000 0.040000
1 0.179086 0.589879 0.100000 0.040000
1 0.176885 0.615417 0.100000 0.040000
1 0.177325 0.646237 0.100000 0.040000
1 0.178359 0.677553 0.100000 0.040000
1 0.178799 0.736553 0.100000 0.040000
1 0.179239 0.770897 0.100000 0.040000
1 0.236478 0.821091 0.040000 0.100000
1 0.268180 0.821531 0.040000 0.100000
1 0.303844 0.820650 0.040000 0.100000
1 0.334887 0.820756 0.040000 0.100000
1 0.367029 0.822077 0.040000 0.100000
1 0.419424 0.822077 0.040000 0.100000
1 0.444962 0.822077 0.040000 0.100000
1 0.480186 0.821196 0.040000 0.100000
1 0.671429 0.821505 0.040000 0.100000
1 0.704451 0.821505 0.040000 0.100000
1 0.736153 0.821064 0.040000 0.100000
1 0.643690 0.821505 0.040000 0.100000
1 0.619914 0.820184 0.040000 0.100000
1 0.591734 0.821945 0.040000 0.100000
1 0.563555 0.823266 0.040000 0.100000
1 0.518205 0.821505 0.040000 0.100000
1 0.510719 0.821945 0.040000 0.100000
1 0.821139 0.786995 0.100000 0.040000
1 0.823432 0.750304 0.100000 0.040000
1 0.822521 0.664950 0.100000 0.040000
1 0.821421 0.719254 0.100000 0.040000
1 0.822154 0.635597 0.100000 0.040000
1 0.822521 0.606610 0.100000 0.040000
1 0.822159 0.545302 0.100000 0.040000
1 0.822159 0.580526 0.100000 0.040000
1 0.821425 0.535028 0.100000 0.040000
1 0.820324 0.477789 0.100000 0.040000
1 0.820691 0.449170 0.100000 0.040000
1 0.820691 0.471185 0.100000 0.040000
1 0.820324 0.424586 0.100000 0.040000
1 0.822159 0.375787 0.100000 0.040000
1 0.804312 0.245517 0.100000 0.040000
1 0.805193 0.275017 0.100000 0.040000
1 0.805633 0.307159 0.100000 0.040000
1 0.805193 0.349868 0.100000 0.040000
1 0.711409 0.193561 0.040000 0.100000
1 0.688954 0.193561 0.040000 0.100000
1 0.660335 0.194882 0.040000 0.100000
1 0.805020 0.377842 0.100000 0.040000
1 0.805198 0.426605 0.100000 0.040000
1 0.805198 0.449060 0.100000 0.040000
1 0.805198 0.469754 0.100000 0.040000
1 0.805639 0.546806 0.100000 0.040000
1 0.805198 0.477239 0.100000 0.040000
1 0.805397 0.582557 0.100000 0.040000
1 0.804957 0.605893 0.100000 0.040000
1 0.805397 0.632751 0.100000 0.040000
1 0.804957 0.660049 0.100000 0.040000
1 0.804957 0.715087 0.100000 0.040000
1 0.807159 0.745027 0.100000 0.040000
1 0.804076 0.777609 0.100000 0.040000
1 0.722621 0.806229 0.040000 0.100000
1 0.692241 0.805788 0.040000 0.100000
1 0.662741 0.805348 0.040000 0.100000
1 0.638462 0.804180 0.040000 0.100000
1 0.617328 0.805942 0.040000 0.100000
1 0.591350 0.805942 0.040000 0.100000
1 0.566253 0.806822 0.040000 0.100000
1 0.517380 0.805501 0.040000 0.100000
1 0.482597 0.805942 0.040000 0.100000
1 0.449574 0.805942 0.040000 0.100000
1 0.424477 0.805061 0.040000 0.100000
1 0.369805 0.806899 0.040000 0.100000
1 0.341162 0.807780 0.040000 0.100000
1 0.311638 0.805136 0.040000 0.100000
1 0.278154 0.805815 0.040000 0.100000
1 0.251274 0.804052 0.040000 0.100000
1 0.193989 0.759105 0.100000 0.040000
1 0.193107 0.730022 0.100000 0.040000
1 0.193107 0.666127 0.100000 0.040000
1 0.194833 0.638709 0.100000 0.040000
1 0.194833 0.609626 0.100000 0.040000
1 0.194833 0.587153 0.100000 0.040000
1 0.193070 0.542647 0.100000 0.040000
1 0.193070 0.532071 0.100000 0.040000
1 0.193070 0.511801 0.100000 0.040000
1 0.193732 0.471765 0.100000 0.040000
1 0.193477 0.482221 0.100000 0.040000
1 0.193222 0.450600 0.100000 0.040000
1 0.192967 0.424844 0.100000 0.040000
1 0.192385 0.397328 0.100000 0.040000
1 0.193660 0.363412 0.100000 0.040000
1 0.192640 0.327966 0.100000 0.040000
1 0.193915 0.278494 0.100000 0.040000
1 0.194425 0.313175 0.100000 0.040000
1 0.194425 0.247638 0.100000 0.040000
1 0.193736 0.351649 0.100000 0.040000
1 0.237951 0.194499 0.040000 0.100000
1 0.273608 0.195659 0.040000 0.100000
1 0.302691 0.195218 0.040000 0.100000
1 0.331334 0.194337 0.040000 0.100000
1 0.358214 0.194777 0.040000 0.100000
1 0.383772 0.193455 0.040000 0.100000
1 0.519717 0.192869 0.040000 0.100000
1 0.541750 0.192869 0.040000 0.100000
1 0.563342 0.194190 0.040000 0.100000
1 0.586256 0.193309 0.040000 0.100000
1 0.608289 0.194631 0.040000 0.100000
1 0.466398 0.192869 0.040000 0.100000
1 0.458466 0.193309 0.040000 0.100000
1 0.441281 0.193750 0.040000 0.100000
1 0.426298 0.193309 0.040000 0.100000
1 0.433349 0.193309 0.040000 0.100000
1 0.788361 0.253992 0.100000 0.040000
1 0.791003 0.279970 0.100000 0.040000
1 0.789682 0.309910 0.100000 0.040000
1 0.789682 0.352619 0.100000 0.040000
1 0.698100 0.209082 0.040000 0.100000
1 0.678727 0.209082 0.040000 0.100000
1 0.653190 0.209082 0.040000 0.100000
1 0.788802 0.376836 0.100000 0.040000
1 0.789078 0.427099 0.100000 0.040000
1 0.789519 0.447793 0.100000 0.040000
1 0.789078 0.465405 0.100000 0.040000
1 0.789519 0.474211 0.100000 0.040000
1 0.789616 0.548335 0.100000 0.040000
1 0.788735 0.582706 0.100000 0.040000
1 0.790057 0.606061 0.100000 0.040000
1 0.789175 0.629856 0.100000 0.040000
1 0.787854 0.653211 0.100000 0.040000
1 0.787528 0.710562 0.100000 0.040000
1 0.788038 0.736318 0.100000 0.040000
1 0.788293 0.768449 0.100000 0.040000
1 0.711535 0.790125 0.040000 0.100000
1 0.681293 0.789307 0.040000 0.100000
1 0.655295 0.789307 0.040000 0.100000
1 0.634143 0.789307 0.040000 0.100000
1 0.615366 0.790031 0.040000 0.100000
1 0.592892 0.789590 0.040000 0.100000
1 0.570419 0.789590 0.040000 0.100000
1 0.520184 0.788709 0.040000 0.100000
1 0.511371 0.788268 0.040000 0.100000
1 0.486695 0.789590 0.040000 0.100000
1 0.452764 0.788709 0.040000 0.100000
1 0.433375 0.789150 0.040000 0.100000
1 0.375320 0.789472 0.040000 0.100000
1 0.347999 0.790354 0.040000 0.100000
1 0.318916 0.789472 0.040000 0.100000
1 0.286748 0.789032 0.040000 0.100000
1 0.264275 0.789032 0.040000 0.100000
1 0.209193 0.748491 0.100000 0.040000
1 0.210515 0.720289 0.100000 0.040000
1 0.210515 0.653751 0.100000 0.040000
1 0.210791 0.629396 0.100000 0.040000
1 0.210791 0.603398 0.100000 0.040000
1 0.210791 0.581365 0.100000 0.040000
1 0.210791 0.538181 0.100000 0.040000
1 0.210791 0.507335 0.100000 0.040000
1 0.209993 0.478287 0.100000 0.040000
1 0.210248 0.448706 0.100000 0.040000
1 0.211268 0.424990 0.100000 0.040000
1 0.209993 0.402040 0.100000 0.040000
1 0.209240 0.370211 0.100000 0.040000
1 0.209240 0.334517 0.100000 0.040000
1 0.210121 0.355228 0.100000 0.040000
1 0.211003 0.319535 0.100000 0.040000
1 0.209242 0.284105 0.100000 0.040000
1 0.209682 0.257665 0.100000 0.040000
1 0.252867 0.210075 0.040000 0.100000
1 0.283712 0.210956 0.040000 0.100000
1 0.310592 0.210515 0.040000 0.100000
1 0.336150 0.210515 0.040000 0.100000
1 0.361268 0.209634 0.040000 0.100000
1 0.384170 0.209660 0.040000 0.100000
1 0.426472 0.209220 0.040000 0.100000
1 0.435286 0.210101 0.040000 0.100000
1 0.442777 0.209660 0.040000 0.100000
1 0.457759 0.209220 0.040000 0.100000
1 0.466131 0.210101 0.040000 0.100000
1 0.522095 0.210542 0.040000 0.100000
1 0.543246 0.210101 0.040000 0.100000
1 0.560432 0.210101 0.040000 0.100000
1 0.580261 0.209220 0.040000 0.100000
1 0.772621 0.261673 0.100000 0.040000
1 0.773131 0.284860 0.100000 0.040000
1 0.773131 0.310595 0.100000 0.040000
1 0.684969 0.225491 0.040000 0.100000
1 0.668917 0.224217 0.040000 0.100000
1 0.645827 0.227324 0.040000 0.100000
1 0.592569 0.225802 0.040000 0.100000
1 0.576591 0.225802 0.040000 0.100000
1 0.559092 0.225802 0.040000 0.100000
1 0.541593 0.226563 0.040000 0.100000
1 0.522572 0.227324 0.040000 0.100000
1 0.466270 0.225802 0.040000 0.100000
1 0.458662 0.225802 0.040000 0.100000
1 0.443299 0.226064 0.040000 0.100000
1 0.435814 0.227385 0.040000 0.100000
1 0.427008 0.226064 0.040000 0.100000
1 0.383858 0.225624 0.040000 0.100000
1 0.363604 0.226064 0.040000 0.100000
1 0.341590 0.226064 0.040000 0.100000
1 0.318254 0.225624 0.040000 0.100000
1 0.295798 0.225624 0.040000 0.100000
1 0.226437 0.265193 0.100000 0.040000
1 0.225557 0.289409 0.100000 0.040000
1 0.226437 0.322872 0.100000 0.040000
1 0.229519 0.332118 0.100000 0.040000
1 0.222475 0.338723 0.100000 0.040000
1 0.228198 0.359417 0.100000 0.040000
1 0.222475 0.365141 0.100000 0.040000
1 0.229519 0.375268 0.100000 0.040000
1 0.227158 0.405104 0.100000 0.040000
1 0.224516 0.425798 0.100000 0.040000
1 0.224516 0.447813 0.100000 0.040000
1 0.227158 0.464544 0.100000 0.040000
1 0.228919 0.476432 0.100000 0.040000
1 0.228038 0.494925 0.100000 0.040000
1 0.224076 0.503291 0.100000 0.040000
1 0.225837 0.532350 0.100000 0.040000
1 0.225837 0.576380 0.100000 0.040000
1 0.226321 0.595488 0.100000 0.040000
1 0.225881 0.620585 0.100000 0.040000
1 0.228082 0.640838 0.100000 0.040000
1 0.224560 0.519316 0.100000 0.040000
1 0.225881 0.711286 0.100000 0.040000
1 0.227202 0.737704 0.100000 0.040000
1 0.276515 0.773368 0.040000 0.100000
1 0.298530 0.774689 0.040000 0.100000
1 0.329351 0.774249 0.040000 0.100000
1 0.354888 0.774249 0.040000 0.100000
1 0.379545 0.774249 0.040000 0.100000
1 0.440488 0.772278 0.040000 0.100000
1 0.458980 0.773599 0.040000 0.100000
1 0.489801 0.773599 0.040000 0.100000
1 0.513137 0.773599 0.040000 0.100000
1 0.522824 0.772718 0.040000 0.100000
1 0.574779 0.774480 0.040000 0.100000
1 0.613525 0.773599 0.040000 0.100000
1 0.630697 0.772718 0.040000 0.100000
1 0.649630 0.773599 0.040000 0.100000
1 0.594152 0.774039 0.040000 0.100000
1 0.673406 0.772718 0.040000 0.100000
1 0.699824 0.772278 0.040000 0.100000
1 0.773553 0.757880 0.100000 0.040000
1 0.773553 0.728380 0.100000 0.040000
1 0.773553 0.705925 0.100000 0.040000
1 0.773553 0.646485 0.100000 0.040000
1 0.772232 0.624910 0.100000 0.040000
1 0.772232 0.602455 0.100000 0.040000
1 0.772232 0.582641 0.100000 0.040000
1 0.772632 0.547905 0.100000 0.040000
1 0.772191 0.470853 0.100000 0.040000
1 0.771751 0.445756 0.100000 0.040000
1 0.773072 0.425942 0.100000 0.040000
1 0.772632 0.375748 0.100000 0.040000
1 0.775273 0.352853 0.100000 0.040000
1 0.673232 0.243088 0.040000 0.100000
1 0.658262 0.242647 0.040000 0.100000
1 0.641090 0.241327 0.040000 0.100000
1 0.759090 0.266424 0.100000 0.040000
1 0.756449 0.288879 0.100000 0.040000
1 0.759090 0.311334 0.100000 0.040000
1 0.756889 0.354043 0.100000 0.040000
1 0.757329 0.374737 0.100000 0.040000
1 0.756419 0.424760 0.100000 0.040000
1 0.759501 0.442813 0.100000 0.040000
1 0.757740 0.457343 0.100000 0.040000
1 0.757299 0.547604 0.100000 0.040000
1 0.757299 0.581947 0.100000 0.040000
1 0.758620 0.601320 0.100000 0.040000
1 0.756419 0.619813 0.100000 0.040000
1 0.757604 0.640533 0.100000 0.040000
1 0.755402 0.699093 0.100000 0.040000
1 0.758044 0.721108 0.100000 0.040000
1 0.758044 0.746205 0.100000 0.040000
1 0.691119 0.757653 0.040000 0.100000
1 0.665141 0.757213 0.040000 0.100000
1 0.642686 0.758093 0.040000 0.100000
1 0.627275 0.758093 0.040000 0.100000
1 0.612746 0.756772 0.040000 0.100000
1 0.595134 0.758093 0.040000 0.100000
1 0.494125 0.757188 0.040000 0.100000
1 0.463305 0.758069 0.040000 0.100000
1 0.447013 0.756748 0.040000 0.100000
1 0.524506 0.756748 0.040000 0.100000
1 0.385812 0.757188 0.040000 0.100000
1 0.362036 0.757188 0.040000 0.100000
1 0.339140 0.758069 0.040000 0.100000
1 0.289603 0.758870 0.040000 0.100000
1 0.309857 0.757109 0.040000 0.100000
1 0.242051 0.725847 0.100000 0.040000
1 0.241610 0.702512 0.100000 0.040000
1 0.242391 0.629980 0.100000 0.040000
1 0.241070 0.610167 0.100000 0.040000
1 0.243271 0.588152 0.100000 0.040000
1 0.242831 0.568779 0.100000 0.040000
1 0.242831 0.526950 0.100000 0.040000
1 0.243712 0.519025 0.100000 0.040000
1 0.243271 0.511100 0.100000 0.040000
1 0.242831 0.497891 0.100000 0.040000
1 0.242831 0.490846 0.100000 0.040000
1 0.243644 0.472640 0.100000 0.040000
1 0.242763 0.460752 0.100000 0.040000
1 0.242763 0.444461 0.100000 0.040000
1 0.241883 0.425968 0.100000 0.040000
1 0.241883 0.407035 0.100000 0.040000
1 0.242323 0.378416 0.100000 0.040000
1 0.242763 0.369610 0.100000 0.040000
1 0.242763 0.361244 0.100000 0.040000
1 0.242763 0.344953 0.100000 0.040000
1 0.243644 0.336147 0.100000 0.040000
1 0.243203 0.327341 0.100000 0.040000
1 0.242187 0.293031 0.100000 0.040000
1 0.241747 0.270576 0.100000 0.040000
1 0.285337 0.243278 0.040000 0.100000
1 0.307792 0.242397 0.040000 0.100000
1 0.328046 0.242397 0.040000 0.100000
1 0.347859 0.241516 0.040000 0.100000
1 0.365911 0.240636 0.040000 0.100000
1 0.384844 0.241076 0.040000 0.100000
1 0.427828 0.241973 0.040000 0.100000
1 0.437523 0.241973 0.040000 0.100000
1 0.444573 0.241091 0.040000 0.100000
1 0.458674 0.241973 0.040000 0.100000
1 0.466606 0.241973 0.040000 0.100000
1 0.526095 0.241532 0.040000 0.100000
1 0.541958 0.242413 0.040000 0.100000
1 0.556940 0.241091 0.040000 0.100000
1 0.572804 0.240210 0.040000 0.100000
1 0.586905 0.241091 0.040000 0.100000
1 0.726602 0.279334 0.100000 0.040000
1 0.732326 0.294744 0.100000 0.040000
1 0.738490 0.311916 0.100000 0.040000
1 0.727923 0.354184 0.100000 0.040000
1 0.735408 0.370916 0.100000 0.040000
1 0.730565 0.422871 0.100000 0.040000
1 0.734527 0.437401 0.100000 0.040000
1 0.736729 0.449729 0.100000 0.040000
1 0.737609 0.462058 0.100000 0.040000
1 0.734527 0.529423 0.100000 0.040000
1 0.733346 0.547784 0.100000 0.040000
1 0.734226 0.580806 0.100000 0.040000
1 0.736868 0.596217 0.100000 0.040000
1 0.734666 0.612508 0.100000 0.040000
1 0.734666 0.629239 0.100000 0.040000
1 0.732465 0.688680 0.100000 0.040000
1 0.733432 0.706043 0.100000 0.040000
1 0.731230 0.723215 0.100000 0.040000
1 0.262125 0.279069 0.100000 0.040000
1 0.262431 0.297123 0.100000 0.040000
1 0.264573 0.331702 0.100000 0.040000
1 0.261819 0.350063 0.100000 0.040000
1 0.262431 0.381582 0.100000 0.040000
1 0.262431 0.364752 0.100000 0.040000
1 0.261700 0.407070 0.100000 0.040000
1 0.260476 0.423595 0.100000 0.040000
1 0.260782 0.441038 0.100000 0.040000
1 0.261088 0.455726 0.100000 0.040000
1 0.261394 0.467966 0.100000 0.040000
1 0.261394 0.482655 0.100000 0.040000
1 0.262618 0.519070 0.100000 0.040000
1 0.262093 0.562079 0.100000 0.040000
1 0.261481 0.578298 0.100000 0.040000
1 0.262093 0.595741 0.100000 0.040000
1 0.263317 0.611347 0.100000 0.040000
1 0.261851 0.689201 0.100000 0.040000
1 0.263966 0.709824 0.100000 0.040000
