0 0.181437 0.238208 0.100000 0.040000
0 0.181437 0.271228 0.100000 0.040000
0 0.179728 0.302691 0.100000 0.040000
0 0.180960 0.354365 0.100000 0.040000
0 0.180055 0.392065 0.100000 0.040000
0 0.178848 0.419510 0.100000 0.040000
0 0.179176 0.448560 0.100000 0.040000
0 0.180740 0.471491 0.100000 0.040000
0 0.180219 0.544975 0.100000 0.040000
0 0.179301 0.590072 0.100000 0.040000
0 0.180343 0.617694 0.100000 0.040000
0 0.181385 0.652090 0.100000 0.040000
0 0.181906 0.681275 0.100000 0.040000
0 0.181385 0.741209 0.100000 0.040000
0 0.180343 0.772479 0.100000 0.040000
0 0.237149 0.819383 0.040000 0.100000
0 0.265292 0.819383 0.040000 0.100000
0 0.303337 0.820425 0.040000 0.100000
0 0.338255 0.820425 0.040000 0.100000
0 0.363953 0.820236 0.040000 0.100000
0 0.421802 0.820236 0.040000 0.100000
0 0.448902 0.819715 0.040000 0.100000
0 0.481736 0.820236 0.040000 0.100000
0 0.516132 0.818672 0.040000 0.100000
0 0.566685 0.820757 0.040000 0.100000
0 0.591701 0.819193 0.040000 0.100000
0 0.621407 0.820236 0.040000 0.100000
0 0.646571 0.820140 0.040000 0.100000
0 0.673671 0.819098 0.040000 0.100000
0 0.704420 0.821182 0.040000 0.100000
0 0.740380 0.820140 0.040000 0.100000
0 0.820229 0.781689 0.100000 0.040000
0 0.820229 0.749551 0.100000 0.040000
0 0.820663 0.715675 0.100000 0.040000
0 0.820013 0.663033 0.100000 0.040000
0 0.820013 0.633935 0.100000 0.040000
0 0.819144 0.605271 0.100000 0.040000
0 0.819578 0.579213 0.100000 0.040000
0 0.819144 0.544903 0.100000 0.040000
0 0.819144 0.477586 0.100000 0.040000
0 0.820013 0.450225 0.100000 0.040000
0 0.820467 0.425058 0.100000 0.040000
0 0.820033 0.376851 0.100000 0.040000
0 0.819598 0.347319 0.100000 0.040000
0 0.819598 0.303888 0.100000 0.040000
0 0.820033 0.269579 0.100000 0.040000
0 0.818295 0.238743 0.100000 0.040000
0 0.727859 0.179194 0.040000 0.100000
0 0.700064 0.181799 0.040000 0.100000
0 0.671834 0.179628 0.040000 0.100000
0 0.620153 0.179628 0.040000 0.100000
0 0.594250 0.181131 0.040000 0.100000
0 0.566455 0.179393 0.040000 0.100000
0 0.541700 0.180696 0.040000 0.100000
0 0.519550 0.179828 0.040000 0.100000
0 0.467000 0.179828 0.040000 0.100000
0 0.425307 0.179393 0.040000 0.100000
0 0.387957 0.180696 0.040000 0.100000
0 0.360162 0.180696 0.040000 0.100000
0 0.231493 0.179944 0.040000 0.100000
0 0.266671 0.180813 0.040000 0.100000
0 0.298375 0.180813 0.040000 0.100000
0 0.330079 0.180813 0.040000 0.100000
