0 0.195755 0.246381 0.100000 0.040000
0 0.195234 0.275045 0.100000 0.040000
0 0.195755 0.309963 0.100000 0.040000
0 0.195234 0.347486 0.100000 0.040000
0 0.195234 0.396476 0.100000 0.040000
0 0.195755 0.423055 0.100000 0.040000
0 0.195234 0.446507 0.100000 0.040000
0 0.197318 0.469959 0.100000 0.040000
0 0.196965 0.503814 0.100000 0.040000
0 0.196530 0.541629 0.100000 0.040000
0 0.196095 0.586832 0.100000 0.040000
0 0.196095 0.611607 0.100000 0.040000
0 0.194791 0.640294 0.100000 0.040000
0 0.196530 0.672893 0.100000 0.040000
0 0.196530 0.732005 0.100000 0.040000
0 0.196095 0.762431 0.100000 0.040000
0 0.249824 0.801888 0.040000 0.100000
0 0.275034 0.801019 0.040000 0.100000
0 0.311110 0.801888 0.040000 0.100000
0 0.343709 0.801019 0.040000 0.100000
0 0.369788 0.801019 0.040000 0.100000
0 0.427773 0.802492 0.040000 0.100000
0 0.452982 0.802926 0.040000 0.100000
0 0.484277 0.800753 0.040000 0.100000
0 0.514268 0.801622 0.040000 0.100000
0 0.569034 0.802492 0.040000 0.100000
0 0.589028 0.802057 0.040000 0.100000
0 0.616845 0.802492 0.040000 0.100000
0 0.639036 0.802525 0.040000 0.100000
0 0.662073 0.802090 0.040000 0.100000
0 0.691629 0.803394 0.040000 0.100000
0 0.724228 0.802959 0.040000 0.100000
0 0.802899 0.773403 0.100000 0.040000
0 0.803334 0.741239 0.100000 0.040000
0 0.802465 0.711248 0.100000 0.040000
0 0.802049 0.659685 0.100000 0.040000
0 0.804222 0.630998 0.100000 0.040000
0 0.803353 0.604484 0.100000 0.040000
0 0.803788 0.582317 0.100000 0.040000
0 0.804182 0.546898 0.100000 0.040000
0 0.802444 0.475616 0.100000 0.040000
0 0.801574 0.449537 0.100000 0.040000
0 0.801574 0.427370 0.100000 0.040000
0 0.801240 0.375895 0.100000 0.040000
0 0.800805 0.350250 0.100000 0.040000
0 0.801240 0.306351 0.100000 0.040000
0 0.801674 0.276360 0.100000 0.040000
0 0.802978 0.247238 0.100000 0.040000
0 0.713006 0.195080 0.040000 0.100000
0 0.689100 0.196819 0.040000 0.100000
0 0.663021 0.195080 0.040000 0.100000
0 0.609875 0.196442 0.040000 0.100000
0 0.587342 0.195691 0.040000 0.100000
0 0.564059 0.197193 0.040000 0.100000
0 0.543789 0.195790 0.040000 0.100000
0 0.520318 0.196659 0.040000 0.100000
0 0.465987 0.197094 0.040000 0.100000
0 0.426869 0.197094 0.040000 0.100000
0 0.387867 0.197248 0.040000 0.100000
0 0.362223 0.195944 0.040000 0.100000
0 0.335275 0.196814 0.040000 0.100000
0 0.303980 0.195075 0.040000 0.100000
0 0.277901 0.197248 0.040000 0.100000
0 0.244433 0.196379 0.040000 0.100000
