0 0.786702 0.256549 0.100000 0.040000
0 0.785952 0.282065 0.100000 0.040000
0 0.785952 0.309082 0.100000 0.040000
0 0.784451 0.353360 0.100000 0.040000
0 0.785952 0.378876 0.100000 0.040000
0 0.785952 0.429158 0.100000 0.040000
0 0.785952 0.447169 0.100000 0.040000
0 0.786702 0.467432 0.100000 0.040000
0 0.786521 0.548877 0.100000 0.040000
0 0.786955 0.582753 0.100000 0.040000
0 0.786521 0.604468 0.100000 0.040000
0 0.786955 0.627486 0.100000 0.040000
0 0.786853 0.652406 0.100000 0.040000
0 0.786419 0.708865 0.100000 0.040000
0 0.785985 0.733620 0.100000 0.040000
0 0.785551 0.763153 0.100000 0.040000
0 0.710851 0.786171 0.040000 0.100000
0 0.681929 0.787705 0.040000 0.100000
0 0.654568 0.786402 0.040000 0.100000
0 0.615047 0.787270 0.040000 0.100000
0 0.589857 0.787705 0.040000 0.100000
0 0.570313 0.788139 0.040000 0.100000
0 0.699142 0.212696 0.040000 0.100000
0 0.681116 0.210442 0.040000 0.100000
0 0.656330 0.213447 0.040000 0.100000
0 0.603004 0.210442 0.040000 0.100000
0 0.580360 0.212991 0.040000 0.100000
0 0.561250 0.212557 0.040000 0.100000
0 0.541707 0.212122 0.040000 0.100000
0 0.521729 0.211688 0.040000 0.100000
0 0.466573 0.212991 0.040000 0.100000
0 0.426617 0.212122 0.040000 0.100000
0 0.386227 0.212122 0.040000 0.100000
0 0.363643 0.212991 0.040000 0.100000
0 0.339051 0.212440 0.040000 0.100000
0 0.312558 0.212440 0.040000 0.100000
0 0.286935 0.212874 0.040000 0.100000
0 0.257402 0.211572 0.040000 0.100000
0 0.210932 0.255436 0.100000 0.040000
0 0.211366 0.281928 0.100000 0.040000
0 0.211219 0.447187 0.100000 0.040000
0 0.211219 0.422866 0.100000 0.040000
0 0.209916 0.399848 0.100000 0.040000
0 0.212087 0.332531 0.100000 0.040000
0 0.210350 0.367276 0.100000 0.040000
0 0.212354 0.465489 0.100000 0.040000
0 0.213657 0.475478 0.100000 0.040000
0 0.212354 0.579711 0.100000 0.040000
0 0.212354 0.605334 0.100000 0.040000
0 0.213657 0.632261 0.100000 0.040000
0 0.211920 0.657885 0.100000 0.040000
0 0.213657 0.723464 0.100000 0.040000
0 0.211450 0.749601 0.100000 0.040000
0 0.262263 0.787819 0.040000 0.100000
0 0.285281 0.787385 0.040000 0.100000
0 0.320459 0.786950 0.040000 0.100000
0 0.350001 0.788272 0.040000 0.100000
0 0.374757 0.788707 0.040000 0.100000
0 0.436427 0.785232 0.040000 0.100000
0 0.456405 0.787838 0.040000 0.100000
0 0.487876 0.788104 0.040000 0.100000
