0 0.769834 0.427107 0.100000 0.040000
0 0.768072 0.447377 0.100000 0.040000
0 0.769834 0.377313 0.100000 0.040000
0 0.768072 0.354399 0.100000 0.040000
0 0.770275 0.312536 0.100000 0.040000
0 0.770716 0.288300 0.100000 0.040000
0 0.770275 0.264945 0.100000 0.040000
0 0.769394 0.462800 0.100000 0.040000
0 0.769834 0.550049 0.100000 0.040000
0 0.771777 0.585880 0.100000 0.040000
0 0.771015 0.605678 0.100000 0.040000
0 0.771777 0.626237 0.100000 0.040000
0 0.772538 0.648319 0.100000 0.040000
0 0.771015 0.706189 0.100000 0.040000
0 0.771777 0.729033 0.100000 0.040000
0 0.771777 0.754922 0.100000 0.040000
0 0.700200 0.773959 0.040000 0.100000
0 0.671265 0.773197 0.040000 0.100000
0 0.685733 0.231043 0.040000 0.100000
0 0.669742 0.228759 0.040000 0.100000
0 0.648669 0.229788 0.040000 0.100000
0 0.594204 0.231375 0.040000 0.100000
0 0.576754 0.228202 0.040000 0.100000
0 0.558775 0.229788 0.040000 0.100000
0 0.539210 0.227144 0.040000 0.100000
0 0.524933 0.230317 0.040000 0.100000
0 0.467295 0.229788 0.040000 0.100000
0 0.427108 0.229259 0.040000 0.100000
0 0.364711 0.229788 0.040000 0.100000
0 0.386391 0.230317 0.040000 0.100000
0 0.345146 0.228731 0.040000 0.100000
0 0.321350 0.228731 0.040000 0.100000
0 0.271644 0.230846 0.040000 0.100000
0 0.229341 0.266274 0.100000 0.040000
0 0.228813 0.289541 0.100000 0.040000
0 0.229341 0.322855 0.100000 0.040000
0 0.228284 0.358812 0.100000 0.040000
0 0.228284 0.403230 0.100000 0.040000
0 0.228813 0.424910 0.100000 0.040000
0 0.229341 0.446062 0.100000 0.040000
0 0.229341 0.464569 0.100000 0.040000
0 0.229341 0.474087 0.100000 0.040000
0 0.229185 0.495285 0.100000 0.040000
0 0.229185 0.533358 0.100000 0.040000
0 0.229185 0.577247 0.100000 0.040000
0 0.230242 0.598399 0.100000 0.040000
0 0.229185 0.623780 0.100000 0.040000
0 0.229185 0.647576 0.100000 0.040000
0 0.228692 0.714696 0.100000 0.040000
0 0.229750 0.739020 0.100000 0.040000
0 0.276283 0.769690 0.040000 0.100000
0 0.296377 0.769690 0.040000 0.100000
0 0.330219 0.771805 0.040000 0.100000
0 0.356658 0.770747 0.040000 0.100000
0 0.380454 0.770218 0.040000 0.100000
0 0.491560 0.770542 0.040000 0.100000
0 0.461419 0.770542 0.040000 0.100000
0 0.443441 0.769484 0.040000 0.100000
0 0.576695 0.770542 0.040000 0.100000
0 0.593087 0.769484 0.040000 0.100000
0 0.613181 0.770542 0.040000 0.100000
0 0.630631 0.771071 0.040000 0.100000
0 0.649139 0.771600 0.040000 0.100000
