0 0.753931 0.315236 0.100000 0.040000
0 0.753931 0.292393 0.100000 0.040000
0 0.753931 0.273356 0.100000 0.040000
0 0.752662 0.356482 0.100000 0.040000
0 0.755835 0.376152 0.100000 0.040000
0 0.756469 0.428185 0.100000 0.040000
0 0.755200 0.444683 0.100000 0.040000
0 0.674781 0.244477 0.040000 0.100000
0 0.754019 0.459473 0.100000 0.040000
0 0.754019 0.550248 0.100000 0.040000
0 0.754459 0.584619 0.100000 0.040000
0 0.640644 0.245948 0.040000 0.100000
0 0.660442 0.245948 0.040000 0.100000
0 0.587342 0.245186 0.040000 0.100000
0 0.557646 0.245186 0.040000 0.100000
0 0.571352 0.244425 0.040000 0.100000
0 0.526426 0.245948 0.040000 0.100000
0 0.540132 0.245186 0.040000 0.100000
0 0.458657 0.243663 0.040000 0.100000
0 0.426676 0.245948 0.040000 0.100000
0 0.386319 0.245948 0.040000 0.100000
0 0.367283 0.244425 0.040000 0.100000
0 0.349008 0.245186 0.040000 0.100000
0 0.288521 0.246493 0.040000 0.100000
0 0.309842 0.246493 0.040000 0.100000
0 0.328117 0.246493 0.040000 0.100000
0 0.243595 0.272382 0.100000 0.040000
0 0.242834 0.293703 0.100000 0.040000
0 0.244810 0.325992 0.100000 0.040000
0 0.244370 0.361657 0.100000 0.040000
0 0.243930 0.406127 0.100000 0.040000
0 0.243490 0.424620 0.100000 0.040000
0 0.243049 0.443993 0.100000 0.040000
0 0.243930 0.460725 0.100000 0.040000
0 0.243930 0.489344 0.100000 0.040000
0 0.245104 0.571020 0.100000 0.040000
0 0.246572 0.590467 0.100000 0.040000
0 0.246205 0.632662 0.100000 0.040000
0 0.244370 0.613216 0.100000 0.040000
0 0.245471 0.703110 0.100000 0.040000
0 0.245471 0.724759 0.100000 0.040000
0 0.292436 0.755213 0.040000 0.100000
0 0.307113 0.756313 0.040000 0.100000
0 0.340503 0.755947 0.040000 0.100000
0 0.362885 0.757047 0.040000 0.100000
0 0.385725 0.755671 0.040000 0.100000
0 0.451159 0.755366 0.040000 0.100000
0 0.465836 0.755977 0.040000 0.100000
0 0.497635 0.757812 0.040000 0.100000
0 0.517204 0.755977 0.040000 0.100000
0 0.580803 0.755977 0.040000 0.100000
0 0.593645 0.755671 0.040000 0.100000
0 0.612908 0.756589 0.040000 0.100000
0 0.624222 0.755671 0.040000 0.100000
0 0.661219 0.754754 0.040000 0.100000
0 0.641345 0.755977 0.040000 0.100000
0 0.686292 0.754143 0.040000 0.100000
0 0.755089 0.742523 0.100000 0.040000
0 0.754783 0.719285 0.100000 0.040000
0 0.754478 0.698799 0.100000 0.040000
0 0.753530 0.639347 0.100000 0.040000
0 0.755364 0.620696 0.100000 0.040000
0 0.754447 0.602656 0.100000 0.040000
0 0.753848 0.532648 0.100000 0.040000
0 0.727720 0.283539 0.100000 0.040000
0 0.727720 0.298509 0.100000 0.040000
0 0.726840 0.315241 0.100000 0.040000
0 0.733444 0.357069 0.100000 0.040000
0 0.729481 0.371599 0.100000 0.040000
0 0.731243 0.426197 0.100000 0.040000
0 0.731243 0.440286 0.100000 0.040000
0 0.732123 0.452615 0.100000 0.040000
0 0.734481 0.631414 0.100000 0.040000
0 0.730959 0.614242 0.100000 0.040000
0 0.732720 0.599272 0.100000 0.040000
0 0.732720 0.584302 0.100000 0.040000
0 0.733160 0.549078 0.100000 0.040000
0 0.733601 0.540272 0.100000 0.040000
0 0.732720 0.532786 0.100000 0.040000
0 0.729638 0.690855 0.100000 0.040000
0 0.729638 0.707146 0.100000 0.040000
0 0.727437 0.722556 0.100000 0.040000
0 0.261362 0.425116 0.100000 0.040000
0 0.260041 0.408385 0.100000 0.040000
0 0.260481 0.382847 0.100000 0.040000
0 0.260921 0.373161 0.100000 0.040000
0 0.261802 0.348504 0.100000 0.040000
0 0.260921 0.332653 0.100000 0.040000
0 0.262242 0.299630 0.100000 0.040000
0 0.263752 0.279330 0.100000 0.040000
0 0.260833 0.441165 0.100000 0.040000
0 0.261088 0.455944 0.100000 0.040000
0 0.261343 0.483718 0.100000 0.040000
0 0.261852 0.504612 0.100000 0.040000
0 0.262108 0.563515 0.100000 0.040000
0 0.262363 0.581861 0.100000 0.040000
0 0.264911 0.616260 0.100000 0.040000
0 0.266608 0.688629 0.100000 0.040000
0 0.267882 0.708758 0.100000 0.040000
0 0.262786 0.598428 0.100000 0.040000
