0 0.818613 0.239081 0.04 0.10
0 0.818172 0.271690 0.04 0.10
0 0.817731 0.302976 0.04 0.10
0 0.817291 0.345720 0.04 0.10
0 0.817731 0.374803 0.04 0.10
0 0.817107 0.422063 0.04 0.10
0 0.817842 0.448870 0.04 0.10
0 0.817107 0.467598 0.04 0.10
0 0.818145 0.576783 0.04 0.10
0 0.817533 0.602182 0.04 0.10
0 0.817533 0.630641 0.04 0.10
0 0.817227 0.661548 0.04 0.10
0 0.816615 0.543122 0.04 0.10
0 0.816760 0.714924 0.04 0.10
0 0.816232 0.745064 0.04 0.10
0 0.817818 0.780493 0.04 0.10
0 0.739029 0.818037 0.04 0.10
0 0.702543 0.818566 0.04 0.10
0 0.671873 0.819623 0.04 0.10
0 0.645962 0.817508 0.04 0.10
0 0.621109 0.817508 0.04 0.10
0 0.593084 0.817508 0.04 0.10
0 0.567173 0.817508 0.04 0.10
0 0.522226 0.818037 0.04 0.10
0 0.483625 0.818037 0.04 0.10
0 0.450928 0.818213 0.04 0.10
0 0.423608 0.818213 0.04 0.10
0 0.369407 0.817772 0.04 0.10
0 0.337239 0.817332 0.04 0.10
0 0.303309 0.818213 0.04 0.10
0 0.266735 0.818654 0.04 0.10
0 0.237211 0.819535 0.04 0.10
0 0.180807 0.770622 0.04 0.10
0 0.181688 0.741539 0.04 0.10
0 0.182569 0.682491 0.04 0.10
0 0.179925 0.650764 0.04 0.10
0 0.181247 0.619037 0.04 0.10
0 0.181247 0.589513 0.04 0.10
0 0.182095 0.545532 0.04 0.10
0 0.181075 0.479230 0.04 0.10
0 0.180565 0.448629 0.04 0.10
0 0.180310 0.419813 0.04 0.10
0 0.180565 0.390742 0.04 0.10
0 0.181585 0.316789 0.04 0.10
0 0.180565 0.356571 0.04 0.10
0 0.181840 0.269613 0.04 0.10
0 0.181585 0.238502 0.04 0.10
0 0.233862 0.182145 0.04 0.10
0 0.266758 0.181380 0.04 0.10
0 0.299144 0.181890 0.04 0.10
0 0.331275 0.180360 0.04 0.10
0 0.360346 0.180615 0.04 0.10
0 0.427159 0.180615 0.04 0.10
0 0.389417 0.180105 0.04 0.10
0 0.459290 0.180615 0.04 0.10
0 0.518962 0.181125 0.04 0.10
0 0.543443 0.181125 0.04 0.10
0 0.569198 0.181635 0.04 0.10
0 0.594699 0.181890 0.04 0.10
0 0.619541 0.180721 0.04 0.10
0 0.670118 0.182421 0.04 0.10
0 0.702419 0.181996 0.04 0.10
0 0.730683 0.181571 0.04 0.10
