0 0.802707 0.248787 0.100000 0.040000
0 0.802707 0.278446 0.100000 0.040000
0 0.803318 0.306577 0.100000 0.040000
0 0.802095 0.348773 0.100000 0.040000
0 0.802095 0.375374 0.100000 0.040000
0 0.802752 0.423706 0.100000 0.040000
0 0.801835 0.448779 0.100000 0.040000
0 0.801223 0.473241 0.100000 0.040000
0 0.800917 0.544484 0.100000 0.040000
0 0.801223 0.578730 0.100000 0.040000
0 0.802340 0.603056 0.100000 0.040000
0 0.800226 0.628946 0.100000 0.040000
0 0.800226 0.656949 0.100000 0.040000
0 0.800755 0.710842 0.100000 0.040000
0 0.801283 0.740431 0.100000 0.040000
0 0.802340 0.772661 0.100000 0.040000
0 0.724142 0.802778 0.040000 0.100000
0 0.692277 0.801541 0.040000 0.100000
0 0.664452 0.802153 0.040000 0.100000
0 0.641214 0.803376 0.040000 0.100000
0 0.618587 0.802764 0.040000 0.100000
0 0.593820 0.803376 0.040000 0.100000
0 0.571072 0.802893 0.040000 0.100000
0 0.523115 0.801575 0.040000 0.100000
0 0.484894 0.802493 0.040000 0.100000
0 0.454317 0.801881 0.040000 0.100000
0 0.429550 0.802187 0.040000 0.100000
0 0.373595 0.801575 0.040000 0.100000
0 0.343630 0.801881 0.040000 0.100000
0 0.312136 0.802187 0.040000 0.100000
0 0.276361 0.802493 0.040000 0.100000
0 0.249759 0.801881 0.040000 0.100000
0 0.197473 0.759991 0.100000 0.040000
0 0.196250 0.734612 0.100000 0.040000
0 0.197411 0.673822 0.100000 0.040000
0 0.198940 0.642634 0.100000 0.040000
0 0.197717 0.613280 0.100000 0.040000
0 0.197105 0.586985 0.100000 0.040000
0 0.198252 0.541736 0.100000 0.040000
0 0.197641 0.503209 0.100000 0.040000
0 0.197029 0.479054 0.100000 0.040000
0 0.196723 0.447866 0.100000 0.040000
0 0.196257 0.422478 0.100000 0.040000
0 0.197786 0.396182 0.100000 0.040000
0 0.198398 0.363771 0.100000 0.040000
0 0.198704 0.326162 0.100000 0.040000
0 0.198004 0.277802 0.100000 0.040000
0 0.198616 0.248754 0.100000 0.040000
0 0.246315 0.198608 0.040000 0.100000
0 0.275974 0.197079 0.040000 0.100000
0 0.307468 0.197691 0.040000 0.100000
0 0.335873 0.198894 0.040000 0.100000
0 0.361763 0.198894 0.040000 0.100000
0 0.389238 0.196781 0.040000 0.100000
0 0.426752 0.196781 0.040000 0.100000
0 0.467436 0.196253 0.040000 0.100000
0 0.520691 0.196734 0.040000 0.100000
0 0.542354 0.196734 0.040000 0.100000
0 0.566130 0.196734 0.040000 0.100000
0 0.587793 0.197791 0.040000 0.100000
0 0.611570 0.196734 0.040000 0.100000
0 0.663349 0.197263 0.040000 0.100000
0 0.691881 0.196734 0.040000 0.100000
0 0.717243 0.195678 0.040000 0.100000
