0 0.786827 0.258721 0.100000 0.040000
0 0.786827 0.282938 0.100000 0.040000
0 0.787267 0.310236 0.100000 0.040000
0 0.786827 0.352065 0.100000 0.040000
0 0.785946 0.374961 0.100000 0.040000
0 0.786387 0.424715 0.100000 0.040000
0 0.786820 0.464068 0.100000 0.040000
0 0.787701 0.447777 0.100000 0.040000
0 0.785499 0.546405 0.100000 0.040000
0 0.786820 0.580308 0.100000 0.040000
0 0.786820 0.600562 0.100000 0.040000
0 0.785939 0.626100 0.100000 0.040000
0 0.787701 0.652959 0.100000 0.040000
0 0.786360 0.707322 0.100000 0.040000
0 0.785920 0.734181 0.100000 0.040000
0 0.786360 0.762360 0.100000 0.040000
0 0.711509 0.787017 0.040000 0.100000
0 0.681971 0.787258 0.040000 0.100000
0 0.655113 0.786378 0.040000 0.100000
0 0.635739 0.786818 0.040000 0.100000
0 0.617247 0.787699 0.040000 0.100000
0 0.593910 0.787258 0.040000 0.100000
0 0.573216 0.787258 0.040000 0.100000
0 0.523902 0.787258 0.040000 0.100000
0 0.488237 0.786818 0.040000 0.100000
0 0.457416 0.788139 0.040000 0.100000
0 0.437388 0.786490 0.040000 0.100000
0 0.377506 0.786931 0.040000 0.100000
0 0.350648 0.786050 0.040000 0.100000
0 0.320267 0.786490 0.040000 0.100000
0 0.287244 0.786490 0.040000 0.100000
0 0.266990 0.785610 0.040000 0.100000
0 0.214594 0.749505 0.100000 0.040000
0 0.210631 0.726169 0.100000 0.040000
0 0.215034 0.659683 0.100000 0.040000
0 0.210631 0.635026 0.100000 0.040000
0 0.212968 0.605411 0.100000 0.040000
0 0.213408 0.581194 0.100000 0.040000
0 0.212087 0.538925 0.100000 0.040000
0 0.213408 0.477723 0.100000 0.040000
0 0.216931 0.505022 0.100000 0.040000
0 0.215170 0.448222 0.100000 0.040000
0 0.215610 0.423125 0.100000 0.040000
0 0.213408 0.401110 0.100000 0.040000
0 0.215170 0.369408 0.100000 0.040000
0 0.215170 0.332422 0.100000 0.040000
0 0.213829 0.284103 0.100000 0.040000
0 0.213389 0.257685 0.100000 0.040000
0 0.260061 0.214535 0.040000 0.100000
0 0.287360 0.214535 0.040000 0.100000
0 0.315540 0.214095 0.040000 0.100000
0 0.342654 0.214026 0.040000 0.100000
0 0.363788 0.213146 0.040000 0.100000
0 0.388005 0.212265 0.040000 0.100000
0 0.427632 0.212265 0.040000 0.100000
0 0.459334 0.212265 0.040000 0.100000
0 0.521857 0.214026 0.040000 0.100000
0 0.542111 0.213586 0.040000 0.100000
0 0.563686 0.213586 0.040000 0.100000
0 0.582619 0.213146 0.040000 0.100000
0 0.602433 0.213586 0.040000 0.100000
0 0.656670 0.212228 0.040000 0.100000
0 0.681767 0.212228 0.040000 0.100000
0 0.702021 0.213989 0.040000 0.100000
