0 0.388067 0.228939 0.040000 0.100000
0 0.366492 0.229819 0.040000 0.100000
0 0.348000 0.230700 0.040000 0.100000
0 0.322902 0.229379 0.040000 0.100000
0 0.296484 0.227618 0.040000 0.100000
0 0.272648 0.229960 0.040000 0.100000
0 0.229538 0.265855 0.100000 0.040000
0 0.228658 0.288751 0.100000 0.040000
0 0.229538 0.322214 0.100000 0.040000
0 0.227777 0.357879 0.100000 0.040000
0 0.228217 0.403230 0.100000 0.040000
0 0.229371 0.425226 0.100000 0.040000
0 0.228050 0.446361 0.100000 0.040000
0 0.229371 0.465734 0.100000 0.040000
0 0.229371 0.493914 0.100000 0.040000
0 0.230692 0.518571 0.100000 0.040000
0 0.229371 0.577131 0.100000 0.040000
0 0.228925 0.599796 0.100000 0.040000
0 0.229806 0.623132 0.100000 0.040000
0 0.230687 0.648230 0.100000 0.040000
0 0.227164 0.716917 0.100000 0.040000
0 0.229366 0.737171 0.100000 0.040000
0 0.281762 0.769313 0.040000 0.100000
0 0.301576 0.768873 0.040000 0.100000
0 0.332837 0.770194 0.040000 0.100000
0 0.357935 0.770634 0.040000 0.100000
0 0.383173 0.771325 0.040000 0.100000
0 0.444375 0.770444 0.040000 0.100000
0 0.464629 0.771325 0.040000 0.100000
0 0.492808 0.770444 0.040000 0.100000
0 0.517906 0.771765 0.040000 0.100000
0 0.577787 0.769563 0.040000 0.100000
0 0.614773 0.770884 0.040000 0.100000
0 0.595399 0.770884 0.040000 0.100000
0 0.632006 0.771185 0.040000 0.100000
0 0.648297 0.770305 0.040000 0.100000
0 0.671634 0.770745 0.040000 0.100000
0 0.699813 0.770745 0.040000 0.100000
0 0.771583 0.752693 0.100000 0.040000
0 0.770702 0.727595 0.100000 0.040000
0 0.771142 0.702938 0.100000 0.040000
0 0.770422 0.645313 0.100000 0.040000
0 0.769541 0.621977 0.100000 0.040000
0 0.769982 0.599521 0.100000 0.040000
0 0.771743 0.582350 0.100000 0.040000
0 0.770862 0.546245 0.100000 0.040000
0 0.770422 0.467871 0.100000 0.040000
0 0.769603 0.424719 0.100000 0.040000
0 0.770484 0.445854 0.100000 0.040000
0 0.768722 0.374524 0.100000 0.040000
0 0.771364 0.353390 0.100000 0.040000
0 0.770484 0.311561 0.100000 0.040000
0 0.769603 0.288225 0.100000 0.040000
0 0.770924 0.266209 0.100000 0.040000
0 0.690519 0.228835 0.040000 0.100000
0 0.671146 0.228394 0.040000 0.100000
0 0.650892 0.226633 0.040000 0.100000
0 0.596734 0.228835 0.040000 0.100000
0 0.578682 0.229715 0.040000 0.100000
0 0.561070 0.228394 0.040000 0.100000
0 0.542577 0.228394 0.040000 0.100000
0 0.525845 0.228394 0.040000 0.100000
0 0.467528 0.230011 0.040000 0.100000
0 0.445513 0.230011 0.040000 0.100000
0 0.429065 0.229228 0.040000 0.100000
