0 0.678194 0.245568 0.040000 0.100000
0 0.661022 0.245568 0.040000 0.100000
0 0.642529 0.244247 0.040000 0.100000
0 0.753926 0.272866 0.100000 0.040000
0 0.754367 0.293120 0.100000 0.040000
0 0.754367 0.313374 0.100000 0.040000
0 0.753046 0.355644 0.100000 0.040000
0 0.755247 0.373696 0.100000 0.040000
0 0.589011 0.246281 0.040000 0.100000
0 0.574041 0.244960 0.040000 0.100000
0 0.557750 0.244960 0.040000 0.100000
0 0.528690 0.244079 0.040000 0.100000
0 0.543220 0.244079 0.040000 0.100000
0 0.469248 0.244079 0.040000 0.100000
0 0.428300 0.245400 0.040000 0.100000
0 0.388176 0.245869 0.040000 0.100000
0 0.369643 0.246152 0.040000 0.100000
0 0.352031 0.245272 0.040000 0.100000
0 0.332217 0.246593 0.040000 0.100000
0 0.311082 0.246152 0.040000 0.100000
0 0.289508 0.245272 0.040000 0.100000
0 0.242395 0.271690 0.100000 0.040000
0 0.242598 0.292809 0.100000 0.040000
0 0.245239 0.327152 0.100000 0.040000
0 0.244359 0.361496 0.100000 0.040000
0 0.243478 0.405967 0.100000 0.040000
0 0.247001 0.425780 0.100000 0.040000
0 0.244359 0.442952 0.100000 0.040000
0 0.244436 0.461776 0.100000 0.040000
0 0.245757 0.489515 0.100000 0.040000
0 0.246197 0.528262 0.100000 0.040000
0 0.245317 0.572293 0.100000 0.040000
0 0.244336 0.593024 0.100000 0.040000
0 0.244776 0.614158 0.100000 0.040000
0 0.244776 0.635733 0.100000 0.040000
0 0.243896 0.705742 0.100000 0.040000
0 0.246097 0.725555 0.100000 0.040000
0 0.294971 0.753735 0.040000 0.100000
0 0.311702 0.752854 0.040000 0.100000
0 0.342964 0.753735 0.040000 0.100000
0 0.367181 0.753735 0.040000 0.100000
0 0.387995 0.753703 0.040000 0.100000
0 0.452279 0.754584 0.040000 0.100000
0 0.468130 0.754584 0.040000 0.100000
0 0.496750 0.755464 0.040000 0.100000
0 0.526250 0.755464 0.040000 0.100000
0 0.580848 0.753703 0.040000 0.100000
0 0.596699 0.754143 0.040000 0.100000
0 0.754219 0.698341 0.100000 0.040000
0 0.752017 0.715513 0.100000 0.040000
0 0.751577 0.738409 0.100000 0.040000
0 0.690374 0.753819 0.040000 0.100000
0 0.663956 0.755140 0.040000 0.100000
0 0.641210 0.754941 0.040000 0.100000
0 0.626680 0.756262 0.040000 0.100000
0 0.613031 0.756262 0.040000 0.100000
0 0.752167 0.637380 0.100000 0.040000
0 0.754368 0.618007 0.100000 0.040000
0 0.753548 0.424755 0.100000 0.040000
0 0.753988 0.443689 0.100000 0.040000
0 0.753548 0.456457 0.100000 0.040000
0 0.754428 0.531309 0.100000 0.040000
0 0.754102 0.581911 0.100000 0.040000
0 0.752341 0.598642 0.100000 0.040000
0 0.753222 0.546246 0.100000 0.040000
0 0.730828 0.283122 0.100000 0.040000
0 0.728410 0.316203 0.100000 0.040000
0 0.728850 0.299031 0.100000 0.040000
0 0.731492 0.355390 0.100000 0.040000
0 0.731492 0.372122 0.100000 0.040000
0 0.730171 0.424958 0.100000 0.040000
0 0.731839 0.439719 0.100000 0.040000
0 0.734041 0.531743 0.100000 0.040000
0 0.733160 0.548474 0.100000 0.040000
0 0.733160 0.582818 0.100000 0.040000
0 0.733160 0.612759 0.100000 0.040000
0 0.729197 0.627729 0.100000 0.040000
0 0.729637 0.688931 0.100000 0.040000
0 0.731839 0.705663 0.100000 0.040000
0 0.727436 0.721073 0.100000 0.040000
0 0.267392 0.280948 0.100000 0.040000
0 0.268922 0.300583 0.100000 0.040000
0 0.266627 0.332459 0.100000 0.040000
0 0.265607 0.350565 0.100000 0.040000
0 0.264794 0.408076 0.100000 0.040000
0 0.264539 0.373394 0.100000 0.040000
0 0.264794 0.365744 0.100000 0.040000
0 0.264029 0.383085 0.100000 0.040000
0 0.264029 0.424906 0.100000 0.040000
0 0.263264 0.442247 0.100000 0.040000
0 0.263009 0.457802 0.100000 0.040000
0 0.264029 0.467493 0.100000 0.040000
0 0.263765 0.505888 0.100000 0.040000
0 0.264275 0.482682 0.100000 0.040000
0 0.264275 0.522208 0.100000 0.040000
0 0.262490 0.564285 0.100000 0.040000
0 0.266570 0.579585 0.100000 0.040000
0 0.268100 0.598201 0.100000 0.040000
0 0.267173 0.616381 0.100000 0.040000
0 0.271508 0.687529 0.100000 0.040000
0 0.275078 0.704869 0.100000 0.040000
