0 0.232724 0.179240 0.040000 0.100000
0 0.267067 0.178359 0.040000 0.100000
0 0.297448 0.178359 0.040000 0.100000
0 0.332232 0.177039 0.040000 0.100000
0 0.361056 0.178625 0.040000 0.100000
0 0.390116 0.177744 0.040000 0.100000
0 0.427101 0.179065 0.040000 0.100000
0 0.436348 0.178185 0.040000 0.100000
0 0.443392 0.179946 0.040000 0.100000
0 0.460564 0.179065 0.040000 0.100000
0 0.468489 0.178185 0.040000 0.100000
0 0.522206 0.179065 0.040000 0.100000
0 0.545878 0.178588 0.040000 0.100000
0 0.572736 0.177267 0.040000 0.100000
0 0.595632 0.178588 0.040000 0.100000
0 0.621169 0.179028 0.040000 0.100000
0 0.672684 0.178588 0.040000 0.100000
0 0.705707 0.176827 0.040000 0.100000
0 0.736015 0.177237 0.040000 0.100000
0 0.822314 0.233595 0.100000 0.040000
0 0.822754 0.266618 0.100000 0.040000
0 0.822314 0.300521 0.100000 0.040000
0 0.821433 0.344110 0.100000 0.040000
0 0.821125 0.372865 0.100000 0.040000
0 0.819804 0.421739 0.100000 0.040000
0 0.822446 0.448597 0.100000 0.040000
0 0.820244 0.469291 0.100000 0.040000
0 0.820018 0.542617 0.100000 0.040000
0 0.820458 0.577841 0.100000 0.040000
0 0.819578 0.603378 0.100000 0.040000
0 0.819137 0.632878 0.100000 0.040000
0 0.823540 0.663699 0.100000 0.040000
0 0.820899 0.716095 0.100000 0.040000
0 0.821894 0.747897 0.100000 0.040000
0 0.821453 0.784441 0.100000 0.040000
0 0.740438 0.822307 0.040000 0.100000
0 0.706535 0.823188 0.040000 0.100000
0 0.673953 0.820986 0.040000 0.100000
0 0.646880 0.822633 0.040000 0.100000
0 0.619581 0.823074 0.040000 0.100000
0 0.593163 0.822633 0.040000 0.100000
0 0.566305 0.822193 0.040000 0.100000
0 0.516111 0.820872 0.040000 0.100000
0 0.481328 0.820432 0.040000 0.100000
0 0.449186 0.820872 0.040000 0.100000
0 0.334143 0.823315 0.040000 0.100000
0 0.368046 0.822875 0.040000 0.100000
0 0.423083 0.821994 0.040000 0.100000
0 0.302001 0.820233 0.040000 0.100000
0 0.264135 0.821554 0.040000 0.100000
0 0.235075 0.820673 0.040000 0.100000
0 0.180038 0.771360 0.100000 0.040000
0 0.178717 0.740098 0.100000 0.040000
0 0.179983 0.679466 0.100000 0.040000
0 0.178662 0.649525 0.100000 0.040000
0 0.179983 0.616943 0.100000 0.040000
0 0.179103 0.589204 0.100000 0.040000
0 0.178791 0.446031 0.100000 0.040000
0 0.177910 0.470688 0.100000 0.040000
0 0.177910 0.476412 0.100000 0.040000
0 0.179672 0.505472 0.100000 0.040000
0 0.178791 0.542457 0.100000 0.040000
0 0.178791 0.418733 0.100000 0.040000
0 0.178791 0.389233 0.100000 0.040000
0 0.177910 0.354449 0.100000 0.040000
0 0.177805 0.341657 0.100000 0.040000
0 0.178570 0.314648 0.100000 0.040000
0 0.178315 0.302417 0.100000 0.040000
0 0.177909 0.264656 0.100000 0.040000
0 0.178350 0.233835 0.100000 0.040000
