0 0.693675 0.192917 0.04 0.10
0 0.664615 0.192917 0.04 0.10
0 0.720533 0.194238 0.04 0.10
0 0.805071 0.242671 0.04 0.10
0 0.805071 0.273052 0.04 0.10
0 0.804190 0.304753 0.04 0.10
0 0.805192 0.348390 0.04 0.10
0 0.803431 0.373928 0.04 0.10
0 0.803871 0.423681 0.04 0.10
0 0.803871 0.448338 0.04 0.10
0 0.804312 0.467271 0.04 0.10
0 0.804312 0.473876 0.04 0.10
0 0.805109 0.534621 0.04 0.10
0 0.804669 0.544748 0.04 0.10
0 0.804669 0.579091 0.04 0.10
0 0.804669 0.602867 0.04 0.10
0 0.804229 0.630606 0.04 0.10
0 0.804669 0.657905 0.04 0.10
0 0.805513 0.713219 0.04 0.10
0 0.805072 0.742719 0.04 0.10
0 0.804192 0.775741 0.04 0.10
0 0.726259 0.805241 0.04 0.10
0 0.693236 0.805681 0.04 0.10
0 0.665057 0.804801 0.04 0.10
0 0.640401 0.805241 0.04 0.10
0 0.617648 0.805422 0.04 0.10
0 0.592110 0.805422 0.04 0.10
0 0.570095 0.805863 0.04 0.10
0 0.521222 0.805863 0.04 0.10
0 0.514177 0.805863 0.04 0.10
0 0.427919 0.806079 0.04 0.10
0 0.453016 0.805639 0.04 0.10
0 0.483837 0.805639 0.04 0.10
0 0.371121 0.806520 0.04 0.10
0 0.340740 0.804318 0.04 0.10
0 0.308158 0.805639 0.04 0.10
0 0.272053 0.806079 0.04 0.10
0 0.249158 0.804318 0.04 0.10
0 0.194917 0.761007 0.04 0.10
0 0.194036 0.730626 0.04 0.10
0 0.194917 0.669425 0.04 0.10
0 0.194917 0.639925 0.04 0.10
0 0.194917 0.611746 0.04 0.10
0 0.195313 0.585132 0.04 0.10
0 0.195313 0.538901 0.04 0.10
0 0.193992 0.508080 0.04 0.10
0 0.194432 0.474617 0.04 0.10
0 0.194432 0.468013 0.04 0.10
0 0.193552 0.446878 0.04 0.10
0 0.193992 0.421341 0.04 0.10
0 0.194873 0.393602 0.04 0.10
0 0.194149 0.245124 0.04 0.10
0 0.193708 0.271983 0.04 0.10
0 0.194149 0.307647 0.04 0.10
0 0.193268 0.322177 0.04 0.10
0 0.244783 0.194050 0.04 0.10
0 0.277365 0.194930 0.04 0.10
0 0.305544 0.194050 0.04 0.10
0 0.335485 0.194490 0.04 0.10
0 0.362783 0.194050 0.04 0.10
0 0.388528 0.193409 0.04 0.10
0 0.427275 0.193849 0.04 0.10
0 0.436081 0.193409 0.04 0.10
0 0.444006 0.193409 0.04 0.10
0 0.460297 0.193409 0.04 0.10
0 0.467782 0.193409 0.04 0.10
0 0.523700 0.194289 0.04 0.10
0 0.545275 0.193409 0.04 0.10
0 0.589791 0.194770 0.04 0.10
0 0.568640 0.194770 0.04 0.10
0 0.611824 0.195651 0.04 0.10
