0 0.705242 0.210205 0.040000 0.100000
0 0.681907 0.209765 0.040000 0.100000
0 0.656809 0.210205 0.040000 0.100000
0 0.788019 0.252914 0.100000 0.040000
0 0.788019 0.278452 0.100000 0.040000
0 0.788019 0.306631 0.100000 0.040000
0 0.788978 0.350190 0.100000 0.040000
0 0.788538 0.374407 0.100000 0.040000
0 0.788978 0.424161 0.100000 0.040000
0 0.789419 0.446616 0.100000 0.040000
0 0.788978 0.462467 0.100000 0.040000
0 0.787658 0.470832 0.100000 0.040000
0 0.602783 0.211722 0.040000 0.100000
0 0.584716 0.210841 0.040000 0.100000
0 0.565327 0.211722 0.040000 0.100000
0 0.544176 0.212604 0.040000 0.100000
0 0.526109 0.210841 0.040000 0.100000
0 0.468824 0.210841 0.040000 0.100000
0 0.460451 0.210841 0.040000 0.100000
0 0.445469 0.211722 0.040000 0.100000
0 0.437978 0.210841 0.040000 0.100000
0 0.427402 0.210841 0.040000 0.100000
0 0.388625 0.209960 0.040000 0.100000
0 0.364389 0.210400 0.040000 0.100000
0 0.339091 0.208951 0.040000 0.100000
0 0.313533 0.210273 0.040000 0.100000
0 0.287975 0.211155 0.040000 0.100000
0 0.256689 0.210714 0.040000 0.100000
0 0.209539 0.251695 0.100000 0.040000
0 0.210861 0.279456 0.100000 0.040000
0 0.212183 0.314709 0.100000 0.040000
0 0.209979 0.329691 0.100000 0.040000
0 0.211247 0.351334 0.100000 0.040000
0 0.210365 0.366316 0.100000 0.040000
0 0.209484 0.397162 0.100000 0.040000
0 0.210365 0.422280 0.100000 0.040000
0 0.211247 0.444753 0.100000 0.040000
0 0.210806 0.465464 0.100000 0.040000
0 0.211821 0.656505 0.100000 0.040000
0 0.209618 0.632269 0.100000 0.040000
0 0.211380 0.604948 0.100000 0.040000
0 0.211380 0.580272 0.100000 0.040000
0 0.210499 0.535325 0.100000 0.040000
0 0.209177 0.721722 0.100000 0.040000
0 0.210499 0.749042 0.100000 0.040000
0 0.261615 0.789583 0.040000 0.100000
0 0.281004 0.790464 0.040000 0.100000
0 0.317578 0.790464 0.040000 0.100000
0 0.347102 0.790023 0.040000 0.100000
0 0.212620 0.495816 0.100000 0.040000
0 0.208654 0.503307 0.100000 0.040000
0 0.213061 0.526662 0.100000 0.040000
0 0.377068 0.789164 0.040000 0.100000
0 0.436556 0.789164 0.040000 0.100000
0 0.457707 0.789604 0.040000 0.100000
0 0.486791 0.789604 0.040000 0.100000
0 0.522043 0.788282 0.040000 0.100000
0 0.715553 0.790646 0.040000 0.100000
0 0.683385 0.787561 0.040000 0.100000
0 0.658267 0.791087 0.040000 0.100000
0 0.635353 0.788883 0.040000 0.100000
0 0.572422 0.789721 0.040000 0.100000
0 0.593574 0.790602 0.040000 0.100000
0 0.615607 0.789280 0.040000 0.100000
0 0.788248 0.765833 0.100000 0.040000
0 0.788248 0.735869 0.100000 0.040000
0 0.786926 0.707667 0.100000 0.040000
0 0.788248 0.652144 0.100000 0.040000
0 0.787808 0.625705 0.100000 0.040000
0 0.787808 0.602350 0.100000 0.040000
0 0.789696 0.579549 0.100000 0.040000
0 0.788374 0.546060 0.100000 0.040000
0 0.785730 0.531077 0.100000 0.040000
