0 0.772109 0.259427 0.100000 0.040000
0 0.772550 0.283203 0.100000 0.040000
0 0.772990 0.309621 0.100000 0.040000
0 0.771669 0.353211 0.100000 0.040000
0 0.772109 0.372144 0.100000 0.040000
0 0.772990 0.423218 0.100000 0.040000
0 0.690214 0.227726 0.040000 0.100000
0 0.670841 0.228166 0.040000 0.100000
0 0.650587 0.228166 0.040000 0.100000
0 0.597311 0.225084 0.040000 0.100000
0 0.579672 0.226008 0.040000 0.100000
0 0.561180 0.226889 0.040000 0.100000
0 0.545329 0.226449 0.040000 0.100000
0 0.527717 0.226889 0.040000 0.100000
0 0.388221 0.225581 0.040000 0.100000
0 0.427848 0.226461 0.040000 0.100000
0 0.446341 0.227342 0.040000 0.100000
0 0.459550 0.227782 0.040000 0.100000
0 0.468729 0.226493 0.040000 0.100000
0 0.367057 0.226323 0.040000 0.100000
0 0.345042 0.225883 0.040000 0.100000
0 0.321266 0.225002 0.040000 0.100000
0 0.301701 0.228251 0.040000 0.100000
0 0.273962 0.228251 0.040000 0.100000
0 0.225529 0.260393 0.100000 0.040000
0 0.224649 0.284169 0.100000 0.040000
0 0.226410 0.318072 0.100000 0.040000
0 0.227290 0.335244 0.100000 0.040000
0 0.226410 0.361222 0.100000 0.040000
0 0.226850 0.371789 0.100000 0.040000
0 0.225969 0.399968 0.100000 0.040000
0 0.227101 0.422349 0.100000 0.040000
0 0.226082 0.443498 0.100000 0.040000
0 0.227101 0.460825 0.100000 0.040000
0 0.227611 0.471017 0.100000 0.040000
0 0.227451 0.493186 0.100000 0.040000
0 0.227451 0.520704 0.100000 0.040000
0 0.227451 0.529877 0.100000 0.040000
0 0.227451 0.574977 0.100000 0.040000
0 0.227877 0.597636 0.100000 0.040000
0 0.228317 0.620532 0.100000 0.040000
0 0.228317 0.642987 0.100000 0.040000
0 0.226996 0.712114 0.100000 0.040000
0 0.228276 0.735607 0.100000 0.040000
0 0.276269 0.772151 0.040000 0.100000
0 0.293881 0.773913 0.040000 0.100000
0 0.329545 0.773032 0.040000 0.100000
0 0.355523 0.773913 0.040000 0.100000
0 0.381941 0.774353 0.040000 0.100000
0 0.443783 0.773166 0.040000 0.100000
0 0.576246 0.773620 0.040000 0.100000
0 0.594739 0.773620 0.040000 0.100000
0 0.613671 0.773180 0.040000 0.100000
0 0.631724 0.773180 0.040000 0.100000
0 0.524731 0.773620 0.040000 0.100000
0 0.517246 0.772739 0.040000 0.100000
0 0.490828 0.773620 0.040000 0.100000
0 0.462649 0.773180 0.040000 0.100000
0 0.650657 0.772299 0.040000 0.100000
0 0.672671 0.773180 0.040000 0.100000
0 0.703492 0.772739 0.040000 0.100000
0 0.772822 0.755281 0.100000 0.040000
0 0.772822 0.727101 0.100000 0.040000
0 0.772822 0.703766 0.100000 0.040000
0 0.773262 0.646967 0.100000 0.040000
0 0.772214 0.622745 0.100000 0.040000
0 0.772655 0.600730 0.100000 0.040000
0 0.771774 0.580477 0.100000 0.040000
0 0.772214 0.545253 0.100000 0.040000
0 0.772655 0.530723 0.100000 0.040000
0 0.773975 0.468641 0.100000 0.040000
0 0.772655 0.443544 0.100000 0.040000
0 0.772214 0.458073 0.100000 0.040000
