0 0.643214 0.242174 0.040000 0.100000
0 0.661266 0.243495 0.040000 0.100000
0 0.679319 0.242174 0.040000 0.100000
0 0.757692 0.266830 0.100000 0.040000
0 0.758132 0.287084 0.100000 0.040000
0 0.756371 0.310420 0.100000 0.040000
0 0.754169 0.352689 0.100000 0.040000
0 0.757692 0.370301 0.100000 0.040000
0 0.589938 0.241733 0.040000 0.100000
0 0.573647 0.243054 0.040000 0.100000
0 0.559557 0.243054 0.040000 0.100000
0 0.543706 0.243054 0.040000 0.100000
0 0.529617 0.242174 0.040000 0.100000
0 0.468692 0.241450 0.040000 0.100000
0 0.460326 0.241890 0.040000 0.100000
0 0.447557 0.240569 0.040000 0.100000
0 0.438751 0.240569 0.040000 0.100000
0 0.429065 0.241450 0.040000 0.100000
0 0.388117 0.242330 0.040000 0.100000
0 0.369625 0.242771 0.040000 0.100000
0 0.349371 0.240569 0.040000 0.100000
0 0.330438 0.242330 0.040000 0.100000
0 0.311505 0.243651 0.040000 0.100000
0 0.291692 0.244532 0.040000 0.100000
0 0.241147 0.267514 0.100000 0.040000
0 0.242468 0.289529 0.100000 0.040000
0 0.243789 0.322991 0.100000 0.040000
0 0.243789 0.340603 0.100000 0.040000
0 0.242908 0.359536 0.100000 0.040000
0 0.242468 0.375387 0.100000 0.040000
0 0.242468 0.402245 0.100000 0.040000
0 0.241964 0.441992 0.100000 0.040000
0 0.242310 0.458496 0.100000 0.040000
0 0.243074 0.467669 0.100000 0.040000
0 0.242565 0.423333 0.100000 0.040000
0 0.243074 0.487544 0.100000 0.040000
0 0.243074 0.494423 0.100000 0.040000
0 0.243329 0.509457 0.100000 0.040000
0 0.243329 0.516591 0.100000 0.040000
0 0.243584 0.524745 0.100000 0.040000
0 0.242959 0.569817 0.100000 0.040000
0 0.244233 0.589437 0.100000 0.040000
0 0.242959 0.610331 0.100000 0.040000
0 0.244233 0.631734 0.100000 0.040000
0 0.242934 0.702253 0.100000 0.040000
0 0.244208 0.725440 0.100000 0.040000
0 0.292110 0.756016 0.040000 0.100000
0 0.307399 0.756780 0.040000 0.100000
0 0.340127 0.757078 0.040000 0.100000
0 0.363315 0.758352 0.040000 0.100000
0 0.388030 0.758097 0.040000 0.100000
0 0.451221 0.757078 0.040000 0.100000
0 0.580597 0.756673 0.040000 0.100000
0 0.527088 0.757692 0.040000 0.100000
0 0.518170 0.757438 0.040000 0.100000
0 0.495748 0.757947 0.040000 0.100000
0 0.596650 0.756418 0.040000 0.100000
0 0.614231 0.757692 0.040000 0.100000
0 0.629010 0.757438 0.040000 0.100000
0 0.645826 0.757947 0.040000 0.100000
0 0.665446 0.757183 0.040000 0.100000
0 0.693951 0.757204 0.040000 0.100000
0 0.755152 0.740913 0.100000 0.040000
0 0.756913 0.718898 0.100000 0.040000
0 0.757354 0.698204 0.100000 0.040000
0 0.758234 0.639204 0.100000 0.040000
0 0.756473 0.617189 0.100000 0.040000
0 0.756448 0.598501 0.100000 0.040000
0 0.756888 0.579127 0.100000 0.040000
0 0.756448 0.546545 0.100000 0.040000
0 0.755567 0.536418 0.100000 0.040000
0 0.754686 0.464209 0.100000 0.040000
0 0.755567 0.454523 0.100000 0.040000
0 0.755567 0.441314 0.100000 0.040000
0 0.759089 0.529814 0.100000 0.040000
0 0.756403 0.422911 0.100000 0.040000
0 0.728673 0.279075 0.100000 0.040000
0 0.729114 0.294485 0.100000 0.040000
0 0.728233 0.311657 0.100000 0.040000
0 0.729554 0.352605 0.100000 0.040000
0 0.729554 0.367135 0.100000 0.040000
0 0.729114 0.421732 0.100000 0.040000
0 0.728233 0.434941 0.100000 0.040000
0 0.731873 0.449462 0.100000 0.040000
0 0.738038 0.458708 0.100000 0.040000
0 0.738918 0.528275 0.100000 0.040000
0 0.736717 0.537522 0.100000 0.040000
0 0.739358 0.545887 0.100000 0.040000
0 0.735396 0.580671 0.100000 0.040000
0 0.735836 0.595201 0.100000 0.040000
0 0.734955 0.610611 0.100000 0.040000
0 0.734075 0.626022 0.100000 0.040000
0 0.730734 0.720705 0.100000 0.040000
0 0.733816 0.705295 0.100000 0.040000
0 0.735577 0.689885 0.100000 0.040000
0 0.267072 0.686990 0.100000 0.040000
0 0.271035 0.706364 0.100000 0.040000
0 0.266191 0.613901 0.100000 0.040000
0 0.267072 0.596289 0.100000 0.040000
0 0.264870 0.579558 0.100000 0.040000
0 0.262669 0.560625 0.100000 0.040000
0 0.262669 0.518796 0.100000 0.040000
0 0.261788 0.509550 0.100000 0.040000
0 0.267891 0.277888 0.100000 0.040000
0 0.267010 0.296380 0.100000 0.040000
0 0.265689 0.328962 0.100000 0.040000
0 0.265689 0.339089 0.100000 0.040000
0 0.263928 0.347455 0.100000 0.040000
0 0.263928 0.362865 0.100000 0.040000
0 0.264368 0.371231 0.100000 0.040000
0 0.262167 0.379597 0.100000 0.040000
0 0.262455 0.404768 0.100000 0.040000
0 0.262455 0.421839 0.100000 0.040000
0 0.263220 0.438656 0.100000 0.040000
0 0.263220 0.453180 0.100000 0.040000
0 0.262965 0.464901 0.100000 0.040000
0 0.262710 0.480699 0.100000 0.040000
0 0.263474 0.488852 0.100000 0.040000
