0 0.726681 0.184793 0.04 0.10
0 0.696300 0.184793 0.04 0.10
0 0.669001 0.183032 0.04 0.10
0 0.615283 0.183472 0.04 0.10
0 0.814302 0.247757 0.04 0.10
0 0.815182 0.278138 0.04 0.10
0 0.813862 0.311601 0.04 0.10
0 0.815942 0.353650 0.04 0.10
0 0.813300 0.382711 0.04 0.10
0 0.814621 0.430704 0.04 0.10
0 0.814180 0.455361 0.04 0.10
0 0.812859 0.480899 0.04 0.10
0 0.814180 0.547826 0.04 0.10
0 0.815061 0.534176 0.04 0.10
0 0.814621 0.582170 0.04 0.10
0 0.813731 0.606374 0.04 0.10
0 0.813731 0.633673 0.04 0.10
0 0.812851 0.661853 0.04 0.10
0 0.813731 0.715130 0.04 0.10
0 0.814172 0.745952 0.04 0.10
0 0.815272 0.780938 0.04 0.10
0 0.737338 0.816163 0.04 0.10
0 0.701233 0.815282 0.04 0.10
0 0.672173 0.815282 0.04 0.10
0 0.618332 0.815595 0.04 0.10
0 0.646071 0.816035 0.04 0.10
0 0.593234 0.816035 0.04 0.10
0 0.568137 0.815155 0.04 0.10
0 0.523666 0.815155 0.04 0.10
0 0.485359 0.815595 0.04 0.10
0 0.452336 0.816035 0.04 0.10
0 0.425917 0.816035 0.04 0.10
0 0.370286 0.814677 0.04 0.10
0 0.340345 0.815558 0.04 0.10
0 0.307762 0.815558 0.04 0.10
0 0.271657 0.814677 0.04 0.10
0 0.243917 0.815998 0.04 0.10
0 0.184916 0.773289 0.04 0.10
0 0.184476 0.742027 0.04 0.10
0 0.185357 0.683466 0.04 0.10
0 0.185357 0.649562 0.04 0.10
0 0.185840 0.618124 0.04 0.10
0 0.185840 0.590095 0.04 0.10
0 0.185076 0.545759 0.04 0.10
0 0.185189 0.512652 0.04 0.10
0 0.185109 0.450293 0.04 0.10
0 0.185109 0.478458 0.04 0.10
0 0.185404 0.422571 0.04 0.10
0 0.184479 0.393015 0.04 0.10
0 0.184922 0.359100 0.04 0.10
0 0.185217 0.320171 0.04 0.10
0 0.184894 0.271101 0.04 0.10
0 0.184894 0.306786 0.04 0.10
0 0.186811 0.240282 0.04 0.10
0 0.236186 0.185753 0.04 0.10
0 0.270404 0.185780 0.04 0.10
0 0.299158 0.184158 0.04 0.10
0 0.332926 0.184747 0.04 0.10
0 0.389708 0.184931 0.04 0.10
0 0.361543 0.184931 0.04 0.10
0 0.425540 0.184341 0.04 0.10
0 0.464231 0.184911 0.04 0.10
0 0.455822 0.184401 0.04 0.10
0 0.512644 0.183892 0.04 0.10
0 0.563723 0.184213 0.04 0.10
0 0.537223 0.184467 0.04 0.10
0 0.589203 0.184467 0.04 0.10
