0 0.712415 0.200109 0.04 0.10
0 0.800917 0.255588 0.04 0.10
0 0.798171 0.285545 0.04 0.10
0 0.800373 0.314605 0.04 0.10
0 0.799932 0.358635 0.04 0.10
0 0.799052 0.384614 0.04 0.10
0 0.800202 0.431689 0.04 0.10
0 0.799321 0.454585 0.04 0.10
0 0.798881 0.472198 0.04 0.10
0 0.798441 0.539565 0.04 0.10
0 0.798441 0.551013 0.04 0.10
0 0.800202 0.583155 0.04 0.10
0 0.801523 0.605611 0.04 0.10
0 0.799762 0.631148 0.04 0.10
0 0.800202 0.658447 0.04 0.10
0 0.798063 0.710645 0.04 0.10
0 0.800611 0.740712 0.04 0.10
0 0.799592 0.771034 0.04 0.10
0 0.721875 0.799063 0.04 0.10
0 0.690095 0.800212 0.04 0.10
0 0.664359 0.799447 0.04 0.10
0 0.641172 0.800212 0.04 0.10
0 0.616965 0.799193 0.04 0.10
0 0.523512 0.799715 0.04 0.10
0 0.570396 0.799205 0.04 0.10
0 0.593839 0.798186 0.04 0.10
0 0.487584 0.795893 0.04 0.10
0 0.455733 0.798696 0.04 0.10
0 0.432800 0.799205 0.04 0.10
0 0.374752 0.800156 0.04 0.10
0 0.346723 0.798372 0.04 0.10
0 0.315382 0.798882 0.04 0.10
0 0.280850 0.800885 0.04 0.10
0 0.257513 0.800004 0.04 0.10
0 0.198512 0.765660 0.04 0.10
0 0.201559 0.732029 0.04 0.10
0 0.199011 0.673423 0.04 0.10
0 0.202553 0.641946 0.04 0.10
0 0.199240 0.614172 0.04 0.10
0 0.200259 0.587163 0.04 0.10
0 0.199495 0.542571 0.04 0.10
0 0.202043 0.530341 0.04 0.10
0 0.200769 0.504605 0.04 0.10
0 0.200982 0.472136 0.04 0.10
0 0.200982 0.450987 0.04 0.10
0 0.199198 0.424232 0.04 0.10
0 0.200472 0.398496 0.04 0.10
0 0.200982 0.366391 0.04 0.10
0 0.200298 0.249855 0.04 0.10
0 0.250495 0.203225 0.04 0.10
0 0.202082 0.278903 0.04 0.10
0 0.199534 0.326807 0.04 0.10
0 0.280190 0.201808 0.04 0.10
0 0.307455 0.200024 0.04 0.10
0 0.336503 0.200279 0.04 0.10
0 0.362493 0.200024 0.04 0.10
0 0.389757 0.200279 0.04 0.10
0 0.513921 0.198258 0.04 0.10
0 0.536599 0.202080 0.04 0.10
0 0.463724 0.200296 0.04 0.10
0 0.425503 0.201315 0.04 0.10
0 0.441556 0.199532 0.04 0.10
0 0.558680 0.200644 0.04 0.10
0 0.583397 0.200134 0.04 0.10
0 0.607094 0.200389 0.04 0.10
0 0.685384 0.200620 0.04 0.10
0 0.659139 0.200111 0.04 0.10
