0 0.577367 0.216818 0.04 0.10
0 0.599280 0.215543 0.04 0.10
0 0.557747 0.215798 0.04 0.10
0 0.535578 0.216563 0.04 0.10
0 0.517232 0.215543 0.04 0.10
0 0.651006 0.216308 0.04 0.10
0 0.674703 0.217582 0.04 0.10
0 0.698444 0.216653 0.04 0.10
0 0.783804 0.264557 0.04 0.10
0 0.784059 0.290548 0.04 0.10
0 0.783404 0.318178 0.04 0.10
0 0.783404 0.360221 0.04 0.10
0 0.783404 0.382899 0.04 0.10
0 0.783367 0.432988 0.04 0.10
0 0.783866 0.453245 0.04 0.10
0 0.782846 0.469298 0.04 0.10
0 0.783447 0.535272 0.04 0.10
0 0.783192 0.550560 0.04 0.10
0 0.783192 0.584195 0.04 0.10
0 0.783956 0.604579 0.04 0.10
0 0.782571 0.762207 0.04 0.10
0 0.783320 0.732876 0.04 0.10
0 0.783468 0.706923 0.04 0.10
0 0.783376 0.651301 0.04 0.10
0 0.782492 0.627707 0.04 0.10
0 0.216751 0.257317 0.04 0.10
0 0.216338 0.285549 0.04 0.10
0 0.260964 0.215421 0.04 0.10
0 0.365390 0.215847 0.04 0.10
0 0.341675 0.214827 0.04 0.10
0 0.314134 0.214827 0.04 0.10
0 0.289143 0.214317 0.04 0.10
0 0.387576 0.213552 0.04 0.10
0 0.426593 0.214827 0.04 0.10
0 0.464673 0.215544 0.04 0.10
0 0.443508 0.216564 0.04 0.10
0 0.456768 0.215799 0.04 0.10
0 0.217529 0.320876 0.04 0.10
0 0.216764 0.334647 0.04 0.10
0 0.215489 0.370858 0.04 0.10
0 0.216879 0.402074 0.04 0.10
0 0.216624 0.425280 0.04 0.10
0 0.217389 0.448741 0.04 0.10
0 0.217644 0.468376 0.04 0.10
0 0.216624 0.476792 0.04 0.10
0 0.217389 0.499997 0.04 0.10
0 0.217644 0.524478 0.04 0.10
0 0.217899 0.537229 0.04 0.10
0 0.217696 0.582228 0.04 0.10
0 0.216676 0.606708 0.04 0.10
0 0.216421 0.633484 0.04 0.10
0 0.216345 0.660557 0.04 0.10
0 0.215835 0.724819 0.04 0.10
0 0.217110 0.750320 0.04 0.10
0 0.271172 0.784746 0.04 0.10
0 0.292082 0.783981 0.04 0.10
0 0.325649 0.783689 0.04 0.10
0 0.353700 0.784199 0.04 0.10
0 0.379966 0.783944 0.04 0.10
0 0.440895 0.782661 0.04 0.10
0 0.460276 0.783172 0.04 0.10
0 0.490877 0.782917 0.04 0.10
0 0.517653 0.783682 0.04 0.10
0 0.525048 0.782661 0.04 0.10
0 0.573796 0.783663 0.04 0.10
0 0.594451 0.783153 0.04 0.10
0 0.614597 0.782643 0.04 0.10
0 0.635253 0.782898 0.04 0.10
0 0.656419 0.782643 0.04 0.10
0 0.711870 0.783080 0.04 0.10
0 0.680249 0.783335 0.04 0.10
