0 0.275435 0.232956 0.04 0.10
0 0.300533 0.232516 0.04 0.10
0 0.322108 0.232516 0.04 0.10
0 0.346765 0.233396 0.04 0.10
0 0.367460 0.232075 0.04 0.10
0 0.389035 0.232956 0.04 0.10
0 0.428662 0.232516 0.04 0.10
0 0.456842 0.231635 0.04 0.10
0 0.465648 0.231195 0.04 0.10
0 0.645475 0.233042 0.04 0.10
0 0.664848 0.233923 0.04 0.10
0 0.687744 0.233042 0.04 0.10
0 0.592197 0.231721 0.04 0.10
0 0.573705 0.232162 0.04 0.10
0 0.556533 0.232602 0.04 0.10
0 0.538040 0.232162 0.04 0.10
0 0.519987 0.230841 0.04 0.10
0 0.437858 0.232529 0.04 0.10
0 0.445757 0.234312 0.04 0.10
0 0.769160 0.271474 0.04 0.10
0 0.768464 0.295672 0.04 0.10
0 0.768464 0.319889 0.04 0.10
0 0.767583 0.362158 0.04 0.10
0 0.767583 0.382412 0.04 0.10
0 0.766703 0.433928 0.04 0.10
0 0.766703 0.451100 0.04 0.10
0 0.765822 0.466071 0.04 0.10
0 0.768497 0.473491 0.04 0.10
0 0.768497 0.535574 0.04 0.10
0 0.767617 0.550544 0.04 0.10
0 0.766661 0.645786 0.04 0.10
0 0.767541 0.622010 0.04 0.10
0 0.767541 0.603957 0.04 0.10
0 0.768422 0.584584 0.04 0.10
0 0.766661 0.702586 0.04 0.10
0 0.769302 0.726803 0.04 0.10
0 0.766661 0.751020 0.04 0.10
0 0.698413 0.767751 0.04 0.10
0 0.670233 0.767311 0.04 0.10
0 0.649979 0.768632 0.04 0.10
0 0.631046 0.768632 0.04 0.10
0 0.613073 0.768341 0.04 0.10
0 0.594139 0.767901 0.04 0.10
0 0.578288 0.768782 0.04 0.10
0 0.526773 0.769662 0.04 0.10
0 0.517966 0.767461 0.04 0.10
0 0.494630 0.766580 0.04 0.10
0 0.463809 0.767901 0.04 0.10
0 0.446637 0.767020 0.04 0.10
0 0.385143 0.767346 0.04 0.10
0 0.362688 0.766906 0.04 0.10
0 0.336269 0.768227 0.04 0.10
0 0.304567 0.766466 0.04 0.10
0 0.287836 0.766466 0.04 0.10
0 0.231917 0.740047 0.04 0.10
0 0.231917 0.714950 0.04 0.10
0 0.230596 0.651105 0.04 0.10
0 0.232357 0.623366 0.04 0.10
0 0.230596 0.601791 0.04 0.10
0 0.231917 0.577574 0.04 0.10
0 0.232825 0.266703 0.04 0.10
0 0.231503 0.290939 0.04 0.10
0 0.231503 0.324870 0.04 0.10
0 0.230182 0.339852 0.04 0.10
0 0.231944 0.375545 0.04 0.10
0 0.233266 0.366732 0.04 0.10
0 0.231944 0.405510 0.04 0.10
0 0.231503 0.426661 0.04 0.10
0 0.231893 0.448594 0.04 0.10
0 0.231012 0.466220 0.04 0.10
0 0.233215 0.474592 0.04 0.10
0 0.231893 0.496625 0.04 0.10
0 0.232774 0.520420 0.04 0.10
0 0.232774 0.534081 0.04 0.10
