0 0.752131 0.278211 0.04 0.10
0 0.751766 0.299369 0.04 0.10
0 0.750886 0.321384 0.04 0.10
0 0.750005 0.362773 0.04 0.10
0 0.750886 0.379945 0.04 0.10
0 0.751326 0.432341 0.04 0.10
0 0.753087 0.448633 0.04 0.10
0 0.750445 0.461402 0.04 0.10
0 0.752207 0.471088 0.04 0.10
0 0.749683 0.534558 0.04 0.10
0 0.751444 0.550849 0.04 0.10
0 0.751884 0.584313 0.04 0.10
0 0.751004 0.601484 0.04 0.10
0 0.750563 0.619537 0.04 0.10
0 0.751004 0.638911 0.04 0.10
0 0.751884 0.696591 0.04 0.10
0 0.751004 0.717285 0.04 0.10
0 0.749683 0.739741 0.04 0.10
0 0.250035 0.727873 0.04 0.10
0 0.248252 0.704176 0.04 0.10
0 0.248832 0.635652 0.04 0.10
0 0.247303 0.613484 0.04 0.10
0 0.247812 0.592335 0.04 0.10
0 0.248322 0.571695 0.04 0.10
0 0.247622 0.528137 0.04 0.10
0 0.247112 0.514632 0.04 0.10
0 0.247622 0.499089 0.04 0.10
0 0.248641 0.490425 0.04 0.10
0 0.248386 0.471060 0.04 0.10
0 0.247876 0.462142 0.04 0.10
0 0.248641 0.446598 0.04 0.10
0 0.246857 0.426978 0.04 0.10
0 0.248713 0.408488 0.04 0.10
0 0.246930 0.379695 0.04 0.10
0 0.249223 0.364916 0.04 0.10
0 0.248204 0.346061 0.04 0.10
0 0.249733 0.331027 0.04 0.10
0 0.247949 0.295864 0.04 0.10
0 0.249059 0.274483 0.04 0.10
