0 0.817486 0.215319 0.04 0.10
0 0.726266 0.182194 0.04 0.10
0 0.817741 0.247680 0.04 0.10
0 0.815445 0.279919 0.04 0.10
0 0.817228 0.322981 0.04 0.10
0 0.814426 0.350245 0.04 0.10
0 0.816781 0.397946 0.04 0.10
0 0.816339 0.423603 0.04 0.10
0 0.815896 0.449408 0.04 0.10
0 0.815826 0.508443 0.04 0.10
0 0.815316 0.547174 0.04 0.10
0 0.816590 0.572909 0.04 0.10
0 0.815523 0.602425 0.04 0.10
0 0.818581 0.634276 0.04 0.10
0 0.815523 0.685747 0.04 0.10
0 0.816727 0.719657 0.04 0.10
0 0.816981 0.749724 0.04 0.10
0 0.735989 0.816454 0.04 0.10
0 0.698532 0.818238 0.04 0.10
0 0.637749 0.815915 0.04 0.10
0 0.665268 0.816934 0.04 0.10
0 0.613542 0.816170 0.04 0.10
0 0.586278 0.816424 0.04 0.10
0 0.558802 0.816381 0.04 0.10
0 0.483635 0.817400 0.04 0.10
0 0.451274 0.816635 0.04 0.10
0 0.425342 0.816698 0.04 0.10
0 0.373362 0.815169 0.04 0.10
0 0.341511 0.816443 0.04 0.10
0 0.307367 0.816188 0.04 0.10
0 0.236956 0.817997 0.04 0.10
0 0.269826 0.815194 0.04 0.10
0 0.184422 0.752350 0.04 0.10
0 0.182638 0.720754 0.04 0.10
0 0.183591 0.655836 0.04 0.10
0 0.182572 0.625514 0.04 0.10
0 0.187158 0.592390 0.04 0.10
0 0.181298 0.565890 0.04 0.10
0 0.182646 0.517170 0.04 0.10
0 0.183411 0.489141 0.04 0.10
0 0.183665 0.460603 0.04 0.10
0 0.183156 0.426204 0.04 0.10
0 0.184376 0.399948 0.04 0.10
0 0.178770 0.370135 0.04 0.10
0 0.182592 0.330640 0.04 0.10
0 0.185650 0.341852 0.04 0.10
0 0.183357 0.306943 0.04 0.10
0 0.180299 0.289617 0.04 0.10
0 0.181063 0.298790 0.04 0.10
0 0.182526 0.252905 0.04 0.10
0 0.183545 0.222583 0.04 0.10
0 0.239603 0.184872 0.04 0.10
0 0.270434 0.184617 0.04 0.10
0 0.300025 0.183721 0.04 0.10
0 0.330347 0.182447 0.04 0.10
0 0.357357 0.182702 0.04 0.10
0 0.384111 0.183721 0.04 0.10
0 0.427428 0.182447 0.04 0.10
0 0.441188 0.182192 0.04 0.10
0 0.461457 0.183535 0.04 0.10
0 0.521082 0.184809 0.04 0.10
0 0.545289 0.184554 0.04 0.10
0 0.570005 0.184554 0.04 0.10
0 0.593752 0.183485 0.04 0.10
0 0.621526 0.183230 0.04 0.10
0 0.671213 0.184504 0.04 0.10
0 0.699496 0.183994 0.04 0.10
