0 0.610343 0.199343 0.04 0.10
0 0.585686 0.199343 0.04 0.10
0 0.566313 0.199783 0.04 0.10
0 0.545178 0.198903 0.04 0.10
0 0.521402 0.198462 0.04 0.10
0 0.426600 0.200608 0.04 0.10
0 0.459980 0.199334 0.04 0.10
0 0.442398 0.199079 0.04 0.10
0 0.384048 0.198570 0.04 0.10
0 0.467624 0.198060 0.04 0.10
0 0.664093 0.198963 0.04 0.10
0 0.687869 0.198083 0.04 0.10
0 0.711645 0.198083 0.04 0.10
0 0.802348 0.223180 0.04 0.10
0 0.800147 0.254001 0.04 0.10
0 0.800147 0.283061 0.04 0.10
0 0.800147 0.325771 0.04 0.10
0 0.802789 0.350428 0.04 0.10
0 0.800440 0.399398 0.04 0.10
0 0.800440 0.423095 0.04 0.10
0 0.800440 0.446792 0.04 0.10
0 0.800509 0.508210 0.04 0.10
0 0.801273 0.547195 0.04 0.10
0 0.801018 0.571911 0.04 0.10
0 0.800509 0.598921 0.04 0.10
0 0.800966 0.626669 0.04 0.10
0 0.800711 0.680943 0.04 0.10
0 0.802495 0.711774 0.04 0.10
0 0.799418 0.737739 0.04 0.10
0 0.721962 0.800636 0.04 0.10
0 0.687308 0.800126 0.04 0.10
0 0.655967 0.801400 0.04 0.10
0 0.633366 0.801095 0.04 0.10
0 0.611962 0.799821 0.04 0.10
0 0.585462 0.800331 0.04 0.10
0 0.561510 0.800840 0.04 0.10
0 0.485169 0.800348 0.04 0.10
0 0.515746 0.799839 0.04 0.10
0 0.455335 0.801086 0.04 0.10
0 0.431128 0.801086 0.04 0.10
0 0.377364 0.800577 0.04 0.10
0 0.345989 0.801063 0.04 0.10
0 0.314393 0.801063 0.04 0.10
0 0.278465 0.800043 0.04 0.10
0 0.251742 0.800807 0.04 0.10
0 0.198998 0.741437 0.04 0.10
0 0.201761 0.709230 0.04 0.10
0 0.199722 0.645274 0.04 0.10
0 0.198958 0.617755 0.04 0.10
0 0.201478 0.587960 0.04 0.10
0 0.197911 0.559931 0.04 0.10
0 0.196892 0.511518 0.04 0.10
0 0.200969 0.491898 0.04 0.10
0 0.196127 0.485528 0.04 0.10
0 0.199694 0.449051 0.04 0.10
0 0.195362 0.457205 0.04 0.10
0 0.196636 0.424335 0.04 0.10
0 0.198929 0.400638 0.04 0.10
0 0.197910 0.373883 0.04 0.10
0 0.198929 0.351460 0.04 0.10
0 0.198929 0.335917 0.04 0.10
0 0.199184 0.313494 0.04 0.10
0 0.198306 0.296270 0.04 0.10
0 0.199948 0.232033 0.04 0.10
0 0.197400 0.258024 0.04 0.10
0 0.255241 0.200692 0.04 0.10
0 0.278938 0.198399 0.04 0.10
0 0.358684 0.198394 0.04 0.10
0 0.333458 0.197884 0.04 0.10
0 0.306958 0.199413 0.04 0.10
