0 0.785179 0.231741 0.100000 0.040000
0 0.784418 0.260654 0.100000 0.040000
0 0.783657 0.286522 0.100000 0.040000
0 0.782136 0.329130 0.100000 0.040000
0 0.783657 0.351955 0.100000 0.040000
0 0.784210 0.401110 0.100000 0.040000
0 0.783445 0.422259 0.100000 0.040000
0 0.782171 0.450288 0.100000 0.040000
0 0.784036 0.509835 0.100000 0.040000
0 0.784477 0.550343 0.100000 0.040000
0 0.784036 0.572799 0.100000 0.040000
0 0.784477 0.597896 0.100000 0.040000
0 0.783596 0.522164 0.100000 0.040000
0 0.784510 0.622351 0.100000 0.040000
0 0.783189 0.676949 0.100000 0.040000
0 0.784951 0.704688 0.100000 0.040000
0 0.782749 0.728905 0.100000 0.040000
0 0.710539 0.783943 0.040000 0.100000
0 0.678397 0.784383 0.040000 0.100000
0 0.648896 0.783943 0.040000 0.100000
0 0.629083 0.783943 0.040000 0.100000
0 0.610149 0.784203 0.040000 0.100000
0 0.588134 0.783763 0.040000 0.100000
0 0.564798 0.785084 0.040000 0.100000
0 0.522969 0.783763 0.040000 0.100000
0 0.489506 0.784203 0.040000 0.100000
0 0.459565 0.784644 0.040000 0.100000
0 0.437990 0.784644 0.040000 0.100000
0 0.381111 0.784406 0.040000 0.100000
0 0.352492 0.784846 0.040000 0.100000
0 0.323431 0.785287 0.040000 0.100000
0 0.287767 0.784846 0.040000 0.100000
0 0.264431 0.784406 0.040000 0.100000
0 0.215997 0.731129 0.100000 0.040000
0 0.215116 0.701188 0.100000 0.040000
0 0.215476 0.633730 0.100000 0.040000
0 0.214595 0.608633 0.100000 0.040000
0 0.214595 0.582214 0.100000 0.040000
0 0.215035 0.556677 0.100000 0.040000
0 0.214155 0.507803 0.100000 0.040000
0 0.214155 0.482705 0.100000 0.040000
0 0.214595 0.456287 0.100000 0.040000
0 0.214123 0.424853 0.100000 0.040000
0 0.214123 0.402837 0.100000 0.040000
0 0.213683 0.379501 0.100000 0.040000
0 0.215004 0.341195 0.100000 0.040000
0 0.215004 0.357926 0.100000 0.040000
0 0.215004 0.320060 0.100000 0.040000
0 0.215004 0.303769 0.100000 0.040000
0 0.215444 0.266343 0.100000 0.040000
0 0.214563 0.241245 0.100000 0.040000
0 0.266519 0.214827 0.040000 0.100000
0 0.290736 0.214827 0.040000 0.100000
0 0.314513 0.215708 0.040000 0.100000
0 0.340050 0.216148 0.040000 0.100000
0 0.362506 0.216588 0.040000 0.100000
0 0.523578 0.213342 0.040000 0.100000
0 0.543392 0.215544 0.040000 0.100000
0 0.564086 0.213342 0.040000 0.100000
0 0.582139 0.214223 0.040000 0.100000
0 0.601512 0.213342 0.040000 0.100000
0 0.654349 0.215104 0.040000 0.100000
0 0.677685 0.216424 0.040000 0.100000
0 0.696618 0.215544 0.040000 0.100000
0 0.465458 0.213342 0.040000 0.100000
0 0.442562 0.213342 0.040000 0.100000
0 0.427592 0.214223 0.040000 0.100000
0 0.459734 0.215104 0.040000 0.100000
