0 0.768452 0.241711 0.04 0.10
0 0.768452 0.266809 0.04 0.10
0 0.768452 0.290145 0.04 0.10
0 0.768012 0.332414 0.04 0.10
0 0.768452 0.352668 0.04 0.10
0 0.683473 0.231144 0.04 0.10
0 0.668503 0.231144 0.04 0.10
0 0.648689 0.231584 0.04 0.10
0 0.767571 0.405065 0.04 0.10
0 0.767571 0.423117 0.04 0.10
0 0.767967 0.443806 0.04 0.10
0 0.768848 0.512054 0.04 0.10
0 0.768408 0.553002 0.04 0.10
0 0.594683 0.231488 0.04 0.10
0 0.576190 0.231488 0.04 0.10
0 0.560339 0.231488 0.04 0.10
0 0.542286 0.231488 0.04 0.10
0 0.526435 0.231929 0.04 0.10
0 0.466114 0.231929 0.04 0.10
0 0.459069 0.231048 0.04 0.10
0 0.430009 0.233249 0.04 0.10
0 0.445419 0.231929 0.04 0.10
0 0.365909 0.232578 0.04 0.10
0 0.385282 0.229937 0.04 0.10
0 0.344774 0.230377 0.04 0.10
0 0.323640 0.231257 0.04 0.10
0 0.303386 0.232138 0.04 0.10
0 0.281811 0.231698 0.04 0.10
0 0.230735 0.251952 0.04 0.10
0 0.230735 0.273527 0.04 0.10
0 0.229414 0.308751 0.04 0.10
0 0.229855 0.327244 0.04 0.10
0 0.229855 0.347498 0.04 0.10
0 0.230295 0.362909 0.04 0.10
0 0.228974 0.383163 0.04 0.10
0 0.228534 0.405618 0.04 0.10
0 0.229680 0.426617 0.04 0.10
0 0.230121 0.447752 0.04 0.10
0 0.230121 0.456998 0.04 0.10
0 0.230561 0.479894 0.04 0.10
0 0.232322 0.486059 0.04 0.10
0 0.231882 0.503671 0.04 0.10
0 0.231442 0.516880 0.04 0.10
0 0.231001 0.552985 0.04 0.10
0 0.230561 0.577202 0.04 0.10
0 0.231001 0.601859 0.04 0.10
0 0.231001 0.623434 0.04 0.10
0 0.230778 0.694237 0.04 0.10
0 0.230778 0.722416 0.04 0.10
0 0.278771 0.767768 0.04 0.10
0 0.298585 0.769969 0.04 0.10
0 0.333369 0.769529 0.04 0.10
0 0.359787 0.767327 0.04 0.10
0 0.385325 0.770409 0.04 0.10
0 0.568729 0.768565 0.04 0.10
0 0.589864 0.768125 0.04 0.10
0 0.609237 0.767245 0.04 0.10
0 0.625969 0.768565 0.04 0.10
0 0.644462 0.768565 0.04 0.10
0 0.670440 0.768565 0.04 0.10
0 0.698619 0.769446 0.04 0.10
0 0.768145 0.721030 0.04 0.10
0 0.767705 0.699455 0.04 0.10
0 0.767265 0.673037 0.04 0.10
0 0.767265 0.617999 0.04 0.10
0 0.767705 0.595103 0.04 0.10
0 0.769026 0.573528 0.04 0.10
0 0.524223 0.767847 0.04 0.10
0 0.492081 0.768287 0.04 0.10
0 0.462581 0.768287 0.04 0.10
0 0.444968 0.769168 0.04 0.10
