0 0.753006 0.251500 0.04 0.10
0 0.753006 0.274836 0.04 0.10
0 0.753006 0.294209 0.04 0.10
0 0.753006 0.336479 0.04 0.10
0 0.753446 0.354971 0.04 0.10
0 0.752606 0.406989 0.04 0.10
0 0.751725 0.423280 0.04 0.10
0 0.752606 0.442654 0.04 0.10
0 0.752606 0.449258 0.04 0.10
0 0.753486 0.515304 0.04 0.10
0 0.752606 0.528073 0.04 0.10
0 0.752166 0.557133 0.04 0.10
0 0.752234 0.575973 0.04 0.10
0 0.752675 0.594906 0.04 0.10
0 0.752675 0.615600 0.04 0.10
0 0.752675 0.672400 0.04 0.10
0 0.753115 0.693975 0.04 0.10
0 0.752675 0.713348 0.04 0.10
0 0.245914 0.712822 0.04 0.10
0 0.245914 0.687725 0.04 0.10
0 0.246641 0.615066 0.04 0.10
0 0.245320 0.595252 0.04 0.10
0 0.247082 0.573677 0.04 0.10
0 0.246201 0.552983 0.04 0.10
0 0.245761 0.514236 0.04 0.10
0 0.246641 0.500146 0.04 0.10
0 0.246641 0.484295 0.04 0.10
0 0.246641 0.477691 0.04 0.10
0 0.245597 0.456151 0.04 0.10
0 0.245597 0.446465 0.04 0.10
0 0.245156 0.427972 0.04 0.10
0 0.246477 0.410360 0.04 0.10
0 0.247358 0.390546 0.04 0.10
0 0.246917 0.369852 0.04 0.10
0 0.246917 0.352680 0.04 0.10
0 0.246917 0.333306 0.04 0.10
0 0.246477 0.325821 0.04 0.10
0 0.246477 0.315694 0.04 0.10
0 0.247358 0.281791 0.04 0.10
0 0.248238 0.261977 0.04 0.10
