0 0.235290 0.183614 0.040000 0.100000
0 0.266992 0.184054 0.040000 0.100000
0 0.299574 0.185375 0.040000 0.100000
0 0.329955 0.184494 0.040000 0.100000
0 0.359015 0.184494 0.040000 0.100000
0 0.387195 0.184054 0.040000 0.100000
0 0.183774 0.222801 0.100000 0.040000
0 0.182893 0.251861 0.100000 0.040000
0 0.183774 0.292809 0.100000 0.040000
0 0.182893 0.305578 0.100000 0.040000
0 0.183334 0.331997 0.100000 0.040000
0 0.182453 0.345206 0.100000 0.040000
0 0.183564 0.372781 0.100000 0.040000
0 0.184005 0.400961 0.100000 0.040000
0 0.183124 0.427379 0.100000 0.040000
0 0.183564 0.455559 0.100000 0.040000
0 0.184005 0.492104 0.100000 0.040000
0 0.184005 0.516761 0.100000 0.040000
0 0.184885 0.530410 0.100000 0.040000
0 0.185326 0.566075 0.100000 0.040000
0 0.184538 0.597096 0.100000 0.040000
0 0.184978 0.626156 0.100000 0.040000
0 0.184538 0.659179 0.100000 0.040000
0 0.184538 0.720382 0.100000 0.040000
0 0.185859 0.752524 0.100000 0.040000
0 0.239135 0.815487 0.040000 0.100000
0 0.268196 0.817249 0.040000 0.100000
0 0.307823 0.815928 0.040000 0.100000
0 0.341251 0.815255 0.040000 0.100000
0 0.372513 0.816136 0.040000 0.100000
0 0.425790 0.815695 0.040000 0.100000
0 0.453089 0.814815 0.040000 0.100000
0 0.484791 0.816576 0.040000 0.100000
0 0.516493 0.815255 0.040000 0.100000
0 0.522216 0.814374 0.040000 0.100000
0 0.565366 0.814815 0.040000 0.100000
0 0.591785 0.814374 0.040000 0.100000
0 0.618617 0.815250 0.040000 0.100000
0 0.644155 0.817011 0.040000 0.100000
0 0.670573 0.814809 0.040000 0.100000
0 0.704036 0.813488 0.040000 0.100000
0 0.740141 0.815250 0.040000 0.100000
0 0.813771 0.751335 0.100000 0.040000
0 0.814651 0.722275 0.100000 0.040000
0 0.815972 0.691453 0.100000 0.040000
0 0.816853 0.640818 0.100000 0.040000
0 0.816853 0.609997 0.100000 0.040000
0 0.814651 0.581817 0.100000 0.040000
0 0.816853 0.557601 0.100000 0.040000
0 0.815137 0.515331 0.100000 0.040000
0 0.815265 0.460421 0.100000 0.040000
0 0.814755 0.453796 0.100000 0.040000
0 0.815265 0.428060 0.100000 0.040000
0 0.815670 0.401837 0.100000 0.040000
0 0.816110 0.353843 0.100000 0.040000
0 0.815229 0.324783 0.100000 0.040000
0 0.816110 0.281193 0.100000 0.040000
0 0.816110 0.252133 0.100000 0.040000
0 0.816550 0.217349 0.100000 0.040000
0 0.724086 0.185206 0.040000 0.100000
0 0.700310 0.183005 0.040000 0.100000
0 0.670369 0.183886 0.040000 0.100000
0 0.618719 0.183093 0.040000 0.100000
0 0.596264 0.181772 0.040000 0.100000
0 0.569845 0.182653 0.040000 0.100000
0 0.544308 0.182212 0.040000 0.100000
0 0.520091 0.183093 0.040000 0.100000
0 0.465493 0.183533 0.040000 0.100000
0 0.460650 0.181332 0.040000 0.100000
0 0.442157 0.182653 0.040000 0.100000
0 0.436873 0.182212 0.040000 0.100000
0 0.424985 0.183093 0.040000 0.100000
