0 0.799983 0.225490 0.04 0.10
0 0.799102 0.257632 0.04 0.10
0 0.799102 0.283169 0.04 0.10
0 0.799102 0.326319 0.04 0.10
0 0.799102 0.353618 0.04 0.10
0 0.800076 0.403110 0.04 0.10
0 0.800076 0.427767 0.04 0.10
0 0.799636 0.451544 0.04 0.10
0 0.799196 0.458589 0.04 0.10
0 0.799636 0.516269 0.04 0.10
0 0.799636 0.558098 0.04 0.10
0 0.799636 0.580553 0.04 0.10
0 0.798755 0.604770 0.04 0.10
0 0.798177 0.633856 0.04 0.10
0 0.797736 0.686294 0.04 0.10
0 0.800380 0.715378 0.04 0.10
0 0.799058 0.741817 0.04 0.10
0 0.725469 0.798662 0.04 0.10
0 0.694182 0.799543 0.04 0.10
0 0.663178 0.801320 0.04 0.10
0 0.638501 0.800438 0.04 0.10
0 0.616468 0.799998 0.04 0.10
0 0.593113 0.799557 0.04 0.10
0 0.568437 0.799998 0.04 0.10
0 0.523490 0.800438 0.04 0.10
0 0.516880 0.799998 0.04 0.10
0 0.487797 0.799557 0.04 0.10
0 0.456070 0.797354 0.04 0.10
0 0.432715 0.799557 0.04 0.10
0 0.377997 0.799480 0.04 0.10
0 0.348033 0.799480 0.04 0.10
0 0.315865 0.800802 0.04 0.10
0 0.281494 0.799040 0.04 0.10
0 0.251088 0.799040 0.04 0.10
0 0.199532 0.741314 0.04 0.10
0 0.199532 0.711790 0.04 0.10
0 0.200233 0.645716 0.04 0.10
0 0.199793 0.618396 0.04 0.10
0 0.200233 0.590634 0.04 0.10
0 0.200674 0.561110 0.04 0.10
0 0.199793 0.511757 0.04 0.10
0 0.199969 0.487269 0.04 0.10
0 0.200479 0.458453 0.04 0.10
0 0.200143 0.426324 0.04 0.10
0 0.200583 0.401207 0.04 0.10
0 0.200143 0.375649 0.04 0.10
0 0.198821 0.349650 0.04 0.10
0 0.199702 0.336871 0.04 0.10
0 0.199702 0.312194 0.04 0.10
0 0.200583 0.299415 0.04 0.10
0 0.199546 0.258443 0.04 0.10
0 0.199841 0.232912 0.04 0.10
0 0.247372 0.198131 0.04 0.10
0 0.275932 0.197621 0.04 0.10
0 0.305149 0.198936 0.04 0.10
0 0.334297 0.198878 0.04 0.10
0 0.359855 0.198878 0.04 0.10
0 0.384973 0.197556 0.04 0.10
0 0.425513 0.199319 0.04 0.10
0 0.436970 0.199759 0.04 0.10
0 0.443139 0.199759 0.04 0.10
0 0.459443 0.198878 0.04 0.10
0 0.464291 0.201963 0.04 0.10
0 0.686925 0.199677 0.04 0.10
0 0.709840 0.200558 0.04 0.10
0 0.660927 0.199677 0.04 0.10
0 0.608048 0.200558 0.04 0.10
0 0.588659 0.199677 0.04 0.10
0 0.565745 0.200998 0.04 0.10
0 0.520927 0.199714 0.04 0.10
0 0.542960 0.200154 0.04 0.10
