0 0.696771 0.215226 0.040000 0.100000
0 0.676957 0.215226 0.040000 0.100000
0 0.653621 0.215667 0.040000 0.100000
0 0.783071 0.235040 0.100000 0.040000
0 0.783071 0.262779 0.100000 0.040000
0 0.783511 0.286115 0.100000 0.040000
0 0.784200 0.330528 0.100000 0.040000
0 0.783760 0.354745 0.100000 0.040000
0 0.782879 0.404499 0.100000 0.040000
0 0.783760 0.427836 0.100000 0.040000
0 0.783760 0.448970 0.100000 0.040000
0 0.782879 0.456896 0.100000 0.040000
0 0.783107 0.516216 0.100000 0.040000
0 0.782852 0.525389 0.100000 0.040000
0 0.782852 0.560552 0.100000 0.040000
0 0.782597 0.580937 0.100000 0.040000
0 0.783361 0.602850 0.100000 0.040000
0 0.782852 0.629860 0.100000 0.040000
0 0.784433 0.682750 0.100000 0.040000
0 0.783413 0.708995 0.100000 0.040000
0 0.782904 0.731928 0.100000 0.040000
0 0.713039 0.782849 0.040000 0.100000
0 0.682810 0.783587 0.040000 0.100000
0 0.655671 0.782894 0.040000 0.100000
0 0.634585 0.784368 0.040000 0.100000
0 0.614383 0.783189 0.040000 0.100000
0 0.593444 0.784368 0.040000 0.100000
0 0.571980 0.784277 0.040000 0.100000
0 0.524531 0.784659 0.040000 0.100000
0 0.517927 0.781577 0.040000 0.100000
0 0.491068 0.782017 0.040000 0.100000
0 0.459806 0.782457 0.040000 0.100000
0 0.439552 0.783338 0.040000 0.100000
0 0.382292 0.783450 0.040000 0.100000
0 0.354112 0.783450 0.040000 0.100000
0 0.325492 0.783450 0.040000 0.100000
0 0.290708 0.782570 0.040000 0.100000
0 0.265170 0.783450 0.040000 0.100000
0 0.217177 0.731054 0.100000 0.040000
0 0.215416 0.701994 0.100000 0.040000
0 0.215854 0.635904 0.100000 0.040000
0 0.214974 0.609486 0.100000 0.040000
0 0.215854 0.584388 0.100000 0.040000
0 0.215854 0.557530 0.100000 0.040000
0 0.216295 0.507775 0.100000 0.040000
0 0.216735 0.484439 0.100000 0.040000
0 0.214974 0.458021 0.100000 0.040000
0 0.216735 0.450095 0.100000 0.040000
0 0.215414 0.425879 0.100000 0.040000
0 0.214974 0.403423 0.100000 0.040000
0 0.216475 0.382012 0.100000 0.040000
0 0.215965 0.356532 0.100000 0.040000
0 0.216475 0.342262 0.100000 0.040000
0 0.216209 0.240983 0.100000 0.040000
0 0.215445 0.265699 0.100000 0.040000
0 0.215954 0.305194 0.100000 0.040000
0 0.215468 0.318730 0.100000 0.040000
0 0.361133 0.214322 0.040000 0.100000
0 0.338710 0.213558 0.040000 0.100000
0 0.312974 0.215596 0.040000 0.100000
0 0.286729 0.215087 0.040000 0.100000
0 0.264816 0.216870 0.040000 0.100000
0 0.385339 0.214577 0.040000 0.100000
0 0.426618 0.214322 0.040000 0.100000
0 0.436965 0.214542 0.040000 0.100000
0 0.443570 0.216303 0.040000 0.100000
0 0.464264 0.214542 0.040000 0.100000
0 0.523265 0.214542 0.040000 0.100000
0 0.542198 0.214542 0.040000 0.100000
0 0.562012 0.215423 0.040000 0.100000
0 0.581825 0.215863 0.040000 0.100000
0 0.600346 0.216483 0.040000 0.100000
