0 0.769274 0.243668 0.100000 0.040000
0 0.768514 0.270298 0.100000 0.040000
0 0.766992 0.291601 0.100000 0.040000
0 0.767867 0.334447 0.100000 0.040000
0 0.768122 0.356105 0.100000 0.040000
0 0.768887 0.407321 0.100000 0.040000
0 0.768632 0.428216 0.100000 0.040000
0 0.767867 0.447326 0.100000 0.040000
0 0.767867 0.454715 0.100000 0.040000
0 0.768749 0.518251 0.100000 0.040000
0 0.766711 0.531246 0.100000 0.040000
0 0.767220 0.563861 0.100000 0.040000
0 0.767730 0.582207 0.100000 0.040000
0 0.766381 0.602513 0.100000 0.040000
0 0.766821 0.625408 0.100000 0.040000
0 0.766821 0.680887 0.100000 0.040000
0 0.767701 0.704223 0.100000 0.040000
0 0.767261 0.723156 0.100000 0.040000
0 0.704000 0.768675 0.040000 0.100000
0 0.674499 0.769556 0.040000 0.100000
0 0.648962 0.769115 0.040000 0.100000
0 0.630469 0.769115 0.040000 0.100000
0 0.611976 0.768675 0.040000 0.100000
0 0.593483 0.768675 0.040000 0.100000
0 0.576139 0.767875 0.040000 0.100000
0 0.526384 0.768316 0.040000 0.100000
0 0.518459 0.768316 0.040000 0.100000
0 0.493802 0.768316 0.040000 0.100000
0 0.465182 0.768316 0.040000 0.100000
0 0.447129 0.767435 0.040000 0.100000
0 0.386519 0.769189 0.040000 0.100000
0 0.362302 0.766988 0.040000 0.100000
0 0.335003 0.768309 0.040000 0.100000
0 0.302861 0.766107 0.040000 0.100000
0 0.280845 0.766988 0.040000 0.100000
0 0.232364 0.721807 0.100000 0.040000
0 0.231484 0.694949 0.100000 0.040000
0 0.233245 0.625380 0.100000 0.040000
0 0.233245 0.601164 0.100000 0.040000
0 0.233167 0.579536 0.100000 0.040000
0 0.231406 0.555759 0.100000 0.040000
0 0.230966 0.504244 0.100000 0.040000
0 0.233167 0.481788 0.100000 0.040000
0 0.231406 0.457131 0.100000 0.040000
0 0.232727 0.449646 0.100000 0.040000
0 0.232135 0.427322 0.100000 0.040000
0 0.231625 0.406173 0.100000 0.040000
0 0.230861 0.386553 0.100000 0.040000
0 0.231371 0.362346 0.100000 0.040000
0 0.232383 0.347795 0.100000 0.040000
0 0.232678 0.327151 0.100000 0.040000
0 0.233858 0.312111 0.100000 0.040000
0 0.232322 0.274149 0.100000 0.040000
0 0.232832 0.252236 0.100000 0.040000
0 0.279716 0.231087 0.040000 0.100000
0 0.298317 0.230578 0.040000 0.100000
0 0.321249 0.231087 0.040000 0.100000
0 0.427603 0.229672 0.040000 0.100000
0 0.439105 0.230705 0.040000 0.100000
0 0.446625 0.229967 0.040000 0.100000
0 0.459896 0.230852 0.040000 0.100000
0 0.466384 0.230705 0.040000 0.100000
0 0.525474 0.230148 0.040000 0.100000
0 0.541018 0.229129 0.040000 0.100000
0 0.560128 0.230403 0.040000 0.100000
0 0.576445 0.231496 0.040000 0.100000
0 0.593262 0.230477 0.040000 0.100000
0 0.646771 0.230477 0.040000 0.100000
0 0.668175 0.230987 0.040000 0.100000
0 0.683718 0.230987 0.040000 0.100000
