0 0.752189 0.254104 0.04 0.10
0 0.751425 0.277291 0.04 0.10
0 0.752954 0.296401 0.04 0.10
0 0.753209 0.338190 0.04 0.10
0 0.245970 0.261741 0.04 0.10
0 0.248173 0.281130 0.04 0.10
0 0.246851 0.316823 0.04 0.10
0 0.245970 0.334009 0.04 0.10
0 0.248173 0.353397 0.04 0.10
0 0.248173 0.361770 0.04 0.10
0 0.248614 0.369702 0.04 0.10
0 0.247322 0.392194 0.04 0.10
0 0.751883 0.358587 0.04 0.10
0 0.751883 0.410584 0.04 0.10
0 0.752324 0.428651 0.04 0.10
0 0.751883 0.445396 0.04 0.10
0 0.751442 0.452447 0.04 0.10
0 0.753288 0.520207 0.04 0.10
0 0.751966 0.528580 0.04 0.10
0 0.756372 0.533427 0.04 0.10
0 0.751966 0.566035 0.04 0.10
0 0.751525 0.583661 0.04 0.10
0 0.751525 0.601288 0.04 0.10
0 0.751966 0.621998 0.04 0.10
0 0.751966 0.678843 0.04 0.10
0 0.751966 0.697351 0.04 0.10
0 0.751525 0.716739 0.04 0.10
0 0.248342 0.712305 0.04 0.10
0 0.247461 0.688069 0.04 0.10
0 0.247902 0.616242 0.04 0.10
0 0.247020 0.594650 0.04 0.10
0 0.248342 0.574821 0.04 0.10
0 0.247459 0.409277 0.04 0.10
0 0.247019 0.428666 0.04 0.10
0 0.246578 0.449817 0.04 0.10
0 0.247019 0.458631 0.04 0.10
0 0.246137 0.479782 0.04 0.10
0 0.248781 0.485951 0.04 0.10
0 0.248341 0.500493 0.04 0.10
0 0.248341 0.510628 0.04 0.10
0 0.247459 0.553812 0.04 0.10
