0 0.240549 0.188780 0.04 0.10
0 0.270748 0.188541 0.04 0.10
0 0.299029 0.187103 0.04 0.10
0 0.331288 0.188253 0.04 0.10
0 0.358611 0.187678 0.04 0.10
0 0.385646 0.187103 0.04 0.10
0 0.425738 0.187735 0.04 0.10
0 0.444029 0.188425 0.04 0.10
0 0.467153 0.188425 0.04 0.10
0 0.520992 0.186355 0.04 0.10
0 0.544806 0.187390 0.04 0.10
0 0.568337 0.187111 0.04 0.10
0 0.593934 0.187686 0.04 0.10
0 0.617805 0.186823 0.04 0.10
0 0.670437 0.187398 0.04 0.10
0 0.700556 0.187973 0.04 0.10
0 0.722726 0.188971 0.04 0.10
0 0.813182 0.220638 0.04 0.10
0 0.812240 0.254491 0.04 0.10
0 0.812702 0.283617 0.04 0.10
0 0.812836 0.327668 0.04 0.10
0 0.813502 0.354298 0.04 0.10
0 0.812054 0.404410 0.04 0.10
0 0.812254 0.428377 0.04 0.10
0 0.812054 0.459534 0.04 0.10
0 0.813632 0.525184 0.04 0.10
0 0.813432 0.553745 0.04 0.10
0 0.811846 0.579992 0.04 0.10
0 0.813844 0.606955 0.04 0.10
0 0.812645 0.635316 0.04 0.10
0 0.811377 0.687301 0.04 0.10
0 0.812376 0.717926 0.04 0.10
0 0.812043 0.747552 0.04 0.10
0 0.735981 0.813870 0.04 0.10
0 0.701229 0.814669 0.04 0.10
0 0.667476 0.813471 0.04 0.10
0 0.639789 0.813230 0.04 0.10
0 0.617320 0.813923 0.04 0.10
0 0.591106 0.812397 0.04 0.10
0 0.564198 0.814339 0.04 0.10
0 0.521832 0.814855 0.04 0.10
0 0.483385 0.814189 0.04 0.10
0 0.453260 0.814023 0.04 0.10
0 0.426896 0.812126 0.04 0.10
0 0.373569 0.813324 0.04 0.10
0 0.343194 0.812542 0.04 0.10
0 0.308908 0.812375 0.04 0.10
0 0.271585 0.812611 0.04 0.10
0 0.240378 0.811363 0.04 0.10
0 0.188147 0.749491 0.04 0.10
0 0.187748 0.717335 0.04 0.10
0 0.188441 0.655331 0.04 0.10
0 0.188921 0.624654 0.04 0.10
0 0.187722 0.595174 0.04 0.10
0 0.187482 0.567372 0.04 0.10
0 0.187698 0.526318 0.04 0.10
0 0.185895 0.496637 0.04 0.10
0 0.186554 0.455871 0.04 0.10
0 0.187276 0.427332 0.04 0.10
0 0.186490 0.400228 0.04 0.10
0 0.188571 0.374431 0.04 0.10
0 0.186762 0.346888 0.04 0.10
0 0.186646 0.333365 0.04 0.10
0 0.187802 0.308746 0.04 0.10
0 0.187766 0.294532 0.04 0.10
0 0.186808 0.258342 0.04 0.10
0 0.186808 0.228383 0.04 0.10
