0 0.252303 0.203005 0.040000 0.100000
0 0.278427 0.202286 0.040000 0.100000
0 0.337146 0.201327 0.040000 0.100000
0 0.305749 0.203245 0.040000 0.100000
0 0.362347 0.202193 0.040000 0.100000
0 0.385116 0.202392 0.040000 0.100000
0 0.427258 0.202392 0.040000 0.100000
0 0.442637 0.202592 0.040000 0.100000
0 0.465689 0.203852 0.040000 0.100000
0 0.521463 0.202299 0.040000 0.100000
0 0.542434 0.203297 0.040000 0.100000
0 0.587081 0.203006 0.040000 0.100000
0 0.565721 0.203145 0.040000 0.100000
0 0.609550 0.203283 0.040000 0.100000
0 0.661733 0.203106 0.040000 0.100000
0 0.688497 0.203106 0.040000 0.100000
0 0.708469 0.203905 0.040000 0.100000
0 0.797503 0.228523 0.100000 0.040000
0 0.798102 0.258082 0.100000 0.040000
0 0.798102 0.286044 0.100000 0.040000
0 0.798397 0.328745 0.100000 0.040000
0 0.796001 0.354869 0.100000 0.040000
0 0.796480 0.404960 0.100000 0.040000
0 0.796979 0.427309 0.100000 0.040000
0 0.796780 0.458666 0.100000 0.040000
0 0.796043 0.525996 0.100000 0.040000
0 0.797153 0.555261 0.100000 0.040000
0 0.796592 0.578979 0.100000 0.040000
0 0.796392 0.604743 0.100000 0.040000
0 0.795793 0.628910 0.100000 0.040000
0 0.797291 0.683065 0.100000 0.040000
0 0.795626 0.709833 0.100000 0.040000
0 0.796597 0.738821 0.100000 0.040000
0 0.723082 0.797801 0.040000 0.100000
0 0.690293 0.797635 0.040000 0.100000
0 0.658906 0.796567 0.040000 0.100000
0 0.635744 0.796983 0.040000 0.100000
0 0.613933 0.797341 0.040000 0.100000
0 0.589314 0.797457 0.040000 0.100000
0 0.567171 0.798102 0.040000 0.100000
0 0.522276 0.797791 0.040000 0.100000
0 0.486331 0.797213 0.040000 0.100000
0 0.458036 0.796713 0.040000 0.100000
0 0.432238 0.796547 0.040000 0.100000
0 0.377713 0.796913 0.040000 0.100000
0 0.348250 0.797477 0.040000 0.100000
0 0.318314 0.797014 0.040000 0.100000
0 0.281835 0.797217 0.040000 0.100000
0 0.252431 0.796523 0.040000 0.100000
0 0.203198 0.740115 0.100000 0.040000
0 0.202622 0.707616 0.100000 0.040000
0 0.202335 0.643767 0.100000 0.040000
0 0.204348 0.615007 0.100000 0.040000
0 0.203122 0.590293 0.100000 0.040000
0 0.202922 0.563330 0.100000 0.040000
0 0.203871 0.525299 0.100000 0.040000
0 0.204869 0.513316 0.100000 0.040000
0 0.203538 0.493010 0.100000 0.040000
0 0.203871 0.460555 0.100000 0.040000
0 0.203321 0.400374 0.100000 0.040000
0 0.202989 0.427337 0.100000 0.040000
0 0.203321 0.377406 0.100000 0.040000
0 0.203055 0.351575 0.100000 0.040000
0 0.203455 0.336795 0.100000 0.040000
0 0.203055 0.314426 0.100000 0.040000
0 0.203055 0.299047 0.100000 0.040000
0 0.202256 0.262282 0.100000 0.040000
0 0.202256 0.236110 0.100000 0.040000
