0 0.265959 0.219045 0.040000 0.100000
0 0.290405 0.218806 0.040000 0.100000
0 0.313893 0.219764 0.040000 0.100000
0 0.341934 0.219525 0.040000 0.100000
0 0.364223 0.218087 0.040000 0.100000
0 0.386033 0.220244 0.040000 0.100000
0 0.428690 0.218822 0.040000 0.100000
0 0.443789 0.218822 0.040000 0.100000
0 0.466797 0.219541 0.040000 0.100000
0 0.523072 0.218103 0.040000 0.100000
0 0.543204 0.218966 0.040000 0.100000
0 0.563049 0.218391 0.040000 0.100000
0 0.581743 0.218103 0.040000 0.100000
0 0.602139 0.219057 0.040000 0.100000
0 0.653716 0.219344 0.040000 0.100000
0 0.678738 0.218194 0.040000 0.100000
0 0.695706 0.218482 0.040000 0.100000
0 0.781528 0.236888 0.100000 0.040000
0 0.781393 0.264029 0.100000 0.040000
0 0.781592 0.289394 0.100000 0.040000
0 0.780594 0.331736 0.100000 0.040000
0 0.781233 0.355823 0.100000 0.040000
0 0.780753 0.406154 0.100000 0.040000
0 0.780224 0.427920 0.100000 0.040000
0 0.780823 0.456281 0.100000 0.040000
0 0.780523 0.517217 0.100000 0.040000
0 0.780723 0.528002 0.100000 0.040000
0 0.781822 0.557661 0.100000 0.040000
0 0.781023 0.579631 0.100000 0.040000
0 0.780623 0.601002 0.100000 0.040000
0 0.779545 0.624649 0.100000 0.040000
0 0.781031 0.680253 0.100000 0.040000
0 0.781893 0.704986 0.100000 0.040000
0 0.781031 0.729720 0.100000 0.040000
0 0.710493 0.781738 0.040000 0.100000
0 0.679536 0.781139 0.040000 0.100000
0 0.651375 0.782338 0.040000 0.100000
0 0.632001 0.780940 0.040000 0.100000
0 0.612012 0.781522 0.040000 0.100000
0 0.591208 0.781522 0.040000 0.100000
0 0.571734 0.780690 0.040000 0.100000
0 0.523474 0.781196 0.040000 0.100000
0 0.488233 0.782058 0.040000 0.100000
0 0.460438 0.782058 0.040000 0.100000
0 0.439300 0.780893 0.040000 0.100000
0 0.382503 0.782183 0.040000 0.100000
0 0.355799 0.782163 0.040000 0.100000
0 0.326320 0.781205 0.040000 0.100000
0 0.288212 0.782403 0.040000 0.100000
0 0.265923 0.781444 0.040000 0.100000
0 0.218123 0.727164 0.100000 0.040000
0 0.217548 0.700417 0.100000 0.040000
0 0.216973 0.635418 0.100000 0.040000
0 0.218950 0.608867 0.100000 0.040000
0 0.218950 0.583102 0.100000 0.040000
0 0.218550 0.559534 0.100000 0.040000
0 0.219761 0.521894 0.100000 0.040000
0 0.219761 0.508113 0.100000 0.040000
0 0.217364 0.490937 0.100000 0.040000
0 0.219521 0.459101 0.100000 0.040000
0 0.220000 0.426026 0.100000 0.040000
0 0.219281 0.403737 0.100000 0.040000
0 0.217795 0.381304 0.100000 0.040000
0 0.219297 0.248346 0.100000 0.040000
0 0.217523 0.270587 0.100000 0.040000
0 0.218961 0.305100 0.100000 0.040000
0 0.219007 0.316482 0.100000 0.040000
0 0.219007 0.353231 0.100000 0.040000
