0 0.282102 0.234641 0.04 0.10
0 0.302075 0.234042 0.04 0.10
0 0.323046 0.235241 0.04 0.10
0 0.347413 0.234641 0.04 0.10
0 0.430019 0.235073 0.04 0.10
0 0.447755 0.235792 0.04 0.10
0 0.468366 0.236032 0.04 0.10
0 0.526558 0.234833 0.04 0.10
0 0.543239 0.235121 0.04 0.10
0 0.559345 0.235984 0.04 0.10
0 0.576601 0.235408 0.04 0.10
0 0.593570 0.233970 0.04 0.10
0 0.647828 0.234033 0.04 0.10
0 0.667002 0.235471 0.04 0.10
0 0.682341 0.236429 0.04 0.10
0 0.765470 0.247498 0.04 0.10
0 0.765470 0.271066 0.04 0.10
0 0.766669 0.293635 0.04 0.10
0 0.765021 0.336405 0.04 0.10
0 0.765500 0.357256 0.04 0.10
0 0.765704 0.409196 0.04 0.10
0 0.765304 0.427771 0.04 0.10
0 0.765105 0.455533 0.04 0.10
0 0.765141 0.525260 0.04 0.10
0 0.765574 0.560611 0.04 0.10
0 0.765374 0.580184 0.04 0.10
0 0.765694 0.601595 0.04 0.10
0 0.764496 0.621727 0.04 0.10
0 0.765790 0.677666 0.04 0.10
0 0.765502 0.699812 0.04 0.10
0 0.764352 0.722245 0.04 0.10
0 0.699197 0.765217 0.04 0.10
0 0.670037 0.765816 0.04 0.10
0 0.644752 0.765816 0.04 0.10
0 0.627736 0.764378 0.04 0.10
0 0.612397 0.765097 0.04 0.10
0 0.592744 0.765097 0.04 0.10
0 0.574529 0.765337 0.04 0.10
0 0.524691 0.765782 0.04 0.10
0 0.494233 0.766115 0.04 0.10
0 0.465373 0.765216 0.04 0.10
0 0.447997 0.765816 0.04 0.10
0 0.387677 0.765684 0.04 0.10
0 0.363447 0.765027 0.04 0.10
0 0.336843 0.764308 0.04 0.10
0 0.303769 0.765506 0.04 0.10
0 0.279323 0.766465 0.04 0.10
0 0.235060 0.718308 0.04 0.10
0 0.234394 0.692344 0.04 0.10
0 0.235579 0.623698 0.04 0.10
0 0.236538 0.601888 0.04 0.10
0 0.234141 0.578400 0.04 0.10
0 0.234621 0.556830 0.04 0.10
0 0.235136 0.502271 0.04 0.10
0 0.234656 0.518329 0.04 0.10
0 0.234417 0.487171 0.04 0.10
0 0.235615 0.459130 0.04 0.10
0 0.234417 0.448345 0.04 0.10
0 0.233937 0.426775 0.04 0.10
0 0.233458 0.406642 0.04 0.10
0 0.233458 0.385935 0.04 0.10
0 0.234321 0.364364 0.04 0.10
0 0.233746 0.347396 0.04 0.10
0 0.233343 0.329507 0.04 0.10
0 0.233688 0.312251 0.04 0.10
0 0.233688 0.277738 0.04 0.10
0 0.233688 0.255995 0.04 0.10
