0 0.297278 0.251605 0.040000 0.100000
0 0.313153 0.249879 0.040000 0.100000
0 0.332825 0.251259 0.040000 0.100000
0 0.354621 0.251111 0.040000 0.100000
0 0.371638 0.250632 0.040000 0.100000
0 0.388175 0.249913 0.040000 0.100000
0 0.438745 0.249913 0.040000 0.100000
0 0.467266 0.250632 0.040000 0.100000
0 0.529029 0.249716 0.040000 0.100000
0 0.543170 0.249476 0.040000 0.100000
0 0.558508 0.249716 0.040000 0.100000
0 0.572409 0.249716 0.040000 0.100000
0 0.587748 0.249716 0.040000 0.100000
0 0.640955 0.248997 0.040000 0.100000
0 0.657732 0.249237 0.040000 0.100000
0 0.670434 0.250914 0.040000 0.100000
0 0.749554 0.258450 0.100000 0.040000
0 0.748843 0.279129 0.100000 0.040000
0 0.749176 0.299268 0.100000 0.040000
0 0.748617 0.341011 0.100000 0.040000
0 0.747898 0.360184 0.100000 0.040000
0 0.749740 0.411954 0.100000 0.040000
0 0.750572 0.429292 0.100000 0.040000
0 0.748950 0.453368 0.100000 0.040000
0 0.749050 0.520070 0.100000 0.040000
0 0.750049 0.534050 0.100000 0.040000
0 0.747952 0.564775 0.100000 0.040000
0 0.748151 0.581951 0.100000 0.040000
0 0.748151 0.599727 0.100000 0.040000
0 0.749150 0.618101 0.100000 0.040000
0 0.749529 0.676377 0.100000 0.040000
0 0.749729 0.695950 0.100000 0.040000
0 0.747932 0.714325 0.100000 0.040000
0 0.688641 0.749648 0.040000 0.100000
0 0.662677 0.750447 0.040000 0.100000
0 0.640508 0.750247 0.040000 0.100000
0 0.626127 0.750447 0.040000 0.100000
0 0.611947 0.750247 0.040000 0.100000
0 0.593822 0.750331 0.040000 0.100000
0 0.578510 0.750331 0.040000 0.100000
0 0.527030 0.750261 0.040000 0.100000
0 0.497071 0.750926 0.040000 0.100000
0 0.470109 0.748929 0.040000 0.100000
0 0.455362 0.749562 0.040000 0.100000
0 0.394845 0.748962 0.040000 0.100000
0 0.370159 0.749562 0.040000 0.100000
0 0.348589 0.749082 0.040000 0.100000
0 0.314191 0.750909 0.040000 0.100000
0 0.296299 0.749938 0.040000 0.100000
0 0.252110 0.709577 0.100000 0.040000
0 0.250648 0.685659 0.100000 0.040000
0 0.251071 0.614390 0.100000 0.040000
0 0.250273 0.594418 0.100000 0.040000
0 0.250472 0.573647 0.100000 0.040000
0 0.252070 0.553674 0.100000 0.040000
0 0.252577 0.515946 0.100000 0.040000
0 0.250980 0.500967 0.100000 0.040000
0 0.251319 0.478258 0.100000 0.040000
0 0.250720 0.449697 0.100000 0.040000
0 0.249322 0.429325 0.100000 0.040000
0 0.250241 0.409712 0.100000 0.040000
0 0.248803 0.391977 0.100000 0.040000
0 0.249582 0.369947 0.100000 0.040000
0 0.250181 0.353370 0.100000 0.040000
0 0.251139 0.337551 0.100000 0.040000
0 0.251139 0.319816 0.100000 0.040000
0 0.252338 0.285303 0.100000 0.040000
0 0.250516 0.266034 0.100000 0.040000
