0 0.229319 0.176114 0.040000 0.100000
0 0.262795 0.175078 0.040000 0.100000
0 0.296962 0.175769 0.040000 0.100000
0 0.327677 0.177494 0.040000 0.100000
0 0.386663 0.175993 0.040000 0.100000
0 0.357616 0.177431 0.040000 0.100000
0 0.423475 0.177143 0.040000 0.100000
0 0.439868 0.178006 0.040000 0.100000
0 0.459425 0.178294 0.040000 0.100000
0 0.520266 0.176180 0.040000 0.100000
0 0.543513 0.176659 0.040000 0.100000
0 0.567480 0.177139 0.040000 0.100000
0 0.593363 0.177378 0.040000 0.100000
0 0.619487 0.177139 0.040000 0.100000
0 0.670535 0.176899 0.040000 0.100000
0 0.703467 0.176900 0.040000 0.100000
0 0.731760 0.177399 0.040000 0.100000
0 0.823284 0.229921 0.100000 0.040000
0 0.823784 0.262875 0.100000 0.040000
0 0.823599 0.296675 0.100000 0.040000
0 0.823745 0.340665 0.100000 0.040000
0 0.823578 0.368626 0.100000 0.040000
0 0.822177 0.418346 0.100000 0.040000
0 0.824008 0.442812 0.100000 0.040000
0 0.823342 0.473768 0.100000 0.040000
0 0.822923 0.543296 0.100000 0.040000
0 0.823251 0.532709 0.100000 0.040000
0 0.823251 0.575982 0.100000 0.040000
0 0.824083 0.602445 0.100000 0.040000
0 0.823251 0.630905 0.100000 0.040000
0 0.823184 0.663458 0.100000 0.040000
0 0.823903 0.715945 0.100000 0.040000
0 0.823424 0.747820 0.100000 0.040000
0 0.823184 0.784872 0.100000 0.040000
0 0.743764 0.823215 0.040000 0.100000
0 0.708148 0.824213 0.040000 0.100000
0 0.678689 0.824047 0.040000 0.100000
0 0.647333 0.824879 0.040000 0.100000
0 0.622368 0.824679 0.040000 0.100000
0 0.594078 0.823451 0.040000 0.100000
0 0.566616 0.823118 0.040000 0.100000
0 0.519616 0.822725 0.040000 0.100000
0 0.481749 0.824882 0.040000 0.100000
0 0.448915 0.822965 0.040000 0.100000
0 0.421114 0.823684 0.040000 0.100000
0 0.367270 0.823458 0.040000 0.100000
0 0.335115 0.822659 0.040000 0.100000
0 0.301387 0.823194 0.040000 0.100000
0 0.263424 0.823770 0.040000 0.100000
0 0.232363 0.822907 0.040000 0.100000
0 0.177644 0.773492 0.100000 0.040000
0 0.177445 0.740139 0.100000 0.040000
0 0.176941 0.681166 0.100000 0.040000
0 0.176702 0.650489 0.100000 0.040000
0 0.176222 0.618374 0.100000 0.040000
0 0.176229 0.543999 0.100000 0.040000
0 0.175231 0.509847 0.100000 0.040000
0 0.175431 0.474896 0.100000 0.040000
0 0.177428 0.446256 0.100000 0.040000
0 0.177188 0.418695 0.100000 0.040000
0 0.176757 0.389648 0.100000 0.040000
0 0.175772 0.354440 0.100000 0.040000
0 0.176571 0.341658 0.100000 0.040000
0 0.175173 0.313698 0.100000 0.040000
0 0.175373 0.300916 0.100000 0.040000
0 0.175572 0.264966 0.100000 0.040000
0 0.176867 0.233011 0.100000 0.040000
