0 0.240914 0.193778 0.040000 0.100000
0 0.274228 0.194017 0.040000 0.100000
0 0.304425 0.194257 0.040000 0.100000
0 0.333664 0.194017 0.040000 0.100000
0 0.359788 0.193682 0.040000 0.100000
0 0.385384 0.193394 0.040000 0.100000
0 0.424209 0.192819 0.040000 0.100000
0 0.520597 0.192642 0.040000 0.100000
0 0.441029 0.193600 0.040000 0.100000
0 0.458285 0.193121 0.040000 0.100000
0 0.541687 0.192881 0.040000 0.100000
0 0.565338 0.193117 0.040000 0.100000
0 0.586429 0.192638 0.040000 0.100000
0 0.608957 0.194076 0.040000 0.100000
0 0.663528 0.192278 0.040000 0.100000
0 0.691090 0.193237 0.040000 0.100000
0 0.716734 0.193477 0.040000 0.100000
0 0.807420 0.239085 0.100000 0.040000
0 0.808139 0.268803 0.100000 0.040000
0 0.807659 0.300918 0.100000 0.040000
0 0.807223 0.344225 0.100000 0.040000
0 0.807223 0.369629 0.100000 0.040000
0 0.807255 0.419746 0.100000 0.040000
0 0.806700 0.442630 0.100000 0.040000
0 0.806645 0.465987 0.100000 0.040000
0 0.806045 0.545242 0.100000 0.040000
0 0.806844 0.529065 0.100000 0.040000
0 0.806645 0.578196 0.100000 0.040000
0 0.807843 0.602402 0.100000 0.040000
0 0.807059 0.627529 0.100000 0.040000
0 0.805861 0.658086 0.100000 0.040000
0 0.807115 0.712785 0.100000 0.040000
0 0.806636 0.740107 0.100000 0.040000
0 0.806396 0.775337 0.100000 0.040000
0 0.730932 0.807536 0.040000 0.100000
0 0.695149 0.807036 0.040000 0.100000
0 0.667188 0.808634 0.040000 0.100000
0 0.644220 0.807436 0.040000 0.100000
0 0.619056 0.808634 0.040000 0.100000
0 0.592493 0.807436 0.040000 0.100000
0 0.569002 0.807975 0.040000 0.100000
0 0.521069 0.807576 0.040000 0.100000
0 0.484121 0.807815 0.040000 0.100000
0 0.451767 0.808055 0.040000 0.100000
0 0.426362 0.806617 0.040000 0.100000
0 0.370859 0.806824 0.040000 0.100000
0 0.341300 0.808022 0.040000 0.100000
0 0.309705 0.806904 0.040000 0.100000
0 0.272317 0.808581 0.040000 0.100000
0 0.245235 0.807623 0.040000 0.100000
0 0.193036 0.762662 0.100000 0.040000
0 0.193324 0.731889 0.100000 0.040000
0 0.193870 0.670085 0.100000 0.040000
0 0.194158 0.640462 0.100000 0.040000
0 0.193175 0.611247 0.100000 0.040000
0 0.192217 0.583925 0.100000 0.040000
0 0.194154 0.539328 0.100000 0.040000
0 0.192556 0.506574 0.100000 0.040000
0 0.192356 0.474020 0.100000 0.040000
0 0.191957 0.445979 0.100000 0.040000
0 0.191478 0.421533 0.100000 0.040000
0 0.191238 0.394212 0.100000 0.040000
0 0.192566 0.359925 0.100000 0.040000
0 0.191128 0.321819 0.100000 0.040000
0 0.193141 0.271442 0.100000 0.040000
0 0.192566 0.243545 0.100000 0.040000
