0 0.256435 0.209972 0.04 0.10
0 0.285098 0.207776 0.04 0.10
0 0.310794 0.208946 0.04 0.10
0 0.336757 0.208779 0.04 0.10
0 0.361223 0.209278 0.04 0.10
0 0.383951 0.209258 0.04 0.10
0 0.423895 0.208859 0.04 0.10
0 0.443068 0.209258 0.04 0.10
0 0.457847 0.209258 0.04 0.10
0 0.522093 0.211280 0.04 0.10
0 0.543183 0.211040 0.04 0.10
0 0.561398 0.209602 0.04 0.10
0 0.579852 0.210081 0.04 0.10
0 0.600703 0.209602 0.04 0.10
0 0.656470 0.207989 0.04 0.10
0 0.680237 0.209187 0.04 0.10
0 0.701207 0.210186 0.04 0.10
0 0.789919 0.248328 0.04 0.10
0 0.789519 0.276089 0.04 0.10
0 0.789719 0.303651 0.04 0.10
0 0.790848 0.346714 0.04 0.10
0 0.790848 0.370846 0.04 0.10
0 0.789682 0.419565 0.04 0.10
0 0.790641 0.441853 0.04 0.10
0 0.790401 0.461985 0.04 0.10
0 0.789126 0.528439 0.04 0.10
0 0.792002 0.578481 0.04 0.10
0 0.791140 0.600626 0.04 0.10
0 0.790277 0.624496 0.04 0.10
0 0.790564 0.652968 0.04 0.10
0 0.790584 0.708992 0.04 0.10
0 0.790584 0.735595 0.04 0.10
0 0.789625 0.764354 0.04 0.10
0 0.717000 0.789616 0.04 0.10
0 0.685604 0.791773 0.04 0.10
0 0.659241 0.790095 0.04 0.10
0 0.636853 0.790834 0.04 0.10
0 0.617280 0.790635 0.04 0.10
0 0.593314 0.790235 0.04 0.10
0 0.573941 0.790035 0.04 0.10
0 0.522993 0.791176 0.04 0.10
0 0.488898 0.791176 0.04 0.10
0 0.456753 0.791255 0.04 0.10
0 0.433619 0.791255 0.04 0.10
0 0.375084 0.790805 0.04 0.10
0 0.347623 0.790472 0.04 0.10
0 0.319296 0.791038 0.04 0.10
0 0.283946 0.789241 0.04 0.10
0 0.262975 0.788642 0.04 0.10
0 0.209380 0.751211 0.04 0.10
0 0.208688 0.722877 0.04 0.10
0 0.207689 0.659965 0.04 0.10
0 0.210157 0.632958 0.04 0.10
0 0.210956 0.604598 0.04 0.10
0 0.210174 0.579882 0.04 0.10
0 0.209009 0.536610 0.04 0.10
0 0.209308 0.502291 0.04 0.10
0 0.209109 0.472333 0.04 0.10
0 0.209400 0.445486 0.04 0.10
0 0.208845 0.421630 0.04 0.10
0 0.209677 0.398746 0.04 0.10
0 0.209012 0.365626 0.04 0.10
0 0.209711 0.329943 0.04 0.10
0 0.208572 0.279433 0.04 0.10
0 0.208372 0.253270 0.04 0.10
