0 0.272004 0.225674 0.040000 0.100000
0 0.294572 0.225075 0.040000 0.100000
0 0.318539 0.224076 0.040000 0.100000
0 0.341906 0.224476 0.040000 0.100000
0 0.363056 0.224296 0.040000 0.100000
0 0.385025 0.225894 0.040000 0.100000
0 0.426168 0.228091 0.040000 0.100000
0 0.443064 0.226293 0.040000 0.100000
0 0.457444 0.225574 0.040000 0.100000
0 0.524310 0.226053 0.040000 0.100000
0 0.540343 0.226077 0.040000 0.100000
0 0.559037 0.225598 0.040000 0.100000
0 0.575095 0.225119 0.040000 0.100000
0 0.594028 0.224879 0.040000 0.100000
0 0.647114 0.226788 0.040000 0.100000
0 0.668884 0.226788 0.040000 0.100000
0 0.687058 0.226388 0.040000 0.100000
0 0.773645 0.255703 0.100000 0.040000
0 0.775043 0.280668 0.100000 0.040000
0 0.773445 0.306232 0.100000 0.040000
0 0.772526 0.347973 0.100000 0.040000
0 0.773485 0.370023 0.100000 0.040000
0 0.775445 0.421593 0.100000 0.040000
0 0.774247 0.439089 0.100000 0.040000
0 0.774008 0.457783 0.100000 0.040000
0 0.774846 0.529274 0.100000 0.040000
0 0.773888 0.544373 0.100000 0.040000
0 0.774367 0.580323 0.100000 0.040000
0 0.774846 0.599496 0.100000 0.040000
0 0.773265 0.622551 0.100000 0.040000
0 0.774127 0.645559 0.100000 0.040000
0 0.773912 0.702652 0.100000 0.040000
0 0.773193 0.726618 0.100000 0.040000
0 0.775350 0.755138 0.100000 0.040000
0 0.703451 0.773113 0.040000 0.100000
0 0.676029 0.775450 0.040000 0.100000
0 0.654060 0.774850 0.040000 0.100000
0 0.631891 0.775050 0.040000 0.100000
0 0.615714 0.774052 0.040000 0.100000
0 0.594574 0.775014 0.040000 0.100000
0 0.576100 0.775014 0.040000 0.100000
0 0.524076 0.774029 0.040000 0.100000
0 0.491344 0.775416 0.040000 0.100000
0 0.461236 0.775089 0.040000 0.100000
0 0.440865 0.774889 0.040000 0.100000
0 0.381348 0.774290 0.040000 0.100000
0 0.354586 0.773891 0.040000 0.100000
0 0.329538 0.774107 0.040000 0.100000
0 0.294420 0.774440 0.040000 0.100000
0 0.276321 0.773178 0.040000 0.100000
0 0.226085 0.739281 0.100000 0.040000
0 0.225320 0.713018 0.100000 0.040000
0 0.224681 0.646451 0.100000 0.040000
0 0.225180 0.622818 0.100000 0.040000
0 0.225679 0.596688 0.100000 0.040000
0 0.226279 0.573886 0.100000 0.040000
0 0.227484 0.530674 0.100000 0.040000
0 0.226485 0.497786 0.100000 0.040000
0 0.225087 0.469626 0.100000 0.040000
0 0.225686 0.443063 0.100000 0.040000
0 0.226046 0.422173 0.100000 0.040000
0 0.224847 0.401322 0.100000 0.040000
0 0.226046 0.369926 0.100000 0.040000
0 0.224368 0.354108 0.100000 0.040000
0 0.224320 0.335271 0.100000 0.040000
0 0.224947 0.318650 0.100000 0.040000
0 0.225067 0.285816 0.100000 0.040000
0 0.225546 0.261850 0.100000 0.040000
