0 0.758622 0.264213 0.04 0.10
0 0.758862 0.284585 0.04 0.10
0 0.758383 0.308072 0.04 0.10
0 0.758522 0.349500 0.04 0.10
0 0.758522 0.367235 0.04 0.10
0 0.756616 0.420716 0.04 0.10
0 0.756417 0.436294 0.04 0.10
0 0.756017 0.454069 0.04 0.10
0 0.756828 0.526899 0.04 0.10
0 0.757028 0.545473 0.04 0.10
0 0.757707 0.579665 0.04 0.10
0 0.757228 0.598119 0.04 0.10
0 0.757228 0.617532 0.04 0.10
0 0.758450 0.637879 0.04 0.10
0 0.759484 0.697584 0.04 0.10
0 0.758685 0.719153 0.04 0.10
0 0.757887 0.742321 0.04 0.10
0 0.242173 0.701996 0.04 0.10
0 0.241759 0.728086 0.04 0.10
0 0.241743 0.630452 0.04 0.10
0 0.243660 0.610320 0.04 0.10
0 0.241982 0.588990 0.04 0.10
0 0.241743 0.568859 0.04 0.10
0 0.243176 0.524880 0.04 0.10
0 0.242936 0.509302 0.04 0.10
0 0.242697 0.494443 0.04 0.10
0 0.242587 0.468043 0.04 0.10
0 0.242587 0.441081 0.04 0.10
0 0.241089 0.424438 0.04 0.10
0 0.240257 0.403800 0.04 0.10
0 0.240456 0.374508 0.04 0.10
0 0.242054 0.357532 0.04 0.10
0 0.242254 0.341954 0.04 0.10
0 0.242014 0.289827 0.04 0.10
0 0.242733 0.269455 0.04 0.10
