0 0.231748 0.178392 0.04 0.10
0 0.265367 0.178392 0.04 0.10
0 0.296158 0.178392 0.04 0.10
0 0.328349 0.178282 0.04 0.10
0 0.357309 0.178448 0.04 0.10
0 0.386434 0.178781 0.04 0.10
0 0.424902 0.178936 0.04 0.10
0 0.458355 0.179268 0.04 0.10
0 0.520235 0.177937 0.04 0.10
0 0.543802 0.178336 0.04 0.10
0 0.567289 0.177178 0.04 0.10
0 0.593891 0.177418 0.04 0.10
0 0.619775 0.177418 0.04 0.10
0 0.671762 0.177158 0.04 0.10
0 0.701521 0.177957 0.04 0.10
0 0.731878 0.177557 0.04 0.10
0 0.823579 0.230469 0.04 0.10
0 0.823302 0.263756 0.04 0.10
0 0.823340 0.296660 0.04 0.10
0 0.822541 0.340399 0.04 0.10
0 0.823057 0.370361 0.04 0.10
0 0.821367 0.417427 0.04 0.10
0 0.821367 0.443390 0.04 0.10
0 0.821367 0.467556 0.04 0.10
0 0.822060 0.576544 0.04 0.10
0 0.822337 0.542425 0.04 0.10
0 0.821644 0.601232 0.04 0.10
0 0.821755 0.630552 0.04 0.10
0 0.821422 0.662673 0.04 0.10
0 0.823582 0.714964 0.04 0.10
0 0.821917 0.747610 0.04 0.10
0 0.821118 0.782361 0.04 0.10
0 0.744006 0.822325 0.04 0.10
0 0.707732 0.822450 0.04 0.10
0 0.677635 0.822311 0.04 0.10
0 0.647816 0.823005 0.04 0.10
0 0.622018 0.822506 0.04 0.10
0 0.593059 0.823338 0.04 0.10
0 0.566610 0.823684 0.04 0.10
0 0.521182 0.823540 0.04 0.10
0 0.481018 0.822769 0.04 0.10
0 0.447423 0.823405 0.04 0.10
0 0.420494 0.823290 0.04 0.10
0 0.366495 0.823983 0.04 0.10
0 0.335400 0.822762 0.04 0.10
0 0.302280 0.822929 0.04 0.10
0 0.263933 0.823129 0.04 0.10
0 0.234575 0.822130 0.04 0.10
0 0.179298 0.771169 0.04 0.10
0 0.177860 0.739294 0.04 0.10
0 0.177573 0.681199 0.04 0.10
0 0.177251 0.589151 0.04 0.10
0 0.178582 0.617112 0.04 0.10
0 0.177517 0.649201 0.04 0.10
0 0.179571 0.543505 0.04 0.10
0 0.176742 0.509220 0.04 0.10
0 0.177574 0.475601 0.04 0.10
0 0.178406 0.446308 0.04 0.10
0 0.178399 0.418967 0.04 0.10
0 0.178769 0.389791 0.04 0.10
0 0.178644 0.354465 0.04 0.10
0 0.177199 0.314810 0.04 0.10
0 0.177528 0.265454 0.04 0.10
0 0.177390 0.233554 0.04 0.10
