0 0.244264 0.195585 0.04 0.10
0 0.274821 0.194187 0.04 0.10
0 0.303780 0.194786 0.04 0.10
0 0.385210 0.193436 0.04 0.10
0 0.359039 0.195162 0.04 0.10
0 0.333730 0.194587 0.04 0.10
0 0.441262 0.195450 0.04 0.10
0 0.458238 0.194618 0.04 0.10
0 0.521682 0.194085 0.04 0.10
0 0.541255 0.195284 0.04 0.10
0 0.565347 0.195339 0.04 0.10
0 0.586151 0.194007 0.04 0.10
0 0.609285 0.193508 0.04 0.10
0 0.664238 0.193305 0.04 0.10
0 0.689703 0.193139 0.04 0.10
0 0.716165 0.194803 0.04 0.10
0 0.807543 0.238394 0.04 0.10
0 0.806001 0.270969 0.04 0.10
0 0.806720 0.300687 0.04 0.10
0 0.804803 0.345504 0.04 0.10
0 0.806241 0.371867 0.04 0.10
0 0.805164 0.419074 0.04 0.10
0 0.805331 0.442541 0.04 0.10
0 0.806163 0.464843 0.04 0.10
0 0.805432 0.544988 0.04 0.10
0 0.805233 0.528811 0.04 0.10
0 0.805467 0.578460 0.04 0.10
0 0.805190 0.601344 0.04 0.10
0 0.805467 0.627696 0.04 0.10
0 0.804785 0.657649 0.04 0.10
0 0.804601 0.712468 0.04 0.10
0 0.805161 0.740038 0.04 0.10
0 0.804329 0.772908 0.04 0.10
0 0.729418 0.806139 0.04 0.10
0 0.696547 0.806139 0.04 0.10
0 0.667317 0.806982 0.04 0.10
0 0.641312 0.807029 0.04 0.10
0 0.620230 0.806751 0.04 0.10
0 0.592852 0.806307 0.04 0.10
0 0.569884 0.805475 0.04 0.10
0 0.521153 0.805276 0.04 0.10
0 0.484804 0.805475 0.04 0.10
0 0.451618 0.808414 0.04 0.10
0 0.427000 0.806911 0.04 0.10
0 0.370426 0.807036 0.04 0.10
0 0.342826 0.805788 0.04 0.10
0 0.441992 0.807591 0.04 0.10
0 0.310094 0.806620 0.04 0.10
0 0.273562 0.807102 0.04 0.10
0 0.247199 0.804906 0.04 0.10
0 0.195611 0.760388 0.04 0.10
0 0.195412 0.730230 0.04 0.10
0 0.193974 0.670794 0.04 0.10
0 0.192775 0.641794 0.04 0.10
0 0.195600 0.611261 0.04 0.10
0 0.192622 0.585993 0.04 0.10
0 0.195570 0.538429 0.04 0.10
0 0.194132 0.505595 0.04 0.10
0 0.192694 0.474439 0.04 0.10
0 0.194851 0.445679 0.04 0.10
0 0.194851 0.419795 0.04 0.10
0 0.194251 0.394846 0.04 0.10
0 0.193532 0.359855 0.04 0.10
0 0.194970 0.323187 0.04 0.10
0 0.193245 0.271995 0.04 0.10
0 0.195258 0.244673 0.04 0.10
