0 0.653735 0.210465 0.040000 0.100000
0 0.678756 0.210753 0.040000 0.100000
0 0.700613 0.211040 0.040000 0.100000
0 0.600362 0.210825 0.040000 0.100000
0 0.579751 0.210585 0.040000 0.100000
0 0.559858 0.210585 0.040000 0.100000
0 0.542603 0.209626 0.040000 0.100000
0 0.522231 0.210585 0.040000 0.100000
0 0.465021 0.211788 0.040000 0.100000
0 0.434897 0.211455 0.040000 0.100000
0 0.384534 0.210956 0.040000 0.100000
0 0.361766 0.210956 0.040000 0.100000
0 0.789194 0.248071 0.100000 0.040000
0 0.788906 0.275393 0.100000 0.040000
0 0.790724 0.304516 0.100000 0.040000
0 0.790244 0.346936 0.100000 0.040000
0 0.789765 0.370903 0.100000 0.040000
0 0.790610 0.420422 0.100000 0.040000
0 0.789112 0.442724 0.100000 0.040000
0 0.789112 0.462030 0.100000 0.040000
0 0.789561 0.544298 0.100000 0.040000
0 0.789162 0.578251 0.100000 0.040000
0 0.789601 0.601498 0.100000 0.040000
0 0.789361 0.625465 0.100000 0.040000
0 0.789122 0.529359 0.100000 0.040000
0 0.789901 0.651464 0.100000 0.040000
0 0.788902 0.707985 0.100000 0.040000
0 0.789541 0.732471 0.100000 0.040000
0 0.788103 0.763627 0.100000 0.040000
0 0.714263 0.788432 0.040000 0.100000
0 0.685263 0.788911 0.040000 0.100000
0 0.659619 0.789151 0.040000 0.100000
0 0.637570 0.790349 0.040000 0.100000
0 0.616456 0.789750 0.040000 0.100000
0 0.594646 0.789750 0.040000 0.100000
0 0.572358 0.789750 0.040000 0.100000
0 0.521796 0.788893 0.040000 0.100000
0 0.487843 0.787695 0.040000 0.100000
0 0.455688 0.788094 0.040000 0.100000
0 0.433280 0.789444 0.040000 0.100000
0 0.376000 0.791601 0.040000 0.100000
0 0.347960 0.788965 0.040000 0.100000
0 0.318721 0.788965 0.040000 0.100000
0 0.283154 0.789540 0.040000 0.100000
0 0.262735 0.787527 0.040000 0.100000
0 0.210412 0.749347 0.100000 0.040000
0 0.211850 0.722888 0.100000 0.040000
0 0.209549 0.657603 0.100000 0.040000
0 0.210987 0.630569 0.100000 0.040000
0 0.210872 0.603593 0.100000 0.040000
0 0.210527 0.578744 0.100000 0.040000
0 0.210475 0.534368 0.100000 0.040000
0 0.209325 0.502733 0.100000 0.040000
0 0.208750 0.472247 0.100000 0.040000
0 0.209612 0.446364 0.100000 0.040000
0 0.208922 0.422033 0.100000 0.040000
0 0.210389 0.398996 0.100000 0.040000
0 0.210389 0.365923 0.100000 0.040000
0 0.209526 0.330261 0.100000 0.040000
0 0.210389 0.279471 0.100000 0.040000
0 0.211079 0.252552 0.100000 0.040000
0 0.257221 0.210897 0.040000 0.100000
0 0.284140 0.209171 0.040000 0.100000
0 0.313130 0.210551 0.040000 0.100000
0 0.335908 0.210897 0.040000 0.100000
