0 0.271729 0.227376 0.04 0.10
0 0.296694 0.226977 0.04 0.10
0 0.320860 0.228175 0.04 0.10
0 0.342430 0.227576 0.04 0.10
0 0.364199 0.227576 0.04 0.10
0 0.383652 0.226497 0.04 0.10
0 0.424874 0.226737 0.04 0.10
0 0.456864 0.227697 0.04 0.10
0 0.443272 0.228252 0.04 0.10
0 0.541287 0.227790 0.04 0.10
0 0.523645 0.227291 0.04 0.10
0 0.559262 0.226958 0.04 0.10
0 0.573908 0.227790 0.04 0.10
0 0.591217 0.228955 0.04 0.10
0 0.648204 0.226332 0.04 0.10
0 0.667617 0.227531 0.04 0.10
0 0.687030 0.226332 0.04 0.10
0 0.773917 0.257809 0.04 0.10
0 0.773750 0.280444 0.04 0.10
0 0.773417 0.306074 0.04 0.10
0 0.771933 0.348868 0.04 0.10
0 0.772891 0.368760 0.04 0.10
0 0.772652 0.421965 0.04 0.10
0 0.773586 0.440012 0.04 0.10
0 0.772148 0.457747 0.04 0.10
0 0.774845 0.545828 0.04 0.10
0 0.774046 0.528452 0.04 0.10
0 0.774245 0.578582 0.04 0.10
0 0.771649 0.600551 0.04 0.10
0 0.771849 0.620123 0.04 0.10
0 0.772248 0.644090 0.04 0.10
0 0.774186 0.702628 0.04 0.10
0 0.772588 0.726994 0.04 0.10
0 0.772973 0.752283 0.04 0.10
0 0.703560 0.773698 0.04 0.10
0 0.675399 0.774696 0.04 0.10
0 0.652431 0.773098 0.04 0.10
0 0.631810 0.773282 0.04 0.10
0 0.614834 0.773947 0.04 0.10
0 0.594529 0.775279 0.04 0.10
0 0.575988 0.773981 0.04 0.10
0 0.523462 0.772183 0.04 0.10
0 0.491886 0.773122 0.04 0.10
0 0.460930 0.773521 0.04 0.10
0 0.441357 0.774320 0.04 0.10
0 0.380393 0.772366 0.04 0.10
0 0.356093 0.771368 0.04 0.10
0 0.329631 0.772699 0.04 0.10
0 0.294943 0.773850 0.04 0.10
0 0.276081 0.773295 0.04 0.10
0 0.227255 0.737551 0.04 0.10
0 0.226090 0.712087 0.04 0.10
0 0.225845 0.645331 0.04 0.10
0 0.226045 0.620965 0.04 0.10
0 0.226444 0.597997 0.04 0.10
0 0.226844 0.573632 0.04 0.10
0 0.225825 0.530552 0.04 0.10
0 0.227024 0.498597 0.04 0.10
0 0.228462 0.469238 0.04 0.10
0 0.226544 0.442875 0.04 0.10
0 0.225106 0.422024 0.04 0.10
0 0.225562 0.401964 0.04 0.10
0 0.226281 0.370808 0.04 0.10
0 0.225801 0.334858 0.04 0.10
0 0.227316 0.286015 0.04 0.10
0 0.227661 0.262202 0.04 0.10
0 0.226427 0.319601 0.04 0.10
0 0.226626 0.354951 0.04 0.10
