0 0.285624 0.244864 0.040000 0.100000
0 0.307500 0.241985 0.040000 0.100000
0 0.327936 0.241122 0.040000 0.100000
0 0.347220 0.242273 0.040000 0.100000
0 0.365354 0.241122 0.040000 0.100000
0 0.384926 0.241122 0.040000 0.100000
0 0.426470 0.242882 0.040000 0.100000
0 0.443660 0.242482 0.040000 0.100000
0 0.457452 0.241283 0.040000 0.100000
0 0.526731 0.243241 0.040000 0.100000
0 0.541123 0.243241 0.040000 0.100000
0 0.556474 0.242762 0.040000 0.100000
0 0.570866 0.243002 0.040000 0.100000
0 0.586696 0.243721 0.040000 0.100000
0 0.639561 0.243241 0.040000 0.100000
0 0.657407 0.242954 0.040000 0.100000
0 0.673238 0.243529 0.040000 0.100000
0 0.758414 0.264281 0.100000 0.040000
0 0.758414 0.285069 0.100000 0.040000
0 0.756416 0.306856 0.100000 0.040000
0 0.757095 0.349503 0.100000 0.040000
0 0.755656 0.367349 0.100000 0.040000
0 0.756335 0.421142 0.100000 0.040000
0 0.756535 0.437133 0.100000 0.040000
0 0.755935 0.453523 0.100000 0.040000
0 0.757018 0.527630 0.100000 0.040000
0 0.755685 0.545786 0.100000 0.040000
0 0.756285 0.579999 0.100000 0.040000
0 0.756085 0.596790 0.100000 0.040000
0 0.756685 0.615978 0.100000 0.040000
0 0.755821 0.636654 0.100000 0.040000
0 0.756869 0.697073 0.100000 0.040000
0 0.756869 0.718260 0.100000 0.040000
0 0.755670 0.740247 0.100000 0.040000
0 0.692935 0.757945 0.040000 0.100000
0 0.666550 0.758345 0.040000 0.100000
0 0.644563 0.757345 0.040000 0.100000
0 0.627773 0.757745 0.040000 0.100000
0 0.613141 0.757026 0.040000 0.100000
0 0.595871 0.756546 0.040000 0.100000
0 0.579321 0.757026 0.040000 0.100000
0 0.525687 0.758579 0.040000 0.100000
0 0.495871 0.757413 0.040000 0.100000
0 0.466388 0.756080 0.040000 0.100000
0 0.449498 0.757779 0.040000 0.100000
0 0.386135 0.756580 0.040000 0.100000
0 0.363732 0.755697 0.040000 0.100000
0 0.339912 0.756364 0.040000 0.100000
0 0.306140 0.758571 0.040000 0.100000
0 0.288928 0.758154 0.040000 0.100000
0 0.242941 0.726909 0.100000 0.040000
0 0.242956 0.701532 0.100000 0.040000
0 0.242584 0.630520 0.100000 0.040000
0 0.242584 0.609133 0.100000 0.040000
0 0.243584 0.587546 0.100000 0.040000
0 0.242784 0.567157 0.100000 0.040000
0 0.243036 0.524738 0.100000 0.040000
0 0.243697 0.493715 0.100000 0.040000
0 0.242498 0.467331 0.100000 0.040000
0 0.241299 0.442145 0.100000 0.040000
0 0.241059 0.422237 0.100000 0.040000
0 0.241778 0.402569 0.100000 0.040000
0 0.243389 0.375262 0.100000 0.040000
0 0.242790 0.341882 0.100000 0.040000
0 0.244365 0.290680 0.100000 0.040000
0 0.244365 0.269668 0.100000 0.040000
0 0.243789 0.324644 0.100000 0.040000
0 0.240858 0.357615 0.100000 0.040000
