0 0.229981 0.176247 0.040000 0.100000
0 0.263773 0.175049 0.040000 0.100000
0 0.294690 0.175049 0.040000 0.100000
0 0.326805 0.174570 0.040000 0.100000
0 0.357509 0.176235 0.040000 0.100000
0 0.385270 0.176635 0.040000 0.100000
0 0.423217 0.176235 0.040000 0.100000
0 0.440792 0.176235 0.040000 0.100000
0 0.457369 0.177034 0.040000 0.100000
0 0.519342 0.174721 0.040000 0.100000
0 0.544027 0.175920 0.040000 0.100000
0 0.568473 0.176399 0.040000 0.100000
0 0.592918 0.176159 0.040000 0.100000
0 0.617843 0.176878 0.040000 0.100000
0 0.671307 0.175565 0.040000 0.100000
0 0.702367 0.175565 0.040000 0.100000
0 0.728826 0.176428 0.040000 0.100000
0 0.824682 0.230697 0.100000 0.040000
0 0.824682 0.262333 0.100000 0.040000
0 0.824479 0.296808 0.100000 0.040000
0 0.824080 0.341745 0.100000 0.040000
0 0.823880 0.371703 0.100000 0.040000
0 0.824080 0.419635 0.100000 0.040000
0 0.824380 0.446697 0.100000 0.040000
0 0.823780 0.467068 0.100000 0.040000
0 0.825518 0.528642 0.100000 0.040000
0 0.826117 0.542023 0.100000 0.040000
0 0.824919 0.574577 0.100000 0.040000
0 0.824959 0.603696 0.100000 0.040000
0 0.824000 0.631976 0.100000 0.040000
0 0.823760 0.663132 0.100000 0.040000
0 0.823515 0.715961 0.100000 0.040000
0 0.823681 0.747750 0.100000 0.040000
0 0.823515 0.782368 0.100000 0.040000
0 0.748930 0.824399 0.040000 0.100000
0 0.678570 0.824607 0.040000 0.100000
0 0.712273 0.825162 0.040000 0.100000
0 0.651386 0.825023 0.040000 0.100000
0 0.624730 0.824801 0.040000 0.100000
0 0.597268 0.825300 0.040000 0.100000
0 0.567768 0.825647 0.040000 0.100000
0 0.482763 0.825245 0.040000 0.100000
0 0.421194 0.824424 0.040000 0.100000
0 0.448817 0.824655 0.040000 0.100000
0 0.521892 0.825962 0.040000 0.100000
0 0.364757 0.824025 0.040000 0.100000
0 0.331804 0.825024 0.040000 0.100000
0 0.298451 0.824225 0.040000 0.100000
0 0.260696 0.823690 0.040000 0.100000
0 0.232224 0.824265 0.040000 0.100000
0 0.177868 0.774223 0.100000 0.040000
0 0.175568 0.744889 0.100000 0.040000
0 0.175449 0.683283 0.100000 0.040000
0 0.174284 0.651828 0.100000 0.040000
0 0.174284 0.617709 0.100000 0.040000
0 0.175053 0.542758 0.100000 0.040000
0 0.175286 0.590590 0.100000 0.040000
0 0.174830 0.509255 0.100000 0.040000
0 0.174996 0.474637 0.100000 0.040000
0 0.175828 0.443348 0.100000 0.040000
0 0.175156 0.416279 0.100000 0.040000
0 0.176953 0.388119 0.100000 0.040000
0 0.176078 0.350382 0.100000 0.040000
0 0.176244 0.312435 0.100000 0.040000
0 0.175578 0.262173 0.100000 0.040000
0 0.176497 0.229372 0.100000 0.040000
