0 0.242276 0.191527 0.04 0.10
0 0.273336 0.191815 0.04 0.10
0 0.302383 0.192102 0.04 0.10
0 0.332005 0.192102 0.04 0.10
0 0.358680 0.192222 0.04 0.10
0 0.385522 0.192222 0.04 0.10
0 0.422190 0.192222 0.04 0.10
0 0.440740 0.192222 0.04 0.10
0 0.457421 0.191934 0.04 0.10
0 0.520117 0.191072 0.04 0.10
0 0.543952 0.192217 0.04 0.10
0 0.564323 0.191818 0.04 0.10
0 0.586292 0.192018 0.04 0.10
0 0.608661 0.193416 0.04 0.10
0 0.661586 0.193296 0.04 0.10
0 0.691304 0.193056 0.04 0.10
0 0.714312 0.192817 0.04 0.10
0 0.808445 0.241220 0.04 0.10
0 0.808113 0.269180 0.04 0.10
0 0.808778 0.299804 0.04 0.10
0 0.807167 0.343536 0.04 0.10
0 0.806928 0.371576 0.04 0.10
0 0.807503 0.421139 0.04 0.10
0 0.807670 0.444486 0.04 0.10
0 0.806951 0.464379 0.04 0.10
0 0.808389 0.528608 0.04 0.10
0 0.808389 0.543228 0.04 0.10
0 0.807694 0.577044 0.04 0.10
0 0.808413 0.601969 0.04 0.10
0 0.808893 0.629051 0.04 0.10
0 0.807455 0.658050 0.04 0.10
0 0.807590 0.713373 0.04 0.10
0 0.807423 0.742498 0.04 0.10
0 0.806591 0.774453 0.04 0.10
0 0.733724 0.809262 0.04 0.10
0 0.699439 0.808929 0.04 0.10
0 0.670140 0.806905 0.04 0.10
0 0.643578 0.808303 0.04 0.10
0 0.622008 0.807504 0.04 0.10
0 0.596364 0.807544 0.04 0.10
0 0.571199 0.807544 0.04 0.10
0 0.521969 0.808283 0.04 0.10
0 0.486019 0.808483 0.04 0.10
0 0.452362 0.807902 0.04 0.10
0 0.427597 0.808102 0.04 0.10
0 0.368630 0.806920 0.04 0.10
0 0.339438 0.807852 0.04 0.10
0 0.307682 0.807652 0.04 0.10
0 0.269416 0.807213 0.04 0.10
0 0.244971 0.806973 0.04 0.10
0 0.191430 0.763546 0.04 0.10
0 0.191014 0.735987 0.04 0.10
0 0.193935 0.671122 0.04 0.10
0 0.192737 0.642129 0.04 0.10
0 0.192337 0.612172 0.04 0.10
0 0.191938 0.586408 0.04 0.10
0 0.192341 0.537856 0.04 0.10
0 0.192840 0.506733 0.04 0.10
0 0.192673 0.472614 0.04 0.10
0 0.192783 0.442979 0.04 0.10
0 0.192783 0.418181 0.04 0.10
0 0.192450 0.392217 0.04 0.10
0 0.193368 0.358258 0.04 0.10
0 0.194034 0.344943 0.04 0.10
0 0.192702 0.320145 0.04 0.10
0 0.192702 0.305000 0.04 0.10
0 0.191504 0.269649 0.04 0.10
0 0.191904 0.239692 0.04 0.10
