0 0.256776 0.208768 0.04 0.10
0 0.284817 0.207330 0.04 0.10
0 0.311419 0.209487 0.04 0.10
0 0.336584 0.209726 0.04 0.10
0 0.361269 0.209726 0.04 0.10
0 0.384037 0.209487 0.04 0.10
0 0.422862 0.208528 0.04 0.10
0 0.442375 0.207885 0.04 0.10
0 0.456555 0.207086 0.04 0.10
0 0.522662 0.206687 0.04 0.10
0 0.542634 0.206687 0.04 0.10
0 0.561967 0.207565 0.04 0.10
0 0.580900 0.208524 0.04 0.10
0 0.601511 0.209722 0.04 0.10
0 0.655603 0.208164 0.04 0.10
0 0.680288 0.207925 0.04 0.10
0 0.699461 0.209123 0.04 0.10
0 0.792330 0.249631 0.04 0.10
0 0.793049 0.274076 0.04 0.10
0 0.791711 0.303215 0.04 0.10
0 0.792727 0.346238 0.04 0.10
0 0.793059 0.370704 0.04 0.10
0 0.790370 0.422265 0.04 0.10
0 0.791089 0.444553 0.04 0.10
0 0.790433 0.460714 0.04 0.10
0 0.789754 0.528079 0.04 0.10
0 0.790233 0.543897 0.04 0.10
0 0.792167 0.579057 0.04 0.10
0 0.791335 0.601858 0.04 0.10
0 0.791169 0.626158 0.04 0.10
0 0.791668 0.650290 0.04 0.10
0 0.790773 0.709211 0.04 0.10
0 0.789774 0.733510 0.04 0.10
0 0.790273 0.762136 0.04 0.10
0 0.719037 0.791731 0.04 0.10
0 0.687582 0.791731 0.04 0.10
0 0.661785 0.792729 0.04 0.10
0 0.640648 0.793728 0.04 0.10
0 0.618831 0.792050 0.04 0.10
0 0.596502 0.791356 0.04 0.10
0 0.574449 0.792299 0.04 0.10
0 0.522185 0.791393 0.04 0.10
0 0.488392 0.790195 0.04 0.10
0 0.456757 0.789955 0.04 0.10
0 0.435331 0.790866 0.04 0.10
0 0.375223 0.792304 0.04 0.10
0 0.344451 0.792304 0.04 0.10
0 0.315356 0.792587 0.04 0.10
0 0.280738 0.791755 0.04 0.10
0 0.259435 0.789591 0.04 0.10
0 0.208440 0.752776 0.04 0.10
0 0.208133 0.727632 0.04 0.10
0 0.209024 0.659708 0.04 0.10
0 0.208720 0.633089 0.04 0.10
0 0.209386 0.603630 0.04 0.10
0 0.208786 0.581495 0.04 0.10
0 0.209386 0.532763 0.04 0.10
0 0.208786 0.502207 0.04 0.10
0 0.209658 0.471348 0.04 0.10
0 0.209491 0.441889 0.04 0.10
0 0.208373 0.395488 0.04 0.10
0 0.208373 0.419215 0.04 0.10
0 0.207754 0.362834 0.04 0.10
0 0.207554 0.325686 0.04 0.10
0 0.208703 0.276239 0.04 0.10
0 0.209202 0.250276 0.04 0.10
0 0.207704 0.311190 0.04 0.10
