0 0.272345 0.224329 0.04 0.10
0 0.296032 0.225271 0.04 0.10
0 0.319599 0.224073 0.04 0.10
0 0.342966 0.225671 0.04 0.10
0 0.363737 0.225072 0.04 0.10
0 0.385107 0.224273 0.04 0.10
0 0.424927 0.223925 0.04 0.10
0 0.457681 0.223726 0.04 0.10
0 0.524826 0.225203 0.04 0.10
0 0.541842 0.224005 0.04 0.10
0 0.559817 0.224724 0.04 0.10
0 0.577290 0.224649 0.04 0.10
0 0.593934 0.226480 0.04 0.10
0 0.649622 0.225115 0.04 0.10
0 0.667796 0.226114 0.04 0.10
0 0.685571 0.225914 0.04 0.10
0 0.774162 0.258132 0.04 0.10
0 0.774856 0.278520 0.04 0.10
0 0.774861 0.304866 0.04 0.10
0 0.773663 0.348804 0.04 0.10
0 0.775672 0.370058 0.04 0.10
0 0.774474 0.421786 0.04 0.10
0 0.774674 0.441558 0.04 0.10
0 0.774074 0.458334 0.04 0.10
0 0.774674 0.465923 0.04 0.10
0 0.775525 0.529484 0.04 0.10
0 0.774693 0.544795 0.04 0.10
0 0.775099 0.579034 0.04 0.10
0 0.776098 0.600204 0.04 0.10
0 0.775698 0.621973 0.04 0.10
0 0.774500 0.644542 0.04 0.10
0 0.774690 0.702923 0.04 0.10
0 0.773691 0.725225 0.04 0.10
0 0.773858 0.752020 0.04 0.10
0 0.708583 0.775587 0.04 0.10
0 0.676628 0.773390 0.04 0.10
0 0.654343 0.775377 0.04 0.10
0 0.635536 0.777208 0.04 0.10
0 0.616729 0.775710 0.04 0.10
0 0.596590 0.777042 0.04 0.10
0 0.577118 0.776043 0.04 0.10
0 0.524452 0.775690 0.04 0.10
0 0.492577 0.774732 0.04 0.10
0 0.460462 0.774971 0.04 0.10
0 0.442727 0.774252 0.04 0.10
0 0.381140 0.774853 0.04 0.10
0 0.352680 0.775353 0.04 0.10
0 0.326550 0.774188 0.04 0.10
0 0.292897 0.774288 0.04 0.10
0 0.275721 0.773489 0.04 0.10
0 0.226191 0.739856 0.04 0.10
0 0.224993 0.717328 0.04 0.10
0 0.225955 0.645935 0.04 0.10
0 0.224568 0.621664 0.04 0.10
0 0.225400 0.597254 0.04 0.10
0 0.225400 0.574508 0.04 0.10
0 0.224840 0.529030 0.04 0.10
0 0.224008 0.498074 0.04 0.10
0 0.225007 0.468981 0.04 0.10
0 0.225606 0.441420 0.04 0.10
0 0.225007 0.420849 0.04 0.10
0 0.225047 0.398081 0.04 0.10
0 0.224088 0.368363 0.04 0.10
0 0.224807 0.352545 0.04 0.10
0 0.224567 0.332893 0.04 0.10
0 0.225047 0.317794 0.04 0.10
0 0.224747 0.282807 0.04 0.10
0 0.224547 0.257243 0.04 0.10
