0 0.288932 0.243966 0.040000 0.100000
0 0.308584 0.242528 0.040000 0.100000
0 0.328476 0.241570 0.040000 0.100000
0 0.348128 0.239892 0.040000 0.100000
0 0.366572 0.241267 0.040000 0.100000
0 0.383881 0.240269 0.040000 0.100000
0 0.427386 0.240269 0.040000 0.100000
0 0.444163 0.239470 0.040000 0.100000
0 0.456625 0.238871 0.040000 0.100000
0 0.527445 0.242298 0.040000 0.100000
0 0.541346 0.242777 0.040000 0.100000
0 0.556924 0.241579 0.040000 0.100000
0 0.572742 0.241339 0.040000 0.100000
0 0.587121 0.242298 0.040000 0.100000
0 0.642915 0.242058 0.040000 0.100000
0 0.659595 0.241771 0.040000 0.100000
0 0.672250 0.243496 0.040000 0.100000
0 0.757900 0.262923 0.100000 0.040000
0 0.759578 0.282336 0.100000 0.040000
0 0.758619 0.306542 0.100000 0.040000
0 0.757787 0.349137 0.100000 0.040000
0 0.757787 0.368070 0.100000 0.040000
0 0.758266 0.421036 0.100000 0.040000
0 0.758985 0.439729 0.100000 0.040000
0 0.758095 0.462070 0.100000 0.040000
0 0.758294 0.527378 0.100000 0.040000
0 0.757695 0.546751 0.100000 0.040000
0 0.757396 0.578926 0.100000 0.040000
0 0.757396 0.597499 0.100000 0.040000
0 0.757396 0.616872 0.100000 0.040000
0 0.757595 0.638242 0.100000 0.040000
0 0.757476 0.696600 0.100000 0.040000
0 0.758195 0.718889 0.100000 0.040000
0 0.757591 0.740985 0.100000 0.040000
0 0.694578 0.757973 0.040000 0.100000
0 0.666298 0.758212 0.040000 0.100000
0 0.644968 0.758212 0.040000 0.100000
0 0.629870 0.757493 0.040000 0.100000
0 0.614771 0.758931 0.040000 0.100000
0 0.597672 0.759586 0.040000 0.100000
0 0.579697 0.760385 0.040000 0.100000
0 0.526448 0.760093 0.040000 0.100000
0 0.496091 0.759094 0.040000 0.100000
0 0.465734 0.758096 0.040000 0.100000
0 0.449756 0.758096 0.040000 0.100000
0 0.386226 0.759480 0.040000 0.100000
0 0.359383 0.760918 0.040000 0.100000
0 0.338293 0.758042 0.040000 0.100000
0 0.304980 0.758282 0.040000 0.100000
0 0.287724 0.760199 0.040000 0.100000
0 0.243025 0.726438 0.100000 0.040000
0 0.241860 0.706466 0.100000 0.040000
0 0.242675 0.630995 0.100000 0.040000
0 0.241237 0.611582 0.100000 0.040000
0 0.242675 0.588335 0.100000 0.040000
0 0.241237 0.569642 0.100000 0.040000
0 0.241672 0.523567 0.100000 0.040000
0 0.240694 0.494013 0.100000 0.040000
0 0.241692 0.466252 0.100000 0.040000
0 0.242691 0.456465 0.100000 0.040000
0 0.241692 0.438091 0.100000 0.040000
0 0.239895 0.420716 0.100000 0.040000
0 0.240494 0.401143 0.100000 0.040000
0 0.240854 0.372184 0.100000 0.040000
0 0.240374 0.355408 0.100000 0.040000
0 0.241333 0.338631 0.100000 0.040000
0 0.240854 0.321136 0.100000 0.040000
0 0.240854 0.286337 0.100000 0.040000
0 0.241716 0.266493 0.100000 0.040000
