0 0.721440 0.177650 0.040000 0.100000
0 0.693261 0.178090 0.040000 0.100000
0 0.663320 0.177210 0.040000 0.100000
0 0.607402 0.178971 0.040000 0.100000
0 0.583186 0.178971 0.040000 0.100000
0 0.559409 0.178531 0.040000 0.100000
0 0.535193 0.178090 0.040000 0.100000
0 0.510536 0.178090 0.040000 0.100000
0 0.415108 0.179572 0.040000 0.100000
0 0.448571 0.177810 0.040000 0.100000
0 0.458698 0.178251 0.040000 0.100000
0 0.379884 0.176930 0.040000 0.100000
0 0.349944 0.176049 0.040000 0.100000
0 0.320444 0.179131 0.040000 0.100000
0 0.285660 0.176930 0.040000 0.100000
0 0.254398 0.179131 0.040000 0.100000
0 0.220055 0.177810 0.040000 0.100000
0 0.177122 0.243981 0.100000 0.040000
0 0.178003 0.277003 0.100000 0.040000
0 0.175801 0.326757 0.100000 0.040000
0 0.178931 0.352804 0.100000 0.040000
0 0.178050 0.366453 0.100000 0.040000
0 0.177170 0.317139 0.100000 0.040000
0 0.178050 0.400797 0.100000 0.040000
0 0.178491 0.429416 0.100000 0.040000
0 0.178491 0.455834 0.100000 0.040000
0 0.179371 0.479611 0.100000 0.040000
0 0.178491 0.487536 0.100000 0.040000
0 0.179371 0.516596 0.100000 0.040000
0 0.179811 0.522320 0.100000 0.040000
0 0.179661 0.557222 0.100000 0.040000
0 0.179661 0.600284 0.100000 0.040000
0 0.179916 0.626784 0.100000 0.040000
0 0.822918 0.239570 0.100000 0.040000
0 0.821156 0.271738 0.100000 0.040000
0 0.821596 0.306109 0.100000 0.040000
0 0.822037 0.348852 0.100000 0.040000
0 0.821076 0.379506 0.100000 0.040000
0 0.821517 0.428860 0.100000 0.040000
0 0.821517 0.454858 0.100000 0.040000
0 0.820195 0.475569 0.100000 0.040000
0 0.822839 0.483501 0.100000 0.040000
0 0.822316 0.538147 0.100000 0.040000
0 0.821434 0.548723 0.100000 0.040000
0 0.820994 0.586619 0.100000 0.040000
0 0.820553 0.610855 0.100000 0.040000
0 0.821434 0.641261 0.100000 0.040000
0 0.820553 0.670785 0.100000 0.040000
0 0.821875 0.724985 0.100000 0.040000
0 0.821875 0.755831 0.100000 0.040000
0 0.820978 0.794713 0.100000 0.040000
0 0.729295 0.822257 0.040000 0.100000
0 0.694043 0.821376 0.040000 0.100000
0 0.660553 0.821817 0.040000 0.100000
0 0.637004 0.821573 0.040000 0.100000
0 0.611887 0.821573 0.040000 0.100000
0 0.582804 0.822014 0.040000 0.100000
0 0.557686 0.821573 0.040000 0.100000
0 0.512739 0.821133 0.040000 0.100000
0 0.504808 0.822455 0.040000 0.100000
0 0.472640 0.821573 0.040000 0.100000
0 0.440031 0.821573 0.040000 0.100000
0 0.177767 0.782767 0.100000 0.040000
0 0.176886 0.753684 0.100000 0.040000
0 0.177327 0.695518 0.100000 0.040000
0 0.223595 0.820664 0.040000 0.100000
0 0.252679 0.820223 0.040000 0.100000
0 0.414701 0.819407 0.040000 0.100000
0 0.355653 0.820288 0.040000 0.100000
0 0.291753 0.821157 0.040000 0.100000
0 0.325683 0.821157 0.040000 0.100000
