0 0.806331 0.250270 0.100000 0.040000
0 0.806772 0.278450 0.100000 0.040000
0 0.806331 0.311032 0.100000 0.040000
0 0.805891 0.352861 0.100000 0.040000
0 0.805011 0.381920 0.100000 0.040000
0 0.806772 0.429473 0.100000 0.040000
0 0.703741 0.193912 0.040000 0.100000
0 0.682607 0.193912 0.040000 0.100000
0 0.655308 0.193912 0.040000 0.100000
0 0.600255 0.192660 0.040000 0.100000
0 0.578240 0.193540 0.040000 0.100000
0 0.555344 0.194861 0.040000 0.100000
0 0.533329 0.193100 0.040000 0.100000
0 0.512635 0.193980 0.040000 0.100000
0 0.457597 0.192660 0.040000 0.100000
0 0.414888 0.193980 0.040000 0.100000
0 0.447910 0.193540 0.040000 0.100000
0 0.377902 0.193100 0.040000 0.100000
0 0.350604 0.192660 0.040000 0.100000
0 0.323076 0.194741 0.040000 0.100000
0 0.291815 0.193861 0.040000 0.100000
0 0.261874 0.195182 0.040000 0.100000
0 0.229292 0.195182 0.040000 0.100000
0 0.193187 0.255063 0.100000 0.040000
0 0.194508 0.285003 0.100000 0.040000
0 0.195833 0.319794 0.100000 0.040000
0 0.194304 0.335337 0.100000 0.040000
0 0.194559 0.358525 0.100000 0.040000
0 0.194050 0.370500 0.100000 0.040000
0 0.193540 0.405918 0.100000 0.040000
0 0.194050 0.432418 0.100000 0.040000
0 0.193640 0.456795 0.100000 0.040000
0 0.193640 0.477489 0.100000 0.040000
0 0.194080 0.487616 0.100000 0.040000
0 0.194080 0.512714 0.100000 0.040000
0 0.195293 0.553690 0.100000 0.040000
0 0.195548 0.597006 0.100000 0.040000
0 0.195038 0.621722 0.100000 0.040000
0 0.194274 0.652299 0.100000 0.040000
0 0.194442 0.684817 0.100000 0.040000
0 0.194001 0.746459 0.100000 0.040000
0 0.194442 0.771996 0.100000 0.040000
0 0.236270 0.803258 0.040000 0.100000
0 0.263569 0.804138 0.040000 0.100000
0 0.299234 0.805900 0.040000 0.100000
0 0.333137 0.803258 0.040000 0.100000
0 0.360876 0.805900 0.040000 0.100000
0 0.584205 0.805958 0.040000 0.100000
0 0.559548 0.804637 0.040000 0.100000
0 0.609302 0.805958 0.040000 0.100000
0 0.631758 0.804197 0.040000 0.100000
0 0.652892 0.804197 0.040000 0.100000
0 0.684154 0.806838 0.040000 0.100000
0 0.715855 0.805958 0.040000 0.100000
0 0.505391 0.805077 0.040000 0.100000
0 0.512876 0.805958 0.040000 0.100000
0 0.474570 0.806838 0.040000 0.100000
0 0.442869 0.806838 0.040000 0.100000
0 0.418400 0.805907 0.040000 0.100000
0 0.805353 0.788141 0.100000 0.040000
0 0.804912 0.750276 0.100000 0.040000
0 0.804472 0.723417 0.100000 0.040000
0 0.805793 0.667499 0.100000 0.040000
0 0.805189 0.539098 0.100000 0.040000
0 0.805629 0.550986 0.100000 0.040000
0 0.804749 0.588852 0.100000 0.040000
0 0.806070 0.611748 0.100000 0.040000
0 0.805189 0.639927 0.100000 0.040000
0 0.806070 0.482740 0.100000 0.040000
0 0.806070 0.473934 0.100000 0.040000
0 0.806070 0.455441 0.100000 0.040000
