0 0.790082 0.258683 0.04 0.10
0 0.789642 0.285101 0.04 0.10
0 0.789201 0.313280 0.04 0.10
0 0.788761 0.356870 0.04 0.10
0 0.690134 0.211570 0.04 0.10
0 0.671201 0.210690 0.04 0.10
0 0.645834 0.211266 0.04 0.10
0 0.591677 0.211266 0.04 0.10
0 0.572744 0.209064 0.04 0.10
0 0.553371 0.209945 0.04 0.10
0 0.534878 0.208624 0.04 0.10
0 0.458303 0.210947 0.04 0.10
0 0.414713 0.209626 0.04 0.10
0 0.448176 0.210507 0.04 0.10
0 0.378168 0.209626 0.04 0.10
0 0.353951 0.210066 0.04 0.10
0 0.327533 0.209186 0.04 0.10
0 0.299794 0.210507 0.04 0.10
0 0.271175 0.210507 0.04 0.10
0 0.242555 0.210066 0.04 0.10
0 0.209492 0.265197 0.04 0.10
0 0.209492 0.290735 0.04 0.10
0 0.210372 0.325078 0.04 0.10
0 0.209932 0.341810 0.04 0.10
0 0.209932 0.362504 0.04 0.10
0 0.209932 0.377474 0.04 0.10
0 0.209052 0.409616 0.04 0.10
0 0.210607 0.432063 0.04 0.10
0 0.211047 0.455839 0.04 0.10
0 0.209726 0.475212 0.04 0.10
0 0.209726 0.486660 0.04 0.10
0 0.210166 0.509115 0.04 0.10
0 0.210166 0.534213 0.04 0.10
0 0.210166 0.550063 0.04 0.10
0 0.790302 0.381327 0.04 0.10
0 0.789421 0.431121 0.04 0.10
0 0.788540 0.453154 0.04 0.10
0 0.788540 0.470780 0.04 0.10
0 0.789862 0.481797 0.04 0.10
0 0.789862 0.540404 0.04 0.10
0 0.790302 0.551861 0.04 0.10
0 0.789126 0.588970 0.04 0.10
0 0.789126 0.611443 0.04 0.10
0 0.789126 0.637001 0.04 0.10
0 0.788685 0.660356 0.04 0.10
0 0.790007 0.719844 0.04 0.10
0 0.790007 0.744080 0.04 0.10
0 0.790007 0.779333 0.04 0.10
0 0.703221 0.789794 0.04 0.10
0 0.673697 0.790675 0.04 0.10
0 0.645936 0.790234 0.04 0.10
0 0.628310 0.790234 0.04 0.10
0 0.608040 0.790675 0.04 0.10
0 0.584685 0.790234 0.04 0.10
0 0.563533 0.789794 0.04 0.10
0 0.515830 0.790562 0.04 0.10
0 0.507017 0.789681 0.04 0.10
0 0.479256 0.790562 0.04 0.10
0 0.447969 0.789681 0.04 0.10
0 0.426818 0.788800 0.04 0.10
0 0.365991 0.790476 0.04 0.10
0 0.339111 0.791357 0.04 0.10
0 0.310028 0.788713 0.04 0.10
0 0.273894 0.790035 0.04 0.10
0 0.250099 0.789154 0.04 0.10
0 0.209999 0.758749 0.04 0.10
0 0.208677 0.738479 0.04 0.10
0 0.209559 0.673702 0.04 0.10
0 0.209118 0.644178 0.04 0.10
0 0.210440 0.615536 0.04 0.10
0 0.209938 0.593195 0.04 0.10
