0 0.772371 0.266059 0.100000 0.040000
0 0.772371 0.290275 0.100000 0.040000
0 0.772371 0.316253 0.100000 0.040000
0 0.773692 0.358082 0.100000 0.040000
0 0.773692 0.380977 0.100000 0.040000
0 0.678587 0.227312 0.040000 0.100000
0 0.663176 0.225111 0.040000 0.100000
0 0.641601 0.223790 0.040000 0.100000
0 0.586044 0.225937 0.040000 0.100000
0 0.568432 0.225937 0.040000 0.100000
0 0.551260 0.226377 0.040000 0.100000
0 0.534969 0.227258 0.040000 0.100000
0 0.517357 0.225937 0.040000 0.100000
0 0.449730 0.226117 0.040000 0.100000
0 0.459167 0.225822 0.040000 0.100000
0 0.417879 0.224789 0.040000 0.100000
0 0.378474 0.227250 0.040000 0.100000
0 0.357071 0.226231 0.040000 0.100000
0 0.334393 0.226486 0.040000 0.100000
0 0.309523 0.227274 0.040000 0.100000
0 0.285572 0.228802 0.040000 0.100000
0 0.260856 0.228802 0.040000 0.100000
0 0.225438 0.272629 0.100000 0.040000
0 0.224164 0.295816 0.100000 0.040000
0 0.225023 0.329066 0.100000 0.040000
0 0.224259 0.347157 0.100000 0.040000
0 0.225788 0.364993 0.100000 0.040000
0 0.226042 0.380536 0.100000 0.040000
0 0.225533 0.412641 0.100000 0.040000
0 0.226042 0.452900 0.100000 0.040000
0 0.225278 0.432007 0.100000 0.040000
0 0.225147 0.470552 0.100000 0.040000
0 0.225656 0.482528 0.100000 0.040000
0 0.226421 0.502912 0.100000 0.040000
0 0.227185 0.509792 0.100000 0.040000
0 0.226675 0.527374 0.100000 0.040000
0 0.226930 0.534763 0.100000 0.040000
0 0.226930 0.544700 0.100000 0.040000
0 0.226070 0.586306 0.100000 0.040000
0 0.226511 0.607000 0.100000 0.040000
0 0.226511 0.634299 0.100000 0.040000
0 0.226951 0.659396 0.100000 0.040000
0 0.226951 0.726762 0.100000 0.040000
0 0.227391 0.747016 0.100000 0.040000
0 0.263936 0.774315 0.040000 0.100000
0 0.285071 0.773874 0.040000 0.100000
0 0.322056 0.772553 0.040000 0.100000
0 0.348915 0.774315 0.040000 0.100000
0 0.372250 0.774315 0.040000 0.100000
0 0.435645 0.772295 0.040000 0.100000
0 0.453257 0.773615 0.040000 0.100000
0 0.482757 0.773615 0.040000 0.100000
0 0.508735 0.773175 0.040000 0.100000
0 0.517101 0.773615 0.040000 0.100000
0 0.773372 0.768302 0.100000 0.040000
0 0.774253 0.736600 0.100000 0.040000
0 0.773372 0.715906 0.100000 0.040000
0 0.774253 0.655585 0.100000 0.040000
0 0.692797 0.773145 0.040000 0.100000
0 0.666379 0.774026 0.040000 0.100000
0 0.639520 0.771384 0.040000 0.100000
0 0.625871 0.773145 0.040000 0.100000
0 0.606498 0.774026 0.040000 0.100000
0 0.586108 0.772770 0.040000 0.100000
0 0.568056 0.773210 0.040000 0.100000
0 0.773870 0.632578 0.100000 0.040000
0 0.772550 0.610123 0.100000 0.040000
0 0.771669 0.590309 0.100000 0.040000
0 0.772109 0.551563 0.100000 0.040000
0 0.772109 0.538794 0.100000 0.040000
0 0.772990 0.478032 0.100000 0.040000
0 0.772990 0.467025 0.100000 0.040000
0 0.772990 0.452935 0.100000 0.040000
0 0.772109 0.431360 0.100000 0.040000
