0 0.242268 0.277023 0.04 0.10
0 0.242523 0.300210 0.04 0.10
0 0.241760 0.332536 0.04 0.10
0 0.242524 0.341200 0.04 0.10
0 0.242270 0.351647 0.04 0.10
0 0.242743 0.368169 0.04 0.10
0 0.241979 0.376832 0.04 0.10
0 0.241724 0.385496 0.04 0.10
0 0.240960 0.412760 0.04 0.10
0 0.241469 0.431106 0.04 0.10
0 0.241979 0.449961 0.04 0.10
0 0.242743 0.466269 0.04 0.10
0 0.242998 0.476970 0.04 0.10
0 0.242361 0.497405 0.04 0.10
0 0.241087 0.504284 0.04 0.10
0 0.243126 0.519063 0.04 0.10
0 0.242616 0.536645 0.04 0.10
0 0.242186 0.580734 0.04 0.10
0 0.242626 0.599226 0.04 0.10
0 0.242186 0.621241 0.04 0.10
0 0.241746 0.643697 0.04 0.10
0 0.243276 0.714640 0.04 0.10
0 0.242396 0.735334 0.04 0.10
0 0.756474 0.757208 0.04 0.10
0 0.758676 0.729029 0.04 0.10
0 0.758236 0.708335 0.04 0.10
0 0.756474 0.647133 0.04 0.10
0 0.756474 0.627760 0.04 0.10
0 0.756915 0.608386 0.04 0.10
0 0.758236 0.588573 0.04 0.10
0 0.757452 0.429562 0.04 0.10
0 0.757452 0.448495 0.04 0.10
0 0.757892 0.464346 0.04 0.10
0 0.757452 0.474033 0.04 0.10
0 0.757012 0.550205 0.04 0.10
0 0.757452 0.379808 0.04 0.10
0 0.757012 0.358234 0.04 0.10
0 0.757012 0.317286 0.04 0.10
0 0.756547 0.272766 0.04 0.10
0 0.756547 0.293900 0.04 0.10
