0 0.228405 0.173753 0.040000 0.100000
0 0.262917 0.174232 0.040000 0.100000
0 0.294169 0.173465 0.040000 0.100000
0 0.327530 0.172603 0.040000 0.100000
0 0.355000 0.173863 0.040000 0.100000
0 0.384718 0.173144 0.040000 0.100000
0 0.423304 0.174343 0.040000 0.100000
0 0.457336 0.174343 0.040000 0.100000
0 0.518997 0.176000 0.040000 0.100000
0 0.542164 0.176400 0.040000 0.100000
0 0.567928 0.175601 0.040000 0.100000
0 0.594291 0.175201 0.040000 0.100000
0 0.619216 0.174482 0.040000 0.100000
0 0.674150 0.173783 0.040000 0.100000
0 0.703109 0.172785 0.040000 0.100000
0 0.730671 0.173584 0.040000 0.100000
0 0.825340 0.225395 0.100000 0.040000
0 0.825539 0.257749 0.100000 0.040000
0 0.825380 0.297765 0.100000 0.040000
0 0.825533 0.335028 0.100000 0.040000
0 0.825256 0.365124 0.100000 0.040000
0 0.825672 0.414305 0.100000 0.040000
0 0.825439 0.440095 0.100000 0.040000
0 0.825439 0.462863 0.100000 0.040000
0 0.826828 0.538058 0.100000 0.040000
0 0.826495 0.573175 0.100000 0.040000
0 0.825164 0.599804 0.100000 0.040000
0 0.824762 0.631487 0.100000 0.040000
0 0.824623 0.659087 0.100000 0.040000
0 0.824836 0.713187 0.100000 0.040000
0 0.825555 0.746980 0.100000 0.040000
0 0.827233 0.780532 0.100000 0.040000
0 0.713094 0.826488 0.040000 0.100000
0 0.681139 0.825989 0.040000 0.100000
0 0.651514 0.826655 0.040000 0.100000
0 0.624569 0.825806 0.040000 0.100000
0 0.595609 0.825806 0.040000 0.100000
0 0.567149 0.825473 0.040000 0.100000
0 0.523102 0.827027 0.040000 0.100000
0 0.481542 0.826126 0.040000 0.100000
0 0.448024 0.825433 0.040000 0.100000
0 0.419014 0.826589 0.040000 0.100000
0 0.366581 0.825579 0.040000 0.100000
0 0.331677 0.826619 0.040000 0.100000
0 0.296966 0.826231 0.040000 0.100000
0 0.259686 0.825898 0.040000 0.100000
0 0.229561 0.825066 0.040000 0.100000
0 0.174838 0.774098 0.100000 0.040000
0 0.173840 0.741344 0.100000 0.040000
0 0.174044 0.679587 0.100000 0.040000
0 0.173245 0.649030 0.100000 0.040000
0 0.175042 0.614079 0.100000 0.040000
0 0.174956 0.586692 0.100000 0.040000
0 0.174623 0.538759 0.100000 0.040000
0 0.173458 0.504974 0.100000 0.040000
0 0.174224 0.473318 0.100000 0.040000
0 0.173425 0.443161 0.100000 0.040000
0 0.173625 0.413563 0.100000 0.040000
0 0.174104 0.384324 0.100000 0.040000
0 0.175360 0.350054 0.100000 0.040000
0 0.173530 0.309112 0.100000 0.040000
0 0.173463 0.260214 0.100000 0.040000
0 0.173863 0.227460 0.100000 0.040000
