0 0.241946 0.191887 0.04 0.10
0 0.273581 0.191648 0.04 0.10
0 0.304018 0.191887 0.04 0.10
0 0.331484 0.191456 0.04 0.10
0 0.357080 0.190881 0.04 0.10
0 0.382676 0.191168 0.04 0.10
0 0.423168 0.191150 0.04 0.10
0 0.456481 0.190192 0.04 0.10
0 0.521578 0.190187 0.04 0.10
0 0.541135 0.190762 0.04 0.10
0 0.564142 0.191049 0.04 0.10
0 0.588588 0.192200 0.04 0.10
0 0.610733 0.192200 0.04 0.10
0 0.664915 0.190302 0.04 0.10
0 0.690109 0.189957 0.04 0.10
0 0.712541 0.192027 0.04 0.10
0 0.808621 0.235345 0.04 0.10
0 0.808860 0.263865 0.04 0.10
0 0.808860 0.301731 0.04 0.10
0 0.809148 0.337873 0.04 0.10
0 0.808573 0.366057 0.04 0.10
0 0.807724 0.416141 0.04 0.10
0 0.808683 0.441546 0.04 0.10
0 0.808683 0.460719 0.04 0.10
0 0.808415 0.541289 0.04 0.10
0 0.809014 0.576040 0.04 0.10
0 0.808216 0.600406 0.04 0.10
0 0.807833 0.654493 0.04 0.10
0 0.807833 0.626865 0.04 0.10
0 0.809830 0.710914 0.04 0.10
0 0.809084 0.740538 0.04 0.10
0 0.807646 0.770976 0.04 0.10
0 0.734549 0.810520 0.04 0.10
0 0.701476 0.809082 0.04 0.10
0 0.670460 0.808103 0.04 0.10
0 0.646094 0.808103 0.04 0.10
0 0.623126 0.808902 0.04 0.10
0 0.594783 0.808087 0.04 0.10
0 0.569818 0.808419 0.04 0.10
0 0.522718 0.808852 0.04 0.10
0 0.485171 0.808053 0.04 0.10
0 0.451758 0.809551 0.04 0.10
0 0.426194 0.809152 0.04 0.10
0 0.368691 0.808902 0.04 0.10
0 0.338567 0.809235 0.04 0.10
0 0.307264 0.810553 0.04 0.10
0 0.269262 0.808056 0.04 0.10
0 0.244408 0.808417 0.04 0.10
0 0.189572 0.762974 0.04 0.10
0 0.190099 0.731339 0.04 0.10
0 0.190675 0.668931 0.04 0.10
0 0.191537 0.639021 0.04 0.10
0 0.192005 0.608649 0.04 0.10
0 0.191805 0.580888 0.04 0.10
0 0.189568 0.535472 0.04 0.10
0 0.189328 0.502638 0.04 0.10
0 0.190356 0.471963 0.04 0.10
0 0.190955 0.442804 0.04 0.10
0 0.191554 0.415442 0.04 0.10
0 0.190476 0.388520 0.04 0.10
0 0.189038 0.356645 0.04 0.10
0 0.189517 0.341307 0.04 0.10
0 0.191434 0.318299 0.04 0.10
0 0.191147 0.304255 0.04 0.10
0 0.190572 0.267443 0.04 0.10
0 0.191722 0.238683 0.04 0.10
