0 0.256546 0.208101 0.040000 0.100000
0 0.284107 0.208580 0.040000 0.100000
0 0.310710 0.209060 0.040000 0.100000
0 0.336593 0.209060 0.040000 0.100000
0 0.358594 0.207430 0.040000 0.100000
0 0.383327 0.206567 0.040000 0.100000
0 0.424051 0.207890 0.040000 0.100000
0 0.441306 0.207890 0.040000 0.100000
0 0.456492 0.206510 0.040000 0.100000
0 0.521669 0.209284 0.040000 0.100000
0 0.540651 0.208422 0.040000 0.100000
0 0.559344 0.208997 0.040000 0.100000
0 0.581202 0.208422 0.040000 0.100000
0 0.601621 0.207271 0.040000 0.100000
0 0.656910 0.207963 0.040000 0.100000
0 0.677617 0.207963 0.040000 0.100000
0 0.702350 0.206238 0.040000 0.100000
0 0.793230 0.244488 0.100000 0.040000
0 0.792367 0.269796 0.100000 0.040000
0 0.792367 0.303157 0.100000 0.040000
0 0.792597 0.341638 0.100000 0.040000
0 0.791907 0.365450 0.100000 0.040000
0 0.792660 0.416474 0.100000 0.040000
0 0.791701 0.439722 0.100000 0.040000
0 0.791701 0.466085 0.100000 0.040000
0 0.793307 0.526456 0.100000 0.040000
0 0.792588 0.541075 0.100000 0.040000
0 0.794026 0.576545 0.100000 0.040000
0 0.792588 0.599792 0.100000 0.040000
0 0.793163 0.624238 0.100000 0.040000
0 0.790574 0.646958 0.100000 0.040000
0 0.792127 0.705857 0.100000 0.040000
0 0.791437 0.732086 0.100000 0.040000
0 0.791092 0.759695 0.100000 0.040000
0 0.720895 0.791853 0.040000 0.100000
0 0.689020 0.792572 0.040000 0.100000
0 0.662178 0.792572 0.040000 0.100000
0 0.639410 0.793291 0.040000 0.100000
0 0.620237 0.792093 0.040000 0.100000
0 0.595532 0.792871 0.040000 0.100000
0 0.573163 0.793471 0.040000 0.100000
0 0.523583 0.792222 0.040000 0.100000
0 0.488799 0.792555 0.040000 0.100000
0 0.454946 0.792522 0.040000 0.100000
0 0.431380 0.792722 0.040000 0.100000
0 0.374460 0.791843 0.040000 0.100000
0 0.344262 0.792322 0.040000 0.100000
0 0.315311 0.793281 0.040000 0.100000
0 0.279074 0.793568 0.040000 0.100000
0 0.256642 0.791843 0.040000 0.100000
0 0.206500 0.751751 0.100000 0.040000
0 0.205502 0.722792 0.100000 0.040000
0 0.207419 0.657165 0.100000 0.040000
0 0.207179 0.629364 0.100000 0.040000
0 0.207301 0.601992 0.100000 0.040000
0 0.206469 0.577526 0.100000 0.040000
0 0.207807 0.530106 0.100000 0.040000
0 0.207807 0.498471 0.100000 0.040000
0 0.207328 0.470191 0.100000 0.040000
0 0.208047 0.441671 0.100000 0.040000
0 0.207040 0.416219 0.100000 0.040000
0 0.207040 0.391198 0.100000 0.040000
0 0.205602 0.361001 0.100000 0.040000
0 0.206058 0.323158 0.100000 0.040000
0 0.207256 0.274027 0.100000 0.040000
0 0.206393 0.244884 0.100000 0.040000
