0 0.271297 0.225309 0.040000 0.100000
0 0.295023 0.223631 0.040000 0.100000
0 0.318270 0.223871 0.040000 0.100000
0 0.341038 0.222673 0.040000 0.100000
0 0.361170 0.224110 0.040000 0.100000
0 0.382500 0.224350 0.040000 0.100000
0 0.424345 0.222337 0.040000 0.100000
0 0.443614 0.222049 0.040000 0.100000
0 0.456843 0.222912 0.040000 0.100000
0 0.523819 0.222936 0.040000 0.100000
0 0.540835 0.222696 0.040000 0.100000
0 0.557612 0.224853 0.040000 0.100000
0 0.576066 0.224134 0.040000 0.100000
0 0.594040 0.224614 0.040000 0.100000
0 0.649594 0.223751 0.040000 0.100000
0 0.668863 0.224039 0.040000 0.100000
0 0.682955 0.225764 0.040000 0.100000
0 0.776912 0.251699 0.100000 0.040000
0 0.776625 0.273844 0.100000 0.040000
0 0.775762 0.303754 0.100000 0.040000
0 0.774842 0.344995 0.100000 0.040000
0 0.775877 0.365012 0.100000 0.040000
0 0.774802 0.417518 0.100000 0.040000
0 0.775282 0.437410 0.100000 0.040000
0 0.775282 0.462095 0.100000 0.040000
0 0.774951 0.525323 0.100000 0.040000
0 0.773992 0.542099 0.100000 0.040000
0 0.776245 0.577761 0.100000 0.040000
0 0.775095 0.598468 0.100000 0.040000
0 0.776533 0.619462 0.100000 0.040000
0 0.775095 0.642470 0.100000 0.040000
0 0.776193 0.702397 0.100000 0.040000
0 0.775993 0.724566 0.100000 0.040000
0 0.776393 0.750130 0.100000 0.040000
0 0.709487 0.776413 0.040000 0.100000
0 0.680248 0.777132 0.040000 0.100000
0 0.654864 0.776353 0.040000 0.100000
0 0.636290 0.777552 0.040000 0.100000
0 0.618316 0.776952 0.040000 0.100000
0 0.595947 0.776353 0.040000 0.100000
0 0.578621 0.776403 0.040000 0.100000
0 0.525363 0.776903 0.040000 0.100000
0 0.491203 0.778192 0.040000 0.100000
0 0.459781 0.776406 0.040000 0.100000
0 0.439809 0.776805 0.040000 0.100000
0 0.380492 0.776606 0.040000 0.100000
0 0.353291 0.775487 0.040000 0.100000
0 0.324468 0.777568 0.040000 0.100000
0 0.289684 0.776902 0.040000 0.100000
0 0.270045 0.776403 0.040000 0.100000
0 0.222917 0.741697 0.100000 0.040000
0 0.223317 0.712538 0.100000 0.040000
0 0.225118 0.641777 0.100000 0.040000
0 0.223720 0.619808 0.100000 0.040000
0 0.223121 0.595642 0.100000 0.040000
0 0.222522 0.571876 0.100000 0.040000
0 0.222182 0.526480 0.100000 0.040000
0 0.224579 0.493926 0.100000 0.040000
0 0.222781 0.466165 0.100000 0.040000
0 0.223620 0.439123 0.100000 0.040000
0 0.224193 0.396184 0.100000 0.040000
0 0.222945 0.417959 0.100000 0.040000
0 0.223361 0.365533 0.100000 0.040000
0 0.224055 0.330443 0.100000 0.040000
0 0.223454 0.279481 0.100000 0.040000
0 0.224173 0.255035 0.100000 0.040000
