0 0.290635 0.241923 0.040000 0.100000
0 0.307278 0.240675 0.040000 0.100000
0 0.328914 0.240397 0.040000 0.100000
0 0.345419 0.238317 0.040000 0.100000
0 0.364281 0.237485 0.040000 0.100000
0 0.382772 0.240031 0.040000 0.100000
0 0.425711 0.238833 0.040000 0.100000
0 0.454870 0.239232 0.040000 0.100000
0 0.527728 0.239752 0.040000 0.100000
0 0.542587 0.239752 0.040000 0.100000
0 0.555193 0.239848 0.040000 0.100000
0 0.571873 0.238985 0.040000 0.100000
0 0.586253 0.239848 0.040000 0.100000
0 0.643485 0.238294 0.040000 0.100000
0 0.656599 0.240710 0.040000 0.100000
0 0.674200 0.240020 0.040000 0.100000
0 0.759790 0.259877 0.100000 0.040000
0 0.760206 0.278600 0.100000 0.040000
0 0.759373 0.305229 0.100000 0.040000
0 0.759984 0.344591 0.100000 0.040000
0 0.759085 0.363231 0.100000 0.040000
0 0.759381 0.417498 0.100000 0.040000
0 0.759381 0.433509 0.100000 0.040000
0 0.760180 0.449486 0.100000 0.040000
0 0.760476 0.525449 0.100000 0.040000
0 0.759478 0.577875 0.100000 0.040000
0 0.759588 0.596279 0.100000 0.040000
0 0.758589 0.614753 0.100000 0.040000
0 0.758589 0.635391 0.100000 0.040000
0 0.758249 0.696065 0.100000 0.040000
0 0.759208 0.716916 0.100000 0.040000
0 0.759448 0.738965 0.100000 0.040000
0 0.697032 0.758961 0.040000 0.100000
0 0.669271 0.759760 0.040000 0.100000
0 0.648101 0.758961 0.040000 0.100000
0 0.629044 0.760509 0.040000 0.100000
0 0.616062 0.760842 0.040000 0.100000
0 0.597089 0.762007 0.040000 0.100000
0 0.580113 0.761008 0.040000 0.100000
0 0.527454 0.760609 0.040000 0.100000
0 0.496298 0.761008 0.040000 0.100000
0 0.464616 0.761300 0.040000 0.100000
0 0.447474 0.760302 0.040000 0.100000
0 0.384021 0.760874 0.040000 0.100000
0 0.360773 0.759436 0.040000 0.100000
0 0.335513 0.761305 0.040000 0.100000
0 0.301577 0.760155 0.040000 0.100000
0 0.285759 0.759867 0.040000 0.100000
0 0.240583 0.727680 0.100000 0.040000
0 0.239185 0.701318 0.100000 0.040000
0 0.239704 0.629698 0.100000 0.040000
0 0.240950 0.607218 0.100000 0.040000
0 0.241238 0.587374 0.100000 0.040000
0 0.240005 0.566693 0.100000 0.040000
0 0.240172 0.521756 0.100000 0.040000
0 0.239007 0.489635 0.100000 0.040000
0 0.239573 0.463705 0.100000 0.040000
0 0.240771 0.437542 0.100000 0.040000
0 0.241770 0.417370 0.100000 0.040000
0 0.240352 0.398497 0.100000 0.040000
0 0.238554 0.370936 0.100000 0.040000
0 0.238474 0.335825 0.100000 0.040000
0 0.239433 0.284537 0.100000 0.040000
0 0.239673 0.260811 0.100000 0.040000
