0 0.731012 0.172824 0.04 0.10
0 0.699126 0.174771 0.04 0.10
0 0.670367 0.174771 0.04 0.10
0 0.825032 0.224321 0.04 0.10
0 0.825512 0.258621 0.04 0.10
0 0.825320 0.291684 0.04 0.10
0 0.825666 0.334168 0.04 0.10
0 0.825320 0.362836 0.04 0.10
0 0.824284 0.415682 0.04 0.10
0 0.825666 0.441586 0.04 0.10
0 0.825796 0.469546 0.04 0.10
0 0.826276 0.525434 0.04 0.10
0 0.826036 0.540545 0.04 0.10
0 0.826228 0.574173 0.04 0.10
0 0.826515 0.600654 0.04 0.10
0 0.825652 0.629437 0.04 0.10
0 0.825484 0.660105 0.04 0.10
0 0.825504 0.714973 0.04 0.10
0 0.824705 0.745555 0.04 0.10
0 0.824705 0.783013 0.04 0.10
0 0.753526 0.826248 0.04 0.10
0 0.715099 0.827064 0.04 0.10
0 0.682451 0.826898 0.04 0.10
0 0.654287 0.826106 0.04 0.10
0 0.626803 0.826939 0.04 0.10
0 0.597459 0.826523 0.04 0.10
0 0.569809 0.825857 0.04 0.10
0 0.523069 0.826423 0.04 0.10
0 0.481893 0.825623 0.04 0.10
0 0.448713 0.827023 0.04 0.10
0 0.420649 0.827023 0.04 0.10
0 0.365182 0.825643 0.04 0.10
0 0.330802 0.826043 0.04 0.10
0 0.297661 0.827242 0.04 0.10
0 0.260962 0.825563 0.04 0.10
0 0.232859 0.827196 0.04 0.10
0 0.173377 0.775243 0.04 0.10
0 0.174376 0.741596 0.04 0.10
0 0.173570 0.681398 0.04 0.10
0 0.173570 0.646618 0.04 0.10
0 0.174770 0.613517 0.04 0.10
0 0.172851 0.584111 0.04 0.10
0 0.174859 0.539773 0.04 0.10
0 0.173693 0.504461 0.04 0.10
0 0.174193 0.470314 0.04 0.10
0 0.174396 0.438096 0.04 0.10
0 0.173397 0.411445 0.04 0.10
0 0.173564 0.380630 0.04 0.10
0 0.173064 0.345483 0.04 0.10
0 0.174203 0.304807 0.04 0.10
0 0.173320 0.255253 0.04 0.10
0 0.175153 0.224771 0.04 0.10
0 0.231233 0.173790 0.04 0.10
0 0.265772 0.173551 0.04 0.10
0 0.295275 0.175949 0.04 0.10
0 0.326217 0.174078 0.04 0.10
0 0.356152 0.174366 0.04 0.10
0 0.384071 0.175517 0.04 0.10
0 0.422430 0.174566 0.04 0.10
0 0.456743 0.175566 0.04 0.10
0 0.520586 0.174213 0.04 0.10
0 0.543852 0.173733 0.04 0.10
0 0.568798 0.173733 0.04 0.10
0 0.591584 0.174405 0.04 0.10
0 0.616050 0.175269 0.04 0.10
