0 0.244201 0.190741 0.040000 0.100000
0 0.274638 0.190501 0.040000 0.100000
0 0.304356 0.191700 0.040000 0.100000
0 0.330479 0.191939 0.040000 0.100000
0 0.356362 0.191700 0.040000 0.100000
0 0.382485 0.190262 0.040000 0.100000
0 0.423180 0.191652 0.040000 0.100000
0 0.456253 0.190214 0.040000 0.100000
0 0.521359 0.191622 0.040000 0.100000
0 0.542329 0.192221 0.040000 0.100000
0 0.564298 0.191023 0.040000 0.100000
0 0.586787 0.190663 0.040000 0.100000
0 0.606439 0.190903 0.040000 0.100000
0 0.663790 0.190544 0.040000 0.100000
0 0.688954 0.190783 0.040000 0.100000
0 0.713160 0.190783 0.040000 0.100000
0 0.811098 0.233104 0.100000 0.040000
0 0.810898 0.263860 0.100000 0.040000
0 0.809900 0.295216 0.100000 0.040000
0 0.809422 0.339052 0.100000 0.040000
0 0.809182 0.365175 0.100000 0.040000
0 0.807840 0.415216 0.100000 0.040000
0 0.809520 0.442326 0.100000 0.040000
0 0.809520 0.460500 0.100000 0.040000
0 0.809920 0.526407 0.100000 0.040000
0 0.809488 0.540691 0.100000 0.040000
0 0.809776 0.575202 0.100000 0.040000
0 0.810639 0.601086 0.100000 0.040000
0 0.808625 0.627832 0.100000 0.040000
0 0.808338 0.655441 0.100000 0.040000
0 0.808453 0.711445 0.100000 0.040000
0 0.809172 0.740444 0.100000 0.040000
0 0.807494 0.773518 0.100000 0.040000
0 0.737513 0.808029 0.040000 0.100000
0 0.702714 0.808604 0.040000 0.100000
0 0.673068 0.810276 0.040000 0.100000
0 0.648743 0.810196 0.040000 0.100000
0 0.624297 0.809477 0.040000 0.100000
0 0.596976 0.810675 0.040000 0.100000
0 0.572530 0.809957 0.040000 0.100000
0 0.522405 0.809745 0.040000 0.100000
0 0.485657 0.809146 0.040000 0.100000
0 0.451705 0.807548 0.040000 0.100000
0 0.428338 0.808547 0.040000 0.100000
0 0.369121 0.809525 0.040000 0.100000
0 0.336368 0.810923 0.040000 0.100000
0 0.308607 0.808327 0.040000 0.100000
0 0.268623 0.811562 0.040000 0.100000
0 0.245136 0.810604 0.040000 0.100000
0 0.192164 0.762331 0.100000 0.040000
0 0.190832 0.731541 0.100000 0.040000
0 0.190366 0.667764 0.100000 0.040000
0 0.190865 0.637240 0.100000 0.040000
0 0.189940 0.608808 0.100000 0.040000
0 0.190708 0.535985 0.100000 0.040000
0 0.190616 0.501371 0.100000 0.040000
0 0.190616 0.468584 0.100000 0.040000
0 0.190403 0.439571 0.100000 0.040000
0 0.190403 0.413009 0.100000 0.040000
0 0.190802 0.385847 0.100000 0.040000
0 0.192000 0.351496 0.100000 0.040000
0 0.191242 0.312126 0.100000 0.040000
0 0.191334 0.264300 0.100000 0.040000
0 0.190058 0.233149 0.100000 0.040000
