0 0.258587 0.207073 0.04 0.10
0 0.285050 0.208072 0.04 0.10
0 0.312844 0.207572 0.04 0.10
0 0.336211 0.208438 0.04 0.10
0 0.359378 0.208638 0.04 0.10
0 0.381467 0.208238 0.04 0.10
0 0.423648 0.208238 0.04 0.10
0 0.455954 0.207184 0.04 0.10
0 0.521991 0.206891 0.04 0.10
0 0.541882 0.206412 0.04 0.10
0 0.561055 0.207850 0.04 0.10
0 0.580947 0.207371 0.04 0.10
0 0.599162 0.206891 0.04 0.10
0 0.654178 0.206450 0.04 0.10
0 0.677761 0.207601 0.04 0.10
0 0.699043 0.208751 0.04 0.10
0 0.793086 0.242860 0.04 0.10
0 0.793431 0.270469 0.04 0.10
0 0.792327 0.296352 0.04 0.10
0 0.792290 0.340983 0.04 0.10
0 0.792091 0.364949 0.04 0.10
0 0.792091 0.416676 0.04 0.10
0 0.791412 0.439324 0.04 0.10
0 0.792850 0.456340 0.04 0.10
0 0.793808 0.525458 0.04 0.10
0 0.793808 0.542714 0.04 0.10
0 0.792672 0.577201 0.04 0.10
0 0.792433 0.598771 0.04 0.10
0 0.793391 0.622497 0.04 0.10
0 0.792672 0.649819 0.04 0.10
0 0.792992 0.706299 0.04 0.10
0 0.792592 0.733061 0.04 0.10
0 0.792193 0.763618 0.04 0.10
0 0.725357 0.793539 0.04 0.10
0 0.693070 0.793206 0.04 0.10
0 0.665608 0.793040 0.04 0.10
0 0.643376 0.793609 0.04 0.10
0 0.621878 0.794302 0.04 0.10
0 0.597968 0.793609 0.04 0.10
0 0.573835 0.792943 0.04 0.10
0 0.523724 0.792276 0.04 0.10
0 0.488634 0.792692 0.04 0.10
0 0.455681 0.793136 0.04 0.10
0 0.434045 0.792970 0.04 0.10
0 0.374196 0.792537 0.04 0.10
0 0.346035 0.792337 0.04 0.10
0 0.317176 0.792577 0.04 0.10
0 0.281948 0.793271 0.04 0.10
0 0.259923 0.791662 0.04 0.10
0 0.206092 0.752710 0.04 0.10
0 0.204654 0.724430 0.04 0.10
0 0.208357 0.654568 0.04 0.10
0 0.206859 0.629603 0.04 0.10
0 0.206959 0.601410 0.04 0.10
0 0.206359 0.576046 0.04 0.10
0 0.206859 0.530011 0.04 0.10
0 0.208456 0.495459 0.04 0.10
0 0.207378 0.467739 0.04 0.10
0 0.206659 0.437781 0.04 0.10
0 0.205796 0.415205 0.04 0.10
0 0.206371 0.391047 0.04 0.10
0 0.204646 0.356536 0.04 0.10
0 0.206676 0.319910 0.04 0.10
0 0.207874 0.270579 0.04 0.10
0 0.207674 0.244416 0.04 0.10
