0 0.274925 0.225450 0.04 0.10
0 0.296894 0.223852 0.04 0.10
0 0.319262 0.223053 0.04 0.10
0 0.340153 0.221975 0.04 0.10
0 0.362681 0.222933 0.04 0.10
0 0.381614 0.223173 0.04 0.10
0 0.423603 0.223221 0.04 0.10
0 0.456101 0.221208 0.04 0.10
0 0.524203 0.222991 0.04 0.10
0 0.540769 0.221610 0.04 0.10
0 0.558024 0.222646 0.04 0.10
0 0.574590 0.222646 0.04 0.10
0 0.591845 0.223681 0.04 0.10
0 0.668905 0.223533 0.04 0.10
0 0.683684 0.224132 0.04 0.10
0 0.776641 0.250159 0.04 0.10
0 0.775088 0.274605 0.04 0.10
0 0.776139 0.298628 0.04 0.10
0 0.774988 0.341767 0.04 0.10
0 0.775276 0.364200 0.04 0.10
0 0.776824 0.415780 0.04 0.10
0 0.776105 0.436870 0.04 0.10
0 0.776824 0.453646 0.04 0.10
0 0.773513 0.578985 0.04 0.10
0 0.776908 0.543236 0.04 0.10
0 0.775690 0.597891 0.04 0.10
0 0.775345 0.618943 0.04 0.10
0 0.775000 0.642756 0.04 0.10
0 0.775380 0.699527 0.04 0.10
0 0.774690 0.724375 0.04 0.10
0 0.773309 0.748878 0.04 0.10
0 0.712224 0.774762 0.04 0.10
0 0.680460 0.776312 0.04 0.10
0 0.655695 0.778509 0.04 0.10
0 0.637920 0.775713 0.04 0.10
0 0.619546 0.775513 0.04 0.10
0 0.597178 0.776712 0.04 0.10
0 0.578324 0.775633 0.04 0.10
0 0.526078 0.775873 0.04 0.10
0 0.491227 0.777371 0.04 0.10
0 0.460670 0.777970 0.04 0.10
0 0.441298 0.776172 0.04 0.10
0 0.378946 0.775853 0.04 0.10
0 0.351624 0.777770 0.04 0.10
0 0.327131 0.775422 0.04 0.10
0 0.293537 0.775472 0.04 0.10
0 0.271402 0.776970 0.04 0.10
0 0.225433 0.739956 0.04 0.10
0 0.224235 0.714991 0.04 0.10
0 0.224545 0.643147 0.04 0.10
0 0.223436 0.617628 0.04 0.10
0 0.223020 0.592802 0.04 0.10
0 0.223574 0.569446 0.04 0.10
0 0.222909 0.526506 0.04 0.10
0 0.222776 0.494452 0.04 0.10
0 0.223375 0.463695 0.04 0.10
0 0.223375 0.436054 0.04 0.10
0 0.222656 0.414964 0.04 0.10
0 0.223614 0.393155 0.04 0.10
0 0.223885 0.364485 0.04 0.10
0 0.223220 0.326705 0.04 0.10
0 0.224684 0.276210 0.04 0.10
0 0.223686 0.253442 0.04 0.10
