0 0.380339 0.240754 0.040000 0.100000
0 0.364961 0.240754 0.040000 0.100000
0 0.424876 0.241353 0.040000 0.100000
0 0.443849 0.239356 0.040000 0.100000
0 0.457230 0.239356 0.040000 0.100000
0 0.526533 0.241712 0.040000 0.100000
0 0.555532 0.240514 0.040000 0.100000
0 0.569739 0.240830 0.040000 0.100000
0 0.582508 0.239450 0.040000 0.100000
0 0.540404 0.240485 0.040000 0.100000
0 0.642212 0.239795 0.040000 0.100000
0 0.657743 0.239105 0.040000 0.100000
0 0.671202 0.240485 0.040000 0.100000
0 0.760891 0.256125 0.100000 0.040000
0 0.760891 0.278269 0.100000 0.040000
0 0.759453 0.299264 0.100000 0.040000
0 0.758658 0.342047 0.100000 0.040000
0 0.756861 0.362419 0.100000 0.040000
0 0.758858 0.415943 0.100000 0.040000
0 0.758778 0.433518 0.100000 0.040000
0 0.758538 0.448857 0.100000 0.040000
0 0.758207 0.525081 0.100000 0.040000
0 0.758806 0.541658 0.100000 0.040000
0 0.759805 0.577008 0.100000 0.040000
0 0.758207 0.595781 0.100000 0.040000
0 0.758407 0.613556 0.100000 0.040000
0 0.759086 0.634766 0.100000 0.040000
0 0.759565 0.695640 0.100000 0.040000
0 0.759167 0.715447 0.100000 0.040000
0 0.759407 0.738694 0.100000 0.040000
0 0.701409 0.760264 0.040000 0.100000
0 0.673128 0.760024 0.040000 0.100000
0 0.632885 0.760723 0.040000 0.100000
0 0.649062 0.760124 0.040000 0.100000
0 0.616508 0.761921 0.040000 0.100000
0 0.597136 0.760124 0.040000 0.100000
0 0.580599 0.760124 0.040000 0.100000
0 0.526915 0.760363 0.040000 0.100000
0 0.498323 0.759908 0.040000 0.100000
0 0.465010 0.760387 0.040000 0.100000
0 0.448234 0.759908 0.040000 0.100000
0 0.383861 0.759908 0.040000 0.100000
0 0.360566 0.760196 0.040000 0.100000
0 0.337558 0.759333 0.040000 0.100000
0 0.303392 0.758643 0.040000 0.100000
0 0.287517 0.760368 0.040000 0.100000
0 0.240581 0.727237 0.100000 0.040000
0 0.241276 0.702257 0.100000 0.040000
0 0.240230 0.629928 0.100000 0.040000
0 0.241266 0.606805 0.100000 0.040000
0 0.241611 0.584373 0.100000 0.040000
0 0.241611 0.562631 0.100000 0.040000
0 0.240187 0.521999 0.100000 0.040000
0 0.240667 0.505222 0.100000 0.040000
0 0.239468 0.489644 0.100000 0.040000
0 0.240427 0.461604 0.100000 0.040000
0 0.238989 0.451538 0.100000 0.040000
0 0.241146 0.434762 0.100000 0.040000
0 0.240906 0.416308 0.100000 0.040000
0 0.240906 0.395937 0.100000 0.040000
0 0.240520 0.367432 0.100000 0.040000
0 0.240520 0.335277 0.100000 0.040000
0 0.239122 0.280754 0.100000 0.040000
0 0.241679 0.260902 0.100000 0.040000
0 0.288892 0.241010 0.040000 0.100000
0 0.308544 0.239812 0.040000 0.100000
0 0.327861 0.240196 0.040000 0.100000
0 0.346267 0.240196 0.040000 0.100000
