0 0.242233 0.184084 0.04 0.10
0 0.269843 0.183796 0.04 0.10
0 0.300329 0.183796 0.04 0.10
0 0.330527 0.184659 0.04 0.10
0 0.358942 0.183739 0.04 0.10
0 0.387242 0.183048 0.04 0.10
0 0.424171 0.183739 0.04 0.10
0 0.458062 0.184084 0.04 0.10
0 0.441496 0.184084 0.04 0.10
0 0.518527 0.184498 0.04 0.10
0 0.542962 0.184084 0.04 0.10
0 0.570296 0.184912 0.04 0.10
0 0.595917 0.183461 0.04 0.10
0 0.621282 0.185059 0.04 0.10
0 0.674009 0.185059 0.04 0.10
0 0.702050 0.185378 0.04 0.10
0 0.724579 0.185618 0.04 0.10
0 0.817619 0.217014 0.04 0.10
0 0.817044 0.250664 0.04 0.10
0 0.817044 0.282300 0.04 0.10
0 0.816408 0.325986 0.04 0.10
0 0.815210 0.351351 0.04 0.10
0 0.816408 0.400484 0.04 0.10
0 0.816289 0.425769 0.04 0.10
0 0.816049 0.451893 0.04 0.10
0 0.815306 0.513655 0.04 0.10
0 0.816744 0.555118 0.04 0.10
0 0.815546 0.582680 0.04 0.10
0 0.815845 0.607905 0.04 0.10
0 0.815246 0.638264 0.04 0.10
0 0.815486 0.691470 0.04 0.10
0 0.815825 0.723646 0.04 0.10
0 0.814227 0.753005 0.04 0.10
0 0.739203 0.815311 0.04 0.10
0 0.703540 0.816174 0.04 0.10
0 0.672479 0.816462 0.04 0.10
0 0.643143 0.816462 0.04 0.10
0 0.618134 0.816545 0.04 0.10
0 0.590971 0.816545 0.04 0.10
0 0.565806 0.816745 0.04 0.10
0 0.521517 0.816629 0.04 0.10
0 0.483403 0.815797 0.04 0.10
0 0.451683 0.817003 0.04 0.10
0 0.426024 0.817835 0.04 0.10
0 0.372209 0.816570 0.04 0.10
0 0.342251 0.816570 0.04 0.10
0 0.309097 0.816171 0.04 0.10
0 0.271429 0.816451 0.04 0.10
0 0.238354 0.815732 0.04 0.10
0 0.183202 0.756687 0.04 0.10
0 0.182856 0.723555 0.04 0.10
0 0.184243 0.656773 0.04 0.10
0 0.184575 0.628812 0.04 0.10
0 0.184908 0.597355 0.04 0.10
0 0.185075 0.567230 0.04 0.10
0 0.183926 0.516472 0.04 0.10
0 0.183366 0.492145 0.04 0.10
0 0.184325 0.463146 0.04 0.10
0 0.185044 0.428633 0.04 0.10
0 0.184373 0.400304 0.04 0.10
0 0.183510 0.373557 0.04 0.10
0 0.182360 0.344509 0.04 0.10
0 0.182647 0.331855 0.04 0.10
0 0.185375 0.292825 0.04 0.10
0 0.185908 0.252082 0.04 0.10
0 0.184110 0.222123 0.04 0.10
0 0.184110 0.306606 0.04 0.10
