0 0.257799 0.199884 0.040000 0.100000
0 0.279169 0.199285 0.040000 0.100000
0 0.306931 0.199285 0.040000 0.100000
0 0.336131 0.200803 0.040000 0.100000
0 0.359858 0.200084 0.040000 0.100000
0 0.385742 0.199844 0.040000 0.100000
0 0.425336 0.199556 0.040000 0.100000
0 0.442592 0.200132 0.040000 0.100000
0 0.458985 0.198981 0.040000 0.100000
0 0.520303 0.200043 0.040000 0.100000
0 0.543671 0.199444 0.040000 0.100000
0 0.565241 0.198645 0.040000 0.100000
0 0.588409 0.201441 0.040000 0.100000
0 0.611297 0.201121 0.040000 0.100000
0 0.666589 0.198605 0.040000 0.100000
0 0.689837 0.200043 0.040000 0.100000
0 0.711647 0.199324 0.040000 0.100000
0 0.801020 0.224465 0.100000 0.040000
0 0.801020 0.256341 0.100000 0.040000
0 0.799102 0.284143 0.100000 0.040000
0 0.798469 0.327541 0.100000 0.040000
0 0.799867 0.352307 0.100000 0.040000
0 0.798868 0.401839 0.100000 0.040000
0 0.800346 0.425366 0.100000 0.040000
0 0.798908 0.449813 0.100000 0.040000
0 0.800195 0.515188 0.100000 0.040000
0 0.799030 0.556631 0.100000 0.040000
0 0.798697 0.580598 0.100000 0.040000
0 0.799196 0.605564 0.100000 0.040000
0 0.800724 0.633142 0.100000 0.040000
0 0.799643 0.687817 0.100000 0.040000
0 0.798311 0.714613 0.100000 0.040000
0 0.799143 0.744738 0.100000 0.040000
0 0.726893 0.801044 0.040000 0.100000
0 0.693273 0.800378 0.040000 0.100000
0 0.663347 0.800378 0.040000 0.100000
0 0.639181 0.800378 0.040000 0.100000
0 0.615813 0.799380 0.040000 0.100000
0 0.592129 0.799330 0.040000 0.100000
0 0.568328 0.799163 0.040000 0.100000
0 0.521490 0.799871 0.040000 0.100000
0 0.484874 0.799038 0.040000 0.100000
0 0.454749 0.799704 0.040000 0.100000
0 0.432979 0.799205 0.040000 0.100000
0 0.377456 0.799604 0.040000 0.100000
0 0.348179 0.799787 0.040000 0.100000
0 0.317022 0.799388 0.040000 0.100000
0 0.279874 0.800387 0.040000 0.100000
0 0.251713 0.799588 0.040000 0.100000
0 0.198746 0.743625 0.100000 0.040000
0 0.200715 0.711377 0.100000 0.040000
0 0.201231 0.646018 0.100000 0.040000
0 0.200232 0.617390 0.100000 0.040000
0 0.200232 0.590794 0.100000 0.040000
0 0.199433 0.563232 0.100000 0.040000
0 0.201091 0.509606 0.100000 0.040000
0 0.199294 0.493428 0.100000 0.040000
0 0.200292 0.459076 0.100000 0.040000
0 0.200292 0.427080 0.100000 0.040000
0 0.200292 0.401195 0.100000 0.040000
0 0.199473 0.376769 0.100000 0.040000
0 0.198857 0.349623 0.100000 0.040000
0 0.198857 0.312008 0.100000 0.040000
0 0.198458 0.298028 0.100000 0.040000
0 0.199173 0.257479 0.100000 0.040000
0 0.199572 0.230117 0.100000 0.040000
