0 0.271190 0.215981 0.04 0.10
0 0.290603 0.213585 0.04 0.10
0 0.314330 0.215502 0.04 0.10
0 0.340167 0.216221 0.04 0.10
0 0.362600 0.214783 0.04 0.10
0 0.386471 0.215933 0.04 0.10
0 0.426697 0.216918 0.04 0.10
0 0.439280 0.216719 0.04 0.10
0 0.459652 0.215321 0.04 0.10
0 0.522765 0.215321 0.04 0.10
0 0.542937 0.216918 0.04 0.10
0 0.563349 0.214282 0.04 0.10
0 0.582522 0.215960 0.04 0.10
0 0.601696 0.215720 0.04 0.10
0 0.657395 0.215768 0.04 0.10
0 0.679541 0.216056 0.04 0.10
0 0.697947 0.216343 0.04 0.10
0 0.783373 0.233216 0.04 0.10
0 0.785370 0.262010 0.04 0.10
0 0.784205 0.287974 0.04 0.10
0 0.783839 0.329550 0.04 0.10
0 0.783639 0.352918 0.04 0.10
0 0.784877 0.403847 0.04 0.10
0 0.784877 0.425418 0.04 0.10
0 0.784877 0.446748 0.04 0.10
0 0.783723 0.516096 0.04 0.10
0 0.784721 0.557439 0.04 0.10
0 0.784082 0.580488 0.04 0.10
0 0.783363 0.601578 0.04 0.10
0 0.783603 0.626504 0.04 0.10
0 0.784801 0.684887 0.04 0.10
0 0.785089 0.710484 0.04 0.10
0 0.783939 0.735218 0.04 0.10
0 0.711749 0.783090 0.04 0.10
0 0.679594 0.783290 0.04 0.10
0 0.652831 0.783490 0.04 0.10
0 0.634456 0.783490 0.04 0.10
0 0.613901 0.784505 0.04 0.10
0 0.590933 0.785171 0.04 0.10
0 0.571493 0.785171 0.04 0.10
0 0.523160 0.782574 0.04 0.10
0 0.488647 0.783813 0.04 0.10
0 0.459408 0.782854 0.04 0.10
0 0.439755 0.783573 0.04 0.10
0 0.381199 0.783657 0.04 0.10
0 0.354836 0.784656 0.04 0.10
0 0.324677 0.784456 0.04 0.10
0 0.291324 0.783257 0.04 0.10
0 0.262355 0.785694 0.04 0.10
0 0.216051 0.731625 0.04 0.10
0 0.216687 0.704266 0.04 0.10
0 0.216323 0.635366 0.04 0.10
0 0.215724 0.609401 0.04 0.10
0 0.215704 0.584935 0.04 0.10
0 0.216303 0.559770 0.04 0.10
0 0.214825 0.519146 0.04 0.10
0 0.214825 0.506204 0.04 0.10
0 0.214346 0.490386 0.04 0.10
0 0.215017 0.456928 0.04 0.10
0 0.215592 0.428167 0.04 0.10
0 0.213291 0.404009 0.04 0.10
0 0.214154 0.379563 0.04 0.10
0 0.215357 0.355188 0.04 0.10
0 0.215597 0.321634 0.04 0.10
0 0.216076 0.265312 0.04 0.10
0 0.216076 0.240387 0.04 0.10
