0 0.284761 0.231951 0.040000 0.100000
0 0.302070 0.230953 0.040000 0.100000
0 0.324373 0.231452 0.040000 0.100000
0 0.345344 0.230620 0.040000 0.100000
0 0.364984 0.231951 0.040000 0.100000
0 0.387552 0.231951 0.040000 0.100000
0 0.427977 0.231752 0.040000 0.100000
0 0.459134 0.231033 0.040000 0.100000
0 0.525714 0.231320 0.040000 0.100000
0 0.541532 0.233334 0.040000 0.100000
0 0.559651 0.234196 0.040000 0.100000
0 0.576620 0.232471 0.040000 0.100000
0 0.592093 0.231435 0.040000 0.100000
0 0.650900 0.231685 0.040000 0.100000
0 0.669075 0.232085 0.040000 0.100000
0 0.685053 0.232484 0.040000 0.100000
0 0.769317 0.241692 0.100000 0.040000
0 0.767519 0.270053 0.100000 0.040000
0 0.765722 0.293820 0.100000 0.040000
0 0.766681 0.334643 0.100000 0.040000
0 0.766681 0.356214 0.100000 0.040000
0 0.766501 0.407571 0.100000 0.040000
0 0.767100 0.426944 0.100000 0.040000
0 0.767300 0.445918 0.100000 0.040000
0 0.767899 0.518817 0.100000 0.040000
0 0.768138 0.530561 0.100000 0.040000
0 0.768786 0.561550 0.100000 0.040000
0 0.767587 0.582881 0.100000 0.040000
0 0.768306 0.601815 0.100000 0.040000
0 0.767587 0.623864 0.100000 0.040000
0 0.768091 0.681936 0.100000 0.040000
0 0.765934 0.703986 0.100000 0.040000
0 0.766173 0.724597 0.100000 0.040000
0 0.701562 0.766759 0.040000 0.100000
0 0.671803 0.768756 0.040000 0.100000
0 0.649834 0.768756 0.040000 0.100000
0 0.629722 0.767538 0.040000 0.100000
0 0.612945 0.769935 0.040000 0.100000
0 0.593172 0.767538 0.040000 0.100000
0 0.575197 0.767338 0.040000 0.100000
0 0.523604 0.767824 0.040000 0.100000
0 0.493246 0.767424 0.040000 0.100000
0 0.463886 0.767824 0.040000 0.100000
0 0.446191 0.767983 0.040000 0.100000
0 0.385075 0.768942 0.040000 0.100000
0 0.360992 0.767588 0.040000 0.100000
0 0.336227 0.769386 0.040000 0.100000
0 0.302074 0.767788 0.040000 0.100000
0 0.278466 0.768547 0.040000 0.100000
0 0.233548 0.721472 0.100000 0.040000
0 0.233149 0.695507 0.100000 0.040000
0 0.232327 0.623243 0.100000 0.040000
0 0.229997 0.601939 0.100000 0.040000
0 0.229165 0.579970 0.100000 0.040000
0 0.230996 0.556169 0.100000 0.040000
0 0.230829 0.516590 0.100000 0.040000
0 0.231229 0.503009 0.100000 0.040000
0 0.230630 0.486632 0.100000 0.040000
0 0.231069 0.457592 0.100000 0.040000
0 0.230829 0.427873 0.100000 0.040000
0 0.230829 0.386075 0.100000 0.040000
0 0.230542 0.407357 0.100000 0.040000
0 0.230829 0.361628 0.100000 0.040000
0 0.232052 0.328530 0.100000 0.040000
0 0.231572 0.271968 0.100000 0.040000
0 0.232291 0.251117 0.100000 0.040000
