0 0.298334 0.249509 0.040000 0.100000
0 0.314871 0.249509 0.040000 0.100000
0 0.333326 0.247832 0.040000 0.100000
0 0.351062 0.248311 0.040000 0.100000
0 0.369756 0.248790 0.040000 0.100000
0 0.387012 0.246777 0.040000 0.100000
0 0.428714 0.245914 0.040000 0.100000
0 0.447696 0.248790 0.040000 0.100000
0 0.467541 0.248215 0.040000 0.100000
0 0.528163 0.248939 0.040000 0.100000
0 0.542064 0.247501 0.040000 0.100000
0 0.556923 0.249179 0.040000 0.100000
0 0.571543 0.247980 0.040000 0.100000
0 0.586882 0.248460 0.040000 0.100000
0 0.642629 0.247693 0.040000 0.100000
0 0.658159 0.249131 0.040000 0.100000
0 0.671677 0.249131 0.040000 0.100000
0 0.753126 0.254595 0.100000 0.040000
0 0.753126 0.276683 0.100000 0.040000
0 0.753126 0.297736 0.100000 0.040000
0 0.752551 0.340544 0.100000 0.040000
0 0.753151 0.358719 0.100000 0.040000
0 0.751393 0.428487 0.100000 0.040000
0 0.752591 0.410512 0.100000 0.040000
0 0.750914 0.444545 0.100000 0.040000
0 0.752296 0.566292 0.100000 0.040000
0 0.752030 0.532705 0.100000 0.040000
0 0.750968 0.584330 0.100000 0.040000
0 0.752596 0.620618 0.100000 0.040000
0 0.751431 0.601644 0.100000 0.040000
0 0.752096 0.679537 0.100000 0.040000
0 0.751597 0.699676 0.100000 0.040000
0 0.752496 0.719149 0.100000 0.040000
0 0.691180 0.752902 0.040000 0.100000
0 0.663738 0.753262 0.040000 0.100000
0 0.578586 0.754770 0.040000 0.100000
0 0.593732 0.755269 0.040000 0.100000
0 0.611041 0.754770 0.040000 0.100000
0 0.628117 0.753871 0.040000 0.100000
0 0.642697 0.753671 0.040000 0.100000
0 0.495681 0.753530 0.040000 0.100000
0 0.468635 0.753113 0.040000 0.100000
0 0.451258 0.753341 0.040000 0.100000
0 0.390382 0.752982 0.040000 0.100000
0 0.368093 0.753222 0.040000 0.100000
0 0.313256 0.751879 0.040000 0.100000
0 0.345180 0.754180 0.040000 0.100000
0 0.293124 0.752167 0.040000 0.100000
0 0.249408 0.713168 0.100000 0.040000
0 0.249231 0.687183 0.100000 0.040000
0 0.248812 0.614144 0.100000 0.040000
0 0.247613 0.595570 0.100000 0.040000
0 0.249411 0.573999 0.100000 0.040000
0 0.247094 0.554107 0.100000 0.040000
0 0.246115 0.515101 0.100000 0.040000
0 0.246515 0.498723 0.100000 0.040000
0 0.249111 0.478950 0.100000 0.040000
0 0.247833 0.457460 0.100000 0.040000
0 0.248312 0.430377 0.100000 0.040000
0 0.248073 0.410245 0.100000 0.040000
0 0.247354 0.392510 0.100000 0.040000
0 0.248570 0.369012 0.100000 0.040000
0 0.247239 0.353700 0.100000 0.040000
0 0.245907 0.334227 0.100000 0.040000
0 0.245075 0.316751 0.100000 0.040000
0 0.246273 0.280201 0.100000 0.040000
0 0.249469 0.261028 0.100000 0.040000
