0 0.235744 0.188246 0.04 0.10
0 0.268818 0.185130 0.04 0.10
0 0.301653 0.186089 0.04 0.10
0 0.332810 0.186089 0.04 0.10
0 0.362793 0.185154 0.04 0.10
0 0.390834 0.186352 0.04 0.10
0 0.426545 0.187071 0.04 0.10
0 0.458277 0.186592 0.04 0.10
0 0.518506 0.185370 0.04 0.10
0 0.542234 0.185849 0.04 0.10
0 0.567399 0.186328 0.04 0.10
0 0.619644 0.187111 0.04 0.10
0 0.593180 0.186611 0.04 0.10
0 0.671905 0.186611 0.04 0.10
0 0.699101 0.187377 0.04 0.10
0 0.729742 0.186561 0.04 0.10
0 0.812372 0.240584 0.04 0.10
0 0.815493 0.269941 0.04 0.10
0 0.814245 0.302813 0.04 0.10
0 0.813523 0.345537 0.04 0.10
0 0.813523 0.374298 0.04 0.10
0 0.813324 0.420314 0.04 0.10
0 0.812605 0.447876 0.04 0.10
0 0.814115 0.469183 0.04 0.10
0 0.813396 0.528621 0.04 0.10
0 0.814354 0.541084 0.04 0.10
0 0.813539 0.574398 0.04 0.10
0 0.813827 0.599995 0.04 0.10
0 0.814115 0.629043 0.04 0.10
0 0.813331 0.712271 0.04 0.10
0 0.813830 0.659844 0.04 0.10
0 0.813131 0.743528 0.04 0.10
0 0.813581 0.777432 0.04 0.10
0 0.698716 0.814877 0.04 0.10
0 0.733667 0.814710 0.04 0.10
0 0.669922 0.815376 0.04 0.10
0 0.643292 0.813712 0.04 0.10
0 0.618160 0.815043 0.04 0.10
0 0.592029 0.814411 0.04 0.10
0 0.565665 0.814011 0.04 0.10
0 0.521215 0.816084 0.04 0.10
0 0.483443 0.814073 0.04 0.10
0 0.452652 0.813518 0.04 0.10
0 0.425135 0.813684 0.04 0.10
0 0.371109 0.813385 0.04 0.10
0 0.341892 0.813608 0.04 0.10
0 0.308272 0.814606 0.04 0.10
0 0.272488 0.813774 0.04 0.10
0 0.242396 0.813874 0.04 0.10
0 0.187232 0.765501 0.04 0.10
0 0.187088 0.732666 0.04 0.10
0 0.185996 0.675720 0.04 0.10
0 0.185680 0.643839 0.04 0.10
0 0.185081 0.613281 0.04 0.10
0 0.186479 0.583322 0.04 0.10
0 0.186319 0.541060 0.04 0.10
0 0.184881 0.509424 0.04 0.10
0 0.184737 0.475583 0.04 0.10
0 0.187901 0.447685 0.04 0.10
0 0.185025 0.420938 0.04 0.10
0 0.184910 0.358010 0.04 0.10
0 0.184435 0.319102 0.04 0.10
0 0.185634 0.273325 0.04 0.10
0 0.186592 0.241209 0.04 0.10
