0 0.244259 0.199609 0.04 0.10
0 0.277805 0.200852 0.04 0.10
0 0.307209 0.202840 0.04 0.10
0 0.336034 0.200355 0.04 0.10
0 0.362533 0.200665 0.04 0.10
0 0.387037 0.201701 0.04 0.10
0 0.427071 0.201701 0.04 0.10
0 0.457787 0.201356 0.04 0.10
0 0.519495 0.202736 0.04 0.10
0 0.541152 0.202776 0.04 0.10
0 0.563298 0.201338 0.04 0.10
0 0.587744 0.201051 0.04 0.10
0 0.609027 0.202489 0.04 0.10
0 0.662808 0.201626 0.04 0.10
0 0.688980 0.202201 0.04 0.10
0 0.715210 0.201051 0.04 0.10
0 0.798253 0.247821 0.04 0.10
0 0.799115 0.276869 0.04 0.10
0 0.796815 0.309080 0.04 0.10
0 0.796815 0.350495 0.04 0.10
0 0.797681 0.377151 0.04 0.10
0 0.797282 0.422488 0.04 0.10
0 0.796883 0.447214 0.04 0.10
0 0.797299 0.467556 0.04 0.10
0 0.798339 0.527543 0.04 0.10
0 0.797368 0.544464 0.04 0.10
0 0.797798 0.576684 0.04 0.10
0 0.797382 0.600262 0.04 0.10
0 0.798075 0.626337 0.04 0.10
0 0.797293 0.708075 0.04 0.10
0 0.798491 0.656746 0.04 0.10
0 0.798774 0.736519 0.04 0.10
0 0.798109 0.770139 0.04 0.10
0 0.720772 0.797989 0.04 0.10
0 0.688698 0.800878 0.04 0.10
0 0.637149 0.799491 0.04 0.10
0 0.660380 0.797758 0.04 0.10
0 0.616251 0.798936 0.04 0.10
0 0.590731 0.798104 0.04 0.10
0 0.566820 0.798881 0.04 0.10
0 0.521382 0.799047 0.04 0.10
0 0.485099 0.797483 0.04 0.10
0 0.454541 0.798881 0.04 0.10
0 0.431559 0.798396 0.04 0.10
0 0.375178 0.798951 0.04 0.10
0 0.346967 0.798645 0.04 0.10
0 0.315011 0.799145 0.04 0.10
0 0.280259 0.797680 0.04 0.10
0 0.254894 0.798879 0.04 0.10
0 0.201309 0.752712 0.04 0.10
0 0.200893 0.724833 0.04 0.10
0 0.199477 0.664939 0.04 0.10
0 0.201684 0.636029 0.04 0.10
0 0.201684 0.607901 0.04 0.10
0 0.202863 0.579981 0.04 0.10
0 0.201927 0.537990 0.04 0.10
0 0.200966 0.503395 0.04 0.10
0 0.200300 0.473935 0.04 0.10
0 0.201898 0.447705 0.04 0.10
0 0.202347 0.422622 0.04 0.10
0 0.202347 0.397158 0.04 0.10
0 0.201082 0.364269 0.04 0.10
0 0.201762 0.326303 0.04 0.10
0 0.201734 0.281449 0.04 0.10
0 0.202083 0.251654 0.04 0.10
