0 0.261397 0.218874 0.040000 0.100000
0 0.287282 0.216957 0.040000 0.100000
0 0.316521 0.217915 0.040000 0.100000
0 0.341447 0.219114 0.040000 0.100000
0 0.363976 0.219593 0.040000 0.100000
0 0.388183 0.216717 0.040000 0.100000
0 0.427009 0.216717 0.040000 0.100000
0 0.456057 0.216429 0.040000 0.100000
0 0.442252 0.215854 0.040000 0.100000
0 0.521458 0.218097 0.040000 0.100000
0 0.541049 0.217153 0.040000 0.100000
0 0.559503 0.215955 0.040000 0.100000
0 0.581313 0.217153 0.040000 0.100000
0 0.602404 0.218112 0.040000 0.100000
0 0.655419 0.217393 0.040000 0.100000
0 0.676414 0.217680 0.040000 0.100000
0 0.697697 0.217680 0.040000 0.100000
0 0.782948 0.256224 0.100000 0.040000
0 0.783906 0.282108 0.100000 0.040000
0 0.781749 0.310150 0.100000 0.040000
0 0.783331 0.352236 0.100000 0.040000
0 0.783331 0.376395 0.100000 0.040000
0 0.781040 0.422881 0.100000 0.040000
0 0.780561 0.444931 0.100000 0.040000
0 0.781999 0.465063 0.100000 0.040000
0 0.782478 0.529342 0.100000 0.040000
0 0.782478 0.543722 0.100000 0.040000
0 0.780048 0.649134 0.100000 0.040000
0 0.780527 0.623969 0.100000 0.040000
0 0.784026 0.578192 0.100000 0.040000
0 0.781725 0.599187 0.100000 0.040000
0 0.781921 0.705157 0.100000 0.040000
0 0.782121 0.729124 0.100000 0.040000
0 0.781486 0.758880 0.100000 0.040000
0 0.705646 0.781959 0.040000 0.100000
0 0.675587 0.782292 0.040000 0.100000
0 0.651221 0.782292 0.040000 0.100000
0 0.631847 0.782492 0.040000 0.100000
0 0.612873 0.782891 0.040000 0.100000
0 0.590659 0.782874 0.040000 0.100000
0 0.569970 0.782412 0.040000 0.100000
0 0.522327 0.782967 0.040000 0.100000
0 0.489428 0.782662 0.040000 0.100000
0 0.458804 0.782828 0.040000 0.100000
0 0.437841 0.783580 0.040000 0.100000
0 0.380697 0.780945 0.040000 0.100000
0 0.354289 0.782498 0.040000 0.100000
0 0.324663 0.781999 0.040000 0.100000
0 0.291942 0.780201 0.040000 0.100000
0 0.268175 0.782598 0.040000 0.100000
0 0.218203 0.741015 0.100000 0.040000
0 0.217245 0.715370 0.100000 0.040000
0 0.216957 0.652146 0.100000 0.040000
0 0.218578 0.627127 0.100000 0.040000
0 0.218245 0.600664 0.100000 0.040000
0 0.218245 0.575199 0.100000 0.040000
0 0.217203 0.536249 0.100000 0.040000
0 0.217370 0.522102 0.100000 0.040000
0 0.215539 0.502296 0.100000 0.040000
0 0.219215 0.423141 0.100000 0.040000
0 0.219381 0.400672 0.100000 0.040000
0 0.217550 0.447275 0.100000 0.040000
0 0.216884 0.465416 0.100000 0.040000
0 0.216332 0.368756 0.100000 0.040000
0 0.216572 0.330888 0.100000 0.040000
0 0.217530 0.288227 0.100000 0.040000
0 0.218968 0.262343 0.100000 0.040000
