0 0.271558 0.232958 0.04 0.10
0 0.299360 0.232958 0.04 0.10
0 0.322128 0.233917 0.04 0.10
0 0.346095 0.232958 0.04 0.10
0 0.364694 0.233198 0.04 0.10
0 0.387702 0.234924 0.04 0.10
0 0.426744 0.234037 0.04 0.10
0 0.442802 0.234037 0.04 0.10
0 0.456801 0.234557 0.04 0.10
0 0.523204 0.234191 0.04 0.10
0 0.540180 0.233992 0.04 0.10
0 0.556757 0.233392 0.04 0.10
0 0.575132 0.233992 0.04 0.10
0 0.592948 0.234071 0.04 0.10
0 0.646394 0.234551 0.04 0.10
0 0.664849 0.235030 0.04 0.10
0 0.684022 0.235509 0.04 0.10
0 0.766720 0.262380 0.04 0.10
0 0.767120 0.287746 0.04 0.10
0 0.767599 0.312711 0.04 0.10
0 0.766389 0.353691 0.04 0.10
0 0.766588 0.375461 0.04 0.10
0 0.767038 0.424297 0.04 0.10
0 0.766206 0.445101 0.04 0.10
0 0.766372 0.461412 0.04 0.10
0 0.766453 0.530431 0.04 0.10
0 0.765954 0.545576 0.04 0.10
0 0.768650 0.578831 0.04 0.10
0 0.766453 0.598004 0.04 0.10
0 0.764780 0.643983 0.04 0.10
0 0.767970 0.619294 0.04 0.10
0 0.766066 0.698788 0.04 0.10
0 0.765733 0.721590 0.04 0.10
0 0.767731 0.750384 0.04 0.10
0 0.694232 0.764365 0.04 0.10
0 0.667469 0.765163 0.04 0.10
0 0.644101 0.766362 0.04 0.10
0 0.627364 0.764684 0.04 0.10
0 0.611066 0.766122 0.04 0.10
0 0.591414 0.765882 0.04 0.10
0 0.572959 0.765403 0.04 0.10
0 0.523258 0.767666 0.04 0.10
0 0.490664 0.767389 0.04 0.10
0 0.443951 0.767472 0.04 0.10
0 0.461759 0.767472 0.04 0.10
0 0.384717 0.768436 0.04 0.10
0 0.358953 0.768037 0.04 0.10
0 0.335385 0.765840 0.04 0.10
0 0.301046 0.768300 0.04 0.10
0 0.282072 0.766469 0.04 0.10
0 0.233805 0.732083 0.04 0.10
0 0.231608 0.707717 0.04 0.10
0 0.235599 0.639407 0.04 0.10
0 0.232603 0.616638 0.04 0.10
0 0.233002 0.593869 0.04 0.10
0 0.233801 0.572299 0.04 0.10
0 0.234640 0.531116 0.04 0.10
0 0.235918 0.514658 0.04 0.10
0 0.233122 0.498880 0.04 0.10
0 0.232523 0.471718 0.04 0.10
0 0.233345 0.444166 0.04 0.10
0 0.231747 0.423794 0.04 0.10
0 0.231747 0.405219 0.04 0.10
0 0.232946 0.374661 0.04 0.10
0 0.232744 0.340410 0.04 0.10
0 0.233576 0.292809 0.04 0.10
0 0.234375 0.268743 0.04 0.10
0 0.231978 0.327062 0.04 0.10
