0 0.246592 0.276251 0.04 0.10
0 0.249228 0.297822 0.04 0.10
0 0.248509 0.331615 0.04 0.10
0 0.750932 0.269544 0.04 0.10
0 0.750932 0.292073 0.04 0.10
0 0.751172 0.313644 0.04 0.10
0 0.750453 0.353908 0.04 0.10
0 0.749973 0.375239 0.04 0.10
0 0.751051 0.424393 0.04 0.10
0 0.749853 0.440371 0.04 0.10
0 0.750052 0.458346 0.04 0.10
0 0.748854 0.529528 0.04 0.10
0 0.749573 0.545346 0.04 0.10
0 0.748399 0.579835 0.04 0.10
0 0.748159 0.595893 0.04 0.10
0 0.749597 0.615066 0.04 0.10
0 0.750556 0.636157 0.04 0.10
0 0.749986 0.694054 0.04 0.10
0 0.749820 0.713694 0.04 0.10
0 0.748821 0.737661 0.04 0.10
0 0.248601 0.721085 0.04 0.10
0 0.248601 0.698783 0.04 0.10
0 0.249266 0.628273 0.04 0.10
0 0.249985 0.606223 0.04 0.10
0 0.249027 0.585851 0.04 0.10
0 0.248179 0.566671 0.04 0.10
0 0.248778 0.525727 0.04 0.10
0 0.249777 0.509150 0.04 0.10
0 0.250626 0.487263 0.04 0.10
0 0.250127 0.468289 0.04 0.10
0 0.250426 0.442558 0.04 0.10
0 0.250226 0.425182 0.04 0.10
0 0.247830 0.406408 0.04 0.10
0 0.248229 0.379325 0.04 0.10
0 0.248708 0.346251 0.04 0.10
