0 0.273543 0.182964 0.04 0.10
0 0.240189 0.183363 0.04 0.10
0 0.301105 0.181166 0.04 0.10
0 0.336057 0.183962 0.04 0.10
0 0.363419 0.183762 0.04 0.10
0 0.391380 0.182205 0.04 0.10
0 0.428289 0.182205 0.04 0.10
0 0.442190 0.182924 0.04 0.10
0 0.522054 0.183483 0.04 0.10
0 0.545854 0.182318 0.04 0.10
0 0.570487 0.182818 0.04 0.10
0 0.596784 0.184649 0.04 0.10
0 0.469027 0.181819 0.04 0.10
0 0.673814 0.185510 0.04 0.10
0 0.619583 0.184678 0.04 0.10
0 0.700638 0.183596 0.04 0.10
0 0.725936 0.184262 0.04 0.10
0 0.816425 0.219666 0.04 0.10
0 0.817599 0.253292 0.04 0.10
0 0.816596 0.283438 0.04 0.10
0 0.816996 0.326379 0.04 0.10
0 0.815797 0.354340 0.04 0.10
0 0.816926 0.429297 0.04 0.10
0 0.818175 0.402973 0.04 0.10
0 0.816936 0.455373 0.04 0.10
0 0.817735 0.517088 0.04 0.10
0 0.817775 0.559429 0.04 0.10
0 0.817775 0.586032 0.04 0.10
0 0.817662 0.612563 0.04 0.10
0 0.816863 0.643920 0.04 0.10
0 0.816228 0.694406 0.04 0.10
0 0.816428 0.726362 0.04 0.10
0 0.817227 0.757718 0.04 0.10
0 0.742288 0.816769 0.04 0.10
0 0.706689 0.817809 0.04 0.10
0 0.674141 0.818410 0.04 0.10
0 0.646263 0.817856 0.04 0.10
0 0.591422 0.816302 0.04 0.10
0 0.620216 0.817800 0.04 0.10
0 0.565824 0.816202 0.04 0.10
0 0.521885 0.816802 0.04 0.10
0 0.484057 0.817441 0.04 0.10
0 0.453619 0.817680 0.04 0.10
0 0.425770 0.817153 0.04 0.10
0 0.372276 0.817441 0.04 0.10
0 0.342652 0.816866 0.04 0.10
0 0.306530 0.818419 0.04 0.10
0 0.269946 0.817038 0.04 0.10
0 0.235089 0.817383 0.04 0.10
0 0.183245 0.754284 0.04 0.10
0 0.183411 0.723826 0.04 0.10
0 0.183345 0.658882 0.04 0.10
0 0.183225 0.627006 0.04 0.10
0 0.183225 0.596569 0.04 0.10
0 0.183465 0.567329 0.04 0.10
0 0.183355 0.518038 0.04 0.10
0 0.181558 0.500263 0.04 0.10
0 0.180958 0.466509 0.04 0.10
0 0.182706 0.432273 0.04 0.10
0 0.182706 0.404478 0.04 0.10
0 0.182506 0.376550 0.04 0.10
0 0.182706 0.349787 0.04 0.10
0 0.183305 0.335008 0.04 0.10
0 0.182107 0.308564 0.04 0.10
0 0.182107 0.294663 0.04 0.10
0 0.181963 0.258378 0.04 0.10
0 0.181388 0.225591 0.04 0.10
