0 0.251367 0.196644 0.040000 0.100000
0 0.283230 0.197709 0.040000 0.100000
0 0.309114 0.199147 0.040000 0.100000
0 0.339313 0.200585 0.040000 0.100000
0 0.363998 0.199387 0.040000 0.100000
0 0.389403 0.199387 0.040000 0.100000
0 0.428099 0.198410 0.040000 0.100000
0 0.460720 0.199908 0.040000 0.100000
0 0.522968 0.198577 0.040000 0.100000
0 0.543639 0.199076 0.040000 0.100000
0 0.567206 0.198277 0.040000 0.100000
0 0.588177 0.199276 0.040000 0.100000
0 0.609148 0.200874 0.040000 0.100000
0 0.666213 0.199732 0.040000 0.100000
0 0.687850 0.200398 0.040000 0.100000
0 0.711317 0.199732 0.040000 0.100000
0 0.802092 0.226661 0.100000 0.040000
0 0.802042 0.257069 0.100000 0.040000
0 0.801543 0.286529 0.100000 0.040000
0 0.801120 0.354659 0.100000 0.040000
0 0.800426 0.330734 0.100000 0.040000
0 0.802114 0.404313 0.100000 0.040000
0 0.800699 0.459132 0.100000 0.040000
0 0.800240 0.428101 0.100000 0.040000
0 0.798514 0.516395 0.100000 0.040000
0 0.799590 0.529025 0.100000 0.040000
0 0.799243 0.560810 0.100000 0.040000
0 0.799992 0.585152 0.100000 0.040000
0 0.799659 0.609951 0.100000 0.040000
0 0.799826 0.637413 0.100000 0.040000
0 0.800758 0.690972 0.100000 0.040000
0 0.799991 0.746871 0.100000 0.040000
0 0.729244 0.802015 0.040000 0.100000
0 0.696410 0.801775 0.040000 0.100000
0 0.664773 0.801296 0.040000 0.100000
0 0.640175 0.802675 0.040000 0.100000
0 0.618260 0.801982 0.040000 0.100000
0 0.591908 0.802121 0.040000 0.100000
0 0.567497 0.803092 0.040000 0.100000
0 0.523280 0.800817 0.040000 0.100000
0 0.486273 0.801879 0.040000 0.100000
0 0.455815 0.802046 0.040000 0.100000
0 0.431516 0.800381 0.040000 0.100000
0 0.376633 0.801727 0.040000 0.100000
0 0.347257 0.802171 0.040000 0.100000
0 0.315132 0.799871 0.040000 0.100000
0 0.278238 0.800148 0.040000 0.100000
0 0.246615 0.800426 0.040000 0.100000
0 0.198646 0.742342 0.100000 0.040000
0 0.198646 0.712184 0.100000 0.040000
0 0.198606 0.647873 0.100000 0.040000
0 0.199366 0.590099 0.100000 0.040000
0 0.199366 0.617145 0.100000 0.040000
0 0.199420 0.562395 0.100000 0.040000
0 0.199281 0.527166 0.100000 0.040000
0 0.198727 0.513990 0.100000 0.040000
0 0.199420 0.494850 0.100000 0.040000
0 0.199448 0.462339 0.100000 0.040000
0 0.198849 0.431115 0.100000 0.040000
0 0.199048 0.406350 0.100000 0.040000
0 0.199178 0.380802 0.100000 0.040000
0 0.198679 0.353173 0.100000 0.040000
0 0.198845 0.316391 0.100000 0.040000
0 0.199345 0.300579 0.100000 0.040000
0 0.198978 0.265161 0.100000 0.040000
0 0.198579 0.236201 0.100000 0.040000
