0 0.265802 0.214455 0.040000 0.100000
0 0.291926 0.213017 0.040000 0.100000
0 0.317091 0.214215 0.040000 0.100000
0 0.342496 0.213975 0.040000 0.100000
0 0.366703 0.214934 0.040000 0.100000
0 0.390670 0.214215 0.040000 0.100000
0 0.429592 0.214934 0.040000 0.100000
0 0.443684 0.215222 0.040000 0.100000
0 0.460078 0.214647 0.040000 0.100000
0 0.523580 0.214647 0.040000 0.100000
0 0.543252 0.214301 0.040000 0.100000
0 0.563615 0.213956 0.040000 0.100000
0 0.582942 0.214301 0.040000 0.100000
0 0.603649 0.215337 0.040000 0.100000
0 0.657920 0.214376 0.040000 0.100000
0 0.678915 0.213513 0.040000 0.100000
0 0.698472 0.214951 0.040000 0.100000
0 0.785506 0.235584 0.100000 0.040000
0 0.785218 0.263194 0.100000 0.040000
0 0.784068 0.289078 0.100000 0.040000
0 0.785365 0.333411 0.100000 0.040000
0 0.785365 0.355980 0.100000 0.040000
0 0.785085 0.407669 0.100000 0.040000
0 0.783887 0.427801 0.100000 0.040000
0 0.785325 0.450569 0.100000 0.040000
0 0.785209 0.563593 0.100000 0.040000
0 0.784410 0.585363 0.100000 0.040000
0 0.784610 0.606734 0.100000 0.040000
0 0.785808 0.631300 0.100000 0.040000
0 0.785608 0.516858 0.100000 0.040000
0 0.784704 0.685467 0.100000 0.040000
0 0.786717 0.713652 0.100000 0.040000
0 0.784704 0.737810 0.100000 0.040000
0 0.713655 0.783663 0.040000 0.100000
0 0.684362 0.785494 0.040000 0.100000
0 0.655868 0.784329 0.040000 0.100000
0 0.634897 0.785327 0.040000 0.100000
0 0.616922 0.785128 0.040000 0.100000
0 0.591557 0.785527 0.040000 0.100000
0 0.572623 0.784329 0.040000 0.100000
0 0.523731 0.785048 0.040000 0.100000
0 0.489750 0.784644 0.040000 0.100000
0 0.457394 0.785244 0.040000 0.100000
0 0.439619 0.784245 0.040000 0.100000
0 0.380817 0.784528 0.040000 0.100000
0 0.352689 0.784528 0.040000 0.100000
0 0.323563 0.784128 0.040000 0.100000
0 0.288411 0.784528 0.040000 0.100000
0 0.261329 0.784168 0.040000 0.100000
0 0.215612 0.730399 0.100000 0.040000
0 0.213814 0.702837 0.100000 0.040000
0 0.214813 0.637128 0.100000 0.040000
0 0.215412 0.607968 0.100000 0.040000
0 0.215931 0.584001 0.100000 0.040000
0 0.213535 0.558596 0.100000 0.040000
0 0.215488 0.491333 0.100000 0.040000
0 0.215288 0.460975 0.100000 0.040000
0 0.213690 0.432015 0.100000 0.040000
0 0.214899 0.408278 0.100000 0.040000
0 0.214732 0.385143 0.100000 0.040000
0 0.214399 0.358180 0.100000 0.040000
0 0.214133 0.321830 0.100000 0.040000
0 0.215531 0.306651 0.100000 0.040000
0 0.214213 0.270661 0.100000 0.040000
0 0.215411 0.246454 0.100000 0.040000
