0 0.279737 0.229074 0.04 0.10
0 0.301307 0.229074 0.04 0.10
0 0.325274 0.231470 0.04 0.10
0 0.348442 0.233068 0.04 0.10
0 0.367016 0.230871 0.04 0.10
0 0.388227 0.230632 0.04 0.10
0 0.429210 0.230871 0.04 0.10
0 0.460223 0.228906 0.04 0.10
0 0.525010 0.229685 0.04 0.10
0 0.543784 0.229885 0.04 0.10
0 0.560561 0.230683 0.04 0.10
0 0.578935 0.230284 0.04 0.10
0 0.593915 0.230084 0.04 0.10
0 0.668811 0.231163 0.04 0.10
0 0.686163 0.230300 0.04 0.10
0 0.651363 0.230588 0.04 0.10
0 0.769707 0.243641 0.04 0.10
0 0.769541 0.268773 0.04 0.10
0 0.769874 0.295070 0.04 0.10
0 0.768775 0.337478 0.04 0.10
0 0.768695 0.357570 0.04 0.10
0 0.767976 0.409578 0.04 0.10
0 0.767880 0.448980 0.04 0.10
0 0.770109 0.518431 0.04 0.10
0 0.768671 0.564448 0.04 0.10
0 0.769390 0.586018 0.04 0.10
0 0.768671 0.604712 0.04 0.10
0 0.768432 0.626857 0.04 0.10
0 0.769007 0.682365 0.04 0.10
0 0.770076 0.707506 0.04 0.10
0 0.768158 0.728118 0.04 0.10
0 0.703927 0.770060 0.04 0.10
0 0.674307 0.769811 0.04 0.10
0 0.651173 0.769312 0.04 0.10
0 0.632698 0.770311 0.04 0.10
0 0.613624 0.769412 0.04 0.10
0 0.593652 0.769012 0.04 0.10
0 0.575677 0.770011 0.04 0.10
0 0.525529 0.768370 0.04 0.10
0 0.493574 0.770367 0.04 0.10
0 0.461485 0.769369 0.04 0.10
0 0.444308 0.769968 0.04 0.10
0 0.386069 0.767212 0.04 0.10
0 0.358986 0.771286 0.04 0.10
0 0.332623 0.770088 0.04 0.10
0 0.299215 0.769002 0.04 0.10
0 0.275748 0.769002 0.04 0.10
0 0.231010 0.721268 0.04 0.10
0 0.229412 0.696702 0.04 0.10
0 0.232058 0.625610 0.04 0.10
0 0.231060 0.602476 0.04 0.10
0 0.230560 0.578509 0.04 0.10
0 0.229411 0.555840 0.04 0.10
0 0.230903 0.520240 0.04 0.10
0 0.230040 0.503846 0.04 0.10
0 0.230615 0.484577 0.04 0.10
0 0.230615 0.460706 0.04 0.10
0 0.230315 0.411538 0.04 0.10
0 0.231114 0.431910 0.04 0.10
0 0.229517 0.389568 0.04 0.10
0 0.229916 0.365202 0.04 0.10
0 0.230036 0.349184 0.04 0.10
0 0.229796 0.329531 0.04 0.10
0 0.231474 0.279201 0.04 0.10
0 0.231138 0.253700 0.04 0.10
