0 0.295211 0.247569 0.040000 0.100000
0 0.314984 0.245771 0.040000 0.100000
0 0.330562 0.245172 0.040000 0.100000
0 0.351733 0.245571 0.040000 0.100000
0 0.371226 0.248168 0.040000 0.100000
0 0.389441 0.245292 0.040000 0.100000
0 0.430425 0.243614 0.040000 0.100000
0 0.461582 0.245196 0.040000 0.100000
0 0.528938 0.248130 0.040000 0.100000
0 0.541708 0.246404 0.040000 0.100000
0 0.556893 0.246404 0.040000 0.100000
0 0.572424 0.248475 0.040000 0.100000
0 0.588299 0.246404 0.040000 0.100000
0 0.642691 0.245438 0.040000 0.100000
0 0.659671 0.246680 0.040000 0.100000
0 0.674994 0.246266 0.040000 0.100000
0 0.753682 0.254300 0.100000 0.040000
0 0.756664 0.275173 0.100000 0.040000
0 0.752191 0.297537 0.100000 0.040000
0 0.753185 0.341768 0.100000 0.040000
0 0.751197 0.360654 0.100000 0.040000
0 0.754676 0.412836 0.100000 0.040000
0 0.752191 0.430727 0.100000 0.040000
0 0.751861 0.447760 0.100000 0.040000
0 0.753644 0.520696 0.100000 0.040000
0 0.753644 0.536227 0.100000 0.040000
0 0.753299 0.568668 0.100000 0.040000
0 0.753299 0.586615 0.100000 0.040000
0 0.752500 0.604948 0.100000 0.040000
0 0.752500 0.624721 0.100000 0.040000
0 0.753738 0.680204 0.100000 0.040000
0 0.752779 0.721667 0.100000 0.040000
0 0.754457 0.701535 0.100000 0.040000
0 0.691524 0.753235 0.040000 0.100000
0 0.664961 0.753834 0.040000 0.100000
0 0.644389 0.753834 0.040000 0.100000
0 0.628411 0.752636 0.040000 0.100000
0 0.612034 0.753235 0.040000 0.100000
0 0.594858 0.753635 0.040000 0.100000
0 0.578330 0.755415 0.040000 0.100000
0 0.527168 0.753585 0.040000 0.100000
0 0.495811 0.754384 0.040000 0.100000
0 0.467490 0.754384 0.040000 0.100000
0 0.452391 0.754863 0.040000 0.100000
0 0.390077 0.754384 0.040000 0.100000
0 0.367788 0.754096 0.040000 0.100000
0 0.341904 0.752946 0.040000 0.100000
0 0.311418 0.753233 0.040000 0.100000
0 0.288409 0.754959 0.040000 0.100000
0 0.246736 0.712998 0.100000 0.040000
0 0.247023 0.687401 0.100000 0.040000
0 0.246161 0.617513 0.100000 0.040000
0 0.245618 0.596989 0.100000 0.040000
0 0.245019 0.576018 0.100000 0.040000
0 0.245418 0.553449 0.100000 0.040000
0 0.245219 0.518697 0.100000 0.040000
0 0.245219 0.500922 0.100000 0.040000
0 0.244260 0.486182 0.100000 0.040000
0 0.244739 0.461017 0.100000 0.040000
0 0.246417 0.415000 0.100000 0.040000
0 0.246417 0.431538 0.100000 0.040000
0 0.246421 0.396134 0.100000 0.040000
0 0.246621 0.371768 0.100000 0.040000
0 0.246221 0.353993 0.100000 0.040000
0 0.245422 0.336417 0.100000 0.040000
0 0.245622 0.319640 0.100000 0.040000
0 0.247779 0.285807 0.100000 0.040000
0 0.247540 0.264237 0.100000 0.040000
