0 0.182563 0.253197 0.100000 0.040000
0 0.182802 0.222280 0.100000 0.040000
0 0.182323 0.292263 0.100000 0.040000
0 0.182083 0.307122 0.100000 0.040000
0 0.182083 0.331329 0.100000 0.040000
0 0.180645 0.345709 0.100000 0.040000
0 0.181317 0.371114 0.100000 0.040000
0 0.181892 0.399298 0.100000 0.040000
0 0.183190 0.460434 0.100000 0.040000
0 0.184388 0.425882 0.100000 0.040000
0 0.182790 0.490991 0.100000 0.040000
0 0.181193 0.518353 0.100000 0.040000
0 0.182591 0.567725 0.100000 0.040000
0 0.183333 0.597134 0.100000 0.040000
0 0.182501 0.627592 0.100000 0.040000
0 0.183133 0.659148 0.100000 0.040000
0 0.182959 0.722219 0.100000 0.040000
0 0.183791 0.752510 0.100000 0.040000
0 0.235079 0.815703 0.040000 0.100000
0 0.267634 0.816901 0.040000 0.100000
0 0.306261 0.817620 0.040000 0.100000
0 0.341492 0.818100 0.040000 0.100000
0 0.373863 0.816583 0.040000 0.100000
0 0.424071 0.818109 0.040000 0.100000
0 0.449591 0.818248 0.040000 0.100000
0 0.483322 0.817083 0.040000 0.100000
0 0.515877 0.817382 0.040000 0.100000
0 0.565009 0.817382 0.040000 0.100000
0 0.591932 0.817422 0.040000 0.100000
0 0.619494 0.818141 0.040000 0.100000
0 0.645138 0.817662 0.040000 0.100000
0 0.671837 0.817710 0.040000 0.100000
0 0.702323 0.816847 0.040000 0.100000
0 0.737410 0.817422 0.040000 0.100000
0 0.816731 0.751619 0.100000 0.040000
0 0.817326 0.725907 0.100000 0.040000
0 0.817992 0.694617 0.100000 0.040000
0 0.816328 0.641025 0.100000 0.040000
0 0.816639 0.583432 0.100000 0.040000
0 0.817043 0.556122 0.100000 0.040000
0 0.816643 0.525365 0.100000 0.040000
0 0.817841 0.460854 0.100000 0.040000
0 0.818560 0.428499 0.100000 0.040000
0 0.817182 0.400997 0.100000 0.040000
0 0.817382 0.354062 0.100000 0.040000
0 0.817742 0.325462 0.100000 0.040000
0 0.816543 0.281842 0.100000 0.040000
0 0.815057 0.250350 0.100000 0.040000
0 0.816495 0.219577 0.100000 0.040000
0 0.725901 0.183914 0.040000 0.100000
0 0.700430 0.183429 0.040000 0.100000
0 0.673587 0.183908 0.040000 0.100000
0 0.619901 0.182470 0.040000 0.100000
0 0.597852 0.181751 0.040000 0.100000
0 0.570161 0.182447 0.040000 0.100000
0 0.544756 0.182686 0.040000 0.100000
0 0.521029 0.182207 0.040000 0.100000
0 0.467667 0.183473 0.040000 0.100000
0 0.442502 0.183952 0.040000 0.100000
0 0.424766 0.183233 0.040000 0.100000
0 0.387618 0.181556 0.040000 0.100000
0 0.357659 0.181556 0.040000 0.100000
0 0.331296 0.182754 0.040000 0.100000
0 0.296400 0.181508 0.040000 0.100000
0 0.266202 0.180933 0.040000 0.100000
0 0.237155 0.182083 0.040000 0.100000
