0 0.303911 0.197787 0.040000 0.100000
0 0.278372 0.198477 0.040000 0.100000
0 0.251453 0.198477 0.040000 0.100000
0 0.334627 0.196751 0.040000 0.100000
0 0.357750 0.198477 0.040000 0.100000
0 0.385360 0.197787 0.040000 0.100000
0 0.425394 0.197787 0.040000 0.100000
0 0.460596 0.198132 0.040000 0.100000
0 0.444375 0.200548 0.040000 0.100000
0 0.522166 0.197787 0.040000 0.100000
0 0.544530 0.196959 0.040000 0.100000
0 0.566065 0.197373 0.040000 0.100000
0 0.589258 0.197787 0.040000 0.100000
0 0.610793 0.198201 0.040000 0.100000
0 0.665851 0.198488 0.040000 0.100000
0 0.689219 0.198888 0.040000 0.100000
0 0.710789 0.199686 0.040000 0.100000
0 0.802226 0.225375 0.100000 0.040000
0 0.803025 0.256132 0.100000 0.040000
0 0.801627 0.283295 0.100000 0.040000
0 0.801867 0.326571 0.100000 0.040000
0 0.801004 0.354180 0.100000 0.040000
0 0.801642 0.402464 0.100000 0.040000
0 0.801881 0.426910 0.100000 0.040000
0 0.801642 0.451356 0.100000 0.040000
0 0.802361 0.515108 0.100000 0.040000
0 0.801646 0.556774 0.100000 0.040000
0 0.801845 0.582538 0.100000 0.040000
0 0.799848 0.608302 0.100000 0.040000
0 0.799249 0.635864 0.100000 0.040000
0 0.802408 0.689337 0.100000 0.040000
0 0.801410 0.719296 0.100000 0.040000
0 0.800841 0.743304 0.100000 0.040000
0 0.724463 0.801064 0.040000 0.100000
0 0.691731 0.800787 0.040000 0.100000
0 0.663991 0.803283 0.040000 0.100000
0 0.638721 0.801841 0.040000 0.100000
0 0.616419 0.802673 0.040000 0.100000
0 0.591886 0.801641 0.040000 0.100000
0 0.566921 0.800043 0.040000 0.100000
0 0.521667 0.800360 0.040000 0.100000
0 0.486216 0.802690 0.040000 0.100000
0 0.454662 0.801067 0.040000 0.100000
0 0.432332 0.800235 0.040000 0.100000
0 0.377630 0.800096 0.040000 0.100000
0 0.346107 0.801528 0.040000 0.100000
0 0.315150 0.800729 0.040000 0.100000
0 0.276723 0.800090 0.040000 0.100000
0 0.248682 0.800329 0.040000 0.100000
0 0.199239 0.740893 0.100000 0.040000
0 0.198684 0.711767 0.100000 0.040000
0 0.200515 0.645026 0.100000 0.040000
0 0.198964 0.590269 0.100000 0.040000
0 0.199443 0.618789 0.100000 0.040000
0 0.198601 0.562690 0.100000 0.040000
0 0.198768 0.524410 0.100000 0.040000
0 0.198601 0.511927 0.100000 0.040000
0 0.198435 0.493786 0.100000 0.040000
0 0.197603 0.459234 0.100000 0.040000
0 0.198202 0.426479 0.100000 0.040000
0 0.198721 0.400076 0.100000 0.040000
0 0.197498 0.376217 0.100000 0.040000
0 0.199023 0.351529 0.100000 0.040000
0 0.198136 0.335024 0.100000 0.040000
0 0.198635 0.312722 0.100000 0.040000
0 0.197636 0.298408 0.100000 0.040000
0 0.197478 0.260791 0.100000 0.040000
0 0.197756 0.233052 0.100000 0.040000
