0 0.263741 0.214990 0.04 0.10
0 0.289142 0.215058 0.04 0.10
0 0.312110 0.214459 0.04 0.10
0 0.339672 0.214259 0.04 0.10
0 0.360443 0.214858 0.04 0.10
0 0.385924 0.214608 0.04 0.10
0 0.425037 0.213776 0.04 0.10
0 0.444010 0.214808 0.04 0.10
0 0.460587 0.214608 0.04 0.10
0 0.524778 0.214329 0.04 0.10
0 0.544431 0.214808 0.04 0.10
0 0.564563 0.215287 0.04 0.10
0 0.582011 0.215335 0.04 0.10
0 0.602143 0.215048 0.04 0.10
0 0.658168 0.213840 0.04 0.10
0 0.679565 0.213840 0.04 0.10
0 0.699927 0.213840 0.04 0.10
0 0.786402 0.233705 0.04 0.10
0 0.786402 0.260867 0.04 0.10
0 0.784405 0.287110 0.04 0.10
0 0.784644 0.330251 0.04 0.10
0 0.784405 0.356854 0.04 0.10
0 0.786737 0.405240 0.04 0.10
0 0.785239 0.427543 0.04 0.10
0 0.785239 0.447016 0.04 0.10
0 0.786138 0.559253 0.04 0.10
0 0.785898 0.581782 0.04 0.10
0 0.783022 0.517072 0.04 0.10
0 0.784940 0.605509 0.04 0.10
0 0.785679 0.631613 0.04 0.10
0 0.784980 0.685159 0.04 0.10
0 0.784780 0.711522 0.04 0.10
0 0.784580 0.733692 0.04 0.10
0 0.712081 0.785100 0.04 0.10
0 0.682122 0.784381 0.04 0.10
0 0.655180 0.784920 0.04 0.10
0 0.634408 0.786119 0.04 0.10
0 0.615035 0.785320 0.04 0.10
0 0.593615 0.785303 0.04 0.10
0 0.571479 0.785470 0.04 0.10
0 0.522647 0.785004 0.04 0.10
0 0.490292 0.786601 0.04 0.10
0 0.459574 0.785243 0.04 0.10
0 0.438723 0.786202 0.04 0.10
0 0.380863 0.785863 0.04 0.10
0 0.353901 0.785663 0.04 0.10
0 0.322344 0.785863 0.04 0.10
0 0.287113 0.785104 0.04 0.10
0 0.261948 0.784145 0.04 0.10
0 0.214714 0.731078 0.04 0.10
0 0.215099 0.702410 0.04 0.10
0 0.214885 0.636161 0.04 0.10
0 0.215301 0.610225 0.04 0.10
0 0.216272 0.584566 0.04 0.10
0 0.214804 0.559450 0.04 0.10
0 0.214712 0.517966 0.04 0.10
0 0.215045 0.507647 0.04 0.10
0 0.214379 0.491004 0.04 0.10
0 0.215111 0.457284 0.04 0.10
0 0.215711 0.426327 0.04 0.10
0 0.214313 0.402360 0.04 0.10
0 0.213554 0.379831 0.04 0.10
0 0.212355 0.355385 0.04 0.10
0 0.213074 0.340525 0.04 0.10
0 0.212645 0.320550 0.04 0.10
0 0.213810 0.303906 0.04 0.10
0 0.211979 0.267290 0.04 0.10
0 0.214212 0.241618 0.04 0.10
