0 0.385749 0.228546 0.04 0.10
0 0.364351 0.227855 0.04 0.10
0 0.345370 0.229926 0.04 0.10
0 0.322592 0.230271 0.04 0.10
0 0.300159 0.230271 0.04 0.10
0 0.278761 0.230962 0.04 0.10
0 0.426473 0.230962 0.04 0.10
0 0.459605 0.230962 0.04 0.10
0 0.527249 0.229926 0.04 0.10
0 0.560242 0.229029 0.04 0.10
0 0.542020 0.229857 0.04 0.10
0 0.578051 0.231100 0.04 0.10
0 0.592546 0.232342 0.04 0.10
0 0.649736 0.231319 0.04 0.10
0 0.666992 0.233333 0.04 0.10
0 0.685111 0.232470 0.04 0.10
0 0.769551 0.246217 0.04 0.10
0 0.769551 0.266924 0.04 0.10
0 0.768515 0.292463 0.04 0.10
0 0.768544 0.334885 0.04 0.10
0 0.771152 0.356954 0.04 0.10
0 0.769155 0.406286 0.04 0.10
0 0.768756 0.427456 0.04 0.10
0 0.769155 0.446230 0.04 0.10
0 0.767091 0.518449 0.04 0.10
0 0.765819 0.532434 0.04 0.10
0 0.768362 0.561561 0.04 0.10
0 0.769717 0.604048 0.04 0.10
0 0.769717 0.583410 0.04 0.10
0 0.769550 0.626350 0.04 0.10
0 0.769098 0.682804 0.04 0.10
0 0.768517 0.707469 0.04 0.10
0 0.768794 0.725222 0.04 0.10
0 0.672608 0.770264 0.04 0.10
0 0.701118 0.769300 0.04 0.10
0 0.648298 0.769820 0.04 0.10
0 0.630383 0.770398 0.04 0.10
0 0.594137 0.770029 0.04 0.10
0 0.613277 0.770583 0.04 0.10
0 0.576332 0.770287 0.04 0.10
0 0.523905 0.769400 0.04 0.10
0 0.493280 0.770731 0.04 0.10
0 0.464221 0.768867 0.04 0.10
0 0.446246 0.769866 0.04 0.10
0 0.385929 0.768947 0.04 0.10
0 0.359805 0.770385 0.04 0.10
0 0.332607 0.769934 0.04 0.10
0 0.299852 0.768735 0.04 0.10
0 0.275287 0.768336 0.04 0.10
0 0.231587 0.720802 0.04 0.10
0 0.229190 0.697794 0.04 0.10
0 0.231168 0.626313 0.04 0.10
0 0.231284 0.602096 0.04 0.10
0 0.230286 0.580127 0.04 0.10
0 0.229886 0.557958 0.04 0.10
0 0.229287 0.519012 0.04 0.10
0 0.230246 0.504072 0.04 0.10
0 0.230965 0.488254 0.04 0.10
0 0.230725 0.457097 0.04 0.10
0 0.230869 0.426851 0.04 0.10
0 0.230753 0.406563 0.04 0.10
0 0.230553 0.386591 0.04 0.10
0 0.229754 0.362824 0.04 0.10
0 0.232151 0.346647 0.04 0.10
0 0.230034 0.328592 0.04 0.10
0 0.231232 0.310856 0.04 0.10
0 0.229794 0.275865 0.04 0.10
0 0.230513 0.251419 0.04 0.10
