0 0.245622 0.260696 0.04 0.10
0 0.247348 0.282841 0.04 0.10
0 0.246881 0.318844 0.04 0.10
0 0.246162 0.335141 0.04 0.10
0 0.246401 0.352157 0.04 0.10
0 0.245443 0.370372 0.04 0.10
0 0.244484 0.390265 0.04 0.10
0 0.246381 0.409498 0.04 0.10
0 0.246182 0.428272 0.04 0.10
0 0.245782 0.448644 0.04 0.10
0 0.247480 0.477943 0.04 0.10
0 0.247679 0.500911 0.04 0.10
0 0.249277 0.514293 0.04 0.10
0 0.246281 0.554836 0.04 0.10
0 0.246082 0.575608 0.04 0.10
0 0.246231 0.595530 0.04 0.10
0 0.246564 0.616002 0.04 0.10
0 0.246498 0.688235 0.04 0.10
0 0.245499 0.712881 0.04 0.10
0 0.291515 0.754583 0.04 0.10
0 0.752900 0.718963 0.04 0.10
0 0.752900 0.702386 0.04 0.10
0 0.753898 0.681815 0.04 0.10
0 0.753387 0.623304 0.04 0.10
0 0.753415 0.603495 0.04 0.10
0 0.753615 0.584522 0.04 0.10
0 0.753415 0.567146 0.04 0.10
0 0.752816 0.535390 0.04 0.10
0 0.753735 0.520171 0.04 0.10
0 0.752716 0.454162 0.04 0.10
0 0.753515 0.428198 0.04 0.10
0 0.753635 0.410783 0.04 0.10
0 0.753970 0.358200 0.04 0.10
0 0.754545 0.339218 0.04 0.10
0 0.753683 0.297516 0.04 0.10
0 0.753107 0.276923 0.04 0.10
0 0.753453 0.254145 0.04 0.10
