0 0.267328 0.182214 0.040000 0.100000
0 0.298884 0.181814 0.040000 0.100000
0 0.330840 0.181814 0.040000 0.100000
0 0.358002 0.182613 0.040000 0.100000
0 0.385564 0.183412 0.040000 0.100000
0 0.426547 0.180736 0.040000 0.100000
0 0.459621 0.181694 0.040000 0.100000
0 0.520904 0.180903 0.040000 0.100000
0 0.545110 0.181622 0.040000 0.100000
0 0.569076 0.179945 0.040000 0.100000
0 0.594529 0.181862 0.040000 0.100000
0 0.618112 0.183588 0.040000 0.100000
0 0.673068 0.182270 0.040000 0.100000
0 0.700869 0.180832 0.040000 0.100000
0 0.724596 0.183947 0.040000 0.100000
0 0.819053 0.216254 0.100000 0.040000
0 0.820089 0.247660 0.100000 0.040000
0 0.816638 0.280792 0.100000 0.040000
0 0.816003 0.322731 0.100000 0.040000
0 0.817990 0.351058 0.100000 0.040000
0 0.817494 0.401252 0.100000 0.040000
0 0.818848 0.429211 0.100000 0.040000
0 0.817889 0.451500 0.100000 0.040000
0 0.819204 0.516806 0.100000 0.040000
0 0.817606 0.556950 0.100000 0.040000
0 0.819487 0.584395 0.100000 0.040000
0 0.817822 0.612689 0.100000 0.040000
0 0.816890 0.641549 0.100000 0.040000
0 0.818546 0.695083 0.100000 0.040000
0 0.817437 0.728925 0.100000 0.040000
0 0.817992 0.757468 0.100000 0.040000
0 0.738591 0.815751 0.040000 0.100000
0 0.704971 0.818081 0.040000 0.100000
0 0.671584 0.818181 0.040000 0.100000
0 0.643423 0.818380 0.040000 0.100000
0 0.618857 0.820178 0.040000 0.100000
0 0.590656 0.816903 0.040000 0.100000
0 0.565731 0.816663 0.040000 0.100000
0 0.520914 0.817622 0.040000 0.100000
0 0.481608 0.820258 0.040000 0.100000
0 0.450260 0.817382 0.040000 0.100000
0 0.422026 0.818896 0.040000 0.100000
0 0.370498 0.818896 0.040000 0.100000
0 0.337344 0.820054 0.040000 0.100000
0 0.304989 0.818137 0.040000 0.100000
0 0.267102 0.818356 0.040000 0.100000
0 0.234547 0.818157 0.040000 0.100000
0 0.182440 0.752029 0.100000 0.040000
0 0.181042 0.721871 0.100000 0.040000
0 0.183588 0.655580 0.100000 0.040000
0 0.182356 0.627485 0.100000 0.040000
0 0.181757 0.595730 0.100000 0.040000
0 0.181940 0.564956 0.100000 0.040000
0 0.182406 0.516556 0.100000 0.040000
0 0.183006 0.529738 0.100000 0.040000
0 0.181757 0.497533 0.100000 0.040000
0 0.181757 0.460917 0.100000 0.040000
0 0.182423 0.425533 0.100000 0.040000
0 0.182623 0.399569 0.100000 0.040000
0 0.183505 0.373356 0.100000 0.040000
0 0.182673 0.345062 0.100000 0.040000
0 0.182340 0.331248 0.100000 0.040000
0 0.182406 0.306582 0.100000 0.040000
0 0.182406 0.292801 0.100000 0.040000
0 0.181608 0.255613 0.100000 0.040000
0 0.181368 0.223498 0.100000 0.040000
0 0.238648 0.182754 0.040000 0.100000
