0 0.250400 0.198139 0.040000 0.100000
0 0.276031 0.196641 0.040000 0.100000
0 0.306155 0.198971 0.040000 0.100000
0 0.335581 0.199038 0.040000 0.100000
0 0.360546 0.198838 0.040000 0.100000
0 0.385312 0.198838 0.040000 0.100000
0 0.426095 0.199078 0.040000 0.100000
0 0.443112 0.197640 0.040000 0.100000
0 0.459888 0.197879 0.040000 0.100000
0 0.521770 0.198215 0.040000 0.100000
0 0.543915 0.197065 0.040000 0.100000
0 0.566060 0.196777 0.040000 0.100000
0 0.588091 0.195742 0.040000 0.100000
0 0.609143 0.197812 0.040000 0.100000
0 0.664465 0.197106 0.040000 0.100000
0 0.689630 0.197825 0.040000 0.100000
0 0.709762 0.197345 0.040000 0.100000
0 0.800739 0.224667 0.100000 0.040000
0 0.801865 0.253979 0.100000 0.040000
0 0.800907 0.282739 0.100000 0.040000
0 0.800847 0.325619 0.100000 0.040000
0 0.802045 0.352581 0.100000 0.040000
0 0.801130 0.402395 0.100000 0.040000
0 0.801230 0.426828 0.100000 0.040000
0 0.801230 0.450795 0.100000 0.040000
0 0.801180 0.518051 0.100000 0.040000
0 0.802445 0.558628 0.100000 0.040000
0 0.802644 0.581995 0.100000 0.040000
0 0.801466 0.689466 0.100000 0.040000
0 0.801266 0.637738 0.100000 0.040000
0 0.801666 0.609178 0.100000 0.040000
0 0.801266 0.720223 0.100000 0.040000
0 0.800787 0.747345 0.100000 0.040000
0 0.727229 0.803208 0.040000 0.100000
0 0.695074 0.804007 0.040000 0.100000
0 0.662959 0.803390 0.040000 0.100000
0 0.639088 0.802239 0.040000 0.100000
0 0.617230 0.801952 0.040000 0.100000
0 0.590484 0.802239 0.040000 0.100000
0 0.567763 0.799939 0.040000 0.100000
0 0.521747 0.801664 0.040000 0.100000
0 0.483405 0.799903 0.040000 0.100000
0 0.454445 0.801101 0.040000 0.100000
0 0.430678 0.800502 0.040000 0.100000
0 0.374556 0.801700 0.040000 0.100000
0 0.343399 0.800981 0.040000 0.100000
0 0.315119 0.800981 0.040000 0.100000
0 0.276149 0.801940 0.040000 0.100000
0 0.246814 0.802227 0.040000 0.100000
0 0.197994 0.742095 0.100000 0.040000
0 0.196076 0.712616 0.100000 0.040000
0 0.199012 0.642973 0.100000 0.040000
0 0.198653 0.617289 0.100000 0.040000
0 0.197934 0.587810 0.100000 0.040000
0 0.198610 0.561030 0.100000 0.040000
0 0.198110 0.511599 0.100000 0.040000
0 0.198110 0.485469 0.100000 0.040000
0 0.199708 0.457707 0.100000 0.040000
0 0.198110 0.425952 0.100000 0.040000
0 0.198030 0.400267 0.100000 0.040000
0 0.197311 0.377020 0.100000 0.040000
0 0.198510 0.351375 0.100000 0.040000
0 0.198030 0.333640 0.100000 0.040000
0 0.196928 0.310728 0.100000 0.040000
0 0.196640 0.296060 0.100000 0.040000
0 0.198366 0.262411 0.100000 0.040000
0 0.195778 0.233364 0.100000 0.040000
