0 0.214602 0.242543 0.04 0.10
0 0.214487 0.267508 0.04 0.10
0 0.214709 0.302534 0.04 0.10
0 0.215208 0.319676 0.04 0.10
0 0.214709 0.339649 0.04 0.10
0 0.213876 0.356126 0.04 0.10
0 0.213710 0.380825 0.04 0.10
0 0.213510 0.402594 0.04 0.10
0 0.214908 0.426361 0.04 0.10
0 0.213271 0.447252 0.04 0.10
0 0.214546 0.507598 0.04 0.10
0 0.215378 0.481468 0.04 0.10
0 0.213048 0.557030 0.04 0.10
0 0.215161 0.582744 0.04 0.10
0 0.214329 0.608208 0.04 0.10
0 0.214662 0.632674 0.04 0.10
0 0.214479 0.701928 0.04 0.10
0 0.213813 0.728724 0.04 0.10
0 0.261041 0.784719 0.04 0.10
0 0.285008 0.786317 0.04 0.10
0 0.323554 0.786717 0.04 0.10
0 0.352131 0.787066 0.04 0.10
0 0.379093 0.785901 0.04 0.10
0 0.437079 0.784104 0.04 0.10
0 0.458849 0.785701 0.04 0.10
0 0.488590 0.784269 0.04 0.10
0 0.516676 0.785771 0.04 0.10
0 0.572007 0.786123 0.04 0.10
0 0.590814 0.786456 0.04 0.10
0 0.614281 0.784459 0.04 0.10
0 0.634153 0.785657 0.04 0.10
0 0.654925 0.785857 0.04 0.10
0 0.681887 0.785257 0.04 0.10
0 0.712484 0.783899 0.04 0.10
0 0.785786 0.738652 0.04 0.10
0 0.786265 0.717082 0.04 0.10
0 0.785306 0.686165 0.04 0.10
0 0.785087 0.631861 0.04 0.10
0 0.784592 0.606628 0.04 0.10
0 0.784246 0.582934 0.04 0.10
0 0.785286 0.561552 0.04 0.10
0 0.784847 0.519065 0.04 0.10
0 0.785926 0.426595 0.04 0.10
0 0.786897 0.403432 0.04 0.10
0 0.786481 0.447122 0.04 0.10
0 0.786399 0.354176 0.04 0.10
0 0.786232 0.329877 0.04 0.10
0 0.786198 0.286897 0.04 0.10
0 0.786697 0.259769 0.04 0.10
0 0.785532 0.233472 0.04 0.10
0 0.697588 0.212195 0.04 0.10
0 0.677435 0.214910 0.04 0.10
0 0.654134 0.214494 0.04 0.10
0 0.601513 0.213579 0.04 0.10
0 0.580875 0.214245 0.04 0.10
0 0.563233 0.213213 0.04 0.10
0 0.543061 0.214211 0.04 0.10
0 0.523289 0.214411 0.04 0.10
0 0.465965 0.215419 0.04 0.10
0 0.443427 0.216090 0.04 0.10
0 0.426922 0.215396 0.04 0.10
0 0.384870 0.213022 0.04 0.10
0 0.363300 0.213621 0.04 0.10
0 0.339333 0.213621 0.04 0.10
0 0.314448 0.213941 0.04 0.10
0 0.288564 0.214420 0.04 0.10
0 0.265316 0.214660 0.04 0.10
