0 0.279365 0.232019 0.040000 0.100000
0 0.300360 0.230869 0.040000 0.100000
0 0.322826 0.229972 0.040000 0.100000
0 0.343677 0.229972 0.040000 0.100000
0 0.365247 0.230452 0.040000 0.100000
0 0.384660 0.230931 0.040000 0.100000
0 0.426630 0.231318 0.040000 0.100000
0 0.444805 0.230919 0.040000 0.100000
0 0.466774 0.231119 0.040000 0.100000
0 0.524693 0.231718 0.040000 0.100000
0 0.541670 0.230519 0.040000 0.100000
0 0.559265 0.231898 0.040000 0.100000
0 0.575643 0.230899 0.040000 0.100000
0 0.592619 0.231099 0.040000 0.100000
0 0.650575 0.229984 0.040000 0.100000
0 0.668217 0.229484 0.040000 0.100000
0 0.683363 0.231648 0.040000 0.100000
0 0.769826 0.242050 0.100000 0.040000
0 0.768993 0.267182 0.100000 0.040000
0 0.769326 0.289651 0.100000 0.040000
0 0.769285 0.334408 0.100000 0.040000
0 0.769423 0.354796 0.100000 0.040000
0 0.768561 0.406871 0.100000 0.040000
0 0.768699 0.426843 0.100000 0.040000
0 0.767590 0.445983 0.100000 0.040000
0 0.768264 0.518879 0.100000 0.040000
0 0.769235 0.564648 0.100000 0.040000
0 0.769199 0.583881 0.100000 0.040000
0 0.769199 0.604852 0.100000 0.040000
0 0.769199 0.627621 0.100000 0.040000
0 0.768883 0.684059 0.100000 0.040000
0 0.768980 0.708788 0.100000 0.040000
0 0.768703 0.728760 0.100000 0.040000
0 0.701546 0.768614 0.040000 0.100000
0 0.672281 0.769169 0.040000 0.100000
0 0.647812 0.768463 0.040000 0.100000
0 0.630591 0.769850 0.040000 0.100000
0 0.613370 0.769850 0.040000 0.100000
0 0.593467 0.769388 0.040000 0.100000
0 0.574743 0.770636 0.040000 0.100000
0 0.524202 0.769693 0.040000 0.100000
0 0.491015 0.770426 0.040000 0.100000
0 0.461456 0.770426 0.040000 0.100000
0 0.443681 0.769427 0.040000 0.100000
0 0.383448 0.768711 0.040000 0.100000
0 0.357859 0.768412 0.040000 0.100000
0 0.333393 0.769078 0.040000 0.100000
0 0.299440 0.768579 0.040000 0.100000
0 0.273842 0.769544 0.040000 0.100000
0 0.231302 0.720812 0.100000 0.040000
0 0.230273 0.692981 0.100000 0.040000
0 0.231105 0.621830 0.100000 0.040000
0 0.229790 0.601332 0.100000 0.040000
0 0.230221 0.578588 0.100000 0.040000
0 0.231084 0.555292 0.100000 0.040000
0 0.230509 0.519054 0.100000 0.040000
0 0.230796 0.502661 0.100000 0.040000
0 0.229934 0.485980 0.100000 0.040000
0 0.231003 0.458107 0.100000 0.040000
0 0.229804 0.427430 0.100000 0.040000
0 0.228846 0.407298 0.100000 0.040000
0 0.231003 0.386447 0.100000 0.040000
0 0.229808 0.362628 0.100000 0.040000
0 0.230767 0.346810 0.100000 0.040000
0 0.229089 0.327876 0.100000 0.040000
0 0.230288 0.309901 0.100000 0.040000
0 0.229808 0.276108 0.100000 0.040000
0 0.230288 0.253340 0.100000 0.040000
