0 0.292015 0.245781 0.040000 0.100000
0 0.312866 0.246979 0.040000 0.100000
0 0.328924 0.245541 0.040000 0.100000
0 0.348816 0.245062 0.040000 0.100000
0 0.367030 0.244583 0.040000 0.100000
0 0.385005 0.247459 0.040000 0.100000
0 0.427474 0.245637 0.040000 0.100000
0 0.445306 0.245925 0.040000 0.100000
0 0.466588 0.245062 0.040000 0.100000
0 0.526385 0.245210 0.040000 0.100000
0 0.541723 0.245690 0.040000 0.100000
0 0.556822 0.246409 0.040000 0.100000
0 0.569285 0.247128 0.040000 0.100000
0 0.584144 0.246888 0.040000 0.100000
0 0.642144 0.245210 0.040000 0.100000
0 0.657482 0.246169 0.040000 0.100000
0 0.671862 0.247128 0.040000 0.100000
0 0.754759 0.274206 0.100000 0.040000
0 0.753361 0.252836 0.100000 0.040000
0 0.754959 0.293979 0.100000 0.040000
0 0.752969 0.338868 0.100000 0.040000
0 0.753545 0.357562 0.100000 0.040000
0 0.752107 0.410768 0.100000 0.040000
0 0.751244 0.427449 0.100000 0.040000
0 0.751819 0.444130 0.100000 0.040000
0 0.753812 0.520220 0.100000 0.040000
0 0.753413 0.567554 0.100000 0.040000
0 0.752015 0.584530 0.100000 0.040000
0 0.752294 0.602545 0.100000 0.040000
0 0.753972 0.624355 0.100000 0.040000
0 0.752993 0.533797 0.100000 0.040000
0 0.751480 0.680756 0.100000 0.040000
0 0.752278 0.702726 0.100000 0.040000
0 0.754675 0.722099 0.100000 0.040000
0 0.690165 0.754254 0.040000 0.100000
0 0.663785 0.754337 0.040000 0.100000
0 0.642315 0.754004 0.040000 0.100000
0 0.626337 0.753672 0.040000 0.100000
0 0.612689 0.753672 0.040000 0.100000
0 0.593480 0.753630 0.040000 0.100000
0 0.576143 0.754185 0.040000 0.100000
0 0.524311 0.753550 0.040000 0.100000
0 0.492755 0.754748 0.040000 0.100000
0 0.465992 0.753950 0.040000 0.100000
0 0.450214 0.754549 0.040000 0.100000
0 0.388101 0.753950 0.040000 0.100000
0 0.364374 0.755148 0.040000 0.100000
0 0.342085 0.754908 0.040000 0.100000
0 0.309230 0.753850 0.040000 0.100000
0 0.291056 0.753251 0.040000 0.100000
0 0.246714 0.711220 0.100000 0.040000
0 0.245716 0.687254 0.100000 0.040000
0 0.248894 0.612242 0.100000 0.040000
0 0.247729 0.594100 0.100000 0.040000
0 0.247896 0.574328 0.100000 0.040000
0 0.248695 0.551959 0.100000 0.040000
0 0.247257 0.514091 0.100000 0.040000
0 0.247257 0.485331 0.100000 0.040000
0 0.247544 0.500383 0.100000 0.040000
0 0.246682 0.446314 0.100000 0.040000
0 0.244956 0.458393 0.100000 0.040000
0 0.247513 0.429779 0.100000 0.040000
0 0.245682 0.411637 0.100000 0.040000
0 0.246182 0.392497 0.100000 0.040000
0 0.247180 0.368697 0.100000 0.040000
0 0.247222 0.352289 0.100000 0.040000
0 0.246667 0.333982 0.100000 0.040000
0 0.246944 0.317338 0.100000 0.040000
0 0.246081 0.284415 0.100000 0.040000
0 0.247051 0.261946 0.100000 0.040000
