0 0.234875 0.184079 0.04 0.10
0 0.269387 0.185277 0.04 0.10
0 0.299345 0.183360 0.04 0.10
0 0.332180 0.184079 0.04 0.10
0 0.389173 0.183744 0.04 0.10
0 0.360988 0.185469 0.04 0.10
0 0.426849 0.185469 0.04 0.10
0 0.467772 0.185170 0.04 0.10
0 0.519900 0.184570 0.04 0.10
0 0.541470 0.184570 0.04 0.10
0 0.568832 0.184371 0.04 0.10
0 0.590252 0.184587 0.04 0.10
0 0.617548 0.184254 0.04 0.10
0 0.697115 0.186165 0.04 0.10
0 0.668155 0.184168 0.04 0.10
0 0.725675 0.185566 0.04 0.10
0 0.816272 0.238260 0.04 0.10
0 0.815278 0.269882 0.04 0.10
0 0.814862 0.302060 0.04 0.10
0 0.815305 0.346221 0.04 0.10
0 0.815505 0.374282 0.04 0.10
0 0.815505 0.422815 0.04 0.10
0 0.814387 0.447618 0.04 0.10
0 0.813722 0.468922 0.04 0.10
0 0.814953 0.528207 0.04 0.10
0 0.814554 0.541189 0.04 0.10
0 0.815672 0.575394 0.04 0.10
0 0.815394 0.601608 0.04 0.10
0 0.815117 0.629347 0.04 0.10
0 0.814756 0.660376 0.04 0.10
0 0.813622 0.776107 0.04 0.10
0 0.814870 0.742265 0.04 0.10
0 0.815453 0.713666 0.04 0.10
0 0.737899 0.815214 0.04 0.10
0 0.703387 0.815933 0.04 0.10
0 0.671511 0.816412 0.04 0.10
0 0.645867 0.814974 0.04 0.10
0 0.621047 0.814064 0.04 0.10
0 0.593092 0.817170 0.04 0.10
0 0.451609 0.816065 0.04 0.10
0 0.483764 0.814867 0.04 0.10
0 0.566330 0.815346 0.04 0.10
0 0.520793 0.814627 0.04 0.10
0 0.423967 0.814867 0.04 0.10
0 0.371100 0.814567 0.04 0.10
0 0.337131 0.814750 0.04 0.10
0 0.306007 0.813918 0.04 0.10
0 0.268393 0.815150 0.04 0.10
0 0.241230 0.814750 0.04 0.10
0 0.185388 0.769493 0.04 0.10
0 0.186299 0.736706 0.04 0.10
0 0.185176 0.678399 0.04 0.10
0 0.183578 0.648441 0.04 0.10
0 0.184777 0.616285 0.04 0.10
0 0.185056 0.589842 0.04 0.10
0 0.184634 0.544828 0.04 0.10
0 0.184301 0.512872 0.04 0.10
0 0.184467 0.480250 0.04 0.10
0 0.184167 0.449027 0.04 0.10
0 0.184767 0.422264 0.04 0.10
0 0.184783 0.394353 0.04 0.10
0 0.185283 0.359235 0.04 0.10
0 0.185306 0.348447 0.04 0.10
0 0.184807 0.320485 0.04 0.10
0 0.185098 0.274202 0.04 0.10
0 0.185264 0.239611 0.04 0.10
