0 0.247526 0.201102 0.04 0.10
0 0.278283 0.199305 0.04 0.10
0 0.308042 0.199505 0.04 0.10
0 0.336802 0.200703 0.04 0.10
0 0.362127 0.201262 0.04 0.10
0 0.387292 0.201502 0.04 0.10
0 0.427316 0.201022 0.04 0.10
0 0.443057 0.200246 0.04 0.10
0 0.460432 0.201244 0.04 0.10
0 0.521308 0.200405 0.04 0.10
0 0.541680 0.200885 0.04 0.10
0 0.563969 0.201843 0.04 0.10
0 0.585611 0.200142 0.04 0.10
0 0.606702 0.201580 0.04 0.10
0 0.660148 0.200861 0.04 0.10
0 0.686895 0.200238 0.04 0.10
0 0.710765 0.201388 0.04 0.10
0 0.799524 0.247860 0.04 0.10
0 0.799893 0.276576 0.04 0.10
0 0.799394 0.306868 0.04 0.10
0 0.799061 0.347145 0.04 0.10
0 0.798396 0.375106 0.04 0.10
0 0.798129 0.423573 0.04 0.10
0 0.798259 0.466763 0.04 0.10
0 0.798093 0.448122 0.04 0.10
0 0.798403 0.530301 0.04 0.10
0 0.797684 0.544441 0.04 0.10
0 0.799122 0.577515 0.04 0.10
0 0.798163 0.602201 0.04 0.10
0 0.798413 0.709902 0.04 0.10
0 0.799245 0.655144 0.04 0.10
0 0.800277 0.627017 0.04 0.10
0 0.798320 0.736105 0.04 0.10
0 0.798799 0.767742 0.04 0.10
0 0.725121 0.798639 0.04 0.10
0 0.691168 0.798040 0.04 0.10
0 0.663057 0.799488 0.04 0.10
0 0.639923 0.799321 0.04 0.10
0 0.619451 0.798323 0.04 0.10
0 0.593806 0.799807 0.04 0.10
0 0.570089 0.799807 0.04 0.10
0 0.521950 0.799610 0.04 0.10
0 0.486490 0.799379 0.04 0.10
0 0.454950 0.799379 0.04 0.10
0 0.430983 0.799212 0.04 0.10
0 0.375186 0.799531 0.04 0.10
0 0.344734 0.798373 0.04 0.10
0 0.315175 0.798174 0.04 0.10
0 0.280024 0.797574 0.04 0.10
0 0.255657 0.798174 0.04 0.10
0 0.202007 0.758975 0.04 0.10
0 0.201591 0.730404 0.04 0.10
0 0.201530 0.667729 0.04 0.10
0 0.201729 0.639169 0.04 0.10
0 0.200092 0.611607 0.04 0.10
0 0.201050 0.587401 0.04 0.10
0 0.200271 0.540766 0.04 0.10
0 0.200471 0.511406 0.04 0.10
0 0.201486 0.478269 0.04 0.10
0 0.200222 0.449908 0.04 0.10
0 0.200222 0.424743 0.04 0.10
0 0.200222 0.397780 0.04 0.10
0 0.200341 0.363867 0.04 0.10
0 0.200581 0.352124 0.04 0.10
0 0.199862 0.329116 0.04 0.10
0 0.200821 0.316653 0.04 0.10
0 0.202119 0.281641 0.04 0.10
0 0.200921 0.250485 0.04 0.10
