0 0.258028 0.217351 0.040000 0.100000
0 0.289835 0.216854 0.040000 0.100000
0 0.316671 0.218842 0.040000 0.100000
0 0.340526 0.215860 0.040000 0.100000
0 0.363884 0.214369 0.040000 0.100000
0 0.386745 0.217351 0.040000 0.100000
0 0.426667 0.216664 0.040000 0.100000
0 0.443348 0.216664 0.040000 0.100000
0 0.467507 0.216664 0.040000 0.100000
0 0.523014 0.216664 0.040000 0.100000
0 0.542571 0.216377 0.040000 0.100000
0 0.562703 0.216952 0.040000 0.100000
0 0.577946 0.217240 0.040000 0.100000
0 0.598998 0.214939 0.040000 0.100000
0 0.650766 0.219080 0.040000 0.100000
0 0.673544 0.218045 0.040000 0.100000
0 0.695287 0.217355 0.040000 0.100000
0 0.785071 0.254947 0.100000 0.040000
0 0.783273 0.281510 0.100000 0.040000
0 0.782674 0.309671 0.100000 0.040000
0 0.781276 0.353210 0.100000 0.040000
0 0.782666 0.375050 0.100000 0.040000
0 0.782666 0.424148 0.100000 0.040000
0 0.781168 0.446118 0.100000 0.040000
0 0.781570 0.462165 0.100000 0.040000
0 0.782874 0.529516 0.100000 0.040000
0 0.783107 0.544162 0.100000 0.040000
0 0.783107 0.577716 0.100000 0.040000
0 0.783706 0.599685 0.100000 0.040000
0 0.783290 0.623336 0.100000 0.040000
0 0.783123 0.648468 0.100000 0.040000
0 0.783692 0.705569 0.100000 0.040000
0 0.782360 0.727372 0.100000 0.040000
0 0.782069 0.758038 0.100000 0.040000
0 0.713333 0.783177 0.040000 0.100000
0 0.682676 0.783206 0.040000 0.100000
0 0.656814 0.782978 0.040000 0.100000
0 0.634345 0.783477 0.040000 0.100000
0 0.616870 0.782978 0.040000 0.100000
0 0.594900 0.782312 0.040000 0.100000
0 0.573729 0.783177 0.040000 0.100000
0 0.522800 0.782978 0.040000 0.100000
0 0.488807 0.783177 0.040000 0.100000
0 0.460047 0.784615 0.040000 0.100000
0 0.438717 0.781979 0.040000 0.100000
0 0.379585 0.784667 0.040000 0.100000
0 0.352455 0.782669 0.040000 0.100000
0 0.323662 0.784167 0.040000 0.100000
0 0.289160 0.781221 0.040000 0.100000
0 0.270486 0.782453 0.040000 0.100000
0 0.218358 0.746902 0.100000 0.040000
0 0.217160 0.722536 0.100000 0.040000
0 0.216211 0.657669 0.100000 0.040000
0 0.217170 0.630347 0.100000 0.040000
0 0.216690 0.605182 0.100000 0.040000
0 0.218608 0.581934 0.100000 0.040000
0 0.217709 0.535938 0.100000 0.040000
0 0.217709 0.506978 0.100000 0.040000
0 0.216028 0.477236 0.100000 0.040000
0 0.216028 0.448676 0.100000 0.040000
0 0.216427 0.424909 0.100000 0.040000
0 0.216427 0.402540 0.100000 0.040000
0 0.215309 0.369825 0.100000 0.040000
0 0.216507 0.335313 0.100000 0.040000
0 0.218664 0.321412 0.100000 0.040000
0 0.216181 0.258418 0.100000 0.040000
0 0.217217 0.287408 0.100000 0.040000
