0 0.275326 0.233983 0.04 0.10
0 0.299692 0.231986 0.04 0.10
0 0.324058 0.232186 0.04 0.10
0 0.347226 0.232585 0.04 0.10
0 0.365801 0.232785 0.04 0.10
0 0.387131 0.233743 0.04 0.10
0 0.447048 0.232545 0.04 0.10
0 0.427347 0.232353 0.04 0.10
0 0.460134 0.233216 0.04 0.10
0 0.525419 0.232066 0.04 0.10
0 0.540375 0.233216 0.04 0.10
0 0.557343 0.233216 0.04 0.10
0 0.573219 0.231836 0.04 0.10
0 0.590820 0.232871 0.04 0.10
0 0.645163 0.232306 0.04 0.10
0 0.664536 0.233704 0.04 0.10
0 0.684708 0.233904 0.04 0.10
0 0.767074 0.263623 0.04 0.10
0 0.768033 0.286631 0.04 0.10
0 0.768389 0.310981 0.04 0.10
0 0.769054 0.352423 0.04 0.10
0 0.766891 0.374226 0.04 0.10
0 0.767457 0.424344 0.04 0.10
0 0.765293 0.443151 0.04 0.10
0 0.765959 0.458464 0.04 0.10
0 0.766972 0.529074 0.04 0.10
0 0.767970 0.544053 0.04 0.10
0 0.768844 0.577992 0.04 0.10
0 0.767873 0.598103 0.04 0.10
0 0.766590 0.619405 0.04 0.10
0 0.766244 0.641365 0.04 0.10
0 0.767420 0.700049 0.04 0.10
0 0.767619 0.720022 0.04 0.10
0 0.766621 0.746984 0.04 0.10
0 0.702094 0.767839 0.04 0.10
0 0.673633 0.768671 0.04 0.10
0 0.648931 0.768186 0.04 0.10
0 0.631871 0.769156 0.04 0.10
0 0.616060 0.769434 0.04 0.10
0 0.595228 0.767825 0.04 0.10
0 0.577253 0.768158 0.04 0.10
0 0.526024 0.767026 0.04 0.10
0 0.464659 0.767009 0.04 0.10
0 0.492787 0.768507 0.04 0.10
0 0.444853 0.767009 0.04 0.10
0 0.386068 0.768241 0.04 0.10
0 0.360184 0.766963 0.04 0.10
0 0.333820 0.767682 0.04 0.10
0 0.301225 0.767202 0.04 0.10
0 0.283634 0.765812 0.04 0.10
0 0.232728 0.736189 0.04 0.10
0 0.232728 0.711456 0.04 0.10
0 0.231989 0.645496 0.04 0.10
0 0.232821 0.621862 0.04 0.10
0 0.232322 0.597229 0.04 0.10
0 0.231323 0.576758 0.04 0.10
0 0.233240 0.531546 0.04 0.10
0 0.232824 0.502697 0.04 0.10
0 0.231575 0.474680 0.04 0.10
0 0.232907 0.446663 0.04 0.10
0 0.233573 0.426192 0.04 0.10
0 0.233040 0.404222 0.04 0.10
0 0.233240 0.375462 0.04 0.10
0 0.233440 0.360483 0.04 0.10
0 0.232401 0.341669 0.04 0.10
0 0.233120 0.324892 0.04 0.10
0 0.232641 0.292537 0.04 0.10
0 0.233839 0.268091 0.04 0.10
