0 0.289544 0.248988 0.040000 0.100000
0 0.313511 0.247790 0.040000 0.100000
0 0.330767 0.246592 0.040000 0.100000
0 0.352816 0.248749 0.040000 0.100000
0 0.367244 0.249036 0.040000 0.100000
0 0.386514 0.249611 0.040000 0.100000
0 0.428791 0.248749 0.040000 0.100000
0 0.460480 0.247939 0.040000 0.100000
0 0.526628 0.248897 0.040000 0.100000
0 0.541727 0.247459 0.040000 0.100000
0 0.558264 0.247220 0.040000 0.100000
0 0.569529 0.248370 0.040000 0.100000
0 0.584484 0.248082 0.040000 0.100000
0 0.640279 0.247795 0.040000 0.100000
0 0.655809 0.248600 0.040000 0.100000
0 0.670994 0.248600 0.040000 0.100000
0 0.751851 0.270312 0.100000 0.040000
0 0.750253 0.291283 0.100000 0.040000
0 0.750653 0.311655 0.100000 0.040000
0 0.749172 0.352448 0.100000 0.040000
0 0.748672 0.371588 0.100000 0.040000
0 0.750270 0.423184 0.100000 0.040000
0 0.749871 0.440559 0.100000 0.040000
0 0.750869 0.455139 0.100000 0.040000
0 0.750697 0.529113 0.100000 0.040000
0 0.751297 0.543692 0.100000 0.040000
0 0.750697 0.578644 0.100000 0.040000
0 0.750697 0.595421 0.100000 0.040000
0 0.750697 0.614594 0.100000 0.040000
0 0.750697 0.634367 0.100000 0.040000
0 0.749441 0.693443 0.100000 0.040000
0 0.748331 0.710364 0.100000 0.040000
0 0.749718 0.732417 0.100000 0.040000
0 0.690328 0.750864 0.040000 0.100000
0 0.664631 0.751130 0.040000 0.100000
0 0.643460 0.752528 0.040000 0.100000
0 0.626883 0.750930 0.040000 0.100000
0 0.614300 0.751929 0.040000 0.100000
0 0.595806 0.750970 0.040000 0.100000
0 0.580947 0.750491 0.040000 0.100000
0 0.527021 0.751449 0.040000 0.100000
0 0.496835 0.752172 0.040000 0.100000
0 0.468275 0.752971 0.040000 0.100000
0 0.451898 0.752772 0.040000 0.100000
0 0.391501 0.751933 0.040000 0.100000
0 0.365665 0.752700 0.040000 0.100000
0 0.344095 0.752987 0.040000 0.100000
0 0.314472 0.749824 0.040000 0.100000
0 0.298366 0.750399 0.040000 0.100000
0 0.250883 0.723037 0.100000 0.040000
0 0.249733 0.701466 0.100000 0.040000
0 0.249239 0.632322 0.100000 0.040000
0 0.248520 0.610273 0.100000 0.040000
0 0.249239 0.589661 0.100000 0.040000
0 0.249958 0.570488 0.100000 0.040000
0 0.249239 0.527108 0.100000 0.040000
0 0.249958 0.497869 0.100000 0.040000
0 0.250977 0.470207 0.100000 0.040000
0 0.250378 0.445242 0.100000 0.040000
0 0.249529 0.425852 0.100000 0.040000
0 0.249196 0.406712 0.100000 0.040000
0 0.249695 0.379416 0.100000 0.040000
0 0.248996 0.363106 0.100000 0.040000
0 0.247998 0.345929 0.100000 0.040000
0 0.249995 0.329352 0.100000 0.040000
0 0.247638 0.297836 0.100000 0.040000
0 0.248357 0.273630 0.100000 0.040000
