0 0.234747 0.181545 0.04 0.10
0 0.269259 0.182120 0.04 0.10
0 0.300607 0.181832 0.04 0.10
0 0.333393 0.182983 0.04 0.10
0 0.359853 0.183846 0.04 0.10
0 0.389288 0.182228 0.04 0.10
0 0.427538 0.182515 0.04 0.10
0 0.444219 0.181365 0.04 0.10
0 0.468953 0.182515 0.04 0.10
0 0.521310 0.181092 0.04 0.10
0 0.543839 0.181571 0.04 0.10
0 0.569243 0.182530 0.04 0.10
0 0.593689 0.182290 0.04 0.10
0 0.618375 0.182530 0.04 0.10
0 0.668992 0.181667 0.04 0.10
0 0.701204 0.181667 0.04 0.10
0 0.730539 0.181667 0.04 0.10
0 0.819373 0.239480 0.04 0.10
0 0.817775 0.268639 0.04 0.10
0 0.817775 0.302193 0.04 0.10
0 0.817655 0.345812 0.04 0.10
0 0.817372 0.373781 0.04 0.10
0 0.816963 0.422803 0.04 0.10
0 0.817795 0.446436 0.04 0.10
0 0.818294 0.468073 0.04 0.10
0 0.817562 0.528522 0.04 0.10
0 0.818161 0.543701 0.04 0.10
0 0.819218 0.631803 0.04 0.10
0 0.818524 0.602677 0.04 0.10
0 0.820744 0.576741 0.04 0.10
0 0.818524 0.660652 0.04 0.10
0 0.818038 0.713372 0.04 0.10
0 0.818997 0.743809 0.04 0.10
0 0.817779 0.778182 0.04 0.10
0 0.741405 0.817766 0.04 0.10
0 0.708044 0.818006 0.04 0.10
0 0.678133 0.820307 0.04 0.10
0 0.649949 0.818869 0.04 0.10
0 0.623777 0.816856 0.04 0.10
0 0.597677 0.818509 0.04 0.10
0 0.569397 0.819228 0.04 0.10
0 0.523621 0.821146 0.04 0.10
0 0.485961 0.819779 0.04 0.10
0 0.452224 0.818913 0.04 0.10
0 0.425756 0.818450 0.04 0.10
0 0.371526 0.816763 0.04 0.10
0 0.338239 0.817456 0.04 0.10
0 0.303987 0.816924 0.04 0.10
0 0.269235 0.817123 0.04 0.10
0 0.239756 0.819041 0.04 0.10
0 0.181517 0.778058 0.04 0.10
0 0.182092 0.744696 0.04 0.10
0 0.182092 0.684300 0.04 0.10
0 0.180221 0.651748 0.04 0.10
0 0.183217 0.618627 0.04 0.10
0 0.181719 0.589335 0.04 0.10
0 0.181253 0.544497 0.04 0.10
0 0.181013 0.512262 0.04 0.10
0 0.180054 0.478709 0.04 0.10
0 0.181732 0.447792 0.04 0.10
0 0.180294 0.419943 0.04 0.10
0 0.179719 0.391758 0.04 0.10
0 0.181732 0.354082 0.04 0.10
0 0.181962 0.316292 0.04 0.10
0 0.180582 0.265559 0.04 0.10
0 0.180927 0.234844 0.04 0.10
