0 0.389309 0.195867 0.04 0.10
0 0.361987 0.196586 0.04 0.10
0 0.336103 0.195628 0.04 0.10
0 0.306384 0.195148 0.04 0.10
0 0.277864 0.198024 0.04 0.10
0 0.425978 0.198024 0.04 0.10
0 0.445870 0.196586 0.04 0.10
0 0.467248 0.196251 0.04 0.10
0 0.521604 0.197114 0.04 0.10
0 0.542599 0.196826 0.04 0.10
0 0.567012 0.196284 0.04 0.10
0 0.589301 0.194846 0.04 0.10
0 0.610870 0.196524 0.04 0.10
0 0.662207 0.197578 0.04 0.10
0 0.690104 0.197291 0.04 0.10
0 0.714262 0.197578 0.04 0.10
0 0.802119 0.249092 0.04 0.10
0 0.801640 0.275216 0.04 0.10
0 0.801640 0.307092 0.04 0.10
0 0.801113 0.349800 0.04 0.10
0 0.800538 0.374534 0.04 0.10
0 0.802637 0.424950 0.04 0.10
0 0.802062 0.447095 0.04 0.10
0 0.801487 0.472404 0.04 0.10
0 0.802134 0.530906 0.04 0.10
0 0.801415 0.544567 0.04 0.10
0 0.802716 0.654910 0.04 0.10
0 0.801884 0.628281 0.04 0.10
0 0.801884 0.601817 0.04 0.10
0 0.801951 0.577518 0.04 0.10
0 0.802446 0.708951 0.04 0.10
0 0.801296 0.738574 0.04 0.10
0 0.801583 0.770497 0.04 0.10
0 0.727908 0.800845 0.04 0.10
0 0.696452 0.801843 0.04 0.10
0 0.669489 0.802509 0.04 0.10
0 0.644524 0.801843 0.04 0.10
0 0.621935 0.800847 0.04 0.10
0 0.596370 0.801446 0.04 0.10
0 0.572404 0.801646 0.04 0.10
0 0.523442 0.801942 0.04 0.10
0 0.489989 0.802775 0.04 0.10
0 0.454871 0.803107 0.04 0.10
0 0.432402 0.801610 0.04 0.10
0 0.375714 0.803174 0.04 0.10
0 0.345357 0.803454 0.04 0.10
0 0.313960 0.802974 0.04 0.10
0 0.278700 0.801446 0.04 0.10
0 0.252070 0.802445 0.04 0.10
0 0.197879 0.764431 0.04 0.10
0 0.197479 0.737269 0.04 0.10
0 0.198358 0.673278 0.04 0.10
0 0.197689 0.643310 0.04 0.10
0 0.198022 0.614350 0.04 0.10
0 0.198812 0.586958 0.04 0.10
0 0.197731 0.540606 0.04 0.10
0 0.197831 0.509150 0.04 0.10
0 0.197191 0.477554 0.04 0.10
0 0.197211 0.448015 0.04 0.10
0 0.197211 0.422251 0.04 0.10
0 0.195813 0.396487 0.04 0.10
0 0.197571 0.361376 0.04 0.10
0 0.197235 0.323652 0.04 0.10
0 0.198333 0.311300 0.04 0.10
0 0.196703 0.346962 0.04 0.10
0 0.197854 0.273624 0.04 0.10
0 0.196703 0.246302 0.04 0.10
0 0.248184 0.198273 0.04 0.10
