0 0.261152 0.213254 0.040000 0.100000
0 0.288762 0.213829 0.040000 0.100000
0 0.316946 0.214979 0.040000 0.100000
0 0.363538 0.213254 0.040000 0.100000
0 0.341105 0.213829 0.040000 0.100000
0 0.386919 0.215468 0.040000 0.100000
0 0.426608 0.214318 0.040000 0.100000
0 0.446165 0.215756 0.040000 0.100000
0 0.468022 0.214318 0.040000 0.100000
0 0.524464 0.213374 0.040000 0.100000
0 0.541720 0.214812 0.040000 0.100000
0 0.562091 0.213613 0.040000 0.100000
0 0.581265 0.214572 0.040000 0.100000
0 0.599959 0.214093 0.040000 0.100000
0 0.653979 0.214716 0.040000 0.100000
0 0.677850 0.213853 0.040000 0.100000
0 0.696832 0.214716 0.040000 0.100000
0 0.786188 0.256136 0.100000 0.040000
0 0.787187 0.280901 0.100000 0.040000
0 0.786188 0.309861 0.100000 0.040000
0 0.785709 0.350924 0.100000 0.040000
0 0.785469 0.373213 0.100000 0.040000
0 0.785020 0.469788 0.100000 0.040000
0 0.786851 0.530537 0.100000 0.040000
0 0.785612 0.424684 0.100000 0.040000
0 0.786571 0.444816 0.100000 0.040000
0 0.784809 0.544442 0.100000 0.040000
0 0.786407 0.577795 0.100000 0.040000
0 0.784210 0.600563 0.100000 0.040000
0 0.782812 0.622732 0.100000 0.040000
0 0.784450 0.648377 0.100000 0.040000
0 0.785648 0.704938 0.100000 0.040000
0 0.785648 0.730103 0.100000 0.040000
0 0.785936 0.760157 0.100000 0.040000
0 0.660411 0.787259 0.040000 0.100000
0 0.686774 0.785662 0.040000 0.100000
0 0.639440 0.787259 0.040000 0.100000
0 0.619268 0.787659 0.040000 0.100000
0 0.598097 0.785861 0.040000 0.100000
0 0.576328 0.786460 0.040000 0.100000
0 0.717259 0.786349 0.040000 0.100000
0 0.518239 0.786217 0.040000 0.100000
0 0.493440 0.786550 0.040000 0.100000
0 0.460819 0.785384 0.040000 0.100000
0 0.438716 0.786982 0.040000 0.100000
0 0.381805 0.784196 0.040000 0.100000
0 0.352846 0.784695 0.040000 0.100000
0 0.323387 0.786027 0.040000 0.100000
0 0.267531 0.784629 0.040000 0.100000
0 0.289501 0.785028 0.040000 0.100000
0 0.213886 0.753073 0.100000 0.040000
0 0.215084 0.726230 0.100000 0.040000
0 0.214042 0.662443 0.100000 0.040000
0 0.214241 0.634282 0.100000 0.040000
0 0.212244 0.608318 0.100000 0.040000
0 0.213043 0.580957 0.100000 0.040000
0 0.213522 0.535180 0.100000 0.040000
0 0.212564 0.504982 0.100000 0.040000
0 0.212947 0.476702 0.100000 0.040000
0 0.213522 0.448517 0.100000 0.040000
0 0.213522 0.424646 0.100000 0.040000
0 0.213810 0.401696 0.100000 0.040000
0 0.213810 0.367184 0.100000 0.040000
0 0.214845 0.352344 0.100000 0.040000
0 0.213810 0.329911 0.100000 0.040000
0 0.214845 0.310239 0.100000 0.040000
0 0.212982 0.254261 0.100000 0.040000
