0 0.275755 0.229989 0.04 0.10
0 0.301351 0.229126 0.04 0.10
0 0.323209 0.229989 0.04 0.10
0 0.346792 0.229701 0.04 0.10
0 0.366334 0.230885 0.04 0.10
0 0.388144 0.231125 0.04 0.10
0 0.428168 0.231125 0.04 0.10
0 0.446622 0.230646 0.04 0.10
0 0.461002 0.230406 0.04 0.10
0 0.526287 0.231413 0.04 0.10
0 0.544406 0.231413 0.04 0.10
0 0.560593 0.232434 0.04 0.10
0 0.576411 0.233153 0.04 0.10
0 0.592708 0.232913 0.04 0.10
0 0.649509 0.229078 0.04 0.10
0 0.669641 0.228791 0.04 0.10
0 0.687185 0.228791 0.04 0.10
0 0.769371 0.263047 0.04 0.10
0 0.768206 0.286680 0.04 0.10
0 0.769204 0.311479 0.04 0.10
0 0.770169 0.353188 0.04 0.10
0 0.770369 0.373559 0.04 0.10
0 0.770369 0.424209 0.04 0.10
0 0.769411 0.444101 0.04 0.10
0 0.769171 0.458721 0.04 0.10
0 0.769940 0.530744 0.04 0.10
0 0.770439 0.544891 0.04 0.10
0 0.770472 0.579742 0.04 0.10
0 0.770073 0.599914 0.04 0.10
0 0.769873 0.619886 0.04 0.10
0 0.769034 0.640737 0.04 0.10
0 0.769753 0.699935 0.04 0.10
0 0.770277 0.724105 0.04 0.10
0 0.769478 0.748072 0.04 0.10
0 0.704568 0.770241 0.04 0.10
0 0.676863 0.770184 0.04 0.10
0 0.653230 0.770684 0.04 0.10
0 0.635754 0.770184 0.04 0.10
0 0.618445 0.769352 0.04 0.10
0 0.598919 0.770237 0.04 0.10
0 0.580889 0.770376 0.04 0.10
0 0.527546 0.770459 0.04 0.10
0 0.496090 0.770958 0.04 0.10
0 0.465438 0.768994 0.04 0.10
0 0.447863 0.770392 0.04 0.10
0 0.386229 0.768595 0.04 0.10
0 0.359146 0.769793 0.04 0.10
0 0.334700 0.769074 0.04 0.10
0 0.304263 0.766486 0.04 0.10
0 0.282118 0.767924 0.04 0.10
0 0.231528 0.741676 0.04 0.10
0 0.231129 0.718109 0.04 0.10
0 0.231049 0.648846 0.04 0.10
0 0.230330 0.623441 0.04 0.10
0 0.230617 0.599570 0.04 0.10
0 0.228604 0.578575 0.04 0.10
0 0.230664 0.534779 0.04 0.10
0 0.229499 0.502158 0.04 0.10
0 0.228168 0.473864 0.04 0.10
0 0.232495 0.445737 0.04 0.10
0 0.229765 0.424133 0.04 0.10
0 0.228567 0.404161 0.04 0.10
0 0.228807 0.370808 0.04 0.10
0 0.229046 0.337015 0.04 0.10
0 0.230484 0.322155 0.04 0.10
0 0.230916 0.287212 0.04 0.10
0 0.229765 0.262479 0.04 0.10
