0 0.755768 0.270265 0.04 0.10
0 0.755289 0.288959 0.04 0.10
0 0.753803 0.312254 0.04 0.10
0 0.753746 0.354014 0.04 0.10
0 0.754091 0.370234 0.04 0.10
0 0.753472 0.423943 0.04 0.10
0 0.751795 0.440241 0.04 0.10
0 0.751315 0.452943 0.04 0.10
0 0.753852 0.529097 0.04 0.10
0 0.754451 0.545274 0.04 0.10
0 0.753852 0.581224 0.04 0.10
0 0.753852 0.596563 0.04 0.10
0 0.752414 0.614538 0.04 0.10
0 0.750976 0.632992 0.04 0.10
0 0.753727 0.693530 0.04 0.10
0 0.752201 0.713086 0.04 0.10
0 0.753692 0.736629 0.04 0.10
0 0.247188 0.728813 0.04 0.10
0 0.244427 0.709141 0.04 0.10
0 0.245211 0.637390 0.04 0.10
0 0.244611 0.615421 0.04 0.10
0 0.245211 0.592653 0.04 0.10
0 0.248206 0.570683 0.04 0.10
0 0.245194 0.526794 0.04 0.10
0 0.244695 0.513313 0.04 0.10
0 0.246359 0.497169 0.04 0.10
0 0.246012 0.470997 0.04 0.10
0 0.247261 0.444922 0.04 0.10
0 0.246093 0.460325 0.04 0.10
0 0.245424 0.424937 0.04 0.10
0 0.245591 0.406130 0.04 0.10
0 0.246589 0.376172 0.04 0.10
0 0.246589 0.360694 0.04 0.10
0 0.244725 0.342619 0.04 0.10
0 0.246515 0.326250 0.04 0.10
0 0.246227 0.291738 0.04 0.10
0 0.245652 0.270168 0.04 0.10
