0 0.226282 0.175071 0.040000 0.100000
0 0.263095 0.176797 0.040000 0.100000
0 0.295306 0.177085 0.040000 0.100000
0 0.326941 0.175647 0.040000 0.100000
0 0.355701 0.176797 0.040000 0.100000
0 0.387164 0.176279 0.040000 0.100000
0 0.423402 0.176624 0.040000 0.100000
0 0.441003 0.176279 0.040000 0.100000
0 0.465851 0.177315 0.040000 0.100000
0 0.518861 0.176970 0.040000 0.100000
0 0.542881 0.174899 0.040000 0.100000
0 0.568558 0.176141 0.040000 0.100000
0 0.595063 0.176141 0.040000 0.100000
0 0.622059 0.176327 0.040000 0.100000
0 0.672677 0.176614 0.040000 0.100000
0 0.701436 0.178340 0.040000 0.100000
0 0.734223 0.177765 0.040000 0.100000
0 0.824418 0.231387 0.100000 0.040000
0 0.824897 0.262544 0.100000 0.040000
0 0.822021 0.298254 0.100000 0.040000
0 0.822501 0.341393 0.100000 0.040000
0 0.823168 0.371795 0.100000 0.040000
0 0.823368 0.419129 0.100000 0.040000
0 0.822952 0.443944 0.100000 0.040000
0 0.821454 0.467411 0.100000 0.040000
0 0.822552 0.528093 0.100000 0.040000
0 0.822552 0.542073 0.100000 0.040000
0 0.822472 0.603696 0.100000 0.040000
0 0.823026 0.576234 0.100000 0.040000
0 0.822860 0.631657 0.100000 0.040000
0 0.822527 0.662447 0.100000 0.040000
0 0.823359 0.715606 0.100000 0.040000
0 0.822880 0.745484 0.100000 0.040000
0 0.821921 0.781434 0.100000 0.040000
0 0.708644 0.823683 0.040000 0.100000
0 0.742396 0.822285 0.040000 0.100000
0 0.677487 0.822884 0.040000 0.100000
0 0.650125 0.824082 0.040000 0.100000
0 0.623363 0.822285 0.040000 0.100000
0 0.594004 0.822884 0.040000 0.100000
0 0.567880 0.823842 0.040000 0.100000
0 0.522164 0.822369 0.040000 0.100000
0 0.482620 0.823167 0.040000 0.100000
0 0.449466 0.822369 0.040000 0.100000
0 0.423652 0.821520 0.040000 0.100000
0 0.369982 0.821636 0.040000 0.100000
0 0.338063 0.820472 0.040000 0.100000
0 0.304083 0.822691 0.040000 0.100000
0 0.264860 0.821637 0.040000 0.100000
0 0.236599 0.822236 0.040000 0.100000
0 0.178421 0.773005 0.100000 0.040000
0 0.176623 0.741449 0.100000 0.040000
0 0.178305 0.678896 0.100000 0.040000
0 0.177958 0.648614 0.100000 0.040000
0 0.175124 0.618499 0.100000 0.040000
0 0.177121 0.588041 0.100000 0.040000
0 0.176489 0.544862 0.100000 0.040000
0 0.176920 0.508800 0.100000 0.040000
0 0.175466 0.477294 0.100000 0.040000
0 0.176864 0.447336 0.100000 0.040000
0 0.176465 0.417178 0.100000 0.040000
0 0.175946 0.388898 0.100000 0.040000
0 0.177384 0.353667 0.100000 0.040000
0 0.176632 0.315115 0.100000 0.040000
0 0.176715 0.266877 0.100000 0.040000
0 0.177381 0.233756 0.100000 0.040000
