0 0.302720 0.193987 0.040000 0.100000
0 0.272900 0.194958 0.040000 0.100000
0 0.239752 0.194126 0.040000 0.100000
0 0.358411 0.193558 0.040000 0.100000
0 0.331808 0.192839 0.040000 0.100000
0 0.384294 0.192839 0.040000 0.100000
0 0.424394 0.193690 0.040000 0.100000
0 0.440771 0.193890 0.040000 0.100000
0 0.465337 0.193890 0.040000 0.100000
0 0.520460 0.193091 0.040000 0.100000
0 0.541630 0.193290 0.040000 0.100000
0 0.566176 0.193350 0.040000 0.100000
0 0.589743 0.192751 0.040000 0.100000
0 0.612112 0.193949 0.040000 0.100000
0 0.664319 0.192991 0.040000 0.100000
0 0.691471 0.192422 0.040000 0.100000
0 0.717435 0.193753 0.040000 0.100000
0 0.806227 0.243054 0.100000 0.040000
0 0.806726 0.271015 0.100000 0.040000
0 0.805742 0.301459 0.100000 0.040000
0 0.807018 0.345730 0.100000 0.040000
0 0.806685 0.372359 0.100000 0.040000
0 0.806771 0.420785 0.100000 0.040000
0 0.806771 0.443553 0.100000 0.040000
0 0.806292 0.471834 0.100000 0.040000
0 0.806963 0.543206 0.100000 0.040000
0 0.806676 0.530839 0.100000 0.040000
0 0.806999 0.602607 0.100000 0.040000
0 0.806400 0.578041 0.100000 0.040000
0 0.807399 0.627772 0.100000 0.040000
0 0.806400 0.657730 0.100000 0.040000
0 0.807282 0.712370 0.100000 0.040000
0 0.806250 0.740131 0.100000 0.040000
0 0.805851 0.772087 0.100000 0.040000
0 0.729617 0.806938 0.040000 0.100000
0 0.698860 0.808136 0.040000 0.100000
0 0.669218 0.806788 0.040000 0.100000
0 0.643920 0.807620 0.040000 0.100000
0 0.621119 0.807787 0.040000 0.100000
0 0.594589 0.806422 0.040000 0.100000
0 0.571022 0.806622 0.040000 0.100000
0 0.522131 0.807421 0.040000 0.100000
0 0.485941 0.806222 0.040000 0.100000
0 0.429093 0.806270 0.040000 0.100000
0 0.451813 0.806270 0.040000 0.100000
0 0.373630 0.804860 0.040000 0.100000
0 0.345070 0.805859 0.040000 0.100000
0 0.309320 0.807057 0.040000 0.100000
0 0.273370 0.807057 0.040000 0.100000
0 0.251321 0.804581 0.040000 0.100000
0 0.193742 0.762340 0.100000 0.040000
0 0.193143 0.732981 0.100000 0.040000
0 0.193302 0.668271 0.100000 0.040000
0 0.193762 0.641009 0.100000 0.040000
0 0.192963 0.612649 0.100000 0.040000
0 0.192880 0.584338 0.100000 0.040000
0 0.193337 0.541246 0.100000 0.040000
0 0.193293 0.475488 0.100000 0.040000
0 0.193093 0.505646 0.100000 0.040000
0 0.192894 0.528813 0.100000 0.040000
0 0.192894 0.446728 0.100000 0.040000
0 0.192135 0.419247 0.100000 0.040000
0 0.194751 0.394261 0.100000 0.040000
0 0.194352 0.360708 0.100000 0.040000
0 0.192953 0.346928 0.100000 0.040000
0 0.191755 0.322362 0.100000 0.040000
0 0.192724 0.275011 0.100000 0.040000
0 0.192724 0.244188 0.100000 0.040000
