0 0.384236 0.211852 0.04 0.10
0 0.360269 0.210454 0.04 0.10
0 0.337701 0.211053 0.04 0.10
0 0.423381 0.211653 0.04 0.10
0 0.442554 0.211653 0.04 0.10
0 0.464723 0.209855 0.04 0.10
0 0.521684 0.208137 0.04 0.10
0 0.541336 0.209096 0.04 0.10
0 0.562666 0.209096 0.04 0.10
0 0.583024 0.209549 0.04 0.10
0 0.602197 0.209309 0.04 0.10
0 0.656517 0.209817 0.04 0.10
0 0.679885 0.209218 0.04 0.10
0 0.702453 0.209218 0.04 0.10
0 0.790422 0.249925 0.04 0.10
0 0.789623 0.276088 0.04 0.10
0 0.789024 0.304249 0.04 0.10
0 0.789823 0.347388 0.04 0.10
0 0.790223 0.371195 0.04 0.10
0 0.789983 0.421525 0.04 0.10
0 0.789312 0.442903 0.04 0.10
0 0.789779 0.469294 0.04 0.10
0 0.790977 0.528811 0.04 0.10
0 0.791377 0.544189 0.04 0.10
0 0.788381 0.578741 0.04 0.10
0 0.788849 0.601274 0.04 0.10
0 0.789958 0.624298 0.04 0.10
0 0.789958 0.651343 0.04 0.10
0 0.789875 0.707154 0.04 0.10
0 0.790341 0.733584 0.04 0.10
0 0.789942 0.762743 0.04 0.10
0 0.686117 0.790960 0.04 0.10
0 0.716408 0.790461 0.04 0.10
0 0.659987 0.790128 0.04 0.10
0 0.640680 0.790461 0.04 0.10
0 0.618378 0.791293 0.04 0.10
0 0.594944 0.790228 0.04 0.10
0 0.574573 0.789229 0.04 0.10
0 0.523484 0.790108 0.04 0.10
0 0.489691 0.789869 0.04 0.10
0 0.455419 0.789150 0.04 0.10
0 0.436490 0.790679 0.04 0.10
0 0.377972 0.789281 0.04 0.10
0 0.320615 0.791135 0.04 0.10
0 0.348743 0.790636 0.04 0.10
0 0.284610 0.791878 0.04 0.10
0 0.262418 0.789682 0.04 0.10
0 0.209451 0.751458 0.04 0.10
0 0.207786 0.724135 0.04 0.10
0 0.209312 0.655869 0.04 0.10
0 0.209245 0.630305 0.04 0.10
0 0.209445 0.606339 0.04 0.10
0 0.209245 0.579376 0.04 0.10
0 0.208606 0.536396 0.04 0.10
0 0.209469 0.522879 0.04 0.10
0 0.209757 0.502739 0.04 0.10
0 0.209341 0.472919 0.04 0.10
0 0.208370 0.444625 0.04 0.10
0 0.210590 0.422573 0.04 0.10
0 0.209397 0.398828 0.04 0.10
0 0.209497 0.365808 0.04 0.10
0 0.208897 0.329259 0.04 0.10
0 0.207779 0.280008 0.04 0.10
0 0.209217 0.253884 0.04 0.10
0 0.252788 0.209546 0.04 0.10
0 0.209936 0.315958 0.04 0.10
0 0.310176 0.210573 0.04 0.10
0 0.499711 0.201026 0.04 0.10
0 0.284012 0.209414 0.04 0.10
