0 0.267272 0.227028 0.040000 0.100000
0 0.294019 0.225015 0.040000 0.100000
0 0.317890 0.225015 0.040000 0.100000
0 0.341473 0.223289 0.040000 0.100000
0 0.364193 0.226453 0.040000 0.100000
0 0.383548 0.225504 0.040000 0.100000
0 0.424962 0.225504 0.040000 0.100000
0 0.443369 0.227229 0.040000 0.100000
0 0.465801 0.227229 0.040000 0.100000
0 0.523321 0.224583 0.040000 0.100000
0 0.540577 0.224928 0.040000 0.100000
0 0.558868 0.226999 0.040000 0.100000
0 0.576124 0.226309 0.040000 0.100000
0 0.594760 0.224928 0.040000 0.100000
0 0.648322 0.225273 0.040000 0.100000
0 0.670272 0.226102 0.040000 0.100000
0 0.688080 0.225273 0.040000 0.100000
0 0.773724 0.258570 0.100000 0.040000
0 0.773227 0.282425 0.100000 0.040000
0 0.771991 0.307429 0.100000 0.040000
0 0.772710 0.349610 0.100000 0.040000
0 0.773620 0.371372 0.100000 0.040000
0 0.772757 0.423139 0.100000 0.040000
0 0.773029 0.440903 0.100000 0.040000
0 0.772629 0.465070 0.100000 0.040000
0 0.774387 0.529140 0.100000 0.040000
0 0.772949 0.545677 0.100000 0.040000
0 0.774643 0.600797 0.100000 0.040000
0 0.773978 0.578827 0.100000 0.040000
0 0.773811 0.621101 0.100000 0.040000
0 0.773478 0.645401 0.100000 0.040000
0 0.775789 0.702574 0.100000 0.040000
0 0.773709 0.725597 0.100000 0.040000
0 0.772322 0.751810 0.100000 0.040000
0 0.705554 0.773696 0.040000 0.100000
0 0.674764 0.774429 0.040000 0.100000
0 0.653993 0.774029 0.040000 0.100000
0 0.635618 0.773830 0.040000 0.100000
0 0.616165 0.774589 0.040000 0.100000
0 0.595075 0.774589 0.040000 0.100000
0 0.577100 0.773630 0.040000 0.100000
0 0.525141 0.773342 0.040000 0.100000
0 0.493217 0.773055 0.040000 0.100000
0 0.460431 0.774205 0.040000 0.100000
0 0.444613 0.772192 0.040000 0.100000
0 0.381917 0.773342 0.040000 0.100000
0 0.358104 0.772997 0.040000 0.100000
0 0.329804 0.772307 0.040000 0.100000
0 0.296856 0.773540 0.040000 0.100000
0 0.279281 0.772741 0.040000 0.100000
0 0.225236 0.740347 0.100000 0.040000
0 0.224517 0.714463 0.100000 0.040000
0 0.224086 0.645104 0.100000 0.040000
0 0.224661 0.621233 0.100000 0.040000
0 0.225840 0.598427 0.100000 0.040000
0 0.226703 0.575994 0.100000 0.040000
0 0.226128 0.533142 0.100000 0.040000
0 0.226535 0.515766 0.100000 0.040000
0 0.225577 0.499229 0.100000 0.040000
0 0.223899 0.471428 0.100000 0.040000
0 0.225960 0.443723 0.100000 0.040000
0 0.224810 0.423591 0.100000 0.040000
0 0.224810 0.399721 0.100000 0.040000
0 0.225960 0.370961 0.100000 0.040000
0 0.224815 0.356116 0.100000 0.040000
0 0.226253 0.336224 0.100000 0.040000
0 0.226253 0.320406 0.100000 0.040000
0 0.222658 0.286134 0.100000 0.040000
0 0.224096 0.260250 0.100000 0.040000
