0 0.758862 0.265154 0.04 0.10
0 0.760343 0.285262 0.04 0.10
0 0.756269 0.309947 0.04 0.10
0 0.755310 0.350211 0.04 0.10
0 0.756508 0.370343 0.04 0.10
0 0.759172 0.421236 0.04 0.10
0 0.757774 0.439610 0.04 0.10
0 0.756576 0.461380 0.04 0.10
0 0.757645 0.529721 0.04 0.10
0 0.757478 0.545698 0.04 0.10
0 0.757378 0.580450 0.04 0.10
0 0.758776 0.598624 0.04 0.10
0 0.758177 0.617198 0.04 0.10
0 0.757658 0.638329 0.04 0.10
0 0.757446 0.697059 0.04 0.10
0 0.757846 0.717830 0.04 0.10
0 0.758844 0.739999 0.04 0.10
0 0.243968 0.727300 0.04 0.10
0 0.242242 0.704005 0.04 0.10
0 0.239309 0.634406 0.04 0.10
0 0.242851 0.609628 0.04 0.10
0 0.241413 0.590935 0.04 0.10
0 0.242851 0.568885 0.04 0.10
0 0.242132 0.527184 0.04 0.10
0 0.242132 0.511366 0.04 0.10
0 0.242132 0.494589 0.04 0.10
0 0.242807 0.458922 0.04 0.10
0 0.241642 0.441946 0.04 0.10
0 0.240810 0.422640 0.04 0.10
0 0.240977 0.402668 0.04 0.10
0 0.241769 0.376311 0.04 0.10
0 0.240371 0.359335 0.04 0.10
0 0.240371 0.341560 0.04 0.10
0 0.241170 0.325382 0.04 0.10
0 0.241769 0.291869 0.04 0.10
0 0.241050 0.270299 0.04 0.10
