0 0.673766 0.171633 0.04 0.10
0 0.705027 0.172073 0.04 0.10
0 0.733646 0.171633 0.04 0.10
0 0.619609 0.171193 0.04 0.10
0 0.595393 0.171193 0.04 0.10
0 0.568975 0.170312 0.04 0.10
0 0.542557 0.171193 0.04 0.10
0 0.518341 0.171633 0.04 0.10
0 0.466826 0.171193 0.04 0.10
0 0.458461 0.171633 0.04 0.10
0 0.826959 0.231857 0.04 0.10
0 0.828280 0.264439 0.04 0.10
0 0.827399 0.299662 0.04 0.10
0 0.826434 0.344407 0.04 0.10
0 0.826434 0.373467 0.04 0.10
0 0.826874 0.422780 0.04 0.10
0 0.826874 0.448758 0.04 0.10
0 0.826874 0.469892 0.04 0.10
0 0.827314 0.476937 0.04 0.10
0 0.828197 0.581856 0.04 0.10
0 0.826876 0.546192 0.04 0.10
0 0.825995 0.531662 0.04 0.10
0 0.828197 0.607833 0.04 0.10
0 0.827756 0.637333 0.04 0.10
0 0.826435 0.667714 0.04 0.10
0 0.826876 0.722311 0.04 0.10
0 0.827959 0.754408 0.04 0.10
0 0.827078 0.791393 0.04 0.10
0 0.747385 0.829259 0.04 0.10
0 0.709959 0.827938 0.04 0.10
0 0.677818 0.827938 0.04 0.10
0 0.649324 0.828014 0.04 0.10
0 0.623786 0.828014 0.04 0.10
0 0.595167 0.829334 0.04 0.10
0 0.567869 0.829334 0.04 0.10
0 0.521637 0.828014 0.04 0.10
0 0.479809 0.827133 0.04 0.10
0 0.363448 0.826906 0.04 0.10
0 0.447105 0.826906 0.04 0.10
0 0.419806 0.826025 0.04 0.10
0 0.328665 0.826025 0.04 0.10
0 0.295643 0.826025 0.04 0.10
0 0.255576 0.826906 0.04 0.10
0 0.228718 0.826465 0.04 0.10
0 0.172360 0.781555 0.04 0.10
0 0.172800 0.749854 0.04 0.10
0 0.172360 0.687772 0.04 0.10
0 0.172360 0.656071 0.04 0.10
0 0.171479 0.623048 0.04 0.10
0 0.172360 0.593548 0.04 0.10
0 0.171724 0.510831 0.04 0.10
0 0.172546 0.548669 0.04 0.10
0 0.172546 0.537712 0.04 0.10
0 0.171527 0.480892 0.04 0.10
0 0.171782 0.473757 0.04 0.10
0 0.172037 0.448277 0.04 0.10
0 0.173056 0.420759 0.04 0.10
0 0.171272 0.516819 0.04 0.10
0 0.171307 0.351501 0.04 0.10
0 0.172191 0.341327 0.04 0.10
0 0.173224 0.312720 0.04 0.10
0 0.174698 0.301661 0.04 0.10
0 0.171012 0.389692 0.04 0.10
0 0.174564 0.232401 0.04 0.10
0 0.171467 0.263072 0.04 0.10
0 0.292131 0.172548 0.04 0.10
0 0.260430 0.172548 0.04 0.10
0 0.223004 0.174309 0.04 0.10
0 0.325593 0.173429 0.04 0.10
0 0.355974 0.172548 0.04 0.10
0 0.383713 0.171668 0.04 0.10
0 0.423339 0.172988 0.04 0.10
0 0.438309 0.172548 0.04 0.10
0 0.431705 0.171668 0.04 0.10
