0 0.811437 0.241622 0.04 0.10
0 0.810997 0.272002 0.04 0.10
0 0.811877 0.304144 0.04 0.10
0 0.811877 0.348614 0.04 0.10
0 0.717654 0.189226 0.04 0.10
0 0.693437 0.188786 0.04 0.10
0 0.666139 0.187905 0.04 0.10
0 0.810997 0.374591 0.04 0.10
0 0.810798 0.424283 0.04 0.10
0 0.809917 0.449380 0.04 0.10
0 0.810357 0.467432 0.04 0.10
0 0.809917 0.476678 0.04 0.10
0 0.811678 0.533036 0.04 0.10
0 0.810357 0.540521 0.04 0.10
0 0.810798 0.548006 0.04 0.10
0 0.812360 0.582545 0.04 0.10
0 0.810158 0.608082 0.04 0.10
0 0.811039 0.633619 0.04 0.10
0 0.810599 0.663119 0.04 0.10
0 0.810949 0.717757 0.04 0.10
0 0.810949 0.747257 0.04 0.10
0 0.810509 0.782480 0.04 0.10
0 0.730375 0.810219 0.04 0.10
0 0.696912 0.811100 0.04 0.10
0 0.668293 0.811980 0.04 0.10
0 0.644957 0.811540 0.04 0.10
0 0.571035 0.810786 0.04 0.10
0 0.596132 0.810786 0.04 0.10
0 0.620348 0.810786 0.04 0.10
0 0.521721 0.810786 0.04 0.10
0 0.514236 0.811226 0.04 0.10
0 0.483856 0.811666 0.04 0.10
0 0.450834 0.810786 0.04 0.10
0 0.425297 0.810786 0.04 0.10
0 0.368074 0.810192 0.04 0.10
0 0.335492 0.811073 0.04 0.10
0 0.304231 0.811073 0.04 0.10
0 0.264604 0.811073 0.04 0.10
0 0.245231 0.809311 0.04 0.10
0 0.188873 0.770565 0.04 0.10
0 0.187992 0.741506 0.04 0.10
0 0.189313 0.676782 0.04 0.10
0 0.187992 0.649484 0.04 0.10
0 0.187112 0.619544 0.04 0.10
0 0.188473 0.589411 0.04 0.10
0 0.187593 0.545382 0.04 0.10
0 0.188473 0.532613 0.04 0.10
0 0.187593 0.513240 0.04 0.10
0 0.188473 0.507516 0.04 0.10
0 0.188033 0.478897 0.04 0.10
0 0.187593 0.471412 0.04 0.10
0 0.189354 0.447636 0.04 0.10
0 0.190234 0.422099 0.04 0.10
0 0.189354 0.394360 0.04 0.10
0 0.188473 0.358696 0.04 0.10
0 0.187739 0.345496 0.04 0.10
0 0.187299 0.320839 0.04 0.10
0 0.188619 0.306750 0.04 0.10
0 0.187739 0.270205 0.04 0.10
0 0.189940 0.242907 0.04 0.10
0 0.237052 0.190511 0.04 0.10
0 0.269194 0.189631 0.04 0.10
0 0.297373 0.188750 0.04 0.10
0 0.329074 0.188310 0.04 0.10
0 0.358134 0.186989 0.04 0.10
0 0.383231 0.188310 0.04 0.10
0 0.519481 0.187132 0.04 0.10
0 0.542377 0.188012 0.04 0.10
0 0.564832 0.188893 0.04 0.10
0 0.586847 0.188893 0.04 0.10
0 0.613264 0.189773 0.04 0.10
0 0.466205 0.188453 0.04 0.10
0 0.457399 0.188012 0.04 0.10
0 0.439347 0.188893 0.04 0.10
0 0.432303 0.188012 0.04 0.10
0 0.424377 0.189773 0.04 0.10
