0 0.794256 0.251464 0.04 0.10
0 0.794696 0.276561 0.04 0.10
0 0.795136 0.306501 0.04 0.10
0 0.795136 0.350531 0.04 0.10
0 0.795577 0.372986 0.04 0.10
0 0.794118 0.425329 0.04 0.10
0 0.795439 0.447344 0.04 0.10
0 0.794118 0.464075 0.04 0.10
0 0.794559 0.473321 0.04 0.10
0 0.794999 0.533642 0.04 0.10
0 0.794559 0.541127 0.04 0.10
0 0.795439 0.548171 0.04 0.10
0 0.795439 0.583836 0.04 0.10
0 0.704740 0.204446 0.04 0.10
0 0.684046 0.204006 0.04 0.10
0 0.657188 0.204446 0.04 0.10
0 0.602151 0.205767 0.04 0.10
0 0.581897 0.204446 0.04 0.10
0 0.562084 0.204446 0.04 0.10
0 0.794464 0.606766 0.04 0.10
0 0.794464 0.631513 0.04 0.10
0 0.795098 0.656261 0.04 0.10
0 0.795098 0.713370 0.04 0.10
0 0.794464 0.740020 0.04 0.10
0 0.795098 0.773651 0.04 0.10
0 0.718318 0.795860 0.04 0.10
0 0.687860 0.797129 0.04 0.10
0 0.661209 0.795860 0.04 0.10
0 0.640269 0.796495 0.04 0.10
0 0.619964 0.795860 0.04 0.10
0 0.595217 0.796495 0.04 0.10
0 0.574735 0.795071 0.04 0.10
0 0.522958 0.796172 0.04 0.10
0 0.514145 0.795071 0.04 0.10
0 0.486237 0.796539 0.04 0.10
0 0.456126 0.794703 0.04 0.10
0 0.432257 0.796172 0.04 0.10
0 0.372478 0.797409 0.04 0.10
0 0.342654 0.794871 0.04 0.10
0 0.314734 0.797409 0.04 0.10
0 0.276661 0.796140 0.04 0.10
0 0.258260 0.794871 0.04 0.10
0 0.205311 0.758857 0.04 0.10
0 0.204676 0.732840 0.04 0.10
0 0.203407 0.666213 0.04 0.10
0 0.205945 0.638293 0.04 0.10
0 0.205311 0.583723 0.04 0.10
0 0.205945 0.611008 0.04 0.10
0 0.205994 0.540731 0.04 0.10
0 0.204525 0.528246 0.04 0.10
0 0.203791 0.502541 0.04 0.10
0 0.205627 0.477203 0.04 0.10
0 0.204525 0.469859 0.04 0.10
0 0.204158 0.445990 0.04 0.10
0 0.204957 0.251452 0.04 0.10
0 0.203855 0.276423 0.04 0.10
0 0.205324 0.312042 0.04 0.10
0 0.204222 0.319020 0.04 0.10
0 0.204957 0.327465 0.04 0.10
0 0.204590 0.350967 0.04 0.10
0 0.204222 0.357944 0.04 0.10
0 0.204590 0.364187 0.04 0.10
0 0.204590 0.398337 0.04 0.10
0 0.204405 0.423778 0.04 0.10
0 0.249708 0.205379 0.04 0.10
0 0.280187 0.203543 0.04 0.10
0 0.305525 0.203176 0.04 0.10
0 0.333800 0.203910 0.04 0.10
0 0.359505 0.204645 0.04 0.10
0 0.465228 0.204296 0.04 0.10
0 0.457517 0.203562 0.04 0.10
0 0.440258 0.204664 0.04 0.10
0 0.425202 0.204664 0.04 0.10
0 0.381504 0.204664 0.04 0.10
0 0.520310 0.205398 0.04 0.10
0 0.540507 0.204664 0.04 0.10
