0 0.779001 0.258003 0.100000 0.040000
0 0.778561 0.281339 0.100000 0.040000
0 0.778561 0.308637 0.100000 0.040000
0 0.690501 0.221899 0.040000 0.100000
0 0.672009 0.221899 0.040000 0.100000
0 0.651315 0.220138 0.040000 0.100000
0 0.779881 0.352227 0.100000 0.040000
0 0.778120 0.372480 0.100000 0.040000
0 0.778192 0.424839 0.100000 0.040000
0 0.778192 0.444652 0.100000 0.040000
0 0.778192 0.460063 0.100000 0.040000
0 0.777752 0.470189 0.100000 0.040000
0 0.777752 0.534032 0.100000 0.040000
0 0.777752 0.549443 0.100000 0.040000
0 0.778633 0.584226 0.100000 0.040000
0 0.778633 0.603599 0.100000 0.040000
0 0.777312 0.626935 0.100000 0.040000
0 0.777595 0.649779 0.100000 0.040000
0 0.778476 0.709219 0.100000 0.040000
0 0.778476 0.732115 0.100000 0.040000
0 0.776715 0.758533 0.100000 0.040000
0 0.706708 0.777906 0.040000 0.100000
0 0.678088 0.779227 0.040000 0.100000
0 0.655193 0.779227 0.040000 0.100000
0 0.635380 0.780988 0.040000 0.100000
0 0.597636 0.779383 0.040000 0.100000
0 0.616568 0.778503 0.040000 0.100000
0 0.576942 0.779383 0.040000 0.100000
0 0.525427 0.779383 0.040000 0.100000
0 0.515740 0.780264 0.040000 0.100000
0 0.491084 0.780264 0.040000 0.100000
0 0.461144 0.776742 0.040000 0.100000
0 0.440890 0.779383 0.040000 0.100000
0 0.378415 0.777546 0.040000 0.100000
0 0.349356 0.781069 0.040000 0.100000
0 0.325139 0.780188 0.040000 0.100000
0 0.290356 0.778867 0.040000 0.100000
0 0.273184 0.777987 0.040000 0.100000
0 0.221670 0.747166 0.100000 0.040000
0 0.218147 0.722509 0.100000 0.040000
0 0.221821 0.651161 0.100000 0.040000
0 0.219528 0.629248 0.100000 0.040000
0 0.219782 0.605296 0.100000 0.040000
0 0.221311 0.579816 0.100000 0.040000
0 0.223370 0.535002 0.100000 0.040000
0 0.221586 0.526593 0.100000 0.040000
0 0.225154 0.519204 0.100000 0.040000
0 0.222860 0.502897 0.100000 0.040000
0 0.222860 0.494998 0.100000 0.040000
0 0.223115 0.473850 0.100000 0.040000
0 0.222351 0.466715 0.100000 0.040000
0 0.222351 0.444293 0.100000 0.040000
0 0.222033 0.423358 0.100000 0.040000
0 0.222328 0.401830 0.100000 0.040000
0 0.222896 0.369639 0.100000 0.040000
0 0.222132 0.361485 0.100000 0.040000
0 0.221113 0.354096 0.100000 0.040000
0 0.221622 0.333457 0.100000 0.040000
0 0.221113 0.325049 0.100000 0.040000
0 0.222387 0.318679 0.100000 0.040000
0 0.220524 0.281350 0.100000 0.040000
0 0.222817 0.258417 0.100000 0.040000
0 0.265114 0.221981 0.040000 0.100000
0 0.291868 0.220452 0.040000 0.100000
0 0.315301 0.221187 0.040000 0.100000
0 0.338233 0.219403 0.040000 0.100000
0 0.361929 0.220422 0.040000 0.100000
0 0.383078 0.219403 0.040000 0.100000
0 0.424903 0.220746 0.040000 0.100000
0 0.442739 0.220746 0.040000 0.100000
0 0.456753 0.220491 0.040000 0.100000
0 0.465161 0.221255 0.040000 0.100000
0 0.524021 0.219981 0.040000 0.100000
0 0.542293 0.220642 0.040000 0.100000
0 0.559905 0.221082 0.040000 0.100000
0 0.577957 0.220201 0.040000 0.100000
0 0.596449 0.221522 0.040000 0.100000
