0 0.762134 0.264933 0.04 0.10
0 0.762643 0.285318 0.04 0.10
0 0.761369 0.307740 0.04 0.10
0 0.762120 0.353543 0.04 0.10
0 0.762560 0.371155 0.04 0.10
0 0.761239 0.424871 0.04 0.10
0 0.236859 0.265729 0.04 0.10
0 0.235538 0.286864 0.04 0.10
0 0.236419 0.322087 0.04 0.10
0 0.237739 0.339259 0.04 0.10
0 0.237688 0.357820 0.04 0.10
0 0.236368 0.373230 0.04 0.10
0 0.235927 0.404491 0.04 0.10
0 0.235487 0.423865 0.04 0.10
0 0.236368 0.443238 0.04 0.10
0 0.237688 0.463491 0.04 0.10
0 0.237688 0.470976 0.04 0.10
0 0.237079 0.490799 0.04 0.10
0 0.237520 0.499605 0.04 0.10
0 0.237960 0.513694 0.04 0.10
0 0.237960 0.521620 0.04 0.10
0 0.238841 0.528224 0.04 0.10
0 0.237960 0.572694 0.04 0.10
0 0.237960 0.596030 0.04 0.10
0 0.237079 0.618045 0.04 0.10
0 0.237520 0.637858 0.04 0.10
0 0.237079 0.711388 0.04 0.10
0 0.237079 0.735164 0.04 0.10
0 0.763035 0.748043 0.04 0.10
0 0.761714 0.722506 0.04 0.10
0 0.761714 0.703132 0.04 0.10
0 0.762595 0.643692 0.04 0.10
0 0.761714 0.621678 0.04 0.10
0 0.762595 0.603185 0.04 0.10
0 0.763916 0.584693 0.04 0.10
0 0.762913 0.442243 0.04 0.10
0 0.762033 0.455892 0.04 0.10
0 0.762913 0.466019 0.04 0.10
0 0.760712 0.532063 0.04 0.10
0 0.762913 0.540869 0.04 0.10
0 0.761593 0.549675 0.04 0.10
