0 0.425835 0.174556 0.040000 0.100000
0 0.388149 0.177041 0.040000 0.100000
0 0.359987 0.174556 0.040000 0.100000
0 0.329341 0.174142 0.040000 0.100000
0 0.297127 0.175414 0.040000 0.100000
0 0.264773 0.176133 0.040000 0.100000
0 0.232418 0.176133 0.040000 0.100000
0 0.175330 0.230105 0.100000 0.040000
0 0.178326 0.262771 0.100000 0.040000
0 0.174531 0.312102 0.100000 0.040000
0 0.175730 0.299320 0.100000 0.040000
0 0.175131 0.338465 0.100000 0.040000
0 0.173533 0.352246 0.100000 0.040000
0 0.175690 0.385798 0.100000 0.040000
0 0.174731 0.415277 0.100000 0.040000
0 0.175929 0.444995 0.100000 0.040000
0 0.175703 0.469499 0.100000 0.040000
0 0.175304 0.504450 0.100000 0.040000
0 0.174904 0.534408 0.100000 0.040000
0 0.175304 0.545992 0.100000 0.040000
0 0.176023 0.589211 0.100000 0.040000
0 0.176023 0.618211 0.100000 0.040000
0 0.175352 0.651812 0.100000 0.040000
0 0.177653 0.684310 0.100000 0.040000
0 0.175449 0.745903 0.100000 0.040000
0 0.175648 0.779855 0.100000 0.040000
0 0.240098 0.824133 0.040000 0.100000
0 0.266860 0.824932 0.040000 0.100000
0 0.304008 0.825331 0.040000 0.100000
0 0.339199 0.823654 0.040000 0.100000
0 0.371074 0.825092 0.040000 0.100000
0 0.426580 0.823462 0.040000 0.100000
0 0.451026 0.824037 0.040000 0.100000
0 0.486400 0.824325 0.040000 0.100000
0 0.519623 0.823926 0.040000 0.100000
0 0.570552 0.824725 0.040000 0.100000
0 0.598313 0.823726 0.040000 0.100000
0 0.627072 0.823926 0.040000 0.100000
0 0.654873 0.823726 0.040000 0.100000
0 0.682674 0.824685 0.040000 0.100000
0 0.711434 0.822528 0.040000 0.100000
0 0.749421 0.824277 0.040000 0.100000
0 0.825494 0.786830 0.100000 0.040000
0 0.825334 0.750321 0.100000 0.040000
0 0.824745 0.718895 0.100000 0.040000
0 0.825743 0.664805 0.100000 0.040000
0 0.826117 0.633300 0.100000 0.040000
0 0.824780 0.604990 0.100000 0.040000
0 0.825379 0.579626 0.100000 0.040000
0 0.823582 0.542877 0.100000 0.040000
0 0.826827 0.474057 0.100000 0.040000
0 0.826002 0.420348 0.100000 0.040000
0 0.824962 0.446584 0.100000 0.040000
0 0.824559 0.371763 0.100000 0.040000
0 0.824143 0.342221 0.100000 0.040000
0 0.825225 0.299559 0.100000 0.040000
0 0.825263 0.267618 0.100000 0.040000
0 0.824916 0.235141 0.100000 0.040000
0 0.739059 0.175364 0.040000 0.100000
0 0.706882 0.174116 0.040000 0.100000
0 0.675815 0.176113 0.040000 0.100000
0 0.624087 0.175714 0.040000 0.100000
0 0.597525 0.176512 0.040000 0.100000
0 0.571365 0.176782 0.040000 0.100000
0 0.547565 0.176616 0.040000 0.100000
0 0.520603 0.175451 0.040000 0.100000
0 0.469375 0.174252 0.040000 0.100000
0 0.441813 0.175051 0.040000 0.100000
