0 0.335062 0.192874 0.04 0.10
0 0.360826 0.192675 0.04 0.10
0 0.387189 0.192675 0.04 0.10
0 0.425895 0.193274 0.04 0.10
0 0.441952 0.193274 0.04 0.10
0 0.468795 0.191836 0.04 0.10
0 0.522863 0.190781 0.04 0.10
0 0.545583 0.191644 0.04 0.10
0 0.566865 0.193082 0.04 0.10
0 0.590203 0.192905 0.04 0.10
0 0.613451 0.191706 0.04 0.10
0 0.668334 0.191467 0.04 0.10
0 0.693978 0.192665 0.04 0.10
0 0.720820 0.194391 0.04 0.10
0 0.807847 0.245180 0.04 0.10
0 0.806327 0.273245 0.04 0.10
0 0.807286 0.302244 0.04 0.10
0 0.807286 0.346582 0.04 0.10
0 0.806437 0.422985 0.04 0.10
0 0.806936 0.374053 0.04 0.10
0 0.806271 0.447617 0.04 0.10
0 0.807569 0.471017 0.04 0.10
0 0.808191 0.580893 0.04 0.10
0 0.807359 0.603528 0.04 0.10
0 0.808524 0.543446 0.04 0.10
0 0.807958 0.629691 0.04 0.10
0 0.807559 0.657253 0.04 0.10
0 0.807958 0.714293 0.04 0.10
0 0.806830 0.775736 0.04 0.10
0 0.807662 0.742117 0.04 0.10
0 0.736429 0.809189 0.04 0.10
0 0.702277 0.808590 0.04 0.10
0 0.673317 0.808790 0.04 0.10
0 0.649391 0.808271 0.04 0.10
0 0.624466 0.808750 0.04 0.10
0 0.598822 0.808271 0.04 0.10
0 0.575095 0.807552 0.04 0.10
0 0.524059 0.808323 0.04 0.10
0 0.490506 0.808522 0.04 0.10
0 0.455755 0.808522 0.04 0.10
0 0.434145 0.807963 0.04 0.10
0 0.374708 0.808442 0.04 0.10
0 0.345313 0.808133 0.04 0.10
0 0.313358 0.807634 0.04 0.10
0 0.278365 0.808297 0.04 0.10
0 0.253816 0.806632 0.04 0.10
0 0.194316 0.766300 0.04 0.10
0 0.190622 0.737673 0.04 0.10
0 0.192539 0.675081 0.04 0.10
0 0.191341 0.643446 0.04 0.10
0 0.190718 0.612817 0.04 0.10
0 0.193433 0.584526 0.04 0.10
0 0.191556 0.542772 0.04 0.10
0 0.191889 0.503993 0.04 0.10
0 0.191356 0.473036 0.04 0.10
0 0.191755 0.445874 0.04 0.10
0 0.191264 0.419695 0.04 0.10
0 0.191098 0.391568 0.04 0.10
0 0.190765 0.358115 0.04 0.10
0 0.192629 0.318770 0.04 0.10
0 0.191631 0.344334 0.04 0.10
0 0.192246 0.268923 0.04 0.10
0 0.191694 0.240989 0.04 0.10
0 0.243940 0.190660 0.04 0.10
0 0.274255 0.191821 0.04 0.10
0 0.304545 0.191655 0.04 0.10
