0 0.312475 0.209867 0.040000 0.100000
0 0.284913 0.208429 0.040000 0.100000
0 0.257352 0.208429 0.040000 0.100000
0 0.337879 0.209388 0.040000 0.100000
0 0.362325 0.208909 0.040000 0.100000
0 0.386531 0.208429 0.040000 0.100000
0 0.426794 0.209819 0.040000 0.100000
0 0.443763 0.209532 0.040000 0.100000
0 0.459868 0.207231 0.040000 0.100000
0 0.525349 0.207600 0.040000 0.100000
0 0.545001 0.207121 0.040000 0.100000
0 0.563935 0.208559 0.040000 0.100000
0 0.585025 0.209278 0.040000 0.100000
0 0.605396 0.207360 0.040000 0.100000
0 0.659656 0.209230 0.040000 0.100000
0 0.681514 0.208367 0.040000 0.100000
0 0.705672 0.209230 0.040000 0.100000
0 0.791006 0.253265 0.100000 0.040000
0 0.790527 0.280347 0.100000 0.040000
0 0.791246 0.303595 0.100000 0.040000
0 0.790767 0.349131 0.100000 0.040000
0 0.790527 0.372282 0.100000 0.040000
0 0.788801 0.424050 0.100000 0.040000
0 0.790355 0.444699 0.100000 0.040000
0 0.790877 0.464596 0.100000 0.040000
0 0.791836 0.532181 0.100000 0.040000
0 0.791356 0.545363 0.100000 0.040000
0 0.791416 0.580613 0.100000 0.040000
0 0.792415 0.603182 0.100000 0.040000
0 0.790767 0.626233 0.100000 0.040000
0 0.790268 0.650033 0.100000 0.040000
0 0.791025 0.709541 0.100000 0.040000
0 0.791744 0.735424 0.100000 0.040000
0 0.791744 0.763465 0.100000 0.040000
0 0.722721 0.791745 0.040000 0.100000
0 0.643036 0.792934 0.040000 0.100000
0 0.665172 0.790770 0.040000 0.100000
0 0.691135 0.792201 0.040000 0.100000
0 0.622661 0.792704 0.040000 0.100000
0 0.599694 0.791872 0.040000 0.100000
0 0.578224 0.790873 0.040000 0.100000
0 0.526372 0.791930 0.040000 0.100000
0 0.492808 0.792069 0.040000 0.100000
0 0.459687 0.791680 0.040000 0.100000
0 0.439216 0.791847 0.040000 0.100000
0 0.378834 0.792047 0.040000 0.100000
0 0.352471 0.791048 0.040000 0.100000
0 0.322829 0.791797 0.040000 0.100000
0 0.287712 0.792130 0.040000 0.100000
0 0.267421 0.790923 0.040000 0.100000
0 0.208649 0.756492 0.100000 0.040000
0 0.208511 0.728199 0.100000 0.040000
0 0.208028 0.661759 0.100000 0.040000
0 0.208627 0.634397 0.100000 0.040000
0 0.208667 0.607954 0.100000 0.040000
0 0.208907 0.580153 0.100000 0.040000
0 0.209003 0.536822 0.100000 0.040000
0 0.209673 0.523190 0.100000 0.040000
0 0.209340 0.501553 0.100000 0.040000
0 0.207842 0.472927 0.100000 0.040000
0 0.209340 0.444467 0.100000 0.040000
0 0.209124 0.421150 0.100000 0.040000
0 0.209124 0.395685 0.100000 0.040000
0 0.209423 0.363568 0.100000 0.040000
0 0.207592 0.348922 0.100000 0.040000
0 0.207925 0.324955 0.100000 0.040000
0 0.207559 0.276523 0.100000 0.040000
0 0.207958 0.249761 0.100000 0.040000
