0 0.271490 0.223876 0.04 0.10
0 0.296108 0.222142 0.04 0.10
0 0.319016 0.225055 0.04 0.10
0 0.343981 0.224639 0.04 0.10
0 0.364535 0.223557 0.04 0.10
0 0.386338 0.223557 0.04 0.10
0 0.426815 0.225154 0.04 0.10
0 0.445189 0.224755 0.04 0.10
0 0.468796 0.225953 0.04 0.10
0 0.526411 0.224947 0.04 0.10
0 0.543954 0.224659 0.04 0.10
0 0.563511 0.224372 0.04 0.10
0 0.581629 0.224659 0.04 0.10
0 0.597706 0.225436 0.04 0.10
0 0.653288 0.225272 0.04 0.10
0 0.671862 0.224673 0.04 0.10
0 0.693032 0.227469 0.04 0.10
0 0.776863 0.259334 0.04 0.10
0 0.777140 0.284160 0.04 0.10
0 0.774782 0.307183 0.04 0.10
0 0.775781 0.348930 0.04 0.10
0 0.775448 0.372197 0.04 0.10
0 0.774050 0.422527 0.04 0.10
0 0.774729 0.442539 0.04 0.10
0 0.775568 0.460240 0.04 0.10
0 0.775716 0.532415 0.04 0.10
0 0.775316 0.544798 0.04 0.10
0 0.773918 0.581746 0.04 0.10
0 0.773519 0.600919 0.04 0.10
0 0.774917 0.622688 0.04 0.10
0 0.776155 0.646495 0.04 0.10
0 0.774957 0.704014 0.04 0.10
0 0.775609 0.725843 0.04 0.10
0 0.774573 0.754142 0.04 0.10
0 0.709140 0.775726 0.04 0.10
0 0.682298 0.777164 0.04 0.10
0 0.658332 0.777404 0.04 0.10
0 0.638440 0.775247 0.04 0.10
0 0.619746 0.775726 0.04 0.10
0 0.600333 0.775007 0.04 0.10
0 0.580421 0.774987 0.04 0.10
0 0.528843 0.775370 0.04 0.10
0 0.496888 0.775370 0.04 0.10
0 0.464808 0.774080 0.04 0.10
0 0.446085 0.775745 0.04 0.10
0 0.384504 0.775329 0.04 0.10
0 0.359173 0.775362 0.04 0.10
0 0.332411 0.775562 0.04 0.10
0 0.298059 0.776760 0.04 0.10
0 0.280604 0.776081 0.04 0.10
0 0.226440 0.743966 0.04 0.10
0 0.226440 0.717603 0.04 0.10
0 0.225493 0.649753 0.04 0.10
0 0.225693 0.624389 0.04 0.10
0 0.223895 0.599024 0.04 0.10
0 0.223935 0.576935 0.04 0.10
0 0.223652 0.532834 0.04 0.10
0 0.225816 0.515691 0.04 0.10
0 0.224817 0.497883 0.04 0.10
0 0.225383 0.470322 0.04 0.10
0 0.225183 0.443559 0.04 0.10
0 0.224384 0.421390 0.04 0.10
0 0.223765 0.398562 0.04 0.10
0 0.223765 0.368804 0.04 0.10
0 0.223526 0.330019 0.04 0.10
0 0.224964 0.316358 0.04 0.10
0 0.225443 0.283045 0.04 0.10
0 0.224484 0.258839 0.04 0.10
