0 0.760745 0.266022 0.04 0.10
0 0.761435 0.287764 0.04 0.10
0 0.756604 0.308126 0.04 0.10
0 0.757294 0.350230 0.04 0.10
0 0.757639 0.369556 0.04 0.10
0 0.757941 0.422814 0.04 0.10
0 0.757222 0.440070 0.04 0.10
0 0.758420 0.462599 0.04 0.10
0 0.759782 0.531282 0.04 0.10
0 0.758984 0.545862 0.04 0.10
0 0.759982 0.582011 0.04 0.10
0 0.758784 0.597989 0.04 0.10
0 0.758724 0.617621 0.04 0.10
0 0.757326 0.637593 0.04 0.10
0 0.758641 0.697692 0.04 0.10
0 0.758807 0.717165 0.04 0.10
0 0.758807 0.740931 0.04 0.10
0 0.241865 0.732351 0.04 0.10
0 0.241865 0.708218 0.04 0.10
0 0.241089 0.637586 0.04 0.10
0 0.241688 0.614019 0.04 0.10
0 0.241888 0.589454 0.04 0.10
0 0.241289 0.570281 0.04 0.10
0 0.241169 0.526422 0.04 0.10
0 0.243086 0.509886 0.04 0.10
0 0.242367 0.493349 0.04 0.10
0 0.241956 0.466783 0.04 0.10
0 0.240791 0.440986 0.04 0.10
0 0.240126 0.422012 0.04 0.10
0 0.239959 0.401874 0.04 0.10
0 0.239327 0.373680 0.04 0.10
0 0.239726 0.357303 0.04 0.10
0 0.239327 0.337331 0.04 0.10
0 0.240525 0.322152 0.04 0.10
0 0.240608 0.288017 0.04 0.10
0 0.241773 0.266714 0.04 0.10
