0 0.241354 0.186247 0.04 0.10
0 0.269309 0.185556 0.04 0.10
0 0.297412 0.186146 0.04 0.10
0 0.330247 0.187105 0.04 0.10
0 0.356610 0.185906 0.04 0.10
0 0.383214 0.186625 0.04 0.10
0 0.425875 0.186386 0.04 0.10
0 0.440495 0.186625 0.04 0.10
0 0.460243 0.185523 0.04 0.10
0 0.520640 0.186098 0.04 0.10
0 0.543936 0.185810 0.04 0.10
0 0.568497 0.186213 0.04 0.10
0 0.595417 0.185178 0.04 0.10
0 0.619575 0.185523 0.04 0.10
0 0.699423 0.186572 0.04 0.10
0 0.671462 0.187770 0.04 0.10
0 0.726286 0.186871 0.04 0.10
0 0.814205 0.218548 0.04 0.10
0 0.816494 0.252584 0.04 0.10
0 0.811700 0.282144 0.04 0.10
0 0.811500 0.353445 0.04 0.10
0 0.813418 0.401179 0.04 0.10
0 0.813543 0.325663 0.04 0.10
0 0.813453 0.427586 0.04 0.10
0 0.813286 0.458377 0.04 0.10
0 0.815084 0.515398 0.04 0.10
0 0.812487 0.554943 0.04 0.10
0 0.813218 0.581423 0.04 0.10
0 0.813817 0.609384 0.04 0.10
0 0.812819 0.639942 0.04 0.10
0 0.814300 0.691354 0.04 0.10
0 0.812943 0.723331 0.04 0.10
0 0.812481 0.754538 0.04 0.10
0 0.705238 0.815738 0.04 0.10
0 0.739672 0.813787 0.04 0.10
0 0.671701 0.813663 0.04 0.10
0 0.644309 0.812738 0.04 0.10
0 0.592135 0.813755 0.04 0.10
0 0.619043 0.814171 0.04 0.10
0 0.564812 0.813422 0.04 0.10
0 0.521425 0.813680 0.04 0.10
0 0.484254 0.813125 0.04 0.10
0 0.452215 0.814374 0.04 0.10
0 0.427887 0.813514 0.04 0.10
0 0.373396 0.814046 0.04 0.10
0 0.344436 0.813048 0.04 0.10
0 0.310363 0.812728 0.04 0.10
0 0.273214 0.813447 0.04 0.10
0 0.242536 0.812968 0.04 0.10
0 0.186266 0.754213 0.04 0.10
0 0.185068 0.722057 0.04 0.10
0 0.186616 0.658528 0.04 0.10
0 0.186682 0.626972 0.04 0.10
0 0.186283 0.596414 0.04 0.10
0 0.186323 0.566336 0.04 0.10
0 0.186083 0.529139 0.04 0.10
0 0.185508 0.517923 0.04 0.10
0 0.184070 0.499516 0.04 0.10
0 0.185320 0.463018 0.04 0.10
0 0.184521 0.428666 0.04 0.10
0 0.184721 0.402502 0.04 0.10
0 0.184721 0.374740 0.04 0.10
0 0.184721 0.349016 0.04 0.10
0 0.186399 0.333198 0.04 0.10
0 0.185770 0.293155 0.04 0.10
0 0.184771 0.308634 0.04 0.10
0 0.185770 0.256539 0.04 0.10
0 0.185070 0.226214 0.04 0.10
