0 0.255251 0.202651 0.04 0.10
0 0.278619 0.203449 0.04 0.10
0 0.306580 0.203649 0.04 0.10
0 0.334342 0.203250 0.04 0.10
0 0.358908 0.201852 0.04 0.10
0 0.383797 0.202830 0.04 0.10
0 0.425739 0.201432 0.04 0.10
0 0.440519 0.203429 0.04 0.10
0 0.459213 0.200833 0.04 0.10
0 0.521048 0.201552 0.04 0.10
0 0.542594 0.202103 0.04 0.10
0 0.564164 0.202822 0.04 0.10
0 0.587891 0.201864 0.04 0.10
0 0.609462 0.202343 0.04 0.10
0 0.662193 0.201908 0.04 0.10
0 0.689355 0.202107 0.04 0.10
0 0.709128 0.201508 0.04 0.10
0 0.798584 0.225902 0.04 0.10
0 0.797586 0.257659 0.04 0.10
0 0.797012 0.285678 0.04 0.10
0 0.798121 0.327010 0.04 0.10
0 0.797356 0.353473 0.04 0.10
0 0.796796 0.402446 0.04 0.10
0 0.796796 0.424735 0.04 0.10
0 0.796952 0.448994 0.04 0.10
0 0.797951 0.515901 0.04 0.10
0 0.797711 0.555207 0.04 0.10
0 0.796752 0.581331 0.04 0.10
0 0.798629 0.608194 0.04 0.10
0 0.798130 0.633659 0.04 0.10
0 0.797298 0.687192 0.04 0.10
0 0.798097 0.717350 0.04 0.10
0 0.798097 0.744912 0.04 0.10
0 0.726038 0.798852 0.04 0.10
0 0.693084 0.798352 0.04 0.10
0 0.662759 0.798252 0.04 0.10
0 0.639591 0.800250 0.04 0.10
0 0.616024 0.797254 0.04 0.10
0 0.591298 0.798732 0.04 0.10
0 0.567091 0.799451 0.04 0.10
0 0.521794 0.800649 0.04 0.10
0 0.456446 0.799246 0.04 0.10
0 0.485156 0.800356 0.04 0.10
0 0.433089 0.798885 0.04 0.10
0 0.378564 0.796788 0.04 0.10
0 0.348726 0.797308 0.04 0.10
0 0.316131 0.799944 0.04 0.10
0 0.281828 0.799907 0.04 0.10
0 0.252369 0.799075 0.04 0.10
0 0.202731 0.742693 0.04 0.10
0 0.202813 0.711847 0.04 0.10
0 0.201939 0.644316 0.04 0.10
0 0.201607 0.617020 0.04 0.10
0 0.201607 0.589225 0.04 0.10
0 0.200821 0.562901 0.04 0.10
0 0.203328 0.511882 0.04 0.10
0 0.202162 0.525530 0.04 0.10
0 0.201705 0.494364 0.04 0.10
0 0.200457 0.452256 0.04 0.10
0 0.201289 0.428455 0.04 0.10
0 0.201855 0.403490 0.04 0.10
0 0.201455 0.379323 0.04 0.10
0 0.201092 0.336998 0.04 0.10
0 0.200094 0.353143 0.04 0.10
0 0.201259 0.314030 0.04 0.10
0 0.202590 0.299883 0.04 0.10
0 0.202324 0.262168 0.04 0.10
0 0.202324 0.234806 0.04 0.10
