0 0.269640 0.220334 0.040000 0.100000
0 0.289812 0.218936 0.040000 0.100000
0 0.313779 0.218137 0.040000 0.100000
0 0.338944 0.217139 0.040000 0.100000
0 0.361114 0.217538 0.040000 0.100000
0 0.382444 0.217298 0.040000 0.100000
0 0.424530 0.218545 0.040000 0.100000
0 0.441111 0.219954 0.040000 0.100000
0 0.464745 0.219455 0.040000 0.100000
0 0.522831 0.217691 0.040000 0.100000
0 0.541206 0.219089 0.040000 0.100000
0 0.561098 0.219568 0.040000 0.100000
0 0.580751 0.217890 0.040000 0.100000
0 0.600883 0.218609 0.040000 0.100000
0 0.654425 0.218370 0.040000 0.100000
0 0.675478 0.218427 0.040000 0.100000
0 0.696185 0.218082 0.040000 0.100000
0 0.779367 0.235966 0.100000 0.040000
0 0.780565 0.262809 0.100000 0.040000
0 0.779942 0.288214 0.100000 0.040000
0 0.780370 0.331017 0.100000 0.040000
0 0.780849 0.352107 0.100000 0.040000
0 0.782171 0.404407 0.100000 0.040000
0 0.781172 0.425778 0.100000 0.040000
0 0.780374 0.453939 0.100000 0.040000
0 0.780230 0.514327 0.100000 0.040000
0 0.780517 0.558331 0.100000 0.040000
0 0.783969 0.581914 0.100000 0.040000
0 0.782243 0.606073 0.100000 0.040000
0 0.781212 0.628817 0.100000 0.040000
0 0.780445 0.682359 0.100000 0.040000
0 0.782171 0.710257 0.100000 0.040000
0 0.781520 0.735394 0.100000 0.040000
0 0.712599 0.780382 0.040000 0.100000
0 0.684804 0.782712 0.040000 0.100000
0 0.655192 0.780590 0.040000 0.100000
0 0.633832 0.782393 0.040000 0.100000
0 0.614442 0.782116 0.040000 0.100000
0 0.591973 0.781949 0.040000 0.100000
0 0.569005 0.782282 0.040000 0.100000
0 0.522902 0.782082 0.040000 0.100000
0 0.490946 0.782482 0.040000 0.100000
0 0.461267 0.782961 0.040000 0.100000
0 0.440895 0.782002 0.040000 0.100000
0 0.380679 0.782382 0.040000 0.100000
0 0.355513 0.782182 0.040000 0.100000
0 0.326753 0.782781 0.040000 0.100000
0 0.291881 0.780864 0.040000 0.100000
0 0.264319 0.782542 0.040000 0.100000
0 0.217883 0.730354 0.100000 0.040000
0 0.216525 0.704733 0.100000 0.040000
0 0.217121 0.634666 0.100000 0.040000
0 0.218519 0.609101 0.100000 0.040000
0 0.217470 0.583620 0.100000 0.040000
0 0.218136 0.558654 0.100000 0.040000
0 0.216571 0.521339 0.100000 0.040000
0 0.217570 0.507358 0.100000 0.040000
0 0.217370 0.490781 0.100000 0.040000
0 0.217520 0.459375 0.100000 0.040000
0 0.217420 0.427818 0.100000 0.040000
0 0.217700 0.405778 0.100000 0.040000
0 0.217353 0.382892 0.100000 0.040000
0 0.217145 0.356864 0.100000 0.040000
0 0.215647 0.322494 0.100000 0.040000
0 0.217544 0.269601 0.100000 0.040000
0 0.216865 0.244875 0.100000 0.040000
0 0.216865 0.305032 0.100000 0.040000
