0 0.524229 0.235468 0.040000 0.100000
0 0.541871 0.232805 0.040000 0.100000
0 0.558348 0.232639 0.040000 0.100000
0 0.575658 0.233471 0.040000 0.100000
0 0.593433 0.233338 0.040000 0.100000
0 0.645921 0.234576 0.040000 0.100000
0 0.664615 0.235775 0.040000 0.100000
0 0.678995 0.235295 0.040000 0.100000
0 0.767749 0.241920 0.100000 0.040000
0 0.766937 0.269891 0.100000 0.040000
0 0.766138 0.292061 0.100000 0.040000
0 0.765779 0.334962 0.100000 0.040000
0 0.766258 0.355573 0.100000 0.040000
0 0.766038 0.405404 0.100000 0.040000
0 0.765439 0.426375 0.100000 0.040000
0 0.765439 0.452939 0.100000 0.040000
0 0.765363 0.517965 0.100000 0.040000
0 0.764964 0.531346 0.100000 0.040000
0 0.765763 0.561305 0.100000 0.040000
0 0.765363 0.580878 0.100000 0.040000
0 0.766362 0.601649 0.100000 0.040000
0 0.766571 0.625606 0.100000 0.040000
0 0.765573 0.679865 0.100000 0.040000
0 0.765773 0.703898 0.100000 0.040000
0 0.764774 0.724669 0.100000 0.040000
0 0.701062 0.765573 0.040000 0.100000
0 0.672302 0.765573 0.040000 0.100000
0 0.650138 0.766336 0.040000 0.100000
0 0.631763 0.766735 0.040000 0.100000
0 0.612190 0.765137 0.040000 0.100000
0 0.593216 0.765537 0.040000 0.100000
0 0.574657 0.765972 0.040000 0.100000
0 0.524033 0.766416 0.040000 0.100000
0 0.495239 0.766416 0.040000 0.100000
0 0.464248 0.765551 0.040000 0.100000
0 0.446473 0.766150 0.040000 0.100000
0 0.386037 0.766869 0.040000 0.100000
0 0.362789 0.765191 0.040000 0.100000
0 0.335227 0.765671 0.040000 0.100000
0 0.302152 0.765095 0.040000 0.100000
0 0.280870 0.765095 0.040000 0.100000
0 0.233886 0.721842 0.100000 0.040000
0 0.234053 0.694180 0.100000 0.040000
0 0.233294 0.624676 0.100000 0.040000
0 0.233050 0.601369 0.100000 0.040000
0 0.234248 0.555632 0.100000 0.040000
0 0.233849 0.578600 0.100000 0.040000
0 0.233250 0.518084 0.100000 0.040000
0 0.234967 0.503224 0.100000 0.040000
0 0.234248 0.479497 0.100000 0.040000
0 0.234488 0.458646 0.100000 0.040000
0 0.233817 0.428256 0.100000 0.040000
0 0.233529 0.408986 0.100000 0.040000
0 0.233817 0.388566 0.100000 0.040000
0 0.233044 0.364663 0.100000 0.040000
0 0.234425 0.349120 0.100000 0.040000
0 0.232007 0.321833 0.100000 0.040000
0 0.235116 0.277968 0.100000 0.040000
0 0.235116 0.255517 0.100000 0.040000
0 0.282574 0.234862 0.040000 0.100000
0 0.302054 0.233619 0.040000 0.100000
0 0.324022 0.232790 0.040000 0.100000
0 0.343702 0.232562 0.040000 0.100000
0 0.364081 0.234289 0.040000 0.100000
0 0.383078 0.233598 0.040000 0.100000
0 0.425907 0.234289 0.040000 0.100000
0 0.456993 0.236016 0.040000 0.100000
