0 0.748974 0.296028 0.100000 0.040000
0 0.749306 0.338479 0.100000 0.040000
0 0.749969 0.357383 0.100000 0.040000
0 0.749969 0.409783 0.100000 0.040000
0 0.750301 0.426697 0.100000 0.040000
0 0.748643 0.444606 0.100000 0.040000
0 0.749778 0.519283 0.100000 0.040000
0 0.749202 0.534061 0.100000 0.040000
0 0.749970 0.565345 0.100000 0.040000
0 0.749010 0.582426 0.100000 0.040000
0 0.747859 0.599892 0.100000 0.040000
0 0.749202 0.618892 0.100000 0.040000
0 0.749582 0.678320 0.100000 0.040000
0 0.749390 0.698856 0.100000 0.040000
0 0.749582 0.716705 0.100000 0.040000
0 0.690445 0.750006 0.040000 0.100000
0 0.662808 0.750006 0.040000 0.100000
0 0.641121 0.750006 0.040000 0.100000
0 0.627302 0.750966 0.040000 0.100000
0 0.611756 0.750774 0.040000 0.100000
0 0.593715 0.750774 0.040000 0.100000
0 0.576442 0.750774 0.040000 0.100000
0 0.526397 0.750685 0.040000 0.100000
0 0.496329 0.750844 0.040000 0.100000
0 0.467540 0.750365 0.040000 0.100000
0 0.453162 0.751004 0.040000 0.100000
0 0.390306 0.750205 0.040000 0.100000
0 0.368363 0.749661 0.040000 0.100000
0 0.346292 0.750429 0.040000 0.100000
0 0.311937 0.751196 0.040000 0.100000
0 0.297735 0.748701 0.040000 0.100000
0 0.250521 0.710738 0.100000 0.040000
0 0.250060 0.687017 0.100000 0.040000
0 0.251117 0.615055 0.100000 0.040000
0 0.251692 0.593752 0.100000 0.040000
0 0.250349 0.573792 0.100000 0.040000
0 0.248622 0.554407 0.100000 0.040000
0 0.249045 0.511279 0.100000 0.040000
0 0.249204 0.486968 0.100000 0.040000
0 0.249844 0.459299 0.100000 0.040000
0 0.250711 0.430722 0.100000 0.040000
0 0.248632 0.413768 0.100000 0.040000
0 0.249911 0.395375 0.100000 0.040000
0 0.250231 0.372504 0.100000 0.040000
0 0.249411 0.354355 0.100000 0.040000
0 0.249277 0.336761 0.100000 0.040000
0 0.249811 0.320768 0.100000 0.040000
0 0.250286 0.285153 0.100000 0.040000
0 0.249456 0.264662 0.100000 0.040000
0 0.295740 0.250871 0.040000 0.100000
0 0.312092 0.250180 0.040000 0.100000
0 0.330747 0.250641 0.040000 0.100000
0 0.349863 0.249950 0.040000 0.100000
0 0.366445 0.249029 0.040000 0.100000
0 0.384640 0.248568 0.040000 0.100000
0 0.427543 0.248629 0.040000 0.100000
0 0.465736 0.248821 0.040000 0.100000
0 0.444655 0.249052 0.040000 0.100000
0 0.525079 0.247670 0.040000 0.100000
0 0.540279 0.248222 0.040000 0.100000
0 0.555204 0.248499 0.040000 0.100000
0 0.569299 0.248499 0.040000 0.100000
0 0.583394 0.249052 0.040000 0.100000
0 0.638392 0.249328 0.040000 0.100000
0 0.750570 0.253684 0.100000 0.040000
0 0.749419 0.277291 0.100000 0.040000
0 0.653284 0.251164 0.040000 0.100000
0 0.667812 0.251431 0.040000 0.100000
