0 0.521029 0.187925 0.04 0.10
0 0.544635 0.188339 0.04 0.10
0 0.569070 0.187925 0.04 0.10
0 0.593505 0.188339 0.04 0.10
0 0.620011 0.187096 0.04 0.10
0 0.468017 0.188339 0.04 0.10
0 0.442340 0.189167 0.04 0.10
0 0.388080 0.187967 0.04 0.10
0 0.360518 0.188447 0.04 0.10
0 0.332394 0.188363 0.04 0.10
0 0.272676 0.189562 0.04 0.10
0 0.303034 0.189562 0.04 0.10
0 0.239921 0.188563 0.04 0.10
0 0.187340 0.230416 0.04 0.10
0 0.188006 0.260707 0.04 0.10
0 0.188539 0.298555 0.04 0.10
0 0.187740 0.312736 0.04 0.10
0 0.188878 0.335405 0.04 0.10
0 0.188878 0.349985 0.04 0.10
0 0.189078 0.377547 0.04 0.10
0 0.187879 0.405109 0.04 0.10
0 0.187879 0.431473 0.04 0.10
0 0.187434 0.458376 0.04 0.10
0 0.187780 0.493629 0.04 0.10
0 0.188590 0.518595 0.04 0.10
0 0.188996 0.569159 0.04 0.10
0 0.188830 0.596788 0.04 0.10
0 0.187232 0.628711 0.04 0.10
0 0.187432 0.658869 0.04 0.10
0 0.187030 0.719841 0.04 0.10
0 0.188029 0.751997 0.04 0.10
0 0.243034 0.810665 0.04 0.10
0 0.275157 0.810832 0.04 0.10
0 0.312439 0.811664 0.04 0.10
0 0.345360 0.811697 0.04 0.10
0 0.376717 0.812296 0.04 0.10
0 0.430386 0.811906 0.04 0.10
0 0.454947 0.811585 0.04 0.10
0 0.485772 0.812924 0.04 0.10
0 0.517518 0.812192 0.04 0.10
0 0.565622 0.811448 0.04 0.10
0 0.591558 0.812142 0.04 0.10
0 0.619298 0.811309 0.04 0.10
0 0.643625 0.811420 0.04 0.10
0 0.672419 0.811420 0.04 0.10
0 0.703276 0.811753 0.04 0.10
0 0.737951 0.811364 0.04 0.10
0 0.811493 0.752382 0.04 0.10
0 0.811826 0.721757 0.04 0.10
0 0.811493 0.690966 0.04 0.10
0 0.811110 0.638389 0.04 0.10
0 0.811443 0.610760 0.04 0.10
0 0.811953 0.583401 0.04 0.10
0 0.811398 0.556494 0.04 0.10
0 0.811479 0.516708 0.04 0.10
0 0.810728 0.461749 0.04 0.10
0 0.811421 0.430657 0.04 0.10
0 0.811883 0.404074 0.04 0.10
0 0.810679 0.357563 0.04 0.10
0 0.811739 0.328957 0.04 0.10
0 0.811450 0.287509 0.04 0.10
0 0.811173 0.256995 0.04 0.10
0 0.811755 0.223547 0.04 0.10
0 0.670426 0.188984 0.04 0.10
0 0.697056 0.189151 0.04 0.10
0 0.724385 0.187486 0.04 0.10
0 0.427639 0.189406 0.04 0.10
0 0.188682 0.531923 0.04 0.10
