0 0.253655 0.204648 0.04 0.10
0 0.282449 0.204149 0.04 0.10
0 0.308913 0.204149 0.04 0.10
0 0.337580 0.204448 0.04 0.10
0 0.363313 0.204178 0.04 0.10
0 0.387778 0.204371 0.04 0.10
0 0.428405 0.203466 0.04 0.10
0 0.443453 0.203651 0.04 0.10
0 0.461762 0.202985 0.04 0.10
0 0.523011 0.203151 0.04 0.10
0 0.543250 0.203051 0.04 0.10
0 0.565819 0.203251 0.04 0.10
0 0.587189 0.203651 0.04 0.10
0 0.609442 0.204120 0.04 0.10
0 0.662203 0.204524 0.04 0.10
0 0.685416 0.204235 0.04 0.10
0 0.707242 0.204254 0.04 0.10
0 0.795488 0.231758 0.04 0.10
0 0.795288 0.261917 0.04 0.10
0 0.794729 0.290278 0.04 0.10
0 0.795508 0.331745 0.04 0.10
0 0.794909 0.356910 0.04 0.10
0 0.795708 0.405643 0.04 0.10
0 0.795187 0.430212 0.04 0.10
0 0.794841 0.452866 0.04 0.10
0 0.795560 0.517641 0.04 0.10
0 0.796119 0.558477 0.04 0.10
0 0.795444 0.582412 0.04 0.10
0 0.794778 0.606878 0.04 0.10
0 0.795277 0.632676 0.04 0.10
0 0.795451 0.686640 0.04 0.10
0 0.794952 0.713936 0.04 0.10
0 0.794952 0.741731 0.04 0.10
0 0.726724 0.795805 0.04 0.10
0 0.694361 0.797308 0.04 0.10
0 0.664055 0.795015 0.04 0.10
0 0.639367 0.795292 0.04 0.10
0 0.617036 0.795986 0.04 0.10
0 0.590684 0.795986 0.04 0.10
0 0.568575 0.795070 0.04 0.10
0 0.524105 0.795887 0.04 0.10
0 0.488194 0.795552 0.04 0.10
0 0.458221 0.795945 0.04 0.10
0 0.434753 0.795612 0.04 0.10
0 0.381145 0.795674 0.04 0.10
0 0.351402 0.796637 0.04 0.10
0 0.320296 0.796674 0.04 0.10
0 0.283680 0.796008 0.04 0.10
0 0.254187 0.795842 0.04 0.10
0 0.203669 0.739519 0.04 0.10
0 0.204069 0.709360 0.04 0.10
0 0.203669 0.645048 0.04 0.10
0 0.203543 0.618810 0.04 0.10
0 0.203127 0.590377 0.04 0.10
0 0.204026 0.564046 0.04 0.10
0 0.203004 0.528436 0.04 0.10
0 0.203004 0.512929 0.04 0.10
0 0.204314 0.494998 0.04 0.10
0 0.203621 0.463098 0.04 0.10
0 0.203954 0.430587 0.04 0.10
0 0.204120 0.406287 0.04 0.10
0 0.203557 0.380897 0.04 0.10
0 0.203557 0.355099 0.04 0.10
0 0.204389 0.340951 0.04 0.10
0 0.203141 0.319592 0.04 0.10
0 0.203834 0.304474 0.04 0.10
0 0.203662 0.267280 0.04 0.10
0 0.204461 0.241116 0.04 0.10
