0 0.267613 0.219422 0.04 0.10
0 0.292745 0.219090 0.04 0.10
0 0.317211 0.219090 0.04 0.10
0 0.342576 0.218757 0.04 0.10
0 0.365545 0.218956 0.04 0.10
0 0.387514 0.219356 0.04 0.10
0 0.428255 0.218880 0.04 0.10
0 0.444899 0.219878 0.04 0.10
0 0.468533 0.218880 0.04 0.10
0 0.524590 0.219446 0.04 0.10
0 0.542964 0.218847 0.04 0.10
0 0.562457 0.219046 0.04 0.10
0 0.582110 0.219526 0.04 0.10
0 0.600325 0.220484 0.04 0.10
0 0.654682 0.219493 0.04 0.10
0 0.675153 0.219327 0.04 0.10
0 0.694394 0.218561 0.04 0.10
0 0.779377 0.240152 0.04 0.10
0 0.779776 0.266715 0.04 0.10
0 0.779577 0.293279 0.04 0.10
0 0.779557 0.334202 0.04 0.10
0 0.779357 0.357770 0.04 0.10
0 0.779157 0.407502 0.04 0.10
0 0.780216 0.428892 0.04 0.10
0 0.780235 0.450427 0.04 0.10
0 0.779761 0.518025 0.04 0.10
0 0.780038 0.560328 0.04 0.10
0 0.779761 0.582243 0.04 0.10
0 0.780205 0.604446 0.04 0.10
0 0.779805 0.627614 0.04 0.10
0 0.780062 0.682755 0.04 0.10
0 0.779729 0.706888 0.04 0.10
0 0.779063 0.731854 0.04 0.10
0 0.714851 0.780187 0.04 0.10
0 0.683035 0.779928 0.04 0.10
0 0.656072 0.779728 0.04 0.10
0 0.635101 0.780926 0.04 0.10
0 0.614928 0.780527 0.04 0.10
0 0.591161 0.780128 0.04 0.10
0 0.572187 0.779768 0.04 0.10
0 0.525508 0.778992 0.04 0.10
0 0.491754 0.779592 0.04 0.10
0 0.462195 0.779592 0.04 0.10
0 0.442222 0.779632 0.04 0.10
0 0.385259 0.780099 0.04 0.10
0 0.357935 0.780238 0.04 0.10
0 0.328531 0.780793 0.04 0.10
0 0.293762 0.780476 0.04 0.10
0 0.269296 0.779811 0.04 0.10
0 0.220338 0.728563 0.04 0.10
0 0.219783 0.701517 0.04 0.10
0 0.220491 0.634761 0.04 0.10
0 0.219950 0.610614 0.04 0.10
0 0.220089 0.584816 0.04 0.10
0 0.219811 0.559434 0.04 0.10
0 0.219406 0.523589 0.04 0.10
0 0.219406 0.508010 0.04 0.10
0 0.219206 0.492232 0.04 0.10
0 0.219406 0.462073 0.04 0.10
0 0.219579 0.430112 0.04 0.10
0 0.219579 0.407920 0.04 0.10
0 0.218808 0.386012 0.04 0.10
0 0.218641 0.360380 0.04 0.10
0 0.219973 0.344902 0.04 0.10
0 0.219307 0.326094 0.04 0.10
0 0.219973 0.310615 0.04 0.10
0 0.219340 0.273366 0.04 0.10
0 0.219540 0.249999 0.04 0.10
