0 0.234646 0.259426 0.100000 0.040000
0 0.282140 0.235419 0.040000 0.100000
0 0.304430 0.235419 0.040000 0.100000
0 0.325041 0.234940 0.040000 0.100000
0 0.347091 0.235419 0.040000 0.100000
0 0.367923 0.235526 0.040000 0.100000
0 0.387729 0.235693 0.040000 0.100000
0 0.429339 0.235360 0.040000 0.100000
0 0.446316 0.235526 0.040000 0.100000
0 0.467523 0.236249 0.040000 0.100000
0 0.526609 0.236082 0.040000 0.100000
0 0.542254 0.235749 0.040000 0.100000
0 0.559563 0.235250 0.040000 0.100000
0 0.575908 0.236448 0.040000 0.100000
0 0.592684 0.236249 0.040000 0.100000
0 0.646481 0.235653 0.040000 0.100000
0 0.664955 0.235653 0.040000 0.100000
0 0.680933 0.236319 0.040000 0.100000
0 0.763759 0.248235 0.100000 0.040000
0 0.764591 0.272785 0.100000 0.040000
0 0.763981 0.297029 0.100000 0.040000
0 0.763249 0.338406 0.100000 0.040000
0 0.764059 0.359373 0.100000 0.040000
0 0.764475 0.409582 0.100000 0.040000
0 0.765113 0.429138 0.100000 0.040000
0 0.763449 0.448279 0.100000 0.040000
0 0.763948 0.519581 0.100000 0.040000
0 0.765237 0.531710 0.100000 0.040000
0 0.763906 0.563500 0.100000 0.040000
0 0.764885 0.582647 0.100000 0.040000
0 0.763686 0.602539 0.100000 0.040000
0 0.763926 0.623151 0.100000 0.040000
0 0.764166 0.679953 0.100000 0.040000
0 0.764980 0.702290 0.100000 0.040000
0 0.763542 0.722423 0.100000 0.040000
0 0.703597 0.764972 0.040000 0.100000
0 0.673472 0.765138 0.040000 0.100000
0 0.649472 0.763374 0.040000 0.100000
0 0.630897 0.763773 0.040000 0.100000
0 0.613521 0.764173 0.040000 0.100000
0 0.593309 0.763813 0.040000 0.100000
0 0.575334 0.764292 0.040000 0.100000
0 0.527160 0.763334 0.040000 0.100000
0 0.496007 0.763378 0.040000 0.100000
0 0.466048 0.764177 0.040000 0.100000
0 0.448672 0.765575 0.040000 0.100000
0 0.390186 0.763976 0.040000 0.100000
0 0.365359 0.763838 0.040000 0.100000
0 0.339422 0.763560 0.040000 0.100000
0 0.304947 0.764498 0.040000 0.100000
0 0.283377 0.763899 0.040000 0.100000
0 0.236042 0.719759 0.100000 0.040000
0 0.235481 0.694453 0.100000 0.040000
0 0.235900 0.625490 0.100000 0.040000
0 0.235733 0.603687 0.100000 0.040000
0 0.235400 0.579886 0.100000 0.040000
0 0.235317 0.557234 0.100000 0.040000
0 0.235151 0.520784 0.100000 0.040000
0 0.235836 0.504011 0.100000 0.040000
0 0.235420 0.489864 0.100000 0.040000
0 0.234693 0.461492 0.100000 0.040000
0 0.235492 0.431133 0.100000 0.040000
0 0.235151 0.411008 0.100000 0.040000
0 0.235428 0.391174 0.100000 0.040000
0 0.235706 0.367318 0.100000 0.040000
0 0.235406 0.350108 0.100000 0.040000
0 0.235406 0.333631 0.100000 0.040000
0 0.235905 0.317154 0.100000 0.040000
0 0.234640 0.280937 0.100000 0.040000
