0 0.296426 0.251303 0.040000 0.100000
0 0.314800 0.250504 0.040000 0.100000
0 0.333175 0.250305 0.040000 0.100000
0 0.352668 0.250624 0.040000 0.100000
0 0.371123 0.250624 0.040000 0.100000
0 0.387900 0.249905 0.040000 0.100000
0 0.430322 0.249905 0.040000 0.100000
0 0.447083 0.251603 0.040000 0.100000
0 0.467503 0.250453 0.040000 0.100000
0 0.527840 0.250808 0.040000 0.100000
0 0.541421 0.251408 0.040000 0.100000
0 0.556800 0.250409 0.040000 0.100000
0 0.570981 0.250808 0.040000 0.100000
0 0.585561 0.250009 0.040000 0.100000
0 0.640389 0.250001 0.040000 0.100000
0 0.654203 0.251000 0.040000 0.100000
0 0.670348 0.251166 0.040000 0.100000
0 0.748194 0.258604 0.100000 0.040000
0 0.749526 0.279769 0.100000 0.040000
0 0.749027 0.300741 0.100000 0.040000
0 0.748723 0.341948 0.100000 0.040000
0 0.749139 0.360117 0.100000 0.040000
0 0.747844 0.412531 0.100000 0.040000
0 0.747566 0.429591 0.100000 0.040000
0 0.747566 0.446374 0.100000 0.040000
0 0.748692 0.520235 0.100000 0.040000
0 0.748525 0.534549 0.100000 0.040000
0 0.747859 0.566305 0.100000 0.040000
0 0.748738 0.584218 0.100000 0.040000
0 0.748738 0.601416 0.100000 0.040000
0 0.748461 0.619170 0.100000 0.040000
0 0.748526 0.676997 0.100000 0.040000
0 0.748526 0.696454 0.100000 0.040000
0 0.747466 0.714465 0.100000 0.040000
0 0.691499 0.747940 0.040000 0.100000
0 0.664314 0.748911 0.040000 0.100000
0 0.643509 0.748911 0.040000 0.100000
0 0.627559 0.748495 0.040000 0.100000
0 0.612718 0.748467 0.040000 0.100000
0 0.594577 0.748301 0.040000 0.100000
0 0.577933 0.748900 0.040000 0.100000
0 0.527602 0.749299 0.040000 0.100000
0 0.499041 0.748780 0.040000 0.100000
0 0.470760 0.748780 0.040000 0.100000
0 0.456140 0.748780 0.040000 0.100000
0 0.394928 0.748684 0.040000 0.100000
0 0.372207 0.748396 0.040000 0.100000
0 0.348624 0.747534 0.040000 0.100000
0 0.317015 0.748073 0.040000 0.100000
0 0.298374 0.749238 0.040000 0.100000
0 0.251288 0.711396 0.100000 0.040000
0 0.250623 0.686431 0.100000 0.040000
0 0.251764 0.615878 0.100000 0.040000
0 0.251099 0.596571 0.100000 0.040000
0 0.250266 0.575766 0.100000 0.040000
0 0.250100 0.555128 0.100000 0.040000
0 0.250965 0.518312 0.100000 0.040000
0 0.251615 0.501099 0.100000 0.040000
0 0.250450 0.487617 0.100000 0.040000
0 0.250283 0.461819 0.100000 0.040000
0 0.250450 0.432193 0.100000 0.040000
0 0.250574 0.414171 0.100000 0.040000
0 0.250990 0.396417 0.100000 0.040000
0 0.252100 0.374364 0.100000 0.040000
0 0.251268 0.355363 0.100000 0.040000
0 0.250586 0.340048 0.100000 0.040000
0 0.250470 0.323289 0.100000 0.040000
0 0.251164 0.288545 0.100000 0.040000
0 0.251633 0.268516 0.100000 0.040000
