0 0.238508 0.188798 0.04 0.10
0 0.270264 0.189397 0.04 0.10
0 0.300906 0.189310 0.04 0.10
0 0.331198 0.189143 0.04 0.10
0 0.357662 0.188977 0.04 0.10
0 0.386098 0.188957 0.04 0.10
0 0.427014 0.188403 0.04 0.10
0 0.442132 0.188264 0.04 0.10
0 0.465988 0.187709 0.04 0.10
0 0.518749 0.188236 0.04 0.10
0 0.543258 0.187261 0.04 0.10
0 0.568557 0.188759 0.04 0.10
0 0.592524 0.188259 0.04 0.10
0 0.618022 0.187853 0.04 0.10
0 0.669072 0.188333 0.04 0.10
0 0.698075 0.187584 0.04 0.10
0 0.723388 0.188971 0.04 0.10
0 0.811887 0.223108 0.04 0.10
0 0.811309 0.254731 0.04 0.10
0 0.811586 0.284829 0.04 0.10
0 0.810629 0.327506 0.04 0.10
0 0.811600 0.354830 0.04 0.10
0 0.810865 0.403139 0.04 0.10
0 0.811142 0.428520 0.04 0.10
0 0.810719 0.454340 0.04 0.10
0 0.811545 0.514530 0.04 0.10
0 0.810976 0.555543 0.04 0.10
0 0.810935 0.580192 0.04 0.10
0 0.811166 0.607585 0.04 0.10
0 0.810935 0.637867 0.04 0.10
0 0.811570 0.687783 0.04 0.10
0 0.811339 0.719336 0.04 0.10
0 0.810923 0.748121 0.04 0.10
0 0.736170 0.812420 0.04 0.10
0 0.701993 0.812404 0.04 0.10
0 0.667997 0.812169 0.04 0.10
0 0.642476 0.812030 0.04 0.10
0 0.617233 0.811753 0.04 0.10
0 0.590076 0.811004 0.04 0.10
0 0.563612 0.811503 0.04 0.10
0 0.520917 0.811475 0.04 0.10
0 0.484316 0.811397 0.04 0.10
0 0.452023 0.810727 0.04 0.10
0 0.426003 0.811837 0.04 0.10
0 0.375698 0.811717 0.04 0.10
0 0.342895 0.811339 0.04 0.10
0 0.309209 0.811448 0.04 0.10
0 0.273475 0.811159 0.04 0.10
0 0.240992 0.812011 0.04 0.10
0 0.189722 0.749372 0.04 0.10
0 0.188104 0.718743 0.04 0.10
0 0.188037 0.658610 0.04 0.10
0 0.187922 0.627057 0.04 0.10
0 0.187922 0.595849 0.04 0.10
0 0.188130 0.565266 0.04 0.10
0 0.187911 0.530878 0.04 0.10
0 0.187911 0.518117 0.04 0.10
0 0.188327 0.496758 0.04 0.10
0 0.188327 0.462915 0.04 0.10
0 0.189192 0.428108 0.04 0.10
0 0.189035 0.401006 0.04 0.10
0 0.187764 0.372919 0.04 0.10
0 0.188490 0.346354 0.04 0.10
0 0.188906 0.335397 0.04 0.10
0 0.187796 0.309183 0.04 0.10
0 0.188074 0.296977 0.04 0.10
0 0.187450 0.258405 0.04 0.10
0 0.187588 0.231082 0.04 0.10
