0 0.251864 0.204959 0.040000 0.100000
0 0.279049 0.204543 0.040000 0.100000
0 0.307760 0.204682 0.040000 0.100000
0 0.334237 0.204030 0.040000 0.100000
0 0.360590 0.203891 0.040000 0.100000
0 0.384807 0.203364 0.040000 0.100000
0 0.427415 0.203364 0.040000 0.100000
0 0.443002 0.203256 0.040000 0.100000
0 0.465748 0.204781 0.040000 0.100000
0 0.520280 0.203849 0.040000 0.100000
0 0.541917 0.203183 0.040000 0.100000
0 0.564885 0.203682 0.040000 0.100000
0 0.585723 0.203694 0.040000 0.100000
0 0.607491 0.204080 0.040000 0.100000
0 0.660578 0.204365 0.040000 0.100000
0 0.686956 0.203748 0.040000 0.100000
0 0.707182 0.204094 0.040000 0.100000
0 0.795463 0.230723 0.100000 0.040000
0 0.796018 0.259434 0.100000 0.040000
0 0.795130 0.287174 0.100000 0.040000
0 0.795776 0.328783 0.100000 0.040000
0 0.795368 0.355073 0.100000 0.040000
0 0.795091 0.403756 0.100000 0.040000
0 0.794314 0.426891 0.100000 0.040000
0 0.795458 0.451448 0.100000 0.040000
0 0.795573 0.514402 0.100000 0.040000
0 0.794880 0.525497 0.100000 0.040000
0 0.794764 0.556473 0.100000 0.040000
0 0.794996 0.578758 0.100000 0.040000
0 0.795439 0.603917 0.100000 0.040000
0 0.795462 0.683330 0.100000 0.040000
0 0.795562 0.632154 0.100000 0.040000
0 0.794794 0.737390 0.100000 0.040000
0 0.796181 0.712701 0.100000 0.040000
0 0.722122 0.796318 0.040000 0.100000
0 0.689999 0.795319 0.040000 0.100000
0 0.659518 0.795329 0.040000 0.100000
0 0.637382 0.794830 0.040000 0.100000
0 0.615079 0.795329 0.040000 0.100000
0 0.590826 0.794972 0.040000 0.100000
0 0.565999 0.795388 0.040000 0.100000
0 0.486925 0.795265 0.040000 0.100000
0 0.521276 0.796444 0.040000 0.100000
0 0.455313 0.796641 0.040000 0.100000
0 0.432803 0.795799 0.040000 0.100000
0 0.379875 0.795633 0.040000 0.100000
0 0.349084 0.795799 0.040000 0.100000
0 0.317125 0.795243 0.040000 0.100000
0 0.283005 0.794910 0.040000 0.100000
0 0.253712 0.794744 0.040000 0.100000
0 0.203538 0.709015 0.100000 0.040000
0 0.203677 0.738280 0.100000 0.040000
0 0.203275 0.617988 0.100000 0.040000
0 0.204689 0.644518 0.100000 0.040000
0 0.203953 0.589258 0.100000 0.040000
0 0.203727 0.560362 0.100000 0.040000
0 0.203842 0.526382 0.100000 0.040000
0 0.203707 0.512782 0.100000 0.040000
0 0.203823 0.492555 0.100000 0.040000
0 0.202907 0.460844 0.100000 0.040000
0 0.203906 0.427057 0.100000 0.040000
0 0.203302 0.376552 0.100000 0.040000
0 0.203614 0.401980 0.100000 0.040000
0 0.203949 0.349518 0.100000 0.040000
0 0.203796 0.315985 0.100000 0.040000
0 0.203463 0.301838 0.100000 0.040000
0 0.203963 0.265388 0.100000 0.040000
0 0.203394 0.239992 0.100000 0.040000
