0 0.265881 0.220496 0.040000 0.100000
0 0.289348 0.219164 0.040000 0.100000
0 0.314807 0.219111 0.040000 0.100000
0 0.338802 0.218834 0.040000 0.100000
0 0.362519 0.219111 0.040000 0.100000
0 0.384156 0.219943 0.040000 0.100000
0 0.427430 0.218944 0.040000 0.100000
0 0.443575 0.219277 0.040000 0.100000
0 0.465231 0.219817 0.040000 0.100000
0 0.521640 0.220424 0.040000 0.100000
0 0.541335 0.219731 0.040000 0.100000
0 0.560614 0.219869 0.040000 0.100000
0 0.579394 0.219842 0.040000 0.100000
0 0.598534 0.220507 0.040000 0.100000
0 0.652084 0.219392 0.040000 0.100000
0 0.674221 0.219725 0.040000 0.100000
0 0.693361 0.219725 0.040000 0.100000
0 0.779140 0.238642 0.100000 0.040000
0 0.779639 0.264607 0.100000 0.040000
0 0.779805 0.289905 0.100000 0.040000
0 0.779516 0.332483 0.100000 0.040000
0 0.779849 0.355785 0.100000 0.040000
0 0.779366 0.405933 0.100000 0.040000
0 0.779533 0.427237 0.100000 0.040000
0 0.779865 0.449040 0.100000 0.040000
0 0.778953 0.515818 0.100000 0.040000
0 0.779036 0.527912 0.100000 0.040000
0 0.779702 0.558703 0.100000 0.040000
0 0.779615 0.578037 0.100000 0.040000
0 0.779375 0.600326 0.100000 0.040000
0 0.779615 0.626450 0.100000 0.040000
0 0.779965 0.679354 0.100000 0.040000
0 0.779632 0.706484 0.100000 0.040000
0 0.779798 0.729452 0.100000 0.040000
0 0.711873 0.780664 0.040000 0.100000
0 0.679268 0.779982 0.040000 0.100000
0 0.653137 0.780315 0.040000 0.100000
0 0.633261 0.780273 0.040000 0.100000
0 0.613982 0.779857 0.040000 0.100000
0 0.591097 0.779718 0.040000 0.100000
0 0.569333 0.780046 0.040000 0.100000
0 0.522397 0.780845 0.040000 0.100000
0 0.490641 0.778847 0.040000 0.100000
0 0.460083 0.779447 0.040000 0.100000
0 0.439131 0.779610 0.040000 0.100000
0 0.384457 0.778762 0.040000 0.100000
0 0.355106 0.780627 0.040000 0.100000
0 0.325147 0.780960 0.040000 0.100000
0 0.291859 0.779628 0.040000 0.100000
0 0.266727 0.780294 0.040000 0.100000
0 0.219555 0.699955 0.100000 0.040000
0 0.219262 0.727031 0.100000 0.040000
0 0.219880 0.633513 0.100000 0.040000
0 0.220157 0.608825 0.100000 0.040000
0 0.220018 0.583998 0.100000 0.040000
0 0.219630 0.557229 0.100000 0.040000
0 0.219383 0.508470 0.100000 0.040000
0 0.218828 0.524836 0.100000 0.040000
0 0.219383 0.485030 0.100000 0.040000
0 0.219078 0.459232 0.100000 0.040000
0 0.220077 0.427109 0.100000 0.040000
0 0.219478 0.404440 0.100000 0.040000
0 0.220077 0.380873 0.100000 0.040000
0 0.220112 0.354733 0.100000 0.040000
0 0.219303 0.323180 0.100000 0.040000
0 0.219483 0.308746 0.100000 0.040000
0 0.219151 0.271630 0.100000 0.040000
0 0.219983 0.249827 0.100000 0.040000
