0 0.280631 0.235186 0.04 0.10
0 0.301802 0.235186 0.04 0.10
0 0.323972 0.235186 0.04 0.10
0 0.345143 0.235386 0.04 0.10
0 0.365725 0.236268 0.04 0.10
0 0.384366 0.236268 0.04 0.10
0 0.428486 0.236570 0.04 0.10
0 0.444852 0.236293 0.04 0.10
0 0.465795 0.235877 0.04 0.10
0 0.523549 0.234351 0.04 0.10
0 0.540563 0.234261 0.04 0.10
0 0.558039 0.235093 0.04 0.10
0 0.574350 0.235692 0.04 0.10
0 0.589928 0.236292 0.04 0.10
0 0.644736 0.235369 0.04 0.10
0 0.663877 0.235369 0.04 0.10
0 0.679355 0.236035 0.04 0.10
0 0.765147 0.246649 0.04 0.10
0 0.764730 0.271221 0.04 0.10
0 0.763748 0.294201 0.04 0.10
0 0.763748 0.335943 0.04 0.10
0 0.764348 0.356515 0.04 0.10
0 0.763137 0.408656 0.04 0.10
0 0.763537 0.428428 0.04 0.10
0 0.764535 0.447802 0.04 0.10
0 0.764144 0.517514 0.04 0.10
0 0.763867 0.529581 0.04 0.10
0 0.764283 0.560400 0.04 0.10
0 0.764116 0.579207 0.04 0.10
0 0.763804 0.599589 0.04 0.10
0 0.764151 0.622821 0.04 0.10
0 0.764214 0.676861 0.04 0.10
0 0.763983 0.700671 0.04 0.10
0 0.764214 0.721014 0.04 0.10
0 0.699375 0.764207 0.04 0.10
0 0.671520 0.765362 0.04 0.10
0 0.647238 0.765584 0.04 0.10
0 0.629612 0.765199 0.04 0.10
0 0.612217 0.765179 0.04 0.10
0 0.592221 0.764948 0.04 0.10
0 0.573187 0.764171 0.04 0.10
0 0.524421 0.764338 0.04 0.10
0 0.493963 0.764504 0.04 0.10
0 0.464484 0.764345 0.04 0.10
0 0.446569 0.764345 0.04 0.10
0 0.388871 0.764110 0.04 0.10
0 0.363281 0.764041 0.04 0.10
0 0.336043 0.764103 0.04 0.10
0 0.302325 0.765412 0.04 0.10
0 0.281187 0.764413 0.04 0.10
0 0.235567 0.717727 0.04 0.10
0 0.235067 0.692928 0.04 0.10
0 0.234499 0.601895 0.04 0.10
0 0.235747 0.623948 0.04 0.10
0 0.234421 0.578959 0.04 0.10
0 0.234338 0.554443 0.04 0.10
0 0.236210 0.518701 0.04 0.10
0 0.236210 0.504553 0.04 0.10
0 0.235239 0.482362 0.04 0.10
0 0.235599 0.458701 0.04 0.10
0 0.236177 0.428419 0.04 0.10
0 0.236292 0.407151 0.04 0.10
0 0.234836 0.386416 0.04 0.10
0 0.236251 0.349606 0.04 0.10
0 0.235459 0.361731 0.04 0.10
0 0.235736 0.330385 0.04 0.10
0 0.236014 0.315544 0.04 0.10
0 0.235550 0.279158 0.04 0.10
0 0.235967 0.259047 0.04 0.10
