0 0.295078 0.250422 0.040000 0.100000
0 0.314252 0.251021 0.040000 0.100000
0 0.332227 0.250821 0.040000 0.100000
0 0.351201 0.250821 0.040000 0.100000
0 0.368283 0.251637 0.040000 0.100000
0 0.384594 0.251804 0.040000 0.100000
0 0.429565 0.250106 0.040000 0.100000
0 0.445943 0.249108 0.040000 0.100000
0 0.465716 0.250705 0.040000 0.100000
0 0.525527 0.251464 0.040000 0.100000
0 0.540008 0.251797 0.040000 0.100000
0 0.554821 0.250465 0.040000 0.100000
0 0.568169 0.250931 0.040000 0.100000
0 0.583747 0.251730 0.040000 0.100000
0 0.637801 0.250987 0.040000 0.100000
0 0.653620 0.252425 0.040000 0.100000
0 0.668000 0.251275 0.040000 0.100000
0 0.748765 0.256727 0.100000 0.040000
0 0.748525 0.278058 0.100000 0.040000
0 0.747806 0.298430 0.100000 0.040000
0 0.748525 0.339414 0.100000 0.040000
0 0.747806 0.358108 0.100000 0.040000
0 0.748166 0.410045 0.100000 0.040000
0 0.747926 0.428020 0.100000 0.040000
0 0.748166 0.445516 0.100000 0.040000
0 0.748046 0.518735 0.100000 0.040000
0 0.747550 0.533212 0.100000 0.040000
0 0.748216 0.563004 0.100000 0.040000
0 0.747716 0.579482 0.100000 0.040000
0 0.747883 0.598456 0.100000 0.040000
0 0.748424 0.618803 0.100000 0.040000
0 0.749006 0.674809 0.100000 0.040000
0 0.748507 0.695314 0.100000 0.040000
0 0.747708 0.712291 0.100000 0.040000
0 0.689471 0.748824 0.040000 0.100000
0 0.661415 0.747928 0.040000 0.100000
0 0.641303 0.748737 0.040000 0.100000
0 0.626740 0.750702 0.040000 0.100000
0 0.611252 0.749315 0.040000 0.100000
0 0.593267 0.748552 0.040000 0.100000
0 0.577594 0.748413 0.040000 0.100000
0 0.526082 0.749328 0.040000 0.100000
0 0.497621 0.748829 0.040000 0.100000
0 0.468987 0.748536 0.040000 0.100000
0 0.453408 0.748536 0.040000 0.100000
0 0.393631 0.748037 0.040000 0.100000
0 0.370662 0.748836 0.040000 0.100000
0 0.345297 0.749036 0.040000 0.100000
0 0.314859 0.747757 0.040000 0.100000
0 0.295685 0.749435 0.040000 0.100000
0 0.251063 0.683888 0.100000 0.040000
0 0.251243 0.709167 0.100000 0.040000
0 0.250426 0.615407 0.100000 0.040000
0 0.250926 0.595601 0.100000 0.040000
0 0.250593 0.573631 0.100000 0.040000
0 0.251758 0.552128 0.100000 0.040000
0 0.250643 0.499916 0.100000 0.040000
0 0.250476 0.515561 0.100000 0.040000
0 0.251641 0.479111 0.100000 0.040000
0 0.251641 0.458972 0.100000 0.040000
0 0.251924 0.429662 0.100000 0.040000
0 0.252091 0.411021 0.100000 0.040000
0 0.251591 0.392380 0.100000 0.040000
0 0.252673 0.356380 0.100000 0.040000
0 0.250982 0.369202 0.100000 0.040000
0 0.251065 0.337962 0.100000 0.040000
0 0.252730 0.323482 0.100000 0.040000
0 0.252164 0.287598 0.100000 0.040000
0 0.251365 0.268424 0.100000 0.040000
