0 0.236907 0.186857 0.04 0.10
0 0.270028 0.187856 0.04 0.10
0 0.300985 0.187190 0.04 0.10
0 0.332608 0.186657 0.04 0.10
0 0.359171 0.187057 0.04 0.10
0 0.388531 0.186258 0.04 0.10
0 0.425836 0.187813 0.04 0.10
0 0.459623 0.187313 0.04 0.10
0 0.442313 0.187646 0.04 0.10
0 0.541108 0.187887 0.04 0.10
0 0.517557 0.187166 0.04 0.10
0 0.566789 0.187765 0.04 0.10
0 0.589993 0.187147 0.04 0.10
0 0.615652 0.187147 0.04 0.10
0 0.666041 0.186218 0.04 0.10
0 0.696416 0.186218 0.04 0.10
0 0.725737 0.187383 0.04 0.10
0 0.812115 0.244934 0.04 0.10
0 0.811976 0.275586 0.04 0.10
0 0.812109 0.308999 0.04 0.10
0 0.812851 0.350752 0.04 0.10
0 0.812504 0.379147 0.04 0.10
0 0.812978 0.423287 0.04 0.10
0 0.812284 0.449756 0.04 0.10
0 0.812781 0.472527 0.04 0.10
0 0.813040 0.543716 0.04 0.10
0 0.812707 0.531400 0.04 0.10
0 0.813301 0.577709 0.04 0.10
0 0.812839 0.603021 0.04 0.10
0 0.812728 0.632438 0.04 0.10
0 0.812028 0.661863 0.04 0.10
0 0.813353 0.714201 0.04 0.10
0 0.812659 0.745061 0.04 0.10
0 0.812733 0.779551 0.04 0.10
0 0.732663 0.813102 0.04 0.10
0 0.697723 0.813206 0.04 0.10
0 0.666632 0.814015 0.04 0.10
0 0.640939 0.812950 0.04 0.10
0 0.616859 0.813432 0.04 0.10
0 0.590012 0.814585 0.04 0.10
0 0.562966 0.813198 0.04 0.10
0 0.518278 0.812416 0.04 0.10
0 0.481162 0.812749 0.04 0.10
0 0.449373 0.812749 0.04 0.10
0 0.423375 0.812416 0.04 0.10
0 0.368820 0.812918 0.04 0.10
0 0.338723 0.812780 0.04 0.10
0 0.306163 0.812699 0.04 0.10
0 0.269455 0.812953 0.04 0.10
0 0.245795 0.812317 0.04 0.10
0 0.186897 0.767100 0.04 0.10
0 0.187244 0.735083 0.04 0.10
0 0.186552 0.677233 0.04 0.10
0 0.186418 0.645756 0.04 0.10
0 0.187250 0.615751 0.04 0.10
0 0.187038 0.587696 0.04 0.10
0 0.187650 0.544437 0.04 0.10
0 0.187303 0.511149 0.04 0.10
0 0.187717 0.478430 0.04 0.10
0 0.187532 0.449835 0.04 0.10
0 0.187366 0.422345 0.04 0.10
0 0.187366 0.394550 0.04 0.10
0 0.187139 0.357999 0.04 0.10
0 0.187601 0.319395 0.04 0.10
0 0.186411 0.273327 0.04 0.10
0 0.187747 0.242379 0.04 0.10
