0 0.249369 0.202525 0.04 0.10
0 0.279528 0.203523 0.04 0.10
0 0.307689 0.203723 0.04 0.10
0 0.336819 0.203225 0.04 0.10
0 0.361669 0.202839 0.04 0.10
0 0.387656 0.202628 0.04 0.10
0 0.426006 0.203321 0.04 0.10
0 0.442095 0.203321 0.04 0.10
0 0.458489 0.203404 0.04 0.10
0 0.518806 0.203291 0.04 0.10
0 0.540420 0.203176 0.04 0.10
0 0.562149 0.203615 0.04 0.10
0 0.583844 0.203719 0.04 0.10
0 0.605689 0.203141 0.04 0.10
0 0.656791 0.202873 0.04 0.10
0 0.683243 0.202575 0.04 0.10
0 0.710567 0.202575 0.04 0.10
0 0.797129 0.253141 0.04 0.10
0 0.796963 0.281768 0.04 0.10
0 0.796894 0.313044 0.04 0.10
0 0.796907 0.354259 0.04 0.10
0 0.796618 0.379879 0.04 0.10
0 0.797073 0.425272 0.04 0.10
0 0.796657 0.449821 0.04 0.10
0 0.796657 0.476312 0.04 0.10
0 0.796605 0.532680 0.04 0.10
0 0.796952 0.545509 0.04 0.10
0 0.796952 0.579721 0.04 0.10
0 0.796767 0.602722 0.04 0.10
0 0.796742 0.629932 0.04 0.10
0 0.797158 0.657116 0.04 0.10
0 0.796898 0.710498 0.04 0.10
0 0.796731 0.738793 0.04 0.10
0 0.797064 0.770915 0.04 0.10
0 0.718723 0.797390 0.04 0.10
0 0.685929 0.797674 0.04 0.10
0 0.658099 0.797610 0.04 0.10
0 0.635330 0.796223 0.04 0.10
0 0.613577 0.796870 0.04 0.10
0 0.589999 0.796177 0.04 0.10
0 0.565623 0.797159 0.04 0.10
0 0.518604 0.796535 0.04 0.10
0 0.482848 0.797284 0.04 0.10
0 0.451558 0.796452 0.04 0.10
0 0.428759 0.796781 0.04 0.10
0 0.373184 0.796592 0.04 0.10
0 0.345056 0.796925 0.04 0.10
0 0.313447 0.797216 0.04 0.10
0 0.279438 0.796384 0.04 0.10
0 0.257635 0.796384 0.04 0.10
0 0.203998 0.754823 0.04 0.10
0 0.202380 0.726737 0.04 0.10
0 0.203346 0.665229 0.04 0.10
0 0.202605 0.637692 0.04 0.10
0 0.202466 0.609259 0.04 0.10
0 0.202802 0.582987 0.04 0.10
0 0.202964 0.540416 0.04 0.10
0 0.202868 0.507090 0.04 0.10
0 0.202521 0.527894 0.04 0.10
0 0.203122 0.477270 0.04 0.10
0 0.202995 0.449611 0.04 0.10
0 0.203342 0.424183 0.04 0.10
0 0.204036 0.398108 0.04 0.10
0 0.203659 0.364070 0.04 0.10
0 0.204237 0.327547 0.04 0.10
0 0.203243 0.281152 0.04 0.10
0 0.203326 0.251332 0.04 0.10
