0 0.261816 0.218142 0.04 0.10
0 0.290001 0.219005 0.04 0.10
0 0.315023 0.218142 0.04 0.10
0 0.339757 0.218717 0.04 0.10
0 0.363652 0.219700 0.04 0.10
0 0.386660 0.219700 0.04 0.10
0 0.426206 0.219700 0.04 0.10
0 0.442403 0.219201 0.04 0.10
0 0.457383 0.219400 0.04 0.10
0 0.520425 0.219769 0.04 0.10
0 0.539149 0.218798 0.04 0.10
0 0.558844 0.218937 0.04 0.10
0 0.577846 0.218937 0.04 0.10
0 0.597235 0.218853 0.04 0.10
0 0.648665 0.218687 0.04 0.10
0 0.672032 0.218088 0.04 0.10
0 0.695121 0.218128 0.04 0.10
0 0.781192 0.260766 0.04 0.10
0 0.781470 0.287257 0.04 0.10
0 0.780915 0.315274 0.04 0.10
0 0.781233 0.356458 0.04 0.10
0 0.781039 0.379511 0.04 0.10
0 0.780345 0.426202 0.04 0.10
0 0.780545 0.447972 0.04 0.10
0 0.781144 0.467345 0.04 0.10
0 0.781557 0.546062 0.04 0.10
0 0.781696 0.532469 0.04 0.10
0 0.781440 0.580628 0.04 0.10
0 0.780108 0.601599 0.04 0.10
0 0.781107 0.626232 0.04 0.10
0 0.780441 0.650033 0.04 0.10
0 0.781147 0.706717 0.04 0.10
0 0.780592 0.730850 0.04 0.10
0 0.781701 0.761363 0.04 0.10
0 0.707262 0.782016 0.04 0.10
0 0.676333 0.781877 0.04 0.10
0 0.650202 0.781183 0.04 0.10
0 0.630895 0.781516 0.04 0.10
0 0.610923 0.781516 0.04 0.10
0 0.589419 0.781483 0.04 0.10
0 0.568648 0.781083 0.04 0.10
0 0.520180 0.780552 0.04 0.10
0 0.486754 0.780413 0.04 0.10
0 0.455963 0.781107 0.04 0.10
0 0.435547 0.781578 0.04 0.10
0 0.377943 0.780896 0.04 0.10
0 0.351979 0.780896 0.04 0.10
0 0.323005 0.780494 0.04 0.10
0 0.289995 0.780494 0.04 0.10
0 0.270855 0.781243 0.04 0.10
0 0.218127 0.745074 0.04 0.10
0 0.218243 0.718837 0.04 0.10
0 0.219470 0.652268 0.04 0.10
0 0.219239 0.627996 0.04 0.10
0 0.219285 0.601435 0.04 0.10
0 0.218869 0.578744 0.04 0.10
0 0.219016 0.535678 0.04 0.10
0 0.218600 0.502530 0.04 0.10
0 0.219190 0.475264 0.04 0.10
0 0.218867 0.448392 0.04 0.10
0 0.219145 0.425785 0.04 0.10
0 0.218867 0.401790 0.04 0.10
0 0.218583 0.369804 0.04 0.10
0 0.219045 0.333511 0.04 0.10
0 0.219623 0.322069 0.04 0.10
0 0.219027 0.286895 0.04 0.10
0 0.219360 0.260764 0.04 0.10
