0 0.278171 0.236044 0.04 0.10
0 0.301139 0.235445 0.04 0.10
0 0.323308 0.235445 0.04 0.10
0 0.345478 0.235245 0.04 0.10
0 0.366407 0.235520 0.04 0.10
0 0.386934 0.235936 0.04 0.10
0 0.426797 0.235587 0.04 0.10
0 0.442978 0.235394 0.04 0.10
0 0.457598 0.236368 0.04 0.10
0 0.522661 0.235272 0.04 0.10
0 0.538611 0.235411 0.04 0.10
0 0.555948 0.235272 0.04 0.10
0 0.572209 0.235788 0.04 0.10
0 0.589083 0.235557 0.04 0.10
0 0.641755 0.235180 0.04 0.10
0 0.661901 0.234374 0.04 0.10
0 0.681897 0.234490 0.04 0.10
0 0.764942 0.268330 0.04 0.10
0 0.765404 0.292949 0.04 0.10
0 0.765867 0.317221 0.04 0.10
0 0.765874 0.357540 0.04 0.10
0 0.765527 0.378461 0.04 0.10
0 0.765481 0.426544 0.04 0.10
0 0.765299 0.446504 0.04 0.10
0 0.764837 0.464073 0.04 0.10
0 0.765776 0.532090 0.04 0.10
0 0.765199 0.546923 0.04 0.10
0 0.765006 0.580923 0.04 0.10
0 0.766069 0.600087 0.04 0.10
0 0.765514 0.621724 0.04 0.10
0 0.765179 0.644713 0.04 0.10
0 0.765509 0.700606 0.04 0.10
0 0.765874 0.724735 0.04 0.10
0 0.764376 0.749201 0.04 0.10
0 0.693890 0.764563 0.04 0.10
0 0.666469 0.766047 0.04 0.10
0 0.643862 0.765076 0.04 0.10
0 0.625831 0.764660 0.04 0.10
0 0.609730 0.765851 0.04 0.10
0 0.590082 0.765966 0.04 0.10
0 0.572658 0.765244 0.04 0.10
0 0.521548 0.765756 0.04 0.10
0 0.490167 0.766253 0.04 0.10
0 0.460694 0.765791 0.04 0.10
0 0.443212 0.765531 0.04 0.10
0 0.383146 0.765398 0.04 0.10
0 0.357487 0.765860 0.04 0.10
0 0.332686 0.765465 0.04 0.10
0 0.300588 0.765874 0.04 0.10
0 0.283511 0.765377 0.04 0.10
0 0.234213 0.734781 0.04 0.10
0 0.234020 0.709353 0.04 0.10
0 0.235144 0.640388 0.04 0.10
0 0.235643 0.617586 0.04 0.10
0 0.234145 0.595117 0.04 0.10
0 0.234048 0.573827 0.04 0.10
0 0.234383 0.530681 0.04 0.10
0 0.235077 0.515701 0.04 0.10
0 0.234880 0.492943 0.04 0.10
0 0.235805 0.472139 0.04 0.10
0 0.235008 0.446144 0.04 0.10
0 0.235008 0.426033 0.04 0.10
0 0.233923 0.404267 0.04 0.10
0 0.234236 0.374449 0.04 0.10
0 0.235392 0.361221 0.04 0.10
0 0.235272 0.340762 0.04 0.10
0 0.235801 0.327085 0.04 0.10
0 0.233964 0.292807 0.04 0.10
0 0.235295 0.269339 0.04 0.10
