0 0.291202 0.250448 0.040000 0.100000
0 0.311840 0.249949 0.040000 0.100000
0 0.330647 0.249117 0.040000 0.100000
0 0.350786 0.250948 0.040000 0.100000
0 0.368119 0.250821 0.040000 0.100000
0 0.386150 0.250705 0.040000 0.100000
0 0.427181 0.250539 0.040000 0.100000
0 0.444158 0.251038 0.040000 0.100000
0 0.456974 0.249873 0.040000 0.100000
0 0.524211 0.249904 0.040000 0.100000
0 0.538775 0.250181 0.040000 0.100000
0 0.553615 0.250042 0.040000 0.100000
0 0.567208 0.250042 0.040000 0.100000
0 0.581494 0.250181 0.040000 0.100000
0 0.635422 0.249862 0.040000 0.100000
0 0.651788 0.250555 0.040000 0.100000
0 0.668155 0.251388 0.040000 0.100000
0 0.749892 0.274434 0.100000 0.040000
0 0.748852 0.296850 0.100000 0.040000
0 0.749545 0.317377 0.100000 0.040000
0 0.749302 0.357819 0.100000 0.040000
0 0.748946 0.376572 0.100000 0.040000
0 0.749648 0.425535 0.100000 0.040000
0 0.749232 0.443011 0.100000 0.040000
0 0.749093 0.467422 0.100000 0.040000
0 0.749474 0.531292 0.100000 0.040000
0 0.749474 0.546895 0.100000 0.040000
0 0.749853 0.580742 0.100000 0.040000
0 0.749187 0.597885 0.100000 0.040000
0 0.749020 0.616692 0.100000 0.040000
0 0.748022 0.637331 0.100000 0.040000
0 0.750149 0.695464 0.100000 0.040000
0 0.749179 0.714882 0.100000 0.040000
0 0.749456 0.739015 0.100000 0.040000
0 0.684848 0.750664 0.040000 0.100000
0 0.658632 0.751124 0.040000 0.100000
0 0.637365 0.751239 0.040000 0.100000
0 0.622871 0.750731 0.040000 0.100000
0 0.608379 0.749965 0.040000 0.100000
0 0.591236 0.749632 0.040000 0.100000
0 0.576090 0.750464 0.040000 0.100000
0 0.522927 0.750672 0.040000 0.100000
0 0.493801 0.750950 0.040000 0.100000
0 0.464768 0.751404 0.040000 0.100000
0 0.450467 0.749636 0.040000 0.100000
0 0.387018 0.750343 0.040000 0.100000
0 0.365242 0.749788 0.040000 0.100000
0 0.341525 0.749927 0.040000 0.100000
0 0.309958 0.750371 0.040000 0.100000
0 0.296310 0.749871 0.040000 0.100000
0 0.250060 0.722096 0.100000 0.040000
0 0.251058 0.698628 0.100000 0.040000
0 0.250096 0.607917 0.100000 0.040000
0 0.250650 0.627335 0.100000 0.040000
0 0.249957 0.587112 0.100000 0.040000
0 0.250096 0.567556 0.100000 0.040000
0 0.250345 0.525503 0.100000 0.040000
0 0.250542 0.509731 0.100000 0.040000
0 0.250079 0.488232 0.100000 0.040000
0 0.250079 0.469971 0.100000 0.040000
0 0.250412 0.444529 0.100000 0.040000
0 0.251411 0.425721 0.100000 0.040000
0 0.251411 0.407746 0.100000 0.040000
0 0.250066 0.378828 0.100000 0.040000
0 0.250620 0.363987 0.100000 0.040000
0 0.251031 0.346216 0.100000 0.040000
0 0.251169 0.331376 0.100000 0.040000
0 0.249921 0.296840 0.100000 0.040000
0 0.250476 0.276590 0.100000 0.040000
