0 0.239373 0.187896 0.04 0.10
0 0.270530 0.187896 0.04 0.10
0 0.298292 0.187696 0.04 0.10
0 0.332245 0.186937 0.04 0.10
0 0.357833 0.187946 0.04 0.10
0 0.387459 0.188279 0.04 0.10
0 0.425117 0.187616 0.04 0.10
0 0.440928 0.188448 0.04 0.10
0 0.457572 0.188448 0.04 0.10
0 0.519783 0.188599 0.04 0.10
0 0.543362 0.187559 0.04 0.10
0 0.568328 0.187605 0.04 0.10
0 0.593016 0.187467 0.04 0.10
0 0.615519 0.187940 0.04 0.10
0 0.669653 0.187349 0.04 0.10
0 0.699279 0.188014 0.04 0.10
0 0.724016 0.186325 0.04 0.10
0 0.812848 0.220647 0.04 0.10
0 0.813151 0.252801 0.04 0.10
0 0.813329 0.284112 0.04 0.10
0 0.813570 0.326463 0.04 0.10
0 0.813107 0.353658 0.04 0.10
0 0.812770 0.401825 0.04 0.10
0 0.812926 0.427499 0.04 0.10
0 0.813386 0.459865 0.04 0.10
0 0.813020 0.514485 0.04 0.10
0 0.813390 0.555420 0.04 0.10
0 0.812812 0.580154 0.04 0.10
0 0.812327 0.608055 0.04 0.10
0 0.812610 0.637764 0.04 0.10
0 0.812809 0.688494 0.04 0.10
0 0.812761 0.721795 0.04 0.10
0 0.812376 0.751172 0.04 0.10
0 0.735740 0.813867 0.04 0.10
0 0.701672 0.813723 0.04 0.10
0 0.668387 0.813683 0.04 0.10
0 0.641150 0.813303 0.04 0.10
0 0.618380 0.814112 0.04 0.10
0 0.590323 0.811559 0.04 0.10
0 0.564633 0.813428 0.04 0.10
0 0.521636 0.812596 0.04 0.10
0 0.483529 0.812076 0.04 0.10
0 0.454165 0.813850 0.04 0.10
0 0.425266 0.813603 0.04 0.10
0 0.375566 0.813371 0.04 0.10
0 0.342866 0.812960 0.04 0.10
0 0.309412 0.813626 0.04 0.10
0 0.272463 0.812960 0.04 0.10
0 0.240940 0.812494 0.04 0.10
0 0.187337 0.750116 0.04 0.10
0 0.187459 0.717557 0.04 0.10
0 0.187126 0.655531 0.04 0.10
0 0.187926 0.626019 0.04 0.10
0 0.187510 0.595783 0.04 0.10
0 0.187920 0.563988 0.04 0.10
0 0.187729 0.516962 0.04 0.10
0 0.188210 0.529001 0.04 0.10
0 0.187663 0.496904 0.04 0.10
0 0.186981 0.460577 0.04 0.10
0 0.187467 0.427683 0.04 0.10
0 0.188056 0.400194 0.04 0.10
0 0.187544 0.373475 0.04 0.10
0 0.187472 0.346712 0.04 0.10
0 0.188050 0.334768 0.04 0.10
0 0.186596 0.308541 0.04 0.10
0 0.187366 0.296212 0.04 0.10
0 0.187189 0.258086 0.04 0.10
0 0.188692 0.230115 0.04 0.10
