0 0.251715 0.203850 0.04 0.10
0 0.279676 0.203518 0.04 0.10
0 0.305807 0.203518 0.04 0.10
0 0.336098 0.203850 0.04 0.10
0 0.359899 0.203185 0.04 0.10
0 0.387361 0.201953 0.04 0.10
0 0.425417 0.203260 0.04 0.10
0 0.442338 0.203537 0.04 0.10
0 0.464529 0.203953 0.04 0.10
0 0.521604 0.203412 0.04 0.10
0 0.542686 0.202996 0.04 0.10
0 0.564877 0.203551 0.04 0.10
0 0.587443 0.202649 0.04 0.10
0 0.607138 0.203065 0.04 0.10
0 0.660387 0.202707 0.04 0.10
0 0.687471 0.203249 0.04 0.10
0 0.706927 0.203538 0.04 0.10
0 0.796850 0.228634 0.04 0.10
0 0.797620 0.258493 0.04 0.10
0 0.797476 0.286935 0.04 0.10
0 0.796069 0.329258 0.04 0.10
0 0.797413 0.353042 0.04 0.10
0 0.796559 0.403111 0.04 0.10
0 0.796698 0.426551 0.04 0.10
0 0.797037 0.450910 0.04 0.10
0 0.797389 0.514393 0.04 0.10
0 0.796946 0.556222 0.04 0.10
0 0.798231 0.579659 0.04 0.10
0 0.796666 0.604993 0.04 0.10
0 0.797134 0.632337 0.04 0.10
0 0.798496 0.683997 0.04 0.10
0 0.797955 0.714963 0.04 0.10
0 0.797226 0.740708 0.04 0.10
0 0.723029 0.798591 0.04 0.10
0 0.690803 0.798438 0.04 0.10
0 0.659965 0.797491 0.04 0.10
0 0.636483 0.797279 0.04 0.10
0 0.615817 0.796909 0.04 0.10
0 0.590296 0.797187 0.04 0.10
0 0.567750 0.797024 0.04 0.10
0 0.522384 0.797505 0.04 0.10
0 0.486140 0.797245 0.04 0.10
0 0.456690 0.796359 0.04 0.10
0 0.431308 0.797053 0.04 0.10
0 0.378723 0.798501 0.04 0.10
0 0.348209 0.797749 0.04 0.10
0 0.318588 0.796714 0.04 0.10
0 0.281137 0.798169 0.04 0.10
0 0.252161 0.797206 0.04 0.10
0 0.203836 0.737846 0.04 0.10
0 0.202796 0.708604 0.04 0.10
0 0.204477 0.642762 0.04 0.10
0 0.203090 0.616987 0.04 0.10
0 0.203567 0.588930 0.04 0.10
0 0.203775 0.559602 0.04 0.10
0 0.203252 0.512639 0.04 0.10
0 0.203663 0.524528 0.04 0.10
0 0.202970 0.492974 0.04 0.10
0 0.204135 0.458617 0.04 0.10
0 0.203609 0.426804 0.04 0.10
0 0.203898 0.402050 0.04 0.10
0 0.202523 0.351695 0.04 0.10
0 0.203280 0.339323 0.04 0.10
0 0.202910 0.315003 0.04 0.10
0 0.204201 0.303040 0.04 0.10
0 0.203710 0.264215 0.04 0.10
0 0.202905 0.237754 0.04 0.10
