0 0.266521 0.220723 0.04 0.10
0 0.290119 0.219182 0.04 0.10
0 0.312946 0.219085 0.04 0.10
0 0.341611 0.219837 0.04 0.10
0 0.361860 0.219698 0.04 0.10
0 0.386826 0.219282 0.04 0.10
0 0.426485 0.218874 0.04 0.10
0 0.443684 0.220400 0.04 0.10
0 0.464905 0.219567 0.04 0.10
0 0.523063 0.218474 0.04 0.10
0 0.542480 0.218358 0.04 0.10
0 0.562014 0.218705 0.04 0.10
0 0.580853 0.219168 0.04 0.10
0 0.597959 0.218035 0.04 0.10
0 0.653636 0.218265 0.04 0.10
0 0.676798 0.218543 0.04 0.10
0 0.693719 0.218959 0.04 0.10
0 0.781041 0.237224 0.04 0.10
0 0.781330 0.264521 0.04 0.10
0 0.782023 0.288908 0.04 0.10
0 0.780726 0.332037 0.04 0.10
0 0.780610 0.353420 0.04 0.10
0 0.781197 0.404909 0.04 0.10
0 0.781364 0.426047 0.04 0.10
0 0.781183 0.449001 0.04 0.10
0 0.781430 0.515507 0.04 0.10
0 0.781286 0.527622 0.04 0.10
0 0.781175 0.558693 0.04 0.10
0 0.780675 0.579165 0.04 0.10
0 0.781008 0.602133 0.04 0.10
0 0.780609 0.627132 0.04 0.10
0 0.781305 0.679879 0.04 0.10
0 0.780612 0.708034 0.04 0.10
0 0.780639 0.730365 0.04 0.10
0 0.710362 0.781214 0.04 0.10
0 0.679964 0.782138 0.04 0.10
0 0.652802 0.782000 0.04 0.10
0 0.632830 0.782277 0.04 0.10
0 0.612961 0.781896 0.04 0.10
0 0.591579 0.782820 0.04 0.10
0 0.571260 0.782081 0.04 0.10
0 0.524019 0.781276 0.04 0.10
0 0.489470 0.781658 0.04 0.10
0 0.437920 0.780618 0.04 0.10
0 0.460112 0.781658 0.04 0.10
0 0.383574 0.781723 0.04 0.10
0 0.354863 0.781445 0.04 0.10
0 0.327557 0.781318 0.04 0.10
0 0.292020 0.781803 0.04 0.10
0 0.265944 0.781526 0.04 0.10
0 0.218874 0.727525 0.04 0.10
0 0.218874 0.700133 0.04 0.10
0 0.220017 0.631770 0.04 0.10
0 0.219668 0.608376 0.04 0.10
0 0.219252 0.582995 0.04 0.10
0 0.218600 0.557044 0.04 0.10
0 0.218589 0.509168 0.04 0.10
0 0.219051 0.521420 0.04 0.10
0 0.218357 0.489173 0.04 0.10
0 0.218103 0.458174 0.04 0.10
0 0.219074 0.427105 0.04 0.10
0 0.219213 0.404997 0.04 0.10
0 0.218547 0.381696 0.04 0.10
0 0.218031 0.357379 0.04 0.10
0 0.218870 0.344913 0.04 0.10
0 0.218061 0.321796 0.04 0.10
0 0.218986 0.308158 0.04 0.10
0 0.218512 0.271345 0.04 0.10
0 0.218304 0.246773 0.04 0.10
