0 0.278513 0.234354 0.04 0.10
0 0.300802 0.235073 0.04 0.10
0 0.321174 0.234354 0.04 0.10
0 0.346100 0.234833 0.04 0.10
0 0.364315 0.233395 0.04 0.10
0 0.387335 0.234078 0.04 0.10
0 0.428079 0.234877 0.04 0.10
0 0.444856 0.235276 0.04 0.10
0 0.465627 0.235077 0.04 0.10
0 0.525286 0.234730 0.04 0.10
0 0.541625 0.235451 0.04 0.10
0 0.558935 0.234952 0.04 0.10
0 0.574580 0.235118 0.04 0.10
0 0.590424 0.235251 0.04 0.10
0 0.646522 0.235149 0.04 0.10
0 0.666217 0.234871 0.04 0.10
0 0.680439 0.235312 0.04 0.10
0 0.765190 0.246550 0.04 0.10
0 0.765190 0.271516 0.04 0.10
0 0.765340 0.294274 0.04 0.10
0 0.764825 0.336513 0.04 0.10
0 0.764825 0.355931 0.04 0.10
0 0.764473 0.408073 0.04 0.10
0 0.764750 0.427491 0.04 0.10
0 0.765027 0.447741 0.04 0.10
0 0.764764 0.517090 0.04 0.10
0 0.766273 0.561541 0.04 0.10
0 0.764370 0.580034 0.04 0.10
0 0.765202 0.601116 0.04 0.10
0 0.764982 0.624128 0.04 0.10
0 0.765200 0.677754 0.04 0.10
0 0.765033 0.702054 0.04 0.10
0 0.764700 0.722859 0.04 0.10
0 0.699665 0.765475 0.04 0.10
0 0.671925 0.766169 0.04 0.10
0 0.646960 0.766169 0.04 0.10
0 0.629056 0.766342 0.04 0.10
0 0.612181 0.766804 0.04 0.10
0 0.593216 0.765832 0.04 0.10
0 0.574627 0.765735 0.04 0.10
0 0.524903 0.767011 0.04 0.10
0 0.494491 0.765976 0.04 0.10
0 0.464555 0.765629 0.04 0.10
0 0.446062 0.765352 0.04 0.10
0 0.388144 0.765410 0.04 0.10
0 0.362563 0.765293 0.04 0.10
0 0.337264 0.765460 0.04 0.10
0 0.303131 0.765279 0.04 0.10
0 0.281575 0.764436 0.04 0.10
0 0.235271 0.716910 0.04 0.10
0 0.234886 0.692831 0.04 0.10
0 0.234665 0.623012 0.04 0.10
0 0.235011 0.601514 0.04 0.10
0 0.235266 0.578351 0.04 0.10
0 0.234156 0.555327 0.04 0.10
0 0.235087 0.513931 0.04 0.10
0 0.235488 0.487336 0.04 0.10
0 0.235072 0.458348 0.04 0.10
0 0.234642 0.428598 0.04 0.10
0 0.234815 0.408521 0.04 0.10
0 0.235046 0.388641 0.04 0.10
0 0.234620 0.365174 0.04 0.10
0 0.234331 0.350919 0.04 0.10
0 0.234562 0.331000 0.04 0.10
0 0.234678 0.315859 0.04 0.10
0 0.234802 0.279839 0.04 0.10
0 0.234636 0.257370 0.04 0.10
