0 0.295195 0.251887 0.040000 0.100000
0 0.313642 0.251610 0.040000 0.100000
0 0.330563 0.249807 0.040000 0.100000
0 0.351682 0.251348 0.040000 0.100000
0 0.368904 0.249961 0.040000 0.100000
0 0.387744 0.250424 0.040000 0.100000
0 0.429133 0.250458 0.040000 0.100000
0 0.445731 0.249256 0.040000 0.100000
0 0.466536 0.249395 0.040000 0.100000
0 0.526217 0.250962 0.040000 0.100000
0 0.540086 0.251188 0.040000 0.100000
0 0.556064 0.250856 0.040000 0.100000
0 0.569712 0.250689 0.040000 0.100000
0 0.582527 0.251521 0.040000 0.100000
0 0.640099 0.249505 0.040000 0.100000
0 0.657991 0.249921 0.040000 0.100000
0 0.669225 0.250892 0.040000 0.100000
0 0.748552 0.258312 0.100000 0.040000
0 0.749523 0.277730 0.100000 0.040000
0 0.749994 0.298590 0.100000 0.040000
0 0.748695 0.341285 0.100000 0.040000
0 0.749735 0.358761 0.100000 0.040000
0 0.749255 0.411147 0.100000 0.040000
0 0.749255 0.428623 0.100000 0.040000
0 0.748423 0.445683 0.100000 0.040000
0 0.749006 0.519681 0.100000 0.040000
0 0.749089 0.533645 0.100000 0.040000
0 0.749336 0.565885 0.100000 0.040000
0 0.749567 0.581720 0.100000 0.040000
0 0.749567 0.599866 0.100000 0.040000
0 0.748999 0.619843 0.100000 0.040000
0 0.749456 0.676640 0.100000 0.040000
0 0.749040 0.696890 0.100000 0.040000
0 0.749873 0.716197 0.100000 0.040000
0 0.688594 0.749457 0.040000 0.100000
0 0.663050 0.750728 0.040000 0.100000
0 0.641117 0.750502 0.040000 0.100000
0 0.625748 0.749854 0.040000 0.100000
0 0.611532 0.750200 0.040000 0.100000
0 0.594310 0.749969 0.040000 0.100000
0 0.578896 0.750455 0.040000 0.100000
0 0.526822 0.750489 0.040000 0.100000
0 0.497233 0.750605 0.040000 0.100000
0 0.469240 0.750327 0.040000 0.100000
0 0.453844 0.750189 0.040000 0.100000
0 0.393025 0.749204 0.040000 0.100000
0 0.370695 0.749481 0.040000 0.100000
0 0.347283 0.749842 0.040000 0.100000
0 0.315493 0.750008 0.040000 0.100000
0 0.297618 0.749343 0.040000 0.100000
0 0.251868 0.709322 0.100000 0.040000
0 0.251059 0.686437 0.100000 0.040000
0 0.250732 0.614658 0.100000 0.040000
0 0.251172 0.595600 0.100000 0.040000
0 0.250825 0.574449 0.100000 0.040000
0 0.251172 0.553205 0.100000 0.040000
0 0.250541 0.515893 0.100000 0.040000
0 0.250208 0.501080 0.100000 0.040000
0 0.250541 0.478445 0.100000 0.040000
0 0.250541 0.458472 0.100000 0.040000
0 0.250189 0.430182 0.100000 0.040000
0 0.250688 0.412789 0.100000 0.040000
0 0.251687 0.395147 0.100000 0.040000
0 0.251312 0.372580 0.100000 0.040000
0 0.250757 0.356353 0.100000 0.040000
0 0.250330 0.338334 0.100000 0.040000
0 0.250561 0.322730 0.100000 0.040000
0 0.250330 0.287316 0.100000 0.040000
0 0.250718 0.267926 0.100000 0.040000
