0 0.236270 0.186821 0.04 0.10
0 0.270722 0.186821 0.04 0.10
0 0.300847 0.185989 0.04 0.10
0 0.332271 0.186388 0.04 0.10
0 0.362030 0.186388 0.04 0.10
0 0.388743 0.186252 0.04 0.10
0 0.427290 0.186252 0.04 0.10
0 0.441870 0.186052 0.04 0.10
0 0.460844 0.185652 0.04 0.10
0 0.514350 0.186272 0.04 0.10
0 0.538317 0.186272 0.04 0.10
0 0.563682 0.186272 0.04 0.10
0 0.587940 0.185981 0.04 0.10
0 0.611740 0.186480 0.04 0.10
0 0.662384 0.186372 0.04 0.10
0 0.693037 0.186233 0.04 0.10
0 0.717864 0.186649 0.04 0.10
0 0.813162 0.241404 0.04 0.10
0 0.813162 0.272057 0.04 0.10
0 0.813139 0.304912 0.04 0.10
0 0.813772 0.348052 0.04 0.10
0 0.814518 0.376960 0.04 0.10
0 0.813686 0.423562 0.04 0.10
0 0.813686 0.447002 0.04 0.10
0 0.813691 0.470969 0.04 0.10
0 0.812812 0.541370 0.04 0.10
0 0.813089 0.529441 0.04 0.10
0 0.813727 0.574907 0.04 0.10
0 0.813658 0.600191 0.04 0.10
0 0.814351 0.630011 0.04 0.10
0 0.814213 0.659387 0.04 0.10
0 0.813613 0.710950 0.04 0.10
0 0.812815 0.741508 0.04 0.10
0 0.813296 0.778571 0.04 0.10
0 0.732239 0.813905 0.04 0.10
0 0.702303 0.814829 0.04 0.10
0 0.667049 0.814416 0.04 0.10
0 0.640095 0.814046 0.04 0.10
0 0.614991 0.815017 0.04 0.10
0 0.586488 0.814060 0.04 0.10
0 0.560136 0.815031 0.04 0.10
0 0.516333 0.814940 0.04 0.10
0 0.477382 0.814362 0.04 0.10
0 0.444889 0.813401 0.04 0.10
0 0.418925 0.814067 0.04 0.10
0 0.366983 0.813664 0.04 0.10
0 0.333119 0.813767 0.04 0.10
0 0.299889 0.813606 0.04 0.10
0 0.263545 0.813356 0.04 0.10
0 0.236638 0.814049 0.04 0.10
0 0.186603 0.765762 0.04 0.10
0 0.186679 0.736527 0.04 0.10
0 0.186679 0.683012 0.04 0.10
0 0.186342 0.648014 0.04 0.10
0 0.185648 0.619026 0.04 0.10
0 0.185371 0.590732 0.04 0.10
0 0.186871 0.545829 0.04 0.10
0 0.186640 0.513581 0.04 0.10
0 0.186788 0.481256 0.04 0.10
0 0.185505 0.449884 0.04 0.10
0 0.186637 0.422237 0.04 0.10
0 0.186637 0.392917 0.04 0.10
0 0.185447 0.357260 0.04 0.10
0 0.186140 0.345817 0.04 0.10
0 0.186048 0.320274 0.04 0.10
0 0.186603 0.309455 0.04 0.10
0 0.186268 0.273775 0.04 0.10
0 0.186187 0.239667 0.04 0.10
