0 0.248399 0.202111 0.040000 0.100000
0 0.280092 0.202625 0.040000 0.100000
0 0.307832 0.202070 0.040000 0.100000
0 0.336584 0.201529 0.040000 0.100000
0 0.363768 0.202084 0.040000 0.100000
0 0.388179 0.201668 0.040000 0.100000
0 0.427805 0.202713 0.040000 0.100000
0 0.442923 0.202575 0.040000 0.100000
0 0.460815 0.201881 0.040000 0.100000
0 0.516528 0.202752 0.040000 0.100000
0 0.537448 0.202521 0.040000 0.100000
0 0.560408 0.202203 0.040000 0.100000
0 0.580443 0.202588 0.040000 0.100000
0 0.603674 0.202434 0.040000 0.100000
0 0.654253 0.202665 0.040000 0.100000
0 0.681304 0.201217 0.040000 0.100000
0 0.703474 0.201816 0.040000 0.100000
0 0.797348 0.250386 0.100000 0.040000
0 0.798014 0.278847 0.100000 0.040000
0 0.796949 0.309538 0.100000 0.040000
0 0.797445 0.351389 0.100000 0.040000
0 0.797722 0.376770 0.100000 0.040000
0 0.797440 0.424732 0.100000 0.040000
0 0.797440 0.446202 0.100000 0.040000
0 0.797273 0.468172 0.100000 0.040000
0 0.798513 0.530157 0.100000 0.040000
0 0.797819 0.542640 0.100000 0.040000
0 0.797126 0.575927 0.100000 0.040000
0 0.797172 0.599575 0.100000 0.040000
0 0.798087 0.626787 0.100000 0.040000
0 0.799200 0.654585 0.100000 0.040000
0 0.798495 0.707487 0.100000 0.040000
0 0.798263 0.735227 0.100000 0.040000
0 0.798460 0.770722 0.100000 0.040000
0 0.718949 0.798826 0.040000 0.100000
0 0.690516 0.799104 0.040000 0.100000
0 0.658358 0.798503 0.040000 0.100000
0 0.634548 0.799543 0.040000 0.100000
0 0.611524 0.798942 0.040000 0.100000
0 0.586281 0.798526 0.040000 0.100000
0 0.561281 0.798547 0.040000 0.100000
0 0.517013 0.797738 0.040000 0.100000
0 0.479338 0.797941 0.040000 0.100000
0 0.448214 0.799106 0.040000 0.100000
0 0.424247 0.799106 0.040000 0.100000
0 0.369703 0.798626 0.040000 0.100000
0 0.337664 0.797933 0.040000 0.100000
0 0.305472 0.799167 0.040000 0.100000
0 0.271214 0.798751 0.040000 0.100000
0 0.249438 0.797669 0.040000 0.100000
0 0.202070 0.754757 0.100000 0.040000
0 0.201839 0.728636 0.100000 0.040000
0 0.201925 0.672834 0.100000 0.040000
0 0.201060 0.641605 0.100000 0.040000
0 0.201531 0.613116 0.100000 0.040000
0 0.202197 0.586653 0.100000 0.040000
0 0.202569 0.541641 0.100000 0.040000
0 0.202107 0.532164 0.100000 0.040000
0 0.203311 0.509808 0.100000 0.040000
0 0.202637 0.480142 0.100000 0.040000
0 0.202504 0.449122 0.100000 0.040000
0 0.202427 0.423586 0.100000 0.040000
0 0.202427 0.397372 0.100000 0.040000
0 0.201635 0.363640 0.100000 0.040000
0 0.202309 0.351600 0.100000 0.040000
0 0.202444 0.327582 0.100000 0.040000
0 0.202721 0.315100 0.100000 0.040000
0 0.202721 0.281396 0.100000 0.040000
0 0.202432 0.250724 0.100000 0.040000
