0 0.262051 0.218137 0.040000 0.100000
0 0.290844 0.217638 0.040000 0.100000
0 0.315810 0.218303 0.040000 0.100000
0 0.341608 0.217305 0.040000 0.100000
0 0.365575 0.218137 0.040000 0.100000
0 0.387844 0.217238 0.040000 0.100000
0 0.428065 0.218143 0.040000 0.100000
0 0.444154 0.217866 0.040000 0.100000
0 0.459688 0.217866 0.040000 0.100000
0 0.518868 0.217979 0.040000 0.100000
0 0.537361 0.218095 0.040000 0.100000
0 0.557588 0.217401 0.040000 0.100000
0 0.575965 0.217863 0.040000 0.100000
0 0.594965 0.217603 0.040000 0.100000
0 0.647878 0.217034 0.040000 0.100000
0 0.670625 0.217589 0.040000 0.100000
0 0.690264 0.218144 0.040000 0.100000
0 0.783062 0.258065 0.100000 0.040000
0 0.783502 0.283639 0.100000 0.040000
0 0.782531 0.311563 0.100000 0.040000
0 0.782786 0.353151 0.100000 0.040000
0 0.782208 0.376499 0.100000 0.040000
0 0.782420 0.425080 0.100000 0.040000
0 0.782087 0.444886 0.100000 0.040000
0 0.781397 0.464456 0.100000 0.040000
0 0.782368 0.530338 0.100000 0.040000
0 0.782229 0.543236 0.100000 0.040000
0 0.782194 0.576552 0.100000 0.040000
0 0.782541 0.599091 0.100000 0.040000
0 0.782356 0.623386 0.100000 0.040000
0 0.783269 0.648830 0.100000 0.040000
0 0.782560 0.703706 0.100000 0.040000
0 0.783392 0.727793 0.100000 0.040000
0 0.782143 0.761496 0.100000 0.040000
0 0.707516 0.782659 0.040000 0.100000
0 0.680470 0.782936 0.040000 0.100000
0 0.650261 0.781910 0.040000 0.100000
0 0.628832 0.782229 0.040000 0.100000
0 0.609969 0.782506 0.040000 0.100000
0 0.586946 0.782506 0.040000 0.100000
0 0.564698 0.781841 0.040000 0.100000
0 0.518052 0.782245 0.040000 0.100000
0 0.482892 0.782153 0.040000 0.100000
0 0.452240 0.781737 0.040000 0.100000
0 0.431516 0.782812 0.040000 0.100000
0 0.373900 0.782189 0.040000 0.100000
0 0.343849 0.782767 0.040000 0.100000
0 0.315299 0.783432 0.040000 0.100000
0 0.282148 0.782496 0.040000 0.100000
0 0.262384 0.781802 0.040000 0.100000
0 0.216997 0.743144 0.100000 0.040000
0 0.217783 0.719113 0.100000 0.040000
0 0.218364 0.660091 0.100000 0.040000
0 0.217304 0.631967 0.100000 0.040000
0 0.217200 0.606153 0.100000 0.040000
0 0.218033 0.581881 0.100000 0.040000
0 0.218160 0.537463 0.100000 0.040000
0 0.217351 0.506487 0.100000 0.040000
0 0.217778 0.477835 0.100000 0.040000
0 0.217686 0.448385 0.100000 0.040000
0 0.218992 0.424170 0.100000 0.040000
0 0.217952 0.400707 0.100000 0.040000
0 0.218019 0.368841 0.100000 0.040000
0 0.218481 0.355781 0.100000 0.040000
0 0.217002 0.333450 0.100000 0.040000
0 0.217499 0.319153 0.100000 0.040000
0 0.217464 0.286062 0.100000 0.040000
0 0.217325 0.258322 0.100000 0.040000
