0 0.276214 0.233843 0.040000 0.100000
0 0.302449 0.233427 0.040000 0.100000
0 0.325479 0.233952 0.040000 0.100000
0 0.347162 0.233623 0.040000 0.100000
0 0.368168 0.233995 0.040000 0.100000
0 0.387586 0.234110 0.040000 0.100000
0 0.428809 0.232772 0.040000 0.100000
0 0.444528 0.233350 0.040000 0.100000
0 0.459508 0.233119 0.040000 0.100000
0 0.521823 0.234136 0.040000 0.100000
0 0.538101 0.233943 0.040000 0.100000
0 0.555149 0.234425 0.040000 0.100000
0 0.572040 0.233997 0.040000 0.100000
0 0.589100 0.233997 0.040000 0.100000
0 0.641313 0.232991 0.040000 0.100000
0 0.660384 0.233762 0.040000 0.100000
0 0.677721 0.233955 0.040000 0.100000
0 0.765243 0.265178 0.100000 0.040000
0 0.766809 0.287899 0.100000 0.040000
0 0.765943 0.313520 0.100000 0.040000
0 0.766505 0.354405 0.100000 0.040000
0 0.766644 0.374932 0.100000 0.040000
0 0.766982 0.424957 0.100000 0.040000
0 0.766483 0.442433 0.100000 0.040000
0 0.766171 0.460887 0.100000 0.040000
0 0.767310 0.529948 0.100000 0.040000
0 0.767310 0.543047 0.100000 0.040000
0 0.766424 0.576990 0.100000 0.040000
0 0.766098 0.596756 0.100000 0.040000
0 0.766561 0.618717 0.100000 0.040000
0 0.764827 0.640331 0.100000 0.040000
0 0.767026 0.698358 0.100000 0.040000
0 0.766693 0.719662 0.100000 0.040000
0 0.766193 0.749621 0.100000 0.040000
0 0.696471 0.765707 0.040000 0.100000
0 0.670831 0.766523 0.040000 0.100000
0 0.645034 0.767356 0.040000 0.100000
0 0.626448 0.767772 0.040000 0.100000
0 0.608182 0.767425 0.040000 0.100000
0 0.588348 0.767147 0.040000 0.100000
0 0.569069 0.767702 0.040000 0.100000
0 0.519792 0.766646 0.040000 0.100000
0 0.487248 0.766606 0.040000 0.100000
0 0.457081 0.766105 0.040000 0.100000
0 0.439212 0.766590 0.040000 0.100000
0 0.352254 0.766276 0.040000 0.100000
0 0.379512 0.766469 0.040000 0.100000
0 0.325398 0.766861 0.040000 0.100000
0 0.293775 0.766861 0.040000 0.100000
0 0.276160 0.766306 0.040000 0.100000
0 0.233463 0.730836 0.100000 0.040000
0 0.233944 0.708298 0.100000 0.040000
0 0.233975 0.646712 0.100000 0.040000
0 0.233657 0.620616 0.100000 0.040000
0 0.234042 0.596922 0.100000 0.040000
0 0.233907 0.575790 0.100000 0.040000
0 0.234552 0.530706 0.100000 0.040000
0 0.233108 0.518763 0.100000 0.040000
0 0.233761 0.494481 0.100000 0.040000
0 0.233447 0.474531 0.100000 0.040000
0 0.233332 0.463435 0.100000 0.040000
0 0.233101 0.445520 0.100000 0.040000
0 0.233054 0.423791 0.100000 0.040000
0 0.232650 0.402720 0.100000 0.040000
0 0.233172 0.372995 0.100000 0.040000
0 0.234135 0.358740 0.100000 0.040000
0 0.233653 0.339091 0.100000 0.040000
0 0.233846 0.325125 0.100000 0.040000
0 0.234147 0.290681 0.100000 0.040000
0 0.233969 0.266392 0.100000 0.040000
