0 0.750900 0.271543 0.04 0.10
0 0.750500 0.290317 0.04 0.10
0 0.750700 0.314284 0.04 0.10
0 0.750565 0.354183 0.04 0.10
0 0.750731 0.372824 0.04 0.10
0 0.750778 0.424079 0.04 0.10
0 0.751056 0.439197 0.04 0.10
0 0.750640 0.455979 0.04 0.10
0 0.750199 0.528848 0.04 0.10
0 0.750199 0.542579 0.04 0.10
0 0.750550 0.576074 0.04 0.10
0 0.750716 0.594216 0.04 0.10
0 0.750051 0.614022 0.04 0.10
0 0.751049 0.633495 0.04 0.10
0 0.750773 0.691545 0.04 0.10
0 0.750440 0.711185 0.04 0.10
0 0.750440 0.737648 0.04 0.10
0 0.249852 0.719388 0.04 0.10
0 0.249852 0.697332 0.04 0.10
0 0.250365 0.631777 0.04 0.10
0 0.249884 0.608853 0.04 0.10
0 0.250327 0.587297 0.04 0.10
0 0.249518 0.569613 0.04 0.10
0 0.250294 0.524993 0.04 0.10
0 0.250005 0.510449 0.04 0.10
0 0.249235 0.488681 0.04 0.10
0 0.249408 0.470130 0.04 0.10
0 0.249223 0.442576 0.04 0.10
0 0.249741 0.423718 0.04 0.10
0 0.249549 0.404744 0.04 0.10
0 0.250297 0.376659 0.04 0.10
0 0.250759 0.361518 0.04 0.10
0 0.249950 0.344181 0.04 0.10
0 0.248447 0.328230 0.04 0.10
0 0.249169 0.294924 0.04 0.10
0 0.249834 0.273287 0.04 0.10
