0 0.239459 0.187809 0.040000 0.100000
0 0.271475 0.187000 0.040000 0.100000
0 0.302377 0.186769 0.040000 0.100000
0 0.333307 0.187185 0.040000 0.100000
0 0.361665 0.187099 0.040000 0.100000
0 0.390181 0.186100 0.040000 0.100000
0 0.426495 0.187296 0.040000 0.100000
0 0.442029 0.187019 0.040000 0.100000
0 0.461308 0.186603 0.040000 0.100000
0 0.517650 0.186361 0.040000 0.100000
0 0.540812 0.186222 0.040000 0.100000
0 0.566749 0.186361 0.040000 0.100000
0 0.591576 0.186639 0.040000 0.100000
0 0.614516 0.187027 0.040000 0.100000
0 0.665598 0.186114 0.040000 0.100000
0 0.695696 0.185837 0.040000 0.100000
0 0.720523 0.186669 0.040000 0.100000
0 0.812087 0.239622 0.100000 0.040000
0 0.812376 0.270587 0.100000 0.040000
0 0.813035 0.302314 0.100000 0.040000
0 0.813048 0.345331 0.100000 0.040000
0 0.812566 0.373841 0.100000 0.040000
0 0.812491 0.419140 0.100000 0.040000
0 0.812299 0.444375 0.100000 0.040000
0 0.813127 0.467819 0.100000 0.040000
0 0.812446 0.526787 0.100000 0.040000
0 0.812446 0.540368 0.100000 0.040000
0 0.812677 0.572673 0.100000 0.040000
0 0.813428 0.597858 0.100000 0.040000
0 0.813428 0.626291 0.100000 0.040000
0 0.812915 0.656666 0.100000 0.040000
0 0.811584 0.708594 0.100000 0.040000
0 0.812947 0.739389 0.100000 0.040000
0 0.813044 0.773293 0.100000 0.040000
0 0.738764 0.813590 0.040000 0.100000
0 0.706434 0.813863 0.040000 0.100000
0 0.671863 0.813809 0.040000 0.100000
0 0.643893 0.813347 0.040000 0.100000
0 0.619565 0.813299 0.040000 0.100000
0 0.591825 0.813781 0.040000 0.100000
0 0.565049 0.813310 0.040000 0.100000
0 0.521220 0.813033 0.040000 0.100000
0 0.448748 0.813166 0.040000 0.100000
0 0.482006 0.812726 0.040000 0.100000
0 0.424533 0.813456 0.040000 0.100000
0 0.370557 0.813321 0.040000 0.100000
0 0.337163 0.813252 0.040000 0.100000
0 0.307038 0.812253 0.040000 0.100000
0 0.269116 0.812853 0.040000 0.100000
0 0.239643 0.814008 0.040000 0.100000
0 0.187075 0.763351 0.100000 0.040000
0 0.187337 0.734169 0.100000 0.040000
0 0.187759 0.675376 0.100000 0.040000
0 0.187297 0.643822 0.100000 0.040000
0 0.187395 0.611265 0.100000 0.040000
0 0.187395 0.583429 0.100000 0.040000
0 0.188048 0.540861 0.100000 0.040000
0 0.187007 0.507343 0.100000 0.040000
0 0.187828 0.475015 0.100000 0.040000
0 0.187684 0.444780 0.100000 0.040000
0 0.187487 0.418235 0.100000 0.040000
0 0.187511 0.389621 0.100000 0.040000
0 0.187502 0.355662 0.100000 0.040000
0 0.188946 0.342274 0.100000 0.040000
0 0.186996 0.315939 0.100000 0.040000
0 0.187744 0.270108 0.100000 0.040000
0 0.187652 0.238781 0.100000 0.040000
