0 0.252064 0.203086 0.04 0.10
0 0.281064 0.203086 0.04 0.10
0 0.310064 0.202846 0.04 0.10
0 0.337207 0.203402 0.04 0.10
0 0.362572 0.203402 0.04 0.10
0 0.387937 0.203002 0.04 0.10
0 0.426084 0.203002 0.04 0.10
0 0.442861 0.202802 0.04 0.10
0 0.460155 0.203342 0.04 0.10
0 0.518858 0.203625 0.04 0.10
0 0.539496 0.202793 0.04 0.10
0 0.562700 0.203806 0.04 0.10
0 0.584198 0.203944 0.04 0.10
0 0.656580 0.202830 0.04 0.10
0 0.605770 0.203310 0.04 0.10
0 0.682342 0.203578 0.04 0.10
0 0.704764 0.203462 0.04 0.10
0 0.796748 0.248410 0.04 0.10
0 0.797557 0.276150 0.04 0.10
0 0.797289 0.305632 0.04 0.10
0 0.796731 0.348758 0.04 0.10
0 0.797078 0.375226 0.04 0.10
0 0.796945 0.420204 0.04 0.10
0 0.797278 0.444004 0.04 0.10
0 0.797112 0.464642 0.04 0.10
0 0.797137 0.527516 0.04 0.10
0 0.796174 0.541386 0.04 0.10
0 0.796837 0.574038 0.04 0.10
0 0.796837 0.596645 0.04 0.10
0 0.797843 0.623943 0.04 0.10
0 0.796802 0.650411 0.04 0.10
0 0.796861 0.704603 0.04 0.10
0 0.796861 0.733124 0.04 0.10
0 0.795662 0.763801 0.04 0.10
0 0.724341 0.797350 0.04 0.10
0 0.693816 0.797616 0.04 0.10
0 0.662031 0.796738 0.04 0.10
0 0.638453 0.797015 0.04 0.10
0 0.616666 0.797327 0.04 0.10
0 0.591469 0.797211 0.04 0.10
0 0.567312 0.796911 0.04 0.10
0 0.520668 0.796204 0.04 0.10
0 0.484607 0.796620 0.04 0.10
0 0.453566 0.795843 0.04 0.10
0 0.430265 0.797008 0.04 0.10
0 0.373751 0.797715 0.04 0.10
0 0.342824 0.797311 0.04 0.10
0 0.313992 0.797085 0.04 0.10
0 0.277854 0.797779 0.04 0.10
0 0.252865 0.796739 0.04 0.10
0 0.203020 0.751465 0.04 0.10
0 0.202049 0.725251 0.04 0.10
0 0.202791 0.663131 0.04 0.10
0 0.202907 0.634467 0.04 0.10
0 0.203517 0.604818 0.04 0.10
0 0.203378 0.579436 0.04 0.10
0 0.202428 0.525462 0.04 0.10
0 0.203237 0.536789 0.04 0.10
0 0.204278 0.503155 0.04 0.10
0 0.202699 0.473180 0.04 0.10
0 0.203161 0.444284 0.04 0.10
0 0.202780 0.419307 0.04 0.10
0 0.203473 0.393879 0.04 0.10
0 0.202594 0.360364 0.04 0.10
0 0.202594 0.347120 0.04 0.10
0 0.202870 0.323069 0.04 0.10
0 0.203448 0.311164 0.04 0.10
0 0.203499 0.276721 0.04 0.10
0 0.203222 0.247733 0.04 0.10
