0 0.266081 0.218677 0.04 0.10
0 0.291247 0.218277 0.04 0.10
0 0.317470 0.219536 0.04 0.10
0 0.342037 0.218537 0.04 0.10
0 0.364406 0.217738 0.04 0.10
0 0.387574 0.218737 0.04 0.10
0 0.426620 0.218757 0.04 0.10
0 0.443197 0.218557 0.04 0.10
0 0.466565 0.217958 0.04 0.10
0 0.520510 0.219370 0.04 0.10
0 0.539317 0.219536 0.04 0.10
0 0.559290 0.218704 0.04 0.10
0 0.578552 0.219085 0.04 0.10
0 0.596860 0.219224 0.04 0.10
0 0.649107 0.217823 0.04 0.10
0 0.670050 0.218933 0.04 0.10
0 0.690411 0.218655 0.04 0.10
0 0.781209 0.255035 0.04 0.10
0 0.781043 0.280666 0.04 0.10
0 0.780550 0.308774 0.04 0.10
0 0.780750 0.350317 0.04 0.10
0 0.781625 0.373848 0.04 0.10
0 0.780627 0.420284 0.04 0.10
0 0.781143 0.442572 0.04 0.10
0 0.780643 0.469702 0.04 0.10
0 0.782008 0.527295 0.04 0.10
0 0.782008 0.541858 0.04 0.10
0 0.781800 0.574845 0.04 0.10
0 0.780968 0.595511 0.04 0.10
0 0.781287 0.619686 0.04 0.10
0 0.781148 0.645068 0.04 0.10
0 0.781816 0.700193 0.04 0.10
0 0.781469 0.725621 0.04 0.10
0 0.781215 0.755256 0.04 0.10
0 0.713117 0.781567 0.04 0.10
0 0.683020 0.781567 0.04 0.10
0 0.654448 0.781290 0.04 0.10
0 0.633505 0.781290 0.04 0.10
0 0.613879 0.780471 0.04 0.10
0 0.591687 0.781165 0.04 0.10
0 0.569773 0.781858 0.04 0.10
0 0.521756 0.780610 0.04 0.10
0 0.487206 0.780846 0.04 0.10
0 0.457173 0.781481 0.04 0.10
0 0.436923 0.781342 0.04 0.10
0 0.349370 0.781396 0.04 0.10
0 0.378612 0.782205 0.04 0.10
0 0.322870 0.780293 0.04 0.10
0 0.288084 0.781292 0.04 0.10
0 0.266988 0.780729 0.04 0.10
0 0.219727 0.739871 0.04 0.10
0 0.218966 0.715782 0.04 0.10
0 0.219058 0.650393 0.04 0.10
0 0.219561 0.624294 0.04 0.10
0 0.219195 0.597966 0.04 0.10
0 0.218725 0.574440 0.04 0.10
0 0.219467 0.531454 0.04 0.10
0 0.219525 0.518874 0.04 0.10
0 0.219872 0.499919 0.04 0.10
0 0.219201 0.471255 0.04 0.10
0 0.219305 0.442459 0.04 0.10
0 0.218496 0.420291 0.04 0.10
0 0.218774 0.397406 0.04 0.10
0 0.218721 0.329446 0.04 0.10
0 0.218027 0.365854 0.04 0.10
0 0.218143 0.350597 0.04 0.10
0 0.218027 0.316154 0.04 0.10
0 0.218272 0.282349 0.04 0.10
0 0.219428 0.256535 0.04 0.10
