0 0.281322 0.235721 0.04 0.10
0 0.302652 0.235242 0.04 0.10
0 0.325661 0.234762 0.04 0.10
0 0.346512 0.235242 0.04 0.10
0 0.367679 0.235652 0.04 0.10
0 0.386542 0.235375 0.04 0.10
0 0.427998 0.234834 0.04 0.10
0 0.443810 0.235528 0.04 0.10
0 0.458789 0.236082 0.04 0.10
0 0.522855 0.234904 0.04 0.10
0 0.538528 0.235458 0.04 0.10
0 0.555865 0.234626 0.04 0.10
0 0.572925 0.234765 0.04 0.10
0 0.588875 0.234765 0.04 0.10
0 0.640985 0.234070 0.04 0.10
0 0.660958 0.234270 0.04 0.10
0 0.677335 0.235069 0.04 0.10
0 0.765190 0.262932 0.04 0.10
0 0.766023 0.285401 0.04 0.10
0 0.765190 0.310643 0.04 0.10
0 0.765593 0.351407 0.04 0.10
0 0.765376 0.372766 0.04 0.10
0 0.765876 0.420700 0.04 0.10
0 0.764711 0.440173 0.04 0.10
0 0.764045 0.457816 0.04 0.10
0 0.765305 0.526395 0.04 0.10
0 0.765189 0.541859 0.04 0.10
0 0.765387 0.574572 0.04 0.10
0 0.765483 0.594318 0.04 0.10
0 0.765872 0.615504 0.04 0.10
0 0.764346 0.637140 0.04 0.10
0 0.765747 0.694769 0.04 0.10
0 0.765470 0.717238 0.04 0.10
0 0.765921 0.743584 0.04 0.10
0 0.700373 0.764495 0.04 0.10
0 0.647989 0.766550 0.04 0.10
0 0.672145 0.764585 0.04 0.10
0 0.629265 0.765278 0.04 0.10
0 0.613083 0.765856 0.04 0.10
0 0.592244 0.765290 0.04 0.10
0 0.572479 0.766214 0.04 0.10
0 0.523149 0.765313 0.04 0.10
0 0.490567 0.764474 0.04 0.10
0 0.460585 0.765214 0.04 0.10
0 0.442832 0.765768 0.04 0.10
0 0.382842 0.765241 0.04 0.10
0 0.356590 0.765969 0.04 0.10
0 0.331933 0.765198 0.04 0.10
0 0.298328 0.766017 0.04 0.10
0 0.280509 0.764283 0.04 0.10
0 0.234461 0.728000 0.04 0.10
0 0.234394 0.705876 0.04 0.10
0 0.234963 0.638009 0.04 0.10
0 0.234674 0.614700 0.04 0.10
0 0.235155 0.590100 0.04 0.10
0 0.234346 0.569411 0.04 0.10
0 0.234386 0.527679 0.04 0.10
0 0.235079 0.513001 0.04 0.10
0 0.234963 0.495779 0.04 0.10
0 0.235160 0.468259 0.04 0.10
0 0.235010 0.440739 0.04 0.10
0 0.235125 0.420628 0.04 0.10
0 0.235405 0.400130 0.04 0.10
0 0.234634 0.371234 0.04 0.10
0 0.234952 0.355251 0.04 0.10
0 0.234952 0.336084 0.04 0.10
0 0.235722 0.321540 0.04 0.10
0 0.234925 0.287894 0.04 0.10
0 0.235480 0.264454 0.04 0.10
