0 0.749589 0.269329 0.04 0.10
0 0.749089 0.289135 0.04 0.10
0 0.749755 0.311272 0.04 0.10
0 0.748933 0.351879 0.04 0.10
0 0.748767 0.371019 0.04 0.10
0 0.749814 0.420059 0.04 0.10
0 0.749814 0.437742 0.04 0.10
0 0.749236 0.453462 0.04 0.10
0 0.749484 0.525992 0.04 0.10
0 0.749484 0.541942 0.04 0.10
0 0.749800 0.575052 0.04 0.10
0 0.749467 0.592528 0.04 0.10
0 0.749467 0.611169 0.04 0.10
0 0.749134 0.630975 0.04 0.10
0 0.750161 0.689589 0.04 0.10
0 0.749606 0.709007 0.04 0.10
0 0.749051 0.731337 0.04 0.10
0 0.250230 0.716299 0.04 0.10
0 0.249952 0.694524 0.04 0.10
0 0.251060 0.624835 0.04 0.10
0 0.250675 0.604319 0.04 0.10
0 0.250193 0.582744 0.04 0.10
0 0.250251 0.563403 0.04 0.10
0 0.250378 0.522129 0.04 0.10
0 0.250378 0.505832 0.04 0.10
0 0.251777 0.484530 0.04 0.10
0 0.250621 0.465691 0.04 0.10
0 0.250736 0.438876 0.04 0.10
0 0.250112 0.421122 0.04 0.10
0 0.250528 0.402676 0.04 0.10
0 0.250286 0.375613 0.04 0.10
0 0.251210 0.358970 0.04 0.10
0 0.251210 0.341517 0.04 0.10
0 0.250748 0.326376 0.04 0.10
0 0.250465 0.292506 0.04 0.10
0 0.250798 0.272367 0.04 0.10
