0 0.230641 0.180496 0.04 0.10
0 0.296210 0.179328 0.04 0.10
0 0.329011 0.179282 0.04 0.10
0 0.265627 0.180253 0.04 0.10
0 0.358954 0.179004 0.04 0.10
0 0.386083 0.179337 0.04 0.10
0 0.423531 0.180002 0.04 0.10
0 0.440008 0.180002 0.04 0.10
0 0.458174 0.180477 0.04 0.10
0 0.518978 0.179756 0.04 0.10
0 0.542112 0.179256 0.04 0.10
0 0.567950 0.180027 0.04 0.10
0 0.592499 0.179333 0.04 0.10
0 0.618130 0.180110 0.04 0.10
0 0.671062 0.179602 0.04 0.10
0 0.701783 0.179371 0.04 0.10
0 0.729258 0.177970 0.04 0.10
0 0.820899 0.231509 0.04 0.10
0 0.820733 0.263797 0.04 0.10
0 0.820386 0.298002 0.04 0.10
0 0.820663 0.341136 0.04 0.10
0 0.821315 0.369832 0.04 0.10
0 0.820996 0.418029 0.04 0.10
0 0.820857 0.442439 0.04 0.10
0 0.821232 0.466642 0.04 0.10
0 0.821301 0.526283 0.04 0.10
0 0.820691 0.573384 0.04 0.10
0 0.821024 0.540264 0.04 0.10
0 0.820358 0.600180 0.04 0.10
0 0.821007 0.660845 0.04 0.10
0 0.820841 0.628058 0.04 0.10
0 0.821043 0.713391 0.04 0.10
0 0.820766 0.744875 0.04 0.10
0 0.821015 0.780797 0.04 0.10
0 0.743381 0.820873 0.04 0.10
0 0.708447 0.821576 0.04 0.10
0 0.676798 0.821711 0.04 0.10
0 0.647972 0.821318 0.04 0.10
0 0.621481 0.821873 0.04 0.10
0 0.594394 0.820972 0.04 0.10
0 0.566378 0.820001 0.04 0.10
0 0.521135 0.820722 0.04 0.10
0 0.481880 0.821351 0.04 0.10
0 0.448940 0.821004 0.04 0.10
0 0.422426 0.820889 0.04 0.10
0 0.369084 0.820639 0.04 0.10
0 0.335672 0.820998 0.04 0.10
0 0.302501 0.820767 0.04 0.10
0 0.264129 0.820605 0.04 0.10
0 0.235502 0.820522 0.04 0.10
0 0.178787 0.769964 0.04 0.10
0 0.179134 0.739335 0.04 0.10
0 0.179633 0.677144 0.04 0.10
0 0.179356 0.648296 0.04 0.10
0 0.178690 0.616007 0.04 0.10
0 0.178757 0.586082 0.04 0.10
0 0.179266 0.542092 0.04 0.10
0 0.179266 0.508944 0.04 0.10
0 0.179128 0.474686 0.04 0.10
0 0.179699 0.444874 0.04 0.10
0 0.179930 0.417482 0.04 0.10
0 0.178924 0.388205 0.04 0.10
0 0.178855 0.353925 0.04 0.10
0 0.178855 0.340332 0.04 0.10
0 0.179449 0.314811 0.04 0.10
0 0.180316 0.303542 0.04 0.10
0 0.178005 0.265767 0.04 0.10
0 0.179646 0.234052 0.04 0.10
