0 0.242710 0.195415 0.040000 0.100000
0 0.276329 0.195249 0.040000 0.100000
0 0.302959 0.195415 0.040000 0.100000
0 0.333100 0.195132 0.040000 0.100000
0 0.359729 0.195465 0.040000 0.100000
0 0.384245 0.195881 0.040000 0.100000
0 0.423191 0.195715 0.040000 0.100000
0 0.440431 0.195368 0.040000 0.100000
0 0.457074 0.196061 0.040000 0.100000
0 0.520717 0.195450 0.040000 0.100000
0 0.541522 0.195616 0.040000 0.100000
0 0.563657 0.195117 0.040000 0.100000
0 0.585923 0.195669 0.040000 0.100000
0 0.609502 0.195392 0.040000 0.100000
0 0.661401 0.195613 0.040000 0.100000
0 0.689512 0.194838 0.040000 0.100000
0 0.713312 0.194671 0.040000 0.100000
0 0.804880 0.240540 0.100000 0.040000
0 0.804880 0.270498 0.100000 0.040000
0 0.804380 0.301788 0.100000 0.040000
0 0.804507 0.344769 0.100000 0.040000
0 0.804622 0.370428 0.100000 0.040000
0 0.805177 0.419914 0.100000 0.040000
0 0.805039 0.441689 0.100000 0.040000
0 0.803790 0.464574 0.100000 0.040000
0 0.803616 0.527384 0.100000 0.040000
0 0.804586 0.541530 0.100000 0.040000
0 0.804725 0.574623 0.100000 0.040000
0 0.804892 0.599588 0.100000 0.040000
0 0.804495 0.626015 0.100000 0.040000
0 0.804495 0.655141 0.100000 0.040000
0 0.804797 0.709363 0.100000 0.040000
0 0.805075 0.737657 0.100000 0.040000
0 0.804966 0.771611 0.100000 0.040000
0 0.726859 0.804392 0.040000 0.100000
0 0.695355 0.805564 0.040000 0.100000
0 0.666728 0.804731 0.040000 0.100000
0 0.640631 0.804598 0.040000 0.100000
0 0.618862 0.804598 0.040000 0.100000
0 0.593497 0.804399 0.040000 0.100000
0 0.568341 0.804350 0.040000 0.100000
0 0.521532 0.804350 0.040000 0.100000
0 0.484666 0.804521 0.040000 0.100000
0 0.451879 0.804188 0.040000 0.100000
0 0.427912 0.805020 0.040000 0.100000
0 0.372293 0.803526 0.040000 0.100000
0 0.340537 0.804725 0.040000 0.100000
0 0.309523 0.805847 0.040000 0.100000
0 0.273174 0.804648 0.040000 0.100000
0 0.247832 0.804598 0.040000 0.100000
0 0.195614 0.758164 0.100000 0.040000
0 0.194898 0.730231 0.100000 0.040000
0 0.195980 0.665651 0.100000 0.040000
0 0.194981 0.638688 0.100000 0.040000
0 0.194415 0.608863 0.100000 0.040000
0 0.195394 0.582241 0.100000 0.040000
0 0.195837 0.537782 0.100000 0.040000
0 0.195143 0.504957 0.100000 0.040000
0 0.195421 0.473127 0.100000 0.040000
0 0.195781 0.444500 0.100000 0.040000
0 0.195527 0.419175 0.100000 0.040000
0 0.196220 0.393748 0.100000 0.040000
0 0.196220 0.360669 0.100000 0.040000
0 0.194699 0.345005 0.100000 0.040000
0 0.194800 0.321185 0.100000 0.040000
0 0.195262 0.308818 0.100000 0.040000
0 0.195198 0.273063 0.100000 0.040000
0 0.195697 0.244603 0.100000 0.040000
