0 0.256964 0.212482 0.040000 0.100000
0 0.286756 0.212150 0.040000 0.100000
0 0.311056 0.211983 0.040000 0.100000
0 0.338048 0.211808 0.040000 0.100000
0 0.361349 0.211392 0.040000 0.100000
0 0.383679 0.211670 0.040000 0.100000
0 0.424192 0.212072 0.040000 0.100000
0 0.440558 0.212211 0.040000 0.100000
0 0.456649 0.211969 0.040000 0.100000
0 0.521867 0.211439 0.040000 0.100000
0 0.540313 0.211439 0.040000 0.100000
0 0.560979 0.211162 0.040000 0.100000
0 0.580307 0.210973 0.040000 0.100000
0 0.600679 0.210973 0.040000 0.100000
0 0.653807 0.211054 0.040000 0.100000
0 0.677108 0.211054 0.040000 0.100000
0 0.697774 0.211331 0.040000 0.100000
0 0.787520 0.248950 0.100000 0.040000
0 0.787751 0.276111 0.100000 0.040000
0 0.788311 0.304712 0.100000 0.040000
0 0.788253 0.346533 0.100000 0.040000
0 0.788493 0.369834 0.100000 0.040000
0 0.787894 0.420363 0.100000 0.040000
0 0.787495 0.440935 0.100000 0.040000
0 0.787894 0.460907 0.100000 0.040000
0 0.788264 0.527171 0.100000 0.040000
0 0.788929 0.542483 0.100000 0.040000
0 0.787265 0.576103 0.100000 0.040000
0 0.788384 0.598580 0.100000 0.040000
0 0.788245 0.621881 0.100000 0.040000
0 0.787829 0.649620 0.100000 0.040000
0 0.788395 0.704687 0.100000 0.040000
0 0.788195 0.731250 0.100000 0.040000
0 0.787996 0.761208 0.100000 0.040000
0 0.716071 0.788496 0.040000 0.100000
0 0.683392 0.788563 0.040000 0.100000
0 0.658080 0.788331 0.040000 0.100000
0 0.635404 0.787430 0.040000 0.100000
0 0.615570 0.788262 0.040000 0.100000
0 0.593518 0.788789 0.040000 0.100000
0 0.571548 0.788456 0.040000 0.100000
0 0.522573 0.788483 0.040000 0.100000
0 0.486859 0.788137 0.040000 0.100000
0 0.455768 0.788946 0.040000 0.100000
0 0.435528 0.788955 0.040000 0.100000
0 0.377276 0.788289 0.040000 0.100000
0 0.349102 0.788088 0.040000 0.100000
0 0.319899 0.788204 0.040000 0.100000
0 0.283652 0.788254 0.040000 0.100000
0 0.261283 0.787654 0.040000 0.100000
0 0.211767 0.746470 0.100000 0.040000
0 0.211792 0.720139 0.100000 0.040000
0 0.212713 0.652237 0.100000 0.040000
0 0.211673 0.629815 0.100000 0.040000
0 0.211326 0.601105 0.100000 0.040000
0 0.211853 0.577749 0.100000 0.040000
0 0.211906 0.533032 0.100000 0.040000
0 0.212405 0.520549 0.100000 0.040000
0 0.212239 0.501576 0.100000 0.040000
0 0.212139 0.471236 0.100000 0.040000
0 0.212833 0.443382 0.100000 0.040000
0 0.211793 0.421306 0.100000 0.040000
0 0.211150 0.396456 0.100000 0.040000
0 0.211745 0.365699 0.100000 0.040000
0 0.212034 0.348651 0.100000 0.040000
0 0.210902 0.328008 0.100000 0.040000
0 0.211734 0.315387 0.100000 0.040000
0 0.211553 0.279562 0.100000 0.040000
0 0.212247 0.253904 0.100000 0.040000
