0 0.270870 0.227612 0.040000 0.100000
0 0.296833 0.227113 0.040000 0.100000
0 0.319302 0.228111 0.040000 0.100000
0 0.342955 0.228872 0.040000 0.100000
0 0.363621 0.228317 0.040000 0.100000
0 0.383315 0.228595 0.040000 0.100000
0 0.424260 0.228786 0.040000 0.100000
0 0.441828 0.229595 0.040000 0.100000
0 0.456507 0.229595 0.040000 0.100000
0 0.523820 0.229046 0.040000 0.100000
0 0.539770 0.228699 0.040000 0.100000
0 0.557454 0.228583 0.040000 0.100000
0 0.574523 0.228462 0.040000 0.100000
0 0.592631 0.227884 0.040000 0.100000
0 0.646205 0.229155 0.040000 0.100000
0 0.665854 0.228115 0.040000 0.100000
0 0.684254 0.228393 0.040000 0.100000
0 0.771923 0.257865 0.100000 0.040000
0 0.771646 0.281027 0.100000 0.040000
0 0.772869 0.306531 0.100000 0.040000
0 0.772175 0.348140 0.100000 0.040000
0 0.772719 0.370088 0.100000 0.040000
0 0.771782 0.420539 0.100000 0.040000
0 0.773081 0.439438 0.100000 0.040000
0 0.771695 0.464264 0.100000 0.040000
0 0.772681 0.526944 0.100000 0.040000
0 0.772970 0.543318 0.100000 0.040000
0 0.771849 0.577333 0.100000 0.040000
0 0.771849 0.597305 0.100000 0.040000
0 0.772667 0.643394 0.100000 0.040000
0 0.771557 0.619122 0.100000 0.040000
0 0.772552 0.700239 0.100000 0.040000
0 0.772552 0.723872 0.100000 0.040000
0 0.771553 0.750668 0.100000 0.040000
0 0.703095 0.772094 0.040000 0.100000
0 0.673692 0.772788 0.040000 0.100000
0 0.651362 0.772094 0.040000 0.100000
0 0.631212 0.771773 0.040000 0.100000
0 0.614236 0.771972 0.040000 0.100000
0 0.593665 0.771972 0.040000 0.100000
0 0.574891 0.771573 0.040000 0.100000
0 0.522934 0.772432 0.040000 0.100000
0 0.491127 0.772479 0.040000 0.100000
0 0.460143 0.772479 0.040000 0.100000
0 0.441835 0.773477 0.040000 0.100000
0 0.380573 0.772681 0.040000 0.100000
0 0.355885 0.772404 0.040000 0.100000
0 0.329117 0.772404 0.040000 0.100000
0 0.294998 0.771988 0.040000 0.100000
0 0.277023 0.770490 0.040000 0.100000
0 0.227950 0.734826 0.100000 0.040000
0 0.226702 0.712357 0.100000 0.040000
0 0.228103 0.640971 0.100000 0.040000
0 0.228173 0.619001 0.100000 0.040000
0 0.228288 0.593804 0.100000 0.040000
0 0.228566 0.571891 0.100000 0.040000
0 0.228822 0.528037 0.100000 0.040000
0 0.228937 0.514399 0.100000 0.040000
0 0.228475 0.496369 0.100000 0.040000
0 0.228902 0.468479 0.100000 0.040000
0 0.228070 0.441965 0.100000 0.040000
0 0.228625 0.420884 0.100000 0.040000
0 0.228632 0.399828 0.100000 0.040000
0 0.228748 0.371048 0.100000 0.040000
0 0.227939 0.353365 0.100000 0.040000
0 0.226921 0.334641 0.100000 0.040000
0 0.227754 0.320217 0.100000 0.040000
0 0.228142 0.285265 0.100000 0.040000
0 0.227676 0.262064 0.100000 0.040000
