0 0.287014 0.245037 0.040000 0.100000
0 0.309649 0.243705 0.040000 0.100000
0 0.327291 0.242540 0.040000 0.100000
0 0.347982 0.244823 0.040000 0.100000
0 0.366012 0.244269 0.040000 0.100000
0 0.382517 0.243436 0.040000 0.100000
0 0.425074 0.243242 0.040000 0.100000
0 0.442383 0.243242 0.040000 0.100000
0 0.463520 0.243242 0.040000 0.100000
0 0.524779 0.243690 0.040000 0.100000
0 0.540174 0.243829 0.040000 0.100000
0 0.554598 0.243135 0.040000 0.100000
0 0.569993 0.243274 0.040000 0.100000
0 0.583863 0.244245 0.040000 0.100000
0 0.639916 0.243437 0.040000 0.100000
0 0.655973 0.243437 0.040000 0.100000
0 0.671552 0.242958 0.040000 0.100000
0 0.756317 0.264172 0.100000 0.040000
0 0.756733 0.284837 0.100000 0.040000
0 0.756178 0.307722 0.100000 0.040000
0 0.755332 0.349622 0.100000 0.040000
0 0.756303 0.367652 0.100000 0.040000
0 0.756273 0.420719 0.100000 0.040000
0 0.756967 0.437247 0.100000 0.040000
0 0.755695 0.453313 0.100000 0.040000
0 0.756320 0.527359 0.100000 0.040000
0 0.757091 0.543058 0.100000 0.040000
0 0.756528 0.577320 0.100000 0.040000
0 0.756112 0.595073 0.100000 0.040000
0 0.756112 0.614490 0.100000 0.040000
0 0.755480 0.635893 0.100000 0.040000
0 0.755823 0.694365 0.100000 0.040000
0 0.756055 0.716094 0.100000 0.040000
0 0.755199 0.739233 0.100000 0.040000
0 0.690720 0.755973 0.040000 0.100000
0 0.664923 0.757083 0.040000 0.100000
0 0.644701 0.757693 0.040000 0.100000
0 0.628057 0.756695 0.040000 0.100000
0 0.611580 0.756362 0.040000 0.100000
0 0.593772 0.756528 0.040000 0.100000
0 0.577767 0.756879 0.040000 0.100000
0 0.524023 0.756948 0.040000 0.100000
0 0.494897 0.755617 0.040000 0.100000
0 0.464439 0.754951 0.040000 0.100000
0 0.448195 0.756216 0.040000 0.100000
0 0.384620 0.756036 0.040000 0.100000
0 0.361755 0.756627 0.040000 0.100000
0 0.337067 0.757459 0.040000 0.100000
0 0.305678 0.755783 0.040000 0.100000
0 0.289500 0.755983 0.040000 0.100000
0 0.244563 0.722829 0.100000 0.040000
0 0.243365 0.701659 0.100000 0.040000
0 0.244839 0.627666 0.100000 0.040000
0 0.243508 0.609358 0.100000 0.040000
0 0.244174 0.586390 0.100000 0.040000
0 0.244506 0.566085 0.100000 0.040000
0 0.244631 0.523769 0.100000 0.040000
0 0.244770 0.491176 0.100000 0.040000
0 0.244631 0.466211 0.100000 0.040000
0 0.244493 0.508513 0.100000 0.040000
0 0.244550 0.440393 0.100000 0.040000
0 0.244666 0.421553 0.100000 0.040000
0 0.244088 0.402182 0.100000 0.040000
0 0.243949 0.375136 0.100000 0.040000
0 0.244229 0.357603 0.100000 0.040000
0 0.243536 0.340266 0.100000 0.040000
0 0.244113 0.324779 0.100000 0.040000
0 0.244340 0.290712 0.100000 0.040000
0 0.243786 0.269353 0.100000 0.040000
