0 0.241992 0.190117 0.04 0.10
0 0.274355 0.189539 0.04 0.10
0 0.303847 0.188865 0.04 0.10
0 0.336291 0.189663 0.04 0.10
0 0.362991 0.188969 0.04 0.10
0 0.391632 0.188669 0.04 0.10
0 0.428013 0.189071 0.04 0.10
0 0.442715 0.189487 0.04 0.10
0 0.460746 0.188794 0.04 0.10
0 0.519190 0.188119 0.04 0.10
0 0.542214 0.188119 0.04 0.10
0 0.566903 0.188119 0.04 0.10
0 0.590814 0.188175 0.04 0.10
0 0.614449 0.188508 0.04 0.10
0 0.667193 0.188624 0.04 0.10
0 0.694322 0.188291 0.04 0.10
0 0.722617 0.188558 0.04 0.10
0 0.812389 0.242303 0.04 0.10
0 0.811567 0.273685 0.04 0.10
0 0.811779 0.305162 0.04 0.10
0 0.811075 0.347155 0.04 0.10
0 0.811474 0.375316 0.04 0.10
0 0.812510 0.422781 0.04 0.10
0 0.812343 0.449578 0.04 0.10
0 0.811677 0.471048 0.04 0.10
0 0.811953 0.528252 0.04 0.10
0 0.811721 0.541081 0.04 0.10
0 0.811444 0.573930 0.04 0.10
0 0.811693 0.599418 0.04 0.10
0 0.811462 0.627389 0.04 0.10
0 0.811046 0.657062 0.04 0.10
0 0.811075 0.708403 0.04 0.10
0 0.812578 0.739726 0.04 0.10
0 0.812527 0.772939 0.04 0.10
0 0.737757 0.811398 0.04 0.10
0 0.705509 0.812438 0.04 0.10
0 0.673821 0.811495 0.04 0.10
0 0.647857 0.811329 0.04 0.10
0 0.621227 0.811662 0.04 0.10
0 0.593598 0.812161 0.04 0.10
0 0.566685 0.811212 0.04 0.10
0 0.523952 0.812563 0.04 0.10
0 0.484500 0.812602 0.04 0.10
0 0.452876 0.812348 0.04 0.10
0 0.428010 0.811337 0.04 0.10
0 0.373917 0.811684 0.04 0.10
0 0.343889 0.811197 0.04 0.10
0 0.310360 0.810860 0.04 0.10
0 0.275175 0.810581 0.04 0.10
0 0.248938 0.810138 0.04 0.10
0 0.189240 0.764174 0.04 0.10
0 0.188777 0.732389 0.04 0.10
0 0.189390 0.674633 0.04 0.10
0 0.188905 0.643079 0.04 0.10
0 0.188643 0.611661 0.04 0.10
0 0.189649 0.582209 0.04 0.10
0 0.189591 0.539570 0.04 0.10
0 0.189152 0.509195 0.04 0.10
0 0.188686 0.473817 0.04 0.10
0 0.189456 0.444248 0.04 0.10
0 0.188844 0.416951 0.04 0.10
0 0.188566 0.388518 0.04 0.10
0 0.188618 0.356729 0.04 0.10
0 0.188907 0.343630 0.04 0.10
0 0.188291 0.317181 0.04 0.10
0 0.188753 0.305276 0.04 0.10
0 0.188337 0.270255 0.04 0.10
0 0.189114 0.238798 0.04 0.10
