0 0.254997 0.205707 0.040000 0.100000
0 0.283569 0.204181 0.040000 0.100000
0 0.310379 0.204361 0.040000 0.100000
0 0.340338 0.204084 0.040000 0.100000
0 0.365213 0.204270 0.040000 0.100000
0 0.390594 0.204409 0.040000 0.100000
0 0.427900 0.204959 0.040000 0.100000
0 0.443735 0.204612 0.040000 0.100000
0 0.467256 0.204647 0.040000 0.100000
0 0.520192 0.203884 0.040000 0.100000
0 0.541211 0.204266 0.040000 0.100000
0 0.562709 0.203573 0.040000 0.100000
0 0.583491 0.204451 0.040000 0.100000
0 0.605822 0.204035 0.040000 0.100000
0 0.659089 0.204310 0.040000 0.100000
0 0.683430 0.203778 0.040000 0.100000
0 0.708396 0.203778 0.040000 0.100000
0 0.795867 0.251552 0.100000 0.040000
0 0.795241 0.280169 0.100000 0.040000
0 0.796108 0.308506 0.100000 0.040000
0 0.795063 0.349986 0.100000 0.040000
0 0.794731 0.376449 0.100000 0.040000
0 0.795623 0.423645 0.100000 0.040000
0 0.796102 0.449290 0.100000 0.040000
0 0.796581 0.468703 0.100000 0.040000
0 0.796144 0.528579 0.100000 0.040000
0 0.796144 0.542311 0.100000 0.040000
0 0.796283 0.576014 0.100000 0.040000
0 0.794619 0.598095 0.100000 0.040000
0 0.796047 0.624542 0.100000 0.040000
0 0.796379 0.652005 0.100000 0.040000
0 0.796221 0.704569 0.100000 0.040000
0 0.795944 0.733002 0.100000 0.040000
0 0.796612 0.763976 0.100000 0.040000
0 0.725334 0.796899 0.040000 0.100000
0 0.692971 0.796032 0.040000 0.100000
0 0.664446 0.794622 0.040000 0.100000
0 0.641699 0.795038 0.040000 0.100000
0 0.618621 0.796454 0.040000 0.100000
0 0.593193 0.796840 0.040000 0.100000
0 0.568631 0.796647 0.040000 0.100000
0 0.524325 0.795795 0.040000 0.100000
0 0.487292 0.795518 0.040000 0.100000
0 0.456364 0.796150 0.040000 0.100000
0 0.433536 0.796092 0.040000 0.100000
0 0.378658 0.795353 0.040000 0.100000
0 0.349282 0.795297 0.040000 0.100000
0 0.318490 0.796296 0.040000 0.100000
0 0.283572 0.796196 0.040000 0.100000
0 0.259776 0.796524 0.040000 0.100000
0 0.204657 0.753268 0.100000 0.040000
0 0.204497 0.724693 0.100000 0.040000
0 0.203770 0.664947 0.100000 0.040000
0 0.204048 0.635127 0.100000 0.040000
0 0.204854 0.605880 0.100000 0.040000
0 0.204738 0.578949 0.100000 0.040000
0 0.204088 0.535860 0.100000 0.040000
0 0.205112 0.505388 0.100000 0.040000
0 0.203956 0.471985 0.100000 0.040000
0 0.204095 0.443967 0.100000 0.040000
0 0.205066 0.419556 0.100000 0.040000
0 0.204206 0.393703 0.100000 0.040000
0 0.203529 0.361585 0.100000 0.040000
0 0.203992 0.347369 0.100000 0.040000
0 0.203876 0.324114 0.100000 0.040000
0 0.204292 0.311076 0.100000 0.040000
0 0.204184 0.277314 0.100000 0.040000
0 0.204068 0.249112 0.100000 0.040000
