0 0.268621 0.220766 0.04 0.10
0 0.294280 0.219934 0.04 0.10
0 0.318141 0.220296 0.04 0.10
0 0.344938 0.219963 0.04 0.10
0 0.366907 0.219963 0.04 0.10
0 0.389598 0.220343 0.04 0.10
0 0.428379 0.220177 0.04 0.10
0 0.444523 0.220010 0.04 0.10
0 0.459586 0.219494 0.04 0.10
0 0.522217 0.219877 0.04 0.10
0 0.540858 0.220044 0.04 0.10
0 0.560081 0.219528 0.04 0.10
0 0.578389 0.219028 0.04 0.10
0 0.597197 0.219195 0.04 0.10
0 0.650547 0.221082 0.04 0.10
0 0.672351 0.220250 0.04 0.10
0 0.692989 0.219251 0.04 0.10
0 0.779266 0.259785 0.04 0.10
0 0.780074 0.284317 0.04 0.10
0 0.780074 0.310947 0.04 0.10
0 0.779801 0.352009 0.04 0.10
0 0.779940 0.375588 0.04 0.10
0 0.780963 0.424737 0.04 0.10
0 0.779964 0.446707 0.04 0.10
0 0.779165 0.470674 0.04 0.10
0 0.780206 0.529603 0.04 0.10
0 0.779975 0.543011 0.04 0.10
0 0.780744 0.576759 0.04 0.10
0 0.779877 0.596600 0.04 0.10
0 0.780254 0.620487 0.04 0.10
0 0.779977 0.645176 0.04 0.10
0 0.779980 0.700708 0.04 0.10
0 0.779702 0.725812 0.04 0.10
0 0.779519 0.752986 0.04 0.10
0 0.712162 0.780132 0.04 0.10
0 0.682702 0.780132 0.04 0.10
0 0.656455 0.778751 0.04 0.10
0 0.636649 0.780082 0.04 0.10
0 0.616343 0.779749 0.04 0.10
0 0.593621 0.780019 0.04 0.10
0 0.571707 0.779602 0.04 0.10
0 0.525146 0.780338 0.04 0.10
0 0.490333 0.779921 0.04 0.10
0 0.460012 0.780139 0.04 0.10
0 0.439873 0.779806 0.04 0.10
0 0.382119 0.779307 0.04 0.10
0 0.355086 0.780302 0.04 0.10
0 0.326868 0.779957 0.04 0.10
0 0.293256 0.780927 0.04 0.10
0 0.273125 0.779579 0.04 0.10
0 0.220319 0.741818 0.04 0.10
0 0.220550 0.715465 0.04 0.10
0 0.220652 0.652399 0.04 0.10
0 0.219958 0.625630 0.04 0.10
0 0.219542 0.600109 0.04 0.10
0 0.219958 0.573673 0.04 0.10
0 0.220339 0.531276 0.04 0.10
0 0.220435 0.519429 0.04 0.10
0 0.220435 0.501513 0.04 0.10
0 0.220262 0.470422 0.04 0.10
0 0.220634 0.442633 0.04 0.10
0 0.219941 0.420210 0.04 0.10
0 0.219941 0.397210 0.04 0.10
0 0.219913 0.366197 0.04 0.10
0 0.220607 0.352743 0.04 0.10
0 0.219802 0.330995 0.04 0.10
0 0.218524 0.316314 0.04 0.10
0 0.218639 0.282679 0.04 0.10
0 0.220040 0.258254 0.04 0.10
