0 0.282662 0.236988 0.040000 0.100000
0 0.305858 0.235223 0.040000 0.100000
0 0.327482 0.236266 0.040000 0.100000
0 0.369666 0.236389 0.040000 0.100000
0 0.349601 0.236066 0.040000 0.100000
0 0.389060 0.235937 0.040000 0.100000
0 0.429283 0.235383 0.040000 0.100000
0 0.445595 0.235294 0.040000 0.100000
0 0.459850 0.235294 0.040000 0.100000
0 0.524148 0.235523 0.040000 0.100000
0 0.539848 0.235331 0.040000 0.100000
0 0.557484 0.236535 0.040000 0.100000
0 0.573762 0.235283 0.040000 0.100000
0 0.589931 0.234763 0.040000 0.100000
0 0.643973 0.235623 0.040000 0.100000
0 0.662851 0.235527 0.040000 0.100000
0 0.680189 0.236297 0.040000 0.100000
0 0.763746 0.266459 0.100000 0.040000
0 0.764024 0.289205 0.100000 0.040000
0 0.764750 0.312643 0.100000 0.040000
0 0.764346 0.354234 0.100000 0.040000
0 0.764554 0.374622 0.100000 0.040000
0 0.764662 0.424741 0.100000 0.040000
0 0.763853 0.443928 0.100000 0.040000
0 0.763507 0.460918 0.100000 0.040000
0 0.764056 0.529439 0.100000 0.040000
0 0.764402 0.543656 0.100000 0.040000
0 0.763940 0.576712 0.100000 0.040000
0 0.764056 0.595205 0.100000 0.040000
0 0.764934 0.617258 0.100000 0.040000
0 0.764240 0.639311 0.100000 0.040000
0 0.764265 0.695154 0.100000 0.040000
0 0.764127 0.718040 0.100000 0.040000
0 0.764404 0.741757 0.100000 0.040000
0 0.700698 0.765165 0.040000 0.100000
0 0.672261 0.763708 0.040000 0.100000
0 0.649514 0.763430 0.040000 0.100000
0 0.632341 0.765444 0.040000 0.100000
0 0.614079 0.765444 0.040000 0.100000
0 0.593390 0.765213 0.040000 0.100000
0 0.574424 0.764413 0.040000 0.100000
0 0.526304 0.764201 0.040000 0.100000
0 0.493629 0.764583 0.040000 0.100000
0 0.463808 0.765161 0.040000 0.100000
0 0.446126 0.765521 0.040000 0.100000
0 0.386518 0.765126 0.040000 0.100000
0 0.361668 0.765030 0.040000 0.100000
0 0.336356 0.764298 0.040000 0.100000
0 0.304802 0.764552 0.040000 0.100000
0 0.285800 0.763997 0.040000 0.100000
0 0.236549 0.730580 0.100000 0.040000
0 0.236086 0.706289 0.100000 0.040000
0 0.236070 0.641881 0.100000 0.040000
0 0.236070 0.616164 0.100000 0.040000
0 0.236166 0.592855 0.100000 0.040000
0 0.235384 0.569310 0.100000 0.040000
0 0.235593 0.527003 0.100000 0.040000
0 0.235753 0.514321 0.100000 0.040000
0 0.235111 0.497545 0.100000 0.040000
0 0.235930 0.468422 0.100000 0.040000
0 0.235572 0.441503 0.100000 0.040000
0 0.235687 0.420929 0.100000 0.040000
0 0.235736 0.400566 0.100000 0.040000
0 0.235699 0.372716 0.100000 0.040000
0 0.235506 0.356631 0.100000 0.040000
0 0.235043 0.337096 0.100000 0.040000
0 0.236086 0.322568 0.100000 0.040000
0 0.235670 0.288848 0.100000 0.040000
0 0.235786 0.266540 0.100000 0.040000
