0 0.748556 0.272870 0.04 0.10
0 0.749134 0.292866 0.04 0.10
0 0.749030 0.313220 0.04 0.10
0 0.747978 0.354471 0.04 0.10
0 0.749284 0.373438 0.04 0.10
0 0.748813 0.424377 0.04 0.10
0 0.749044 0.441599 0.04 0.10
0 0.748582 0.456393 0.04 0.10
0 0.749498 0.528416 0.04 0.10
0 0.749382 0.543558 0.04 0.10
0 0.749186 0.576603 0.04 0.10
0 0.748596 0.593905 0.04 0.10
0 0.748481 0.612630 0.04 0.10
0 0.748365 0.632163 0.04 0.10
0 0.749254 0.689588 0.04 0.10
0 0.749254 0.709815 0.04 0.10
0 0.749831 0.731968 0.04 0.10
0 0.251728 0.719746 0.04 0.10
0 0.250896 0.695335 0.04 0.10
0 0.251504 0.627754 0.04 0.10
0 0.252415 0.605190 0.04 0.10
0 0.251067 0.584578 0.04 0.10
0 0.251009 0.564062 0.04 0.10
0 0.251275 0.522155 0.04 0.10
0 0.251044 0.508632 0.04 0.10
0 0.251159 0.493259 0.04 0.10
0 0.251323 0.465779 0.04 0.10
0 0.251264 0.439804 0.04 0.10
0 0.251841 0.421657 0.04 0.10
0 0.252419 0.403973 0.04 0.10
0 0.251887 0.376826 0.04 0.10
0 0.251598 0.360548 0.04 0.10
0 0.252176 0.343307 0.04 0.10
0 0.252581 0.327087 0.04 0.10
0 0.250697 0.293441 0.04 0.10
0 0.251390 0.272983 0.04 0.10
