0 0.825391 0.230247 0.04 0.10
0 0.826272 0.263269 0.04 0.10
0 0.826712 0.295851 0.04 0.10
0 0.825832 0.338560 0.04 0.10
0 0.826272 0.370261 0.04 0.10
0 0.824509 0.418238 0.04 0.10
0 0.825390 0.445536 0.04 0.10
0 0.825390 0.467111 0.04 0.10
0 0.824509 0.528752 0.04 0.10
0 0.825830 0.542401 0.04 0.10
0 0.826270 0.575864 0.04 0.10
0 0.825275 0.633763 0.04 0.10
0 0.825275 0.603823 0.04 0.10
0 0.824835 0.664143 0.04 0.10
0 0.824835 0.717419 0.04 0.10
0 0.825715 0.750441 0.04 0.10
0 0.825275 0.785665 0.04 0.10
0 0.745141 0.825292 0.04 0.10
0 0.710788 0.825797 0.04 0.10
0 0.678646 0.825356 0.04 0.10
0 0.651348 0.826677 0.04 0.10
0 0.624490 0.827558 0.04 0.10
0 0.596751 0.826677 0.04 0.10
0 0.568132 0.824476 0.04 0.10
0 0.483484 0.825837 0.04 0.10
0 0.448700 0.825837 0.04 0.10
0 0.421402 0.826278 0.04 0.10
0 0.365925 0.827598 0.04 0.10
0 0.335201 0.827340 0.04 0.10
0 0.299537 0.826019 0.04 0.10
0 0.261671 0.826459 0.04 0.10
0 0.233492 0.826019 0.04 0.10
0 0.174052 0.775385 0.04 0.10
0 0.173612 0.744123 0.04 0.10
0 0.173612 0.682922 0.04 0.10
0 0.175373 0.650340 0.04 0.10
0 0.174385 0.618689 0.04 0.10
0 0.173064 0.590070 0.04 0.10
0 0.173064 0.511697 0.04 0.10
0 0.175883 0.545256 0.04 0.10
0 0.174099 0.477479 0.04 0.10
0 0.173589 0.446393 0.04 0.10
0 0.174165 0.389906 0.04 0.10
0 0.173656 0.418698 0.04 0.10
0 0.174165 0.352195 0.04 0.10
0 0.174165 0.314230 0.04 0.10
0 0.175695 0.264086 0.04 0.10
0 0.173402 0.230962 0.04 0.10
0 0.225978 0.173447 0.04 0.10
0 0.260885 0.173447 0.04 0.10
0 0.294519 0.173957 0.04 0.10
0 0.326879 0.173702 0.04 0.10
0 0.356945 0.173447 0.04 0.10
0 0.385785 0.173227 0.04 0.10
0 0.423650 0.173667 0.04 0.10
0 0.439501 0.172346 0.04 0.10
0 0.432456 0.173227 0.04 0.10
0 0.457553 0.172787 0.04 0.10
0 0.467240 0.173227 0.04 0.10
0 0.736467 0.173426 0.04 0.10
0 0.707848 0.172545 0.04 0.10
0 0.673945 0.173426 0.04 0.10
0 0.621550 0.174747 0.04 0.10
0 0.594692 0.173866 0.04 0.10
0 0.570916 0.174306 0.04 0.10
0 0.544498 0.174306 0.04 0.10
0 0.519401 0.174306 0.04 0.10
