0 0.810389 0.240518 0.04 0.10
0 0.808866 0.270215 0.04 0.10
0 0.808866 0.300673 0.04 0.10
0 0.808105 0.343314 0.04 0.10
0 0.810389 0.370727 0.04 0.10
0 0.809535 0.420521 0.04 0.10
0 0.809280 0.444747 0.04 0.10
0 0.808636 0.463565 0.04 0.10
0 0.808891 0.543638 0.04 0.10
0 0.807871 0.471726 0.04 0.10
0 0.808636 0.529868 0.04 0.10
0 0.809702 0.603365 0.04 0.10
0 0.809702 0.578120 0.04 0.10
0 0.809192 0.629886 0.04 0.10
0 0.809192 0.658447 0.04 0.10
0 0.809447 0.713529 0.04 0.10
0 0.809370 0.743613 0.04 0.10
0 0.809115 0.775234 0.04 0.10
0 0.730610 0.808291 0.04 0.10
0 0.697561 0.808291 0.04 0.10
0 0.669800 0.808291 0.04 0.10
0 0.646004 0.809613 0.04 0.10
0 0.621328 0.809613 0.04 0.10
0 0.596651 0.808291 0.04 0.10
0 0.571093 0.809172 0.04 0.10
0 0.518231 0.809661 0.04 0.10
0 0.486100 0.810171 0.04 0.10
0 0.453459 0.810171 0.04 0.10
0 0.427855 0.808956 0.04 0.10
0 0.371498 0.810231 0.04 0.10
0 0.340132 0.809976 0.04 0.10
0 0.308439 0.808725 0.04 0.10
0 0.273247 0.809745 0.04 0.10
0 0.248766 0.808980 0.04 0.10
0 0.191623 0.765082 0.04 0.10
0 0.190093 0.734736 0.04 0.10
0 0.189994 0.670844 0.04 0.10
0 0.191014 0.642793 0.04 0.10
0 0.189739 0.613212 0.04 0.10
0 0.191193 0.584956 0.04 0.10
0 0.192213 0.542115 0.04 0.10
0 0.191958 0.507689 0.04 0.10
0 0.189918 0.476833 0.04 0.10
0 0.190683 0.446742 0.04 0.10
0 0.190410 0.420369 0.04 0.10
0 0.189390 0.394613 0.04 0.10
0 0.190426 0.243736 0.04 0.10
0 0.189916 0.270512 0.04 0.10
0 0.190681 0.321514 0.04 0.10
0 0.190171 0.359000 0.04 0.10
0 0.238268 0.190736 0.04 0.10
0 0.271675 0.190736 0.04 0.10
0 0.301256 0.189716 0.04 0.10
0 0.331347 0.189716 0.04 0.10
0 0.358123 0.189716 0.04 0.10
0 0.467303 0.190971 0.04 0.10
0 0.441292 0.190971 0.04 0.10
0 0.423697 0.190971 0.04 0.10
0 0.520600 0.190971 0.04 0.10
0 0.543551 0.189441 0.04 0.10
0 0.567012 0.190716 0.04 0.10
0 0.588687 0.190461 0.04 0.10
0 0.612300 0.189389 0.04 0.10
0 0.664832 0.190409 0.04 0.10
0 0.693903 0.189389 0.04 0.10
0 0.718639 0.190664 0.04 0.10
