0 0.792459 0.249044 0.100000 0.040000
0 0.793478 0.275288 0.100000 0.040000
0 0.793988 0.303062 0.100000 0.040000
0 0.792714 0.346123 0.100000 0.040000
0 0.792714 0.370329 0.100000 0.040000
0 0.705489 0.205600 0.040000 0.100000
0 0.682302 0.206619 0.040000 0.100000
0 0.658096 0.205855 0.040000 0.100000
0 0.604591 0.205787 0.040000 0.100000
0 0.582168 0.207570 0.040000 0.100000
0 0.563057 0.205323 0.040000 0.100000
0 0.542418 0.206087 0.040000 0.100000
0 0.521779 0.205578 0.040000 0.100000
0 0.466997 0.206597 0.040000 0.100000
0 0.457060 0.206597 0.040000 0.100000
0 0.441337 0.206459 0.040000 0.100000
0 0.432928 0.207224 0.040000 0.100000
0 0.424010 0.208243 0.040000 0.100000
0 0.385025 0.206204 0.040000 0.100000
0 0.359545 0.206969 0.040000 0.100000
0 0.334996 0.205439 0.040000 0.100000
0 0.308751 0.206713 0.040000 0.100000
0 0.282507 0.207223 0.040000 0.100000
0 0.252695 0.207477 0.040000 0.100000
0 0.206422 0.251147 0.100000 0.040000
0 0.205148 0.275608 0.100000 0.040000
0 0.206167 0.312300 0.100000 0.040000
0 0.206074 0.327627 0.100000 0.040000
0 0.208368 0.352853 0.100000 0.040000
0 0.205820 0.365083 0.100000 0.040000
0 0.205820 0.398462 0.100000 0.040000
0 0.208877 0.422668 0.100000 0.040000
0 0.209387 0.445855 0.100000 0.040000
0 0.205565 0.467004 0.100000 0.040000
0 0.205886 0.475680 0.100000 0.040000
0 0.205886 0.499122 0.100000 0.040000
0 0.207415 0.524602 0.100000 0.040000
0 0.208689 0.536323 0.100000 0.040000
0 0.208943 0.580658 0.100000 0.040000
0 0.205585 0.606366 0.100000 0.040000
0 0.207114 0.632865 0.100000 0.040000
0 0.206604 0.659364 0.100000 0.040000
0 0.206225 0.726871 0.100000 0.040000
0 0.208142 0.751496 0.100000 0.040000
0 0.262553 0.793373 0.040000 0.100000
0 0.284109 0.792388 0.040000 0.100000
0 0.318507 0.792897 0.040000 0.100000
0 0.348829 0.793662 0.040000 0.100000
0 0.376375 0.791553 0.040000 0.100000
0 0.434470 0.793337 0.040000 0.100000
0 0.457147 0.793082 0.040000 0.100000
0 0.489252 0.793337 0.040000 0.100000
0 0.596889 0.792922 0.040000 0.100000
0 0.573957 0.794196 0.040000 0.100000
0 0.524780 0.793431 0.040000 0.100000
0 0.619566 0.792667 0.040000 0.100000
0 0.641224 0.793431 0.040000 0.100000
0 0.662118 0.793431 0.040000 0.100000
0 0.719305 0.792501 0.040000 0.100000
0 0.687964 0.793520 0.040000 0.100000
0 0.794726 0.766766 0.100000 0.040000
0 0.794981 0.738228 0.100000 0.040000
0 0.794981 0.709436 0.100000 0.040000
0 0.792999 0.653459 0.100000 0.040000
0 0.792999 0.626160 0.100000 0.040000
0 0.793880 0.601944 0.100000 0.040000
0 0.793880 0.579049 0.100000 0.040000
0 0.793265 0.544388 0.100000 0.040000
0 0.792756 0.529865 0.100000 0.040000
0 0.793012 0.420905 0.100000 0.040000
0 0.791992 0.443327 0.100000 0.040000
0 0.792757 0.461163 0.100000 0.040000
0 0.793776 0.469826 0.100000 0.040000
