0 0.777274 0.257789 0.04 0.10
0 0.776513 0.279854 0.04 0.10
0 0.778035 0.305722 0.04 0.10
0 0.775752 0.349089 0.04 0.10
0 0.775752 0.371154 0.04 0.10
0 0.690415 0.223486 0.04 0.10
0 0.671814 0.222212 0.04 0.10
0 0.650156 0.223231 0.04 0.10
0 0.595947 0.224084 0.04 0.10
0 0.577602 0.223065 0.04 0.10
0 0.559766 0.222810 0.04 0.10
0 0.542184 0.222555 0.04 0.10
0 0.523329 0.222046 0.04 0.10
0 0.466501 0.223390 0.04 0.10
0 0.456054 0.222371 0.04 0.10
0 0.442550 0.222371 0.04 0.10
0 0.434142 0.222880 0.04 0.10
0 0.425223 0.223135 0.04 0.10
0 0.384200 0.223135 0.04 0.10
0 0.362542 0.223135 0.04 0.10
0 0.315943 0.222737 0.04 0.10
0 0.339895 0.221972 0.04 0.10
0 0.292502 0.222482 0.04 0.10
0 0.264983 0.221208 0.04 0.10
0 0.220902 0.258409 0.04 0.10
0 0.221412 0.281850 0.04 0.10
0 0.222697 0.318694 0.04 0.10
0 0.222952 0.335001 0.04 0.10
0 0.221678 0.356404 0.04 0.10
0 0.223207 0.370673 0.04 0.10
0 0.222952 0.401759 0.04 0.10
0 0.222952 0.422398 0.04 0.10
0 0.222293 0.444126 0.04 0.10
0 0.223057 0.464256 0.04 0.10
0 0.223821 0.532542 0.04 0.10
0 0.223567 0.499673 0.04 0.10
0 0.221829 0.576634 0.04 0.10
0 0.222084 0.600331 0.04 0.10
0 0.227180 0.621479 0.04 0.10
0 0.220114 0.649910 0.04 0.10
0 0.223936 0.715394 0.04 0.10
0 0.229032 0.737562 0.04 0.10
0 0.285343 0.769412 0.04 0.10
0 0.300121 0.771195 0.04 0.10
0 0.333234 0.771790 0.04 0.10
0 0.357440 0.775357 0.04 0.10
0 0.381646 0.775866 0.04 0.10
0 0.445601 0.772299 0.04 0.10
0 0.462418 0.774338 0.04 0.10
0 0.598076 0.775804 0.04 0.10
0 0.579220 0.775040 0.04 0.10
0 0.525967 0.777333 0.04 0.10
0 0.618205 0.774785 0.04 0.10
0 0.636041 0.775804 0.04 0.10
0 0.653367 0.775295 0.04 0.10
0 0.493919 0.776489 0.04 0.10
0 0.678836 0.778374 0.04 0.10
0 0.707119 0.776080 0.04 0.10
0 0.777954 0.756461 0.04 0.10
0 0.776935 0.728178 0.04 0.10
0 0.775916 0.704226 0.04 0.10
0 0.777028 0.647338 0.04 0.10
0 0.776263 0.622622 0.04 0.10
0 0.776518 0.600709 0.04 0.10
0 0.775877 0.580650 0.04 0.10
0 0.776641 0.545742 0.04 0.10
0 0.776132 0.530454 0.04 0.10
0 0.776543 0.421090 0.04 0.10
0 0.776543 0.441984 0.04 0.10
0 0.775269 0.466700 0.04 0.10
0 0.779345 0.458801 0.04 0.10
