0 0.760419 0.263897 0.04 0.10
0 0.760674 0.283517 0.04 0.10
0 0.761259 0.307216 0.04 0.10
0 0.760819 0.349484 0.04 0.10
0 0.761259 0.369738 0.04 0.10
0 0.759153 0.421993 0.04 0.10
0 0.760915 0.440486 0.04 0.10
0 0.760474 0.454135 0.04 0.10
0 0.760474 0.462941 0.04 0.10
0 0.760034 0.529866 0.04 0.10
0 0.760474 0.538232 0.04 0.10
0 0.760034 0.546157 0.04 0.10
0 0.761255 0.581208 0.04 0.10
0 0.760374 0.598820 0.04 0.10
0 0.760815 0.618193 0.04 0.10
0 0.760815 0.640208 0.04 0.10
0 0.760374 0.698768 0.04 0.10
0 0.760815 0.720782 0.04 0.10
0 0.761377 0.745117 0.04 0.10
0 0.239875 0.729268 0.04 0.10
0 0.238995 0.706373 0.04 0.10
0 0.239875 0.634164 0.04 0.10
0 0.238555 0.614791 0.04 0.10
0 0.239728 0.590148 0.04 0.10
0 0.238963 0.571293 0.04 0.10
0 0.239099 0.527651 0.04 0.10
0 0.238079 0.489431 0.04 0.10
0 0.239099 0.469047 0.04 0.10
0 0.238334 0.442548 0.04 0.10
0 0.238334 0.424202 0.04 0.10
0 0.237756 0.404114 0.04 0.10
0 0.238521 0.375322 0.04 0.10
0 0.239285 0.360543 0.04 0.10
0 0.238521 0.341179 0.04 0.10
0 0.238776 0.324107 0.04 0.10
0 0.238776 0.288689 0.04 0.10
0 0.238996 0.267190 0.04 0.10
