0 0.237581 0.179235 0.040000 0.100000
0 0.265209 0.178237 0.040000 0.100000
0 0.296549 0.177887 0.040000 0.100000
0 0.326340 0.178553 0.040000 0.100000
0 0.354484 0.178037 0.040000 0.100000
0 0.383444 0.178869 0.040000 0.100000
0 0.426220 0.178594 0.040000 0.100000
0 0.441199 0.178040 0.040000 0.100000
0 0.460200 0.179149 0.040000 0.100000
0 0.519451 0.178317 0.040000 0.100000
0 0.544133 0.177235 0.040000 0.100000
0 0.571096 0.178567 0.040000 0.100000
0 0.596546 0.177721 0.040000 0.100000
0 0.621650 0.178137 0.040000 0.100000
0 0.674371 0.179333 0.040000 0.100000
0 0.703458 0.179911 0.040000 0.100000
0 0.729545 0.178019 0.040000 0.100000
0 0.821327 0.210788 0.100000 0.040000
0 0.821866 0.243346 0.100000 0.040000
0 0.821384 0.274553 0.100000 0.040000
0 0.821957 0.318474 0.100000 0.040000
0 0.821877 0.346406 0.100000 0.040000
0 0.822582 0.394919 0.100000 0.040000
0 0.821619 0.421406 0.100000 0.040000
0 0.821565 0.447901 0.100000 0.040000
0 0.821089 0.508280 0.100000 0.040000
0 0.821436 0.549195 0.100000 0.040000
0 0.821600 0.574305 0.100000 0.040000
0 0.821916 0.602256 0.100000 0.040000
0 0.821773 0.631907 0.100000 0.040000
0 0.820922 0.687089 0.100000 0.040000
0 0.821939 0.718368 0.100000 0.040000
0 0.820991 0.752393 0.100000 0.040000
0 0.743792 0.823397 0.040000 0.100000
0 0.703390 0.821867 0.040000 0.100000
0 0.667464 0.821443 0.040000 0.100000
0 0.640719 0.821489 0.040000 0.100000
0 0.613384 0.821639 0.040000 0.100000
0 0.585033 0.821905 0.040000 0.100000
0 0.556022 0.822368 0.040000 0.100000
0 0.515739 0.822046 0.040000 0.100000
0 0.480064 0.821116 0.040000 0.100000
0 0.449967 0.821671 0.040000 0.100000
0 0.425002 0.820977 0.040000 0.100000
0 0.371132 0.821639 0.040000 0.100000
0 0.337413 0.821599 0.040000 0.100000
0 0.304007 0.821518 0.040000 0.100000
0 0.263647 0.821934 0.040000 0.100000
0 0.233162 0.821657 0.040000 0.100000
0 0.179967 0.755789 0.100000 0.040000
0 0.178811 0.723542 0.100000 0.040000
0 0.178506 0.659211 0.100000 0.040000
0 0.178206 0.626889 0.100000 0.040000
0 0.178378 0.596759 0.100000 0.040000
0 0.177659 0.564405 0.100000 0.040000
0 0.177420 0.527736 0.100000 0.040000
0 0.177659 0.514794 0.100000 0.040000
0 0.177659 0.494183 0.100000 0.040000
0 0.179347 0.458443 0.100000 0.040000
0 0.180013 0.423658 0.100000 0.040000
0 0.178182 0.394698 0.100000 0.040000
0 0.178515 0.366331 0.100000 0.040000
0 0.178704 0.339514 0.100000 0.040000
0 0.178473 0.325991 0.100000 0.040000
0 0.178875 0.298298 0.100000 0.040000
0 0.179208 0.283485 0.100000 0.040000
0 0.177696 0.245247 0.100000 0.040000
0 0.178800 0.212093 0.100000 0.040000
