0 0.251690 0.195108 0.04 0.10
0 0.276516 0.195108 0.04 0.10
0 0.305656 0.195011 0.04 0.10
0 0.329651 0.194595 0.04 0.10
0 0.356169 0.193929 0.04 0.10
0 0.382299 0.194262 0.04 0.10
0 0.425899 0.195990 0.04 0.10
0 0.442195 0.195643 0.04 0.10
0 0.459879 0.195528 0.04 0.10
0 0.521174 0.194879 0.04 0.10
0 0.542944 0.195079 0.04 0.10
0 0.567310 0.194480 0.04 0.10
0 0.589542 0.194763 0.04 0.10
0 0.611977 0.195029 0.04 0.10
0 0.666859 0.193795 0.04 0.10
0 0.691963 0.193656 0.04 0.10
0 0.713322 0.194488 0.04 0.10
0 0.805521 0.218605 0.04 0.10
0 0.805064 0.247791 0.04 0.10
0 0.806035 0.276917 0.04 0.10
0 0.805862 0.320595 0.04 0.10
0 0.805949 0.346558 0.04 0.10
0 0.805811 0.396211 0.04 0.10
0 0.804979 0.420899 0.04 0.10
0 0.804673 0.444200 0.04 0.10
0 0.805015 0.508024 0.04 0.10
0 0.806540 0.549078 0.04 0.10
0 0.806152 0.572906 0.04 0.10
0 0.805153 0.599036 0.04 0.10
0 0.806019 0.625699 0.04 0.10
0 0.805180 0.681461 0.04 0.10
0 0.805420 0.709742 0.04 0.10
0 0.806362 0.741836 0.04 0.10
0 0.729751 0.805283 0.04 0.10
0 0.691804 0.804884 0.04 0.10
0 0.659050 0.806082 0.04 0.10
0 0.635600 0.805679 0.04 0.10
0 0.611134 0.805513 0.04 0.10
0 0.585827 0.805743 0.04 0.10
0 0.559198 0.805604 0.04 0.10
0 0.515620 0.804606 0.04 0.10
0 0.482483 0.805088 0.04 0.10
0 0.453024 0.805088 0.04 0.10
0 0.430555 0.805421 0.04 0.10
0 0.374783 0.805971 0.04 0.10
0 0.343327 0.805638 0.04 0.10
0 0.311965 0.805094 0.04 0.10
0 0.274286 0.805671 0.04 0.10
0 0.244948 0.805681 0.04 0.10
0 0.195866 0.743939 0.04 0.10
0 0.194710 0.713542 0.04 0.10
0 0.195100 0.646617 0.04 0.10
0 0.195516 0.615827 0.04 0.10
0 0.194046 0.589319 0.04 0.10
0 0.195244 0.558962 0.04 0.10
0 0.194645 0.523012 0.04 0.10
0 0.194166 0.508432 0.04 0.10
0 0.194341 0.489363 0.04 0.10
0 0.195589 0.455383 0.04 0.10
0 0.194870 0.422303 0.04 0.10
0 0.193945 0.396067 0.04 0.10
0 0.194042 0.369812 0.04 0.10
0 0.193543 0.344847 0.04 0.10
0 0.194874 0.330034 0.04 0.10
0 0.194400 0.304134 0.04 0.10
0 0.193845 0.288739 0.04 0.10
0 0.194363 0.250323 0.04 0.10
0 0.194710 0.220272 0.04 0.10
