0 0.265134 0.210477 0.040000 0.100000
0 0.288430 0.209615 0.040000 0.100000
0 0.312588 0.209902 0.040000 0.100000
0 0.335021 0.209902 0.040000 0.100000
0 0.359970 0.211652 0.040000 0.100000
0 0.383217 0.210214 0.040000 0.100000
0 0.427216 0.210354 0.040000 0.100000
0 0.443793 0.211352 0.040000 0.100000
0 0.465762 0.211352 0.040000 0.100000
0 0.523591 0.210843 0.040000 0.100000
0 0.542731 0.210843 0.040000 0.100000
0 0.564035 0.210510 0.040000 0.100000
0 0.583674 0.210011 0.040000 0.100000
0 0.601815 0.211009 0.040000 0.100000
0 0.659959 0.210302 0.040000 0.100000
0 0.680763 0.210163 0.040000 0.100000
0 0.699349 0.210718 0.040000 0.100000
0 0.789089 0.227496 0.100000 0.040000
0 0.789505 0.253987 0.100000 0.040000
0 0.788354 0.280825 0.100000 0.040000
0 0.789106 0.324583 0.100000 0.040000
0 0.788690 0.346635 0.100000 0.040000
0 0.789070 0.398749 0.100000 0.040000
0 0.787798 0.419655 0.100000 0.040000
0 0.787632 0.442457 0.100000 0.040000
0 0.789679 0.509180 0.100000 0.040000
0 0.789163 0.551504 0.100000 0.040000
0 0.789662 0.573307 0.100000 0.040000
0 0.788830 0.597107 0.100000 0.040000
0 0.789113 0.619792 0.100000 0.040000
0 0.790087 0.678225 0.100000 0.040000
0 0.789532 0.703467 0.100000 0.040000
0 0.788145 0.729542 0.100000 0.040000
0 0.715774 0.788066 0.040000 0.100000
0 0.682612 0.788828 0.040000 0.100000
0 0.651440 0.789765 0.040000 0.100000
0 0.632139 0.791152 0.040000 0.100000
0 0.610225 0.788771 0.040000 0.100000
0 0.586369 0.789603 0.040000 0.100000
0 0.563595 0.788327 0.040000 0.100000
0 0.517812 0.789373 0.040000 0.100000
0 0.486883 0.789373 0.040000 0.100000
0 0.457757 0.789373 0.040000 0.100000
0 0.437508 0.788679 0.040000 0.100000
0 0.379402 0.789313 0.040000 0.100000
0 0.350854 0.788619 0.040000 0.100000
0 0.321668 0.788606 0.040000 0.100000
0 0.284886 0.788439 0.040000 0.100000
0 0.258897 0.789685 0.040000 0.100000
0 0.211969 0.733211 0.100000 0.040000
0 0.210814 0.704547 0.100000 0.040000
0 0.211641 0.635149 0.100000 0.040000
0 0.211063 0.607872 0.100000 0.040000
0 0.211526 0.582167 0.100000 0.040000
0 0.211747 0.555759 0.100000 0.040000
0 0.211544 0.517549 0.100000 0.040000
0 0.211045 0.503070 0.100000 0.040000
0 0.210879 0.485594 0.100000 0.040000
0 0.210879 0.454138 0.100000 0.040000
0 0.211212 0.421517 0.100000 0.040000
0 0.211012 0.398316 0.100000 0.040000
0 0.210829 0.373900 0.100000 0.040000
0 0.210496 0.350100 0.100000 0.040000
0 0.211162 0.334955 0.100000 0.040000
0 0.210230 0.310489 0.100000 0.040000
0 0.211428 0.295110 0.100000 0.040000
0 0.210349 0.256604 0.100000 0.040000
0 0.210829 0.230480 0.100000 0.040000
