0 0.281411 0.227983 0.04 0.10
0 0.300967 0.227983 0.04 0.10
0 0.322825 0.228270 0.04 0.10
0 0.342957 0.227983 0.04 0.10
0 0.363376 0.227983 0.04 0.10
0 0.383220 0.226545 0.04 0.10
0 0.428654 0.227522 0.04 0.10
0 0.445131 0.227356 0.04 0.10
0 0.466434 0.226357 0.04 0.10
0 0.526111 0.226537 0.04 0.10
0 0.543367 0.226297 0.04 0.10
0 0.561821 0.225818 0.04 0.10
0 0.578118 0.226537 0.04 0.10
0 0.594929 0.227827 0.04 0.10
0 0.651350 0.227993 0.04 0.10
0 0.669991 0.227827 0.04 0.10
0 0.685636 0.227328 0.04 0.10
0 0.772271 0.237570 0.04 0.10
0 0.772438 0.261703 0.04 0.10
0 0.772562 0.285018 0.04 0.10
0 0.773231 0.328410 0.04 0.10
0 0.772954 0.348798 0.04 0.10
0 0.773181 0.401141 0.04 0.10
0 0.772682 0.420781 0.04 0.10
0 0.771796 0.441146 0.04 0.10
0 0.772685 0.510803 0.04 0.10
0 0.773006 0.523886 0.04 0.10
0 0.772852 0.553821 0.04 0.10
0 0.773430 0.573585 0.04 0.10
0 0.773222 0.594944 0.04 0.10
0 0.772945 0.615610 0.04 0.10
0 0.773522 0.675674 0.04 0.10
0 0.773060 0.697750 0.04 0.10
0 0.773406 0.722114 0.04 0.10
0 0.704858 0.773204 0.04 0.10
0 0.673834 0.772705 0.04 0.10
0 0.647072 0.772705 0.04 0.10
0 0.628697 0.772705 0.04 0.10
0 0.609923 0.773104 0.04 0.10
0 0.589296 0.772402 0.04 0.10
0 0.567992 0.772735 0.04 0.10
0 0.520275 0.772518 0.04 0.10
0 0.491482 0.772352 0.04 0.10
0 0.462758 0.772615 0.04 0.10
0 0.444867 0.773448 0.04 0.10
0 0.384534 0.773392 0.04 0.10
0 0.357949 0.773427 0.04 0.10
0 0.332706 0.771624 0.04 0.10
0 0.295663 0.774012 0.04 0.10
0 0.274049 0.773318 0.04 0.10
0 0.227275 0.724347 0.04 0.10
0 0.227085 0.696383 0.04 0.10
0 0.228459 0.625026 0.04 0.10
0 0.227207 0.600177 0.04 0.10
0 0.227438 0.577696 0.04 0.10
0 0.227058 0.553820 0.04 0.10
0 0.226673 0.515101 0.04 0.10
0 0.226866 0.500095 0.04 0.10
0 0.226288 0.483798 0.04 0.10
0 0.226600 0.454036 0.04 0.10
0 0.227178 0.423177 0.04 0.10
0 0.227148 0.401607 0.04 0.10
0 0.227610 0.379416 0.04 0.10
0 0.226847 0.356947 0.04 0.10
0 0.226570 0.339194 0.04 0.10
0 0.226766 0.317986 0.04 0.10
0 0.228153 0.302613 0.04 0.10
0 0.227113 0.265096 0.04 0.10
0 0.226198 0.239049 0.04 0.10
