0 0.295769 0.243400 0.040000 0.100000
0 0.314343 0.243200 0.040000 0.100000
0 0.332118 0.242801 0.040000 0.100000
0 0.348894 0.241802 0.040000 0.100000
0 0.384605 0.242002 0.040000 0.100000
0 0.367588 0.242961 0.040000 0.100000
0 0.429901 0.242721 0.040000 0.100000
0 0.460570 0.242756 0.040000 0.100000
0 0.528475 0.243422 0.040000 0.100000
0 0.544186 0.242424 0.040000 0.100000
0 0.559565 0.243023 0.040000 0.100000
0 0.572946 0.242823 0.040000 0.100000
0 0.587726 0.242823 0.040000 0.100000
0 0.644740 0.242285 0.040000 0.100000
0 0.660112 0.242910 0.040000 0.100000
0 0.673705 0.242632 0.040000 0.100000
0 0.757316 0.247353 0.100000 0.040000
0 0.757316 0.268724 0.100000 0.040000
0 0.757116 0.290094 0.100000 0.040000
0 0.756405 0.332299 0.100000 0.040000
0 0.756625 0.350501 0.100000 0.040000
0 0.756824 0.403228 0.100000 0.040000
0 0.757024 0.421802 0.100000 0.040000
0 0.756425 0.439976 0.100000 0.040000
0 0.756914 0.513803 0.100000 0.040000
0 0.757081 0.527617 0.100000 0.040000
0 0.757347 0.558474 0.100000 0.040000
0 0.757347 0.575251 0.100000 0.040000
0 0.756348 0.594224 0.100000 0.040000
0 0.757244 0.612162 0.100000 0.040000
0 0.756744 0.672578 0.100000 0.040000
0 0.756578 0.693216 0.100000 0.040000
0 0.756911 0.713354 0.100000 0.040000
0 0.694947 0.755898 0.040000 0.100000
0 0.665988 0.756398 0.040000 0.100000
0 0.641855 0.757063 0.040000 0.100000
0 0.626196 0.757133 0.040000 0.100000
0 0.610662 0.756855 0.040000 0.100000
0 0.591800 0.756162 0.040000 0.100000
0 0.574862 0.756828 0.040000 0.100000
0 0.524533 0.757227 0.040000 0.100000
0 0.497171 0.757227 0.040000 0.100000
0 0.467612 0.757427 0.040000 0.100000
0 0.453372 0.756328 0.040000 0.100000
0 0.389661 0.756129 0.040000 0.100000
0 0.365345 0.756711 0.040000 0.100000
0 0.342710 0.756378 0.040000 0.100000
0 0.308494 0.756337 0.040000 0.100000
0 0.288799 0.756337 0.040000 0.100000
0 0.242863 0.714362 0.100000 0.040000
0 0.243462 0.689597 0.100000 0.040000
0 0.243399 0.615776 0.100000 0.040000
0 0.243566 0.593807 0.100000 0.040000
0 0.243566 0.573668 0.100000 0.040000
0 0.243066 0.551200 0.100000 0.040000
0 0.243056 0.511851 0.100000 0.040000
0 0.243389 0.495707 0.100000 0.040000
0 0.243556 0.475070 0.100000 0.040000
0 0.242557 0.453433 0.100000 0.040000
0 0.242990 0.424573 0.100000 0.040000
0 0.242707 0.405051 0.100000 0.040000
0 0.243040 0.385079 0.100000 0.040000
0 0.242857 0.363958 0.100000 0.040000
0 0.243522 0.345983 0.100000 0.040000
0 0.243481 0.326435 0.100000 0.040000
0 0.244174 0.309237 0.100000 0.040000
0 0.242305 0.272971 0.100000 0.040000
0 0.243703 0.251202 0.100000 0.040000
