0 0.231179 0.176686 0.04 0.10
0 0.264732 0.176886 0.04 0.10
0 0.294890 0.176886 0.04 0.10
0 0.326047 0.177285 0.04 0.10
0 0.355006 0.176486 0.04 0.10
0 0.382907 0.176027 0.04 0.10
0 0.424249 0.175428 0.04 0.10
0 0.441625 0.175827 0.04 0.10
0 0.459171 0.177775 0.04 0.10
0 0.520585 0.176776 0.04 0.10
0 0.545193 0.177163 0.04 0.10
0 0.570990 0.177330 0.04 0.10
0 0.594957 0.177496 0.04 0.10
0 0.622189 0.177074 0.04 0.10
0 0.676083 0.177154 0.04 0.10
0 0.705903 0.176738 0.04 0.10
0 0.730895 0.176627 0.04 0.10
0 0.824254 0.210205 0.04 0.10
0 0.823824 0.246488 0.04 0.10
0 0.823824 0.276945 0.04 0.10
0 0.824543 0.321050 0.04 0.10
0 0.824303 0.350769 0.04 0.10
0 0.823584 0.399181 0.04 0.10
0 0.823908 0.426850 0.04 0.10
0 0.823908 0.454611 0.04 0.10
0 0.824108 0.516325 0.04 0.10
0 0.823970 0.559209 0.04 0.10
0 0.824053 0.585339 0.04 0.10
0 0.824223 0.614228 0.04 0.10
0 0.823724 0.644020 0.04 0.10
0 0.823368 0.697156 0.04 0.10
0 0.823701 0.730609 0.04 0.10
0 0.822702 0.761399 0.04 0.10
0 0.747175 0.825000 0.04 0.10
0 0.708379 0.824596 0.04 0.10
0 0.674815 0.824457 0.04 0.10
0 0.642027 0.823930 0.04 0.10
0 0.617562 0.823597 0.04 0.10
0 0.591885 0.824417 0.04 0.10
0 0.564030 0.823955 0.04 0.10
0 0.520952 0.824315 0.04 0.10
0 0.481655 0.824700 0.04 0.10
0 0.447906 0.824511 0.04 0.10
0 0.421831 0.823679 0.04 0.10
0 0.368725 0.823582 0.04 0.10
0 0.335161 0.823998 0.04 0.10
0 0.300238 0.823749 0.04 0.10
0 0.260940 0.823873 0.04 0.10
0 0.228624 0.823319 0.04 0.10
0 0.176125 0.757687 0.04 0.10
0 0.175925 0.725332 0.04 0.10
0 0.176664 0.657887 0.04 0.10
0 0.175666 0.630125 0.04 0.10
0 0.176708 0.598396 0.04 0.10
0 0.176292 0.566773 0.04 0.10
0 0.176015 0.530851 0.04 0.10
0 0.176153 0.517259 0.04 0.10
0 0.175876 0.496372 0.04 0.10
0 0.176375 0.460921 0.04 0.10
0 0.175793 0.425854 0.04 0.10
0 0.175460 0.397726 0.04 0.10
0 0.175693 0.369266 0.04 0.10
0 0.175493 0.339907 0.04 0.10
0 0.176092 0.326526 0.04 0.10
0 0.176971 0.302280 0.04 0.10
0 0.176728 0.286592 0.04 0.10
0 0.176728 0.248312 0.04 0.10
0 0.177061 0.220518 0.04 0.10
