0 0.244928 0.193759 0.04 0.10
0 0.274053 0.192594 0.04 0.10
0 0.301848 0.192427 0.04 0.10
0 0.331007 0.193226 0.04 0.10
0 0.356172 0.192627 0.04 0.10
0 0.382561 0.193154 0.04 0.10
0 0.424720 0.193629 0.04 0.10
0 0.442057 0.193213 0.04 0.10
0 0.457424 0.192603 0.04 0.10
0 0.521851 0.191621 0.04 0.10
0 0.543920 0.192486 0.04 0.10
0 0.568216 0.192411 0.04 0.10
0 0.589437 0.192550 0.04 0.10
0 0.612876 0.192827 0.04 0.10
0 0.667247 0.192409 0.04 0.10
0 0.693252 0.192756 0.04 0.10
0 0.715513 0.192802 0.04 0.10
0 0.806907 0.218089 0.04 0.10
0 0.808072 0.251209 0.04 0.10
0 0.807739 0.279503 0.04 0.10
0 0.807223 0.324357 0.04 0.10
0 0.807889 0.350321 0.04 0.10
0 0.807542 0.400869 0.04 0.10
0 0.807542 0.426334 0.04 0.10
0 0.807709 0.451965 0.04 0.10
0 0.807326 0.516225 0.04 0.10
0 0.808100 0.528196 0.04 0.10
0 0.808216 0.560212 0.04 0.10
0 0.807869 0.584368 0.04 0.10
0 0.807754 0.610142 0.04 0.10
0 0.806228 0.637521 0.04 0.10
0 0.807549 0.691861 0.04 0.10
0 0.807383 0.722818 0.04 0.10
0 0.808248 0.751678 0.04 0.10
0 0.732599 0.808089 0.04 0.10
0 0.695845 0.807858 0.04 0.10
0 0.666368 0.806901 0.04 0.10
0 0.637797 0.807317 0.04 0.10
0 0.615833 0.807171 0.04 0.10
0 0.591612 0.806417 0.04 0.10
0 0.566813 0.807082 0.04 0.10
0 0.520844 0.806749 0.04 0.10
0 0.484095 0.807948 0.04 0.10
0 0.451851 0.808038 0.04 0.10
0 0.427718 0.807705 0.04 0.10
0 0.371926 0.807125 0.04 0.10
0 0.341968 0.806542 0.04 0.10
0 0.307979 0.806723 0.04 0.10
0 0.269561 0.807832 0.04 0.10
0 0.240990 0.807305 0.04 0.10
0 0.193240 0.745675 0.04 0.10
0 0.193017 0.713829 0.04 0.10
0 0.192254 0.646743 0.04 0.10
0 0.192809 0.619974 0.04 0.10
0 0.193100 0.590946 0.04 0.10
0 0.192961 0.562097 0.04 0.10
0 0.193861 0.526200 0.04 0.10
0 0.192474 0.511060 0.04 0.10
0 0.192474 0.491527 0.04 0.10
0 0.192196 0.458355 0.04 0.10
0 0.193387 0.425261 0.04 0.10
0 0.193248 0.398492 0.04 0.10
0 0.192027 0.372778 0.04 0.10
0 0.192733 0.345756 0.04 0.10
0 0.192733 0.331137 0.04 0.10
0 0.192091 0.309397 0.04 0.10
0 0.192532 0.292696 0.04 0.10
0 0.192930 0.254601 0.04 0.10
0 0.192098 0.228970 0.04 0.10
