0 0.259509 0.209816 0.040000 0.100000
0 0.283975 0.208485 0.040000 0.100000
0 0.310105 0.208818 0.040000 0.100000
0 0.335070 0.208984 0.040000 0.100000
0 0.358637 0.208685 0.040000 0.100000
0 0.382004 0.208685 0.040000 0.100000
0 0.425221 0.208501 0.040000 0.100000
0 0.442863 0.208834 0.040000 0.100000
0 0.457342 0.208834 0.040000 0.100000
0 0.523517 0.209200 0.040000 0.100000
0 0.543377 0.209321 0.040000 0.100000
0 0.563765 0.208489 0.040000 0.100000
0 0.583599 0.209043 0.040000 0.100000
0 0.603377 0.209016 0.040000 0.100000
0 0.658350 0.208067 0.040000 0.100000
0 0.682150 0.208067 0.040000 0.100000
0 0.699625 0.209232 0.040000 0.100000
0 0.791049 0.227239 0.100000 0.040000
0 0.791465 0.256919 0.100000 0.040000
0 0.791327 0.282828 0.100000 0.040000
0 0.791327 0.327765 0.100000 0.040000
0 0.791127 0.351132 0.100000 0.040000
0 0.791235 0.402472 0.100000 0.040000
0 0.791434 0.426638 0.100000 0.040000
0 0.791235 0.454400 0.100000 0.040000
0 0.790446 0.517415 0.100000 0.040000
0 0.791278 0.531395 0.100000 0.040000
0 0.791444 0.562851 0.100000 0.040000
0 0.791112 0.583822 0.100000 0.040000
0 0.791644 0.607489 0.100000 0.040000
0 0.790446 0.633253 0.100000 0.040000
0 0.790897 0.688273 0.100000 0.040000
0 0.791590 0.717261 0.100000 0.040000
0 0.790481 0.741393 0.100000 0.040000
0 0.718601 0.791905 0.040000 0.100000
0 0.685537 0.791433 0.040000 0.100000
0 0.658219 0.791766 0.040000 0.100000
0 0.633401 0.791599 0.040000 0.100000
0 0.613845 0.791066 0.040000 0.100000
0 0.592058 0.791666 0.040000 0.100000
0 0.570671 0.791466 0.040000 0.100000
0 0.522762 0.791716 0.040000 0.100000
0 0.487782 0.791216 0.040000 0.100000
0 0.456134 0.790717 0.040000 0.100000
0 0.434860 0.791689 0.040000 0.100000
0 0.376637 0.791791 0.040000 0.100000
0 0.348598 0.790542 0.040000 0.100000
0 0.319337 0.790154 0.040000 0.100000
0 0.280526 0.791653 0.040000 0.100000
0 0.254778 0.791489 0.040000 0.100000
0 0.209028 0.734538 0.100000 0.040000
0 0.209259 0.705504 0.100000 0.040000
0 0.208631 0.635694 0.100000 0.040000
0 0.208464 0.611708 0.100000 0.040000
0 0.209297 0.585057 0.100000 0.040000
0 0.209011 0.558625 0.100000 0.040000
0 0.208164 0.522443 0.100000 0.040000
0 0.208442 0.506619 0.100000 0.040000
0 0.208720 0.488713 0.100000 0.040000
0 0.208292 0.457287 0.100000 0.040000
0 0.208292 0.425106 0.100000 0.040000
0 0.208092 0.401120 0.100000 0.040000
0 0.209455 0.377881 0.100000 0.040000
0 0.208761 0.351230 0.100000 0.040000
0 0.208761 0.336238 0.100000 0.040000
0 0.208595 0.316250 0.100000 0.040000
0 0.208997 0.299041 0.100000 0.040000
0 0.208442 0.261979 0.100000 0.040000
0 0.209414 0.238937 0.100000 0.040000
