0 0.274610 0.225566 0.04 0.10
0 0.296247 0.225233 0.04 0.10
0 0.318383 0.225566 0.04 0.10
0 0.340518 0.224901 0.04 0.10
0 0.361489 0.225566 0.04 0.10
0 0.382460 0.226066 0.04 0.10
0 0.426168 0.225075 0.04 0.10
0 0.444198 0.225353 0.04 0.10
0 0.456958 0.225630 0.04 0.10
0 0.525119 0.224084 0.04 0.10
0 0.542139 0.224287 0.04 0.10
0 0.560280 0.224454 0.04 0.10
0 0.576924 0.224953 0.04 0.10
0 0.595231 0.224121 0.04 0.10
0 0.651576 0.223758 0.04 0.10
0 0.671548 0.224258 0.04 0.10
0 0.687858 0.224424 0.04 0.10
0 0.775335 0.236564 0.04 0.10
0 0.775169 0.263360 0.04 0.10
0 0.774503 0.286660 0.04 0.10
0 0.774793 0.330130 0.04 0.10
0 0.775292 0.353097 0.04 0.10
0 0.775384 0.404445 0.04 0.10
0 0.774552 0.425943 0.04 0.10
0 0.775384 0.447302 0.04 0.10
0 0.773685 0.518600 0.04 0.10
0 0.774792 0.532261 0.04 0.10
0 0.774653 0.565132 0.04 0.10
0 0.774792 0.584965 0.04 0.10
0 0.774653 0.605631 0.04 0.10
0 0.775476 0.628288 0.04 0.10
0 0.774072 0.684964 0.04 0.10
0 0.774272 0.710928 0.04 0.10
0 0.774871 0.733296 0.04 0.10
0 0.705868 0.774978 0.04 0.10
0 0.675310 0.775178 0.04 0.10
0 0.651263 0.774443 0.04 0.10
0 0.630320 0.775968 0.04 0.10
0 0.613538 0.774859 0.04 0.10
0 0.593428 0.774276 0.04 0.10
0 0.574454 0.775774 0.04 0.10
0 0.524271 0.775222 0.04 0.10
0 0.490361 0.775541 0.04 0.10
0 0.460957 0.774709 0.04 0.10
0 0.442261 0.774293 0.04 0.10
0 0.381579 0.773328 0.04 0.10
0 0.356215 0.772928 0.04 0.10
0 0.327635 0.775025 0.04 0.10
0 0.291471 0.775516 0.04 0.10
0 0.269974 0.774129 0.04 0.10
0 0.225634 0.724458 0.04 0.10
0 0.225135 0.697828 0.04 0.10
0 0.225568 0.624398 0.04 0.10
0 0.224010 0.604425 0.04 0.10
0 0.224310 0.580279 0.04 0.10
0 0.224909 0.555514 0.04 0.10
0 0.225688 0.519400 0.04 0.10
0 0.224579 0.502896 0.04 0.10
0 0.224856 0.485975 0.04 0.10
0 0.225549 0.456572 0.04 0.10
0 0.224448 0.426946 0.04 0.10
0 0.225183 0.404741 0.04 0.10
0 0.225183 0.382938 0.04 0.10
0 0.224701 0.358156 0.04 0.10
0 0.224534 0.342844 0.04 0.10
0 0.225699 0.306728 0.04 0.10
0 0.224534 0.323870 0.04 0.10
0 0.224132 0.270209 0.04 0.10
0 0.225547 0.248856 0.04 0.10
