0 0.759441 0.246327 0.04 0.10
0 0.757284 0.271252 0.04 0.10
0 0.757764 0.291144 0.04 0.10
0 0.758503 0.333968 0.04 0.10
0 0.757903 0.354140 0.04 0.10
0 0.758702 0.407665 0.04 0.10
0 0.759471 0.426662 0.04 0.10
0 0.758639 0.452459 0.04 0.10
0 0.757757 0.520747 0.04 0.10
0 0.758756 0.534728 0.04 0.10
0 0.759588 0.567681 0.04 0.10
0 0.758090 0.585157 0.04 0.10
0 0.758756 0.604796 0.04 0.10
0 0.757957 0.624069 0.04 0.10
0 0.758552 0.682328 0.04 0.10
0 0.757753 0.705096 0.04 0.10
0 0.758951 0.724469 0.04 0.10
0 0.241007 0.716050 0.04 0.10
0 0.241247 0.691124 0.04 0.10
0 0.241051 0.615930 0.04 0.10
0 0.241051 0.597789 0.04 0.10
0 0.241051 0.576818 0.04 0.10
0 0.241550 0.554183 0.04 0.10
0 0.241367 0.515501 0.04 0.10
0 0.241034 0.498857 0.04 0.10
0 0.241034 0.484377 0.04 0.10
0 0.240621 0.457251 0.04 0.10
0 0.241220 0.428492 0.04 0.10
0 0.241020 0.407920 0.04 0.10
0 0.239622 0.388148 0.04 0.10
0 0.240375 0.364363 0.04 0.10
0 0.240375 0.348182 0.04 0.10
0 0.240722 0.331885 0.04 0.10
0 0.240573 0.313479 0.04 0.10
0 0.240092 0.277939 0.04 0.10
0 0.240670 0.257654 0.04 0.10
