0 0.225955 0.172288 0.040000 0.100000
0 0.260121 0.174014 0.040000 0.100000
0 0.291527 0.173323 0.040000 0.100000
0 0.322933 0.172633 0.040000 0.100000
0 0.351490 0.172564 0.040000 0.100000
0 0.380050 0.172364 0.040000 0.100000
0 0.422850 0.172464 0.040000 0.100000
0 0.439028 0.173063 0.040000 0.100000
0 0.463993 0.173462 0.040000 0.100000
0 0.520137 0.173220 0.040000 0.100000
0 0.545102 0.173220 0.040000 0.100000
0 0.571232 0.173552 0.040000 0.100000
0 0.596555 0.173561 0.040000 0.100000
0 0.623185 0.173145 0.040000 0.100000
0 0.677858 0.173172 0.040000 0.100000
0 0.709017 0.171583 0.040000 0.100000
0 0.733289 0.173247 0.040000 0.100000
0 0.828314 0.206492 0.100000 0.040000
0 0.827898 0.240889 0.100000 0.040000
0 0.826607 0.273475 0.100000 0.040000
0 0.826986 0.317011 0.100000 0.040000
0 0.827153 0.347635 0.100000 0.040000
0 0.828210 0.395737 0.100000 0.040000
0 0.827100 0.421395 0.100000 0.040000
0 0.826268 0.448996 0.100000 0.040000
0 0.827086 0.513281 0.100000 0.040000
0 0.827225 0.554834 0.100000 0.040000
0 0.827158 0.581896 0.100000 0.040000
0 0.827757 0.610056 0.100000 0.040000
0 0.827732 0.642724 0.100000 0.040000
0 0.827166 0.694451 0.100000 0.040000
0 0.827338 0.728567 0.100000 0.040000
0 0.826938 0.759524 0.100000 0.040000
0 0.743421 0.826465 0.040000 0.100000
0 0.707083 0.827158 0.040000 0.100000
0 0.673464 0.826132 0.040000 0.100000
0 0.644171 0.827131 0.040000 0.100000
0 0.619065 0.827749 0.040000 0.100000
0 0.591048 0.827749 0.040000 0.100000
0 0.562339 0.827056 0.040000 0.100000
0 0.520148 0.826806 0.040000 0.100000
0 0.479338 0.826573 0.040000 0.100000
0 0.419996 0.826975 0.040000 0.100000
0 0.445877 0.826698 0.040000 0.100000
0 0.366446 0.826850 0.040000 0.100000
0 0.332050 0.826850 0.040000 0.100000
0 0.297709 0.825907 0.040000 0.100000
0 0.258115 0.826576 0.040000 0.100000
0 0.225161 0.826743 0.040000 0.100000
0 0.172632 0.759094 0.100000 0.040000
0 0.171708 0.726270 0.100000 0.040000
0 0.172632 0.662137 0.100000 0.040000
0 0.173556 0.627279 0.100000 0.040000
0 0.172308 0.598708 0.100000 0.040000
0 0.172447 0.567224 0.100000 0.040000
0 0.172666 0.529101 0.100000 0.040000
0 0.172088 0.515906 0.100000 0.040000
0 0.172647 0.494678 0.100000 0.040000
0 0.172531 0.457069 0.100000 0.040000
0 0.172531 0.421757 0.100000 0.040000
0 0.172800 0.394787 0.100000 0.040000
0 0.172245 0.365799 0.100000 0.040000
0 0.172356 0.336951 0.100000 0.040000
0 0.171857 0.321306 0.100000 0.040000
0 0.172275 0.297069 0.100000 0.040000
0 0.172391 0.281466 0.100000 0.040000
0 0.171929 0.242909 0.100000 0.040000
0 0.172578 0.215497 0.100000 0.040000
