0 0.240292 0.189284 0.04 0.10
0 0.269557 0.188868 0.04 0.10
0 0.298849 0.189367 0.04 0.10
0 0.327309 0.189200 0.04 0.10
0 0.353390 0.188518 0.04 0.10
0 0.379686 0.188685 0.04 0.10
0 0.423109 0.189367 0.04 0.10
0 0.440085 0.189200 0.04 0.10
0 0.456728 0.188535 0.04 0.10
0 0.521720 0.189583 0.04 0.10
0 0.543856 0.189750 0.04 0.10
0 0.566949 0.188820 0.04 0.10
0 0.590804 0.189098 0.04 0.10
0 0.612579 0.189237 0.04 0.10
0 0.669816 0.188648 0.04 0.10
0 0.694781 0.188848 0.04 0.10
0 0.717749 0.189248 0.04 0.10
0 0.810722 0.214735 0.04 0.10
0 0.811387 0.246524 0.04 0.10
0 0.811326 0.275944 0.04 0.10
0 0.810258 0.319536 0.04 0.10
0 0.811645 0.347275 0.04 0.10
0 0.810671 0.396087 0.04 0.10
0 0.810255 0.420081 0.04 0.10
0 0.810671 0.446156 0.04 0.10
0 0.810644 0.512855 0.04 0.10
0 0.811386 0.524045 0.04 0.10
0 0.811685 0.555563 0.04 0.10
0 0.811477 0.579765 0.04 0.10
0 0.811394 0.605756 0.04 0.10
0 0.809896 0.634882 0.04 0.10
0 0.810802 0.689284 0.04 0.10
0 0.811496 0.720375 0.04 0.10
0 0.810271 0.747120 0.04 0.10
0 0.729425 0.809956 0.04 0.10
0 0.696139 0.811343 0.04 0.10
0 0.666319 0.811690 0.04 0.10
0 0.639112 0.811066 0.04 0.10
0 0.616810 0.811315 0.04 0.10
0 0.591013 0.811648 0.04 0.10
0 0.565315 0.810317 0.04 0.10
0 0.520518 0.810434 0.04 0.10
0 0.482608 0.811706 0.04 0.10
0 0.449460 0.811197 0.04 0.10
0 0.426132 0.810476 0.04 0.10
0 0.369744 0.810476 0.04 0.10
0 0.338262 0.811709 0.04 0.10
0 0.304975 0.811431 0.04 0.10
0 0.266945 0.810710 0.04 0.10
0 0.236987 0.810211 0.04 0.10
0 0.189184 0.747722 0.04 0.10
0 0.188851 0.715766 0.04 0.10
0 0.188652 0.649652 0.04 0.10
0 0.188053 0.618097 0.04 0.10
0 0.188846 0.562348 0.04 0.10
0 0.189013 0.591248 0.04 0.10
0 0.188930 0.523352 0.04 0.10
0 0.188698 0.509829 0.04 0.10
0 0.188930 0.490181 0.04 0.10
0 0.189346 0.454467 0.04 0.10
0 0.189928 0.420154 0.04 0.10
0 0.189029 0.395389 0.04 0.10
0 0.188887 0.369410 0.04 0.10
0 0.189303 0.342781 0.04 0.10
0 0.189164 0.326415 0.04 0.10
0 0.190008 0.304471 0.04 0.10
0 0.189661 0.287365 0.04 0.10
0 0.189650 0.250576 0.04 0.10
0 0.190112 0.226189 0.04 0.10
