0 0.255734 0.206740 0.040000 0.100000
0 0.281618 0.205360 0.040000 0.100000
0 0.306811 0.204669 0.040000 0.100000
0 0.332350 0.205015 0.040000 0.100000
0 0.423253 0.204501 0.040000 0.100000
0 0.441228 0.204701 0.040000 0.100000
0 0.463996 0.204301 0.040000 0.100000
0 0.379315 0.205140 0.040000 0.100000
0 0.523042 0.205619 0.040000 0.100000
0 0.543014 0.205785 0.040000 0.100000
0 0.563652 0.205619 0.040000 0.100000
0 0.582792 0.205785 0.040000 0.100000
0 0.602930 0.205785 0.040000 0.100000
0 0.661011 0.204458 0.040000 0.100000
0 0.684012 0.205961 0.040000 0.100000
0 0.701348 0.205614 0.040000 0.100000
0 0.795385 0.223412 0.100000 0.040000
0 0.794276 0.252676 0.100000 0.040000
0 0.793943 0.279305 0.100000 0.040000
0 0.794195 0.321915 0.100000 0.040000
0 0.794611 0.347712 0.100000 0.040000
0 0.794198 0.398167 0.100000 0.040000
0 0.794753 0.419942 0.100000 0.040000
0 0.793921 0.443770 0.100000 0.040000
0 0.794628 0.513519 0.100000 0.040000
0 0.795321 0.525169 0.100000 0.040000
0 0.795044 0.556930 0.100000 0.040000
0 0.795460 0.579538 0.100000 0.040000
0 0.795072 0.604087 0.100000 0.040000
0 0.793907 0.629884 0.100000 0.040000
0 0.795122 0.685256 0.100000 0.040000
0 0.794622 0.712718 0.100000 0.040000
0 0.795288 0.737616 0.100000 0.040000
0 0.717347 0.794114 0.040000 0.100000
0 0.685891 0.794613 0.040000 0.100000
0 0.658596 0.794280 0.040000 0.100000
0 0.634463 0.793781 0.040000 0.100000
0 0.615124 0.794047 0.040000 0.100000
0 0.591357 0.794846 0.040000 0.100000
0 0.567790 0.794047 0.040000 0.100000
0 0.521352 0.794590 0.040000 0.100000
0 0.485902 0.794923 0.040000 0.100000
0 0.453281 0.794756 0.040000 0.100000
0 0.433150 0.795214 0.040000 0.100000
0 0.374316 0.794326 0.040000 0.100000
0 0.343959 0.795824 0.040000 0.100000
0 0.313601 0.795225 0.040000 0.100000
0 0.277236 0.794290 0.040000 0.100000
0 0.249627 0.795153 0.040000 0.100000
0 0.205900 0.735441 0.100000 0.040000
0 0.205900 0.706282 0.100000 0.040000
0 0.205101 0.638377 0.100000 0.040000
0 0.205085 0.609780 0.100000 0.040000
0 0.205750 0.585314 0.100000 0.040000
0 0.205085 0.558352 0.100000 0.040000
0 0.204419 0.518874 0.100000 0.040000
0 0.205857 0.504694 0.100000 0.040000
0 0.205377 0.485761 0.100000 0.040000
0 0.205154 0.453030 0.100000 0.040000
0 0.204822 0.420409 0.100000 0.040000
0 0.205654 0.397774 0.100000 0.040000
0 0.205480 0.373259 0.100000 0.040000
0 0.205018 0.348641 0.100000 0.040000
0 0.205365 0.331767 0.100000 0.040000
0 0.205434 0.311171 0.100000 0.040000
0 0.205850 0.293140 0.100000 0.040000
0 0.205734 0.257873 0.100000 0.040000
0 0.205933 0.234506 0.100000 0.040000
