0 0.270354 0.221866 0.040000 0.100000
0 0.294919 0.221666 0.040000 0.100000
0 0.315690 0.220867 0.040000 0.100000
0 0.337859 0.221466 0.040000 0.100000
0 0.359629 0.220867 0.040000 0.100000
0 0.379976 0.220987 0.040000 0.100000
0 0.425200 0.222355 0.040000 0.100000
0 0.442675 0.222687 0.040000 0.100000
0 0.464811 0.222687 0.040000 0.100000
0 0.525526 0.221536 0.040000 0.100000
0 0.542782 0.221536 0.040000 0.100000
0 0.561715 0.221296 0.040000 0.100000
0 0.578971 0.220817 0.040000 0.100000
0 0.594789 0.221775 0.040000 0.100000
0 0.652419 0.221958 0.040000 0.100000
0 0.671698 0.222235 0.040000 0.100000
0 0.688341 0.222096 0.040000 0.100000
0 0.779244 0.232213 0.100000 0.040000
0 0.778689 0.259258 0.100000 0.040000
0 0.778689 0.283058 0.100000 0.040000
0 0.778160 0.326121 0.100000 0.040000
0 0.778327 0.349089 0.100000 0.040000
0 0.777831 0.400354 0.100000 0.040000
0 0.777831 0.420492 0.100000 0.040000
0 0.778163 0.441796 0.100000 0.040000
0 0.778498 0.514286 0.100000 0.040000
0 0.778165 0.528599 0.100000 0.040000
0 0.778998 0.559223 0.100000 0.040000
0 0.778458 0.601903 0.100000 0.040000
0 0.778219 0.579854 0.100000 0.040000
0 0.778458 0.625869 0.100000 0.040000
0 0.778431 0.682714 0.100000 0.040000
0 0.778264 0.707180 0.100000 0.040000
0 0.778597 0.729149 0.100000 0.040000
0 0.707378 0.778732 0.040000 0.100000
0 0.677420 0.778177 0.040000 0.100000
0 0.652316 0.778871 0.040000 0.100000
0 0.631623 0.778455 0.040000 0.100000
0 0.614313 0.778788 0.040000 0.100000
0 0.593676 0.778288 0.040000 0.100000
0 0.572745 0.777603 0.040000 0.100000
0 0.522279 0.778392 0.040000 0.100000
0 0.489159 0.778724 0.040000 0.100000
0 0.458728 0.777207 0.040000 0.100000
0 0.439555 0.777446 0.040000 0.100000
0 0.379399 0.777446 0.040000 0.100000
0 0.351974 0.779646 0.040000 0.100000
0 0.323847 0.778814 0.040000 0.100000
0 0.289229 0.777982 0.040000 0.100000
0 0.264876 0.778581 0.040000 0.100000
0 0.221234 0.726258 0.100000 0.040000
0 0.221567 0.698796 0.100000 0.040000
0 0.221277 0.628665 0.100000 0.040000
0 0.221444 0.602368 0.100000 0.040000
0 0.221277 0.579900 0.100000 0.040000
0 0.221610 0.555101 0.100000 0.040000
0 0.220868 0.515466 0.100000 0.040000
0 0.221534 0.501153 0.100000 0.040000
0 0.220868 0.483844 0.100000 0.040000
0 0.220921 0.452779 0.100000 0.040000
0 0.221431 0.421813 0.100000 0.040000
0 0.221597 0.401009 0.100000 0.040000
0 0.222097 0.378707 0.100000 0.040000
0 0.221589 0.355397 0.100000 0.040000
0 0.221589 0.336812 0.100000 0.040000
0 0.221312 0.318643 0.100000 0.040000
0 0.221589 0.300336 0.100000 0.040000
0 0.221617 0.264580 0.100000 0.040000
0 0.222349 0.243343 0.100000 0.040000
