0 0.287439 0.238744 0.040000 0.100000
0 0.307244 0.238245 0.040000 0.100000
0 0.324886 0.236747 0.040000 0.100000
0 0.345025 0.238744 0.040000 0.100000
0 0.363199 0.238345 0.040000 0.100000
0 0.380775 0.238744 0.040000 0.100000
0 0.425972 0.237206 0.040000 0.100000
0 0.443747 0.237206 0.040000 0.100000
0 0.464717 0.237206 0.040000 0.100000
0 0.527817 0.236803 0.040000 0.100000
0 0.542396 0.236004 0.040000 0.100000
0 0.558574 0.237003 0.040000 0.100000
0 0.572554 0.236803 0.040000 0.100000
0 0.587134 0.237003 0.040000 0.100000
0 0.646410 0.237406 0.040000 0.100000
0 0.661389 0.237738 0.040000 0.100000
0 0.675869 0.237572 0.040000 0.100000
0 0.762175 0.243078 0.100000 0.040000
0 0.763133 0.266325 0.100000 0.040000
0 0.762414 0.287895 0.100000 0.040000
0 0.761839 0.330156 0.100000 0.040000
0 0.762238 0.349928 0.100000 0.040000
0 0.761640 0.403502 0.100000 0.040000
0 0.761871 0.421301 0.100000 0.040000
0 0.761223 0.439979 0.100000 0.040000
0 0.761418 0.516538 0.100000 0.040000
0 0.761085 0.532183 0.100000 0.040000
0 0.761185 0.562906 0.100000 0.040000
0 0.761235 0.582163 0.100000 0.040000
0 0.762732 0.600470 0.100000 0.040000
0 0.763080 0.622764 0.100000 0.040000
0 0.761955 0.680644 0.100000 0.040000
0 0.762435 0.701735 0.100000 0.040000
0 0.761716 0.720429 0.100000 0.040000
0 0.696719 0.761603 0.040000 0.100000
0 0.667671 0.761603 0.040000 0.100000
0 0.645799 0.761774 0.040000 0.100000
0 0.627990 0.761940 0.040000 0.100000
0 0.612345 0.762273 0.040000 0.100000
0 0.594870 0.761608 0.040000 0.100000
0 0.576729 0.761940 0.040000 0.100000
0 0.525201 0.762606 0.040000 0.100000
0 0.493965 0.761008 0.040000 0.100000
0 0.463288 0.762446 0.040000 0.100000
0 0.447709 0.762446 0.040000 0.100000
0 0.383187 0.763077 0.040000 0.100000
0 0.358555 0.763743 0.040000 0.100000
0 0.333623 0.762578 0.040000 0.100000
0 0.300070 0.762777 0.040000 0.100000
0 0.280098 0.761978 0.040000 0.100000
0 0.239096 0.715583 0.100000 0.040000
0 0.237548 0.690901 0.100000 0.040000
0 0.239376 0.617124 0.100000 0.040000
0 0.237795 0.595072 0.100000 0.040000
0 0.238627 0.574600 0.100000 0.040000
0 0.237761 0.553230 0.100000 0.040000
0 0.237988 0.512763 0.100000 0.040000
0 0.237988 0.497091 0.100000 0.040000
0 0.239098 0.473235 0.100000 0.040000
0 0.239474 0.452365 0.100000 0.040000
0 0.238275 0.422607 0.100000 0.040000
0 0.238078 0.405432 0.100000 0.040000
0 0.238495 0.385738 0.100000 0.040000
0 0.238217 0.362160 0.100000 0.040000
0 0.237635 0.342604 0.100000 0.040000
0 0.237626 0.326723 0.100000 0.040000
0 0.238042 0.307583 0.100000 0.040000
0 0.238348 0.272383 0.100000 0.040000
0 0.238181 0.252577 0.100000 0.040000
