0 0.217712 0.170704 0.040000 0.100000
0 0.251745 0.172503 0.040000 0.100000
0 0.284030 0.172542 0.040000 0.100000
0 0.314196 0.171386 0.040000 0.100000
0 0.344158 0.171284 0.040000 0.100000
0 0.373423 0.171839 0.040000 0.100000
0 0.417136 0.172361 0.040000 0.100000
0 0.433086 0.171552 0.040000 0.100000
0 0.454191 0.171853 0.040000 0.100000
0 0.517571 0.171482 0.040000 0.100000
0 0.541422 0.171917 0.040000 0.100000
0 0.566965 0.172380 0.040000 0.100000
0 0.592469 0.171975 0.040000 0.100000
0 0.618723 0.170617 0.040000 0.100000
0 0.673863 0.171035 0.040000 0.100000
0 0.704935 0.172095 0.040000 0.100000
0 0.728698 0.171193 0.040000 0.100000
0 0.828999 0.203534 0.100000 0.040000
0 0.829624 0.237417 0.100000 0.040000
0 0.828940 0.269786 0.100000 0.040000
0 0.828472 0.314035 0.100000 0.040000
0 0.828926 0.343750 0.100000 0.040000
0 0.828297 0.393861 0.100000 0.040000
0 0.828297 0.421184 0.100000 0.040000
0 0.829269 0.450569 0.100000 0.040000
0 0.828883 0.512507 0.100000 0.040000
0 0.829435 0.555578 0.100000 0.040000
0 0.828671 0.583839 0.100000 0.040000
0 0.829017 0.611752 0.100000 0.040000
0 0.829143 0.645458 0.100000 0.040000
0 0.828154 0.696926 0.100000 0.040000
0 0.829851 0.731483 0.100000 0.040000
0 0.828464 0.757002 0.100000 0.040000
0 0.738055 0.829465 0.040000 0.100000
0 0.703381 0.829604 0.040000 0.100000
0 0.668624 0.830158 0.040000 0.100000
0 0.641496 0.830158 0.040000 0.100000
0 0.616707 0.828677 0.040000 0.100000
0 0.587581 0.828511 0.040000 0.100000
0 0.560482 0.829225 0.040000 0.100000
0 0.514492 0.829369 0.040000 0.100000
0 0.476439 0.829188 0.040000 0.100000
0 0.443430 0.829188 0.040000 0.100000
0 0.416246 0.828217 0.040000 0.100000
0 0.361545 0.827668 0.040000 0.100000
0 0.328990 0.828867 0.040000 0.100000
0 0.294009 0.828592 0.040000 0.100000
0 0.253926 0.828592 0.040000 0.100000
0 0.219962 0.828377 0.040000 0.100000
0 0.172347 0.756302 0.100000 0.040000
0 0.171191 0.723073 0.100000 0.040000
0 0.171803 0.656823 0.100000 0.040000
0 0.170839 0.626965 0.100000 0.040000
0 0.171200 0.595344 0.100000 0.040000
0 0.171681 0.562212 0.100000 0.040000
0 0.171157 0.524282 0.100000 0.040000
0 0.171157 0.511384 0.100000 0.040000
0 0.171932 0.488173 0.100000 0.040000
0 0.171469 0.451419 0.100000 0.040000
0 0.173050 0.416769 0.100000 0.040000
0 0.170440 0.389055 0.100000 0.040000
0 0.170440 0.358196 0.100000 0.040000
0 0.170698 0.331825 0.100000 0.040000
0 0.172030 0.317013 0.100000 0.040000
0 0.171031 0.291715 0.100000 0.040000
0 0.172363 0.275571 0.100000 0.040000
0 0.171162 0.237899 0.100000 0.040000
0 0.171971 0.213743 0.100000 0.040000
