0 0.230112 0.187273 0.040000 0.100000
0 0.259816 0.186002 0.040000 0.100000
0 0.289848 0.187097 0.040000 0.100000
0 0.318308 0.187930 0.040000 0.100000
0 0.345603 0.187763 0.040000 0.100000
0 0.372781 0.186315 0.040000 0.100000
0 0.416886 0.187480 0.040000 0.100000
0 0.433696 0.187314 0.040000 0.100000
0 0.457164 0.186540 0.040000 0.100000
0 0.518299 0.187705 0.040000 0.100000
0 0.540629 0.186873 0.040000 0.100000
0 0.563430 0.186679 0.040000 0.100000
0 0.585899 0.187012 0.040000 0.100000
0 0.608867 0.187511 0.040000 0.100000
0 0.665291 0.186695 0.040000 0.100000
0 0.693349 0.186643 0.040000 0.100000
0 0.712350 0.187198 0.040000 0.100000
0 0.812601 0.210110 0.100000 0.040000
0 0.812236 0.242449 0.100000 0.040000
0 0.812731 0.272369 0.100000 0.040000
0 0.812454 0.316196 0.100000 0.040000
0 0.812814 0.343097 0.100000 0.040000
0 0.812139 0.394314 0.100000 0.040000
0 0.811792 0.419510 0.100000 0.040000
0 0.812481 0.447300 0.100000 0.040000
0 0.812318 0.512259 0.100000 0.040000
0 0.812984 0.556530 0.100000 0.040000
0 0.813007 0.582658 0.100000 0.040000
0 0.812661 0.608317 0.100000 0.040000
0 0.812661 0.638367 0.100000 0.040000
0 0.813363 0.691492 0.100000 0.040000
0 0.812822 0.723278 0.100000 0.040000
0 0.811990 0.746579 0.100000 0.040000
0 0.723236 0.812608 0.040000 0.100000
0 0.691614 0.812469 0.040000 0.100000
0 0.660408 0.813163 0.040000 0.100000
0 0.635970 0.812608 0.040000 0.100000
0 0.614500 0.812275 0.040000 0.100000
0 0.587438 0.811842 0.040000 0.100000
0 0.563671 0.811643 0.040000 0.100000
0 0.515418 0.811922 0.040000 0.100000
0 0.478750 0.812401 0.040000 0.100000
0 0.447521 0.812186 0.040000 0.100000
0 0.422596 0.811946 0.040000 0.100000
0 0.366275 0.810987 0.040000 0.100000
0 0.334352 0.811802 0.040000 0.100000
0 0.301854 0.811802 0.040000 0.100000
0 0.262740 0.812378 0.040000 0.100000
0 0.232178 0.811240 0.040000 0.100000
0 0.187602 0.744931 0.100000 0.040000
0 0.187842 0.713535 0.100000 0.040000
0 0.187602 0.644752 0.100000 0.040000
0 0.188082 0.616471 0.100000 0.040000
0 0.187363 0.587951 0.100000 0.040000
0 0.187818 0.557471 0.100000 0.040000
0 0.188058 0.518645 0.100000 0.040000
0 0.187578 0.506183 0.100000 0.040000
0 0.187389 0.484263 0.100000 0.040000
0 0.187389 0.450144 0.100000 0.040000
0 0.186889 0.416192 0.100000 0.040000
0 0.187056 0.390428 0.100000 0.040000
0 0.187256 0.361868 0.100000 0.040000
0 0.185981 0.335799 0.100000 0.040000
0 0.187146 0.321152 0.100000 0.040000
0 0.186683 0.296301 0.100000 0.040000
0 0.188069 0.281045 0.100000 0.040000
0 0.188624 0.244845 0.100000 0.040000
0 0.187515 0.223903 0.100000 0.040000
