0 0.244915 0.203515 0.040000 0.100000
0 0.271877 0.203315 0.040000 0.100000
0 0.298640 0.204114 0.040000 0.100000
0 0.324004 0.204314 0.040000 0.100000
0 0.347771 0.204713 0.040000 0.100000
0 0.372912 0.203179 0.040000 0.100000
0 0.418348 0.203012 0.040000 0.100000
0 0.434825 0.203179 0.040000 0.100000
0 0.454298 0.203512 0.040000 0.100000
0 0.519643 0.203095 0.040000 0.100000
0 0.540281 0.204926 0.040000 0.100000
0 0.560752 0.203928 0.040000 0.100000
0 0.580059 0.203095 0.040000 0.100000
0 0.600696 0.203262 0.040000 0.100000
0 0.657221 0.203106 0.040000 0.100000
0 0.681840 0.203337 0.040000 0.100000
0 0.698830 0.203453 0.040000 0.100000
0 0.796731 0.218186 0.100000 0.040000
0 0.796485 0.248475 0.100000 0.040000
0 0.796346 0.274966 0.100000 0.040000
0 0.796329 0.318932 0.100000 0.040000
0 0.796329 0.343697 0.100000 0.040000
0 0.796865 0.396273 0.100000 0.040000
0 0.796699 0.419741 0.100000 0.040000
0 0.795867 0.445038 0.100000 0.040000
0 0.795709 0.512427 0.100000 0.040000
0 0.795203 0.526195 0.100000 0.040000
0 0.795369 0.557817 0.100000 0.040000
0 0.795036 0.581784 0.100000 0.040000
0 0.795536 0.604585 0.100000 0.040000
0 0.796135 0.632745 0.100000 0.040000
0 0.796982 0.687101 0.100000 0.040000
0 0.796448 0.716392 0.100000 0.040000
0 0.795893 0.737474 0.100000 0.040000
0 0.711209 0.795548 0.040000 0.100000
0 0.681584 0.795881 0.040000 0.100000
0 0.653124 0.796214 0.040000 0.100000
0 0.631987 0.795382 0.040000 0.100000
0 0.612747 0.796114 0.040000 0.100000
0 0.588980 0.796314 0.040000 0.100000
0 0.567411 0.795914 0.040000 0.100000
0 0.516901 0.795583 0.040000 0.100000
0 0.482550 0.795782 0.040000 0.100000
0 0.451589 0.796154 0.040000 0.100000
0 0.429420 0.796354 0.040000 0.100000
0 0.370324 0.797626 0.040000 0.100000
0 0.341568 0.796840 0.040000 0.100000
0 0.309413 0.797728 0.040000 0.100000
0 0.273263 0.795132 0.040000 0.100000
0 0.245103 0.795331 0.040000 0.100000
0 0.203711 0.734540 0.100000 0.040000
0 0.203378 0.705081 0.100000 0.040000
0 0.204307 0.632745 0.100000 0.040000
0 0.204091 0.607830 0.100000 0.040000
0 0.203300 0.583018 0.100000 0.040000
0 0.203522 0.554807 0.100000 0.040000
0 0.204418 0.515110 0.100000 0.040000
0 0.204418 0.502073 0.100000 0.040000
0 0.204418 0.480852 0.100000 0.040000
0 0.204141 0.449646 0.100000 0.040000
0 0.202906 0.417788 0.100000 0.040000
0 0.203045 0.393794 0.100000 0.040000
0 0.203813 0.367960 0.100000 0.040000
0 0.203772 0.342538 0.100000 0.040000
0 0.203911 0.327143 0.100000 0.040000
0 0.202682 0.304042 0.100000 0.040000
0 0.203491 0.287283 0.100000 0.040000
0 0.203940 0.251689 0.100000 0.040000
0 0.203940 0.232550 0.100000 0.040000
