0 0.262350 0.220226 0.04 0.10
0 0.285318 0.220559 0.04 0.10
0 0.308619 0.219560 0.04 0.10
0 0.331753 0.220559 0.04 0.10
0 0.352391 0.220392 0.04 0.10
0 0.373661 0.219527 0.04 0.10
0 0.419996 0.219327 0.04 0.10
0 0.437435 0.219444 0.04 0.10
0 0.459238 0.220276 0.04 0.10
0 0.523065 0.220412 0.04 0.10
0 0.539875 0.220412 0.04 0.10
0 0.557351 0.219747 0.04 0.10
0 0.575325 0.220079 0.04 0.10
0 0.591636 0.220912 0.04 0.10
0 0.650345 0.219516 0.04 0.10
0 0.671843 0.219794 0.04 0.10
0 0.685712 0.220210 0.04 0.10
0 0.779675 0.229602 0.04 0.10
0 0.780075 0.254567 0.04 0.10
0 0.780674 0.277735 0.04 0.10
0 0.779290 0.322878 0.04 0.10
0 0.779623 0.344847 0.04 0.10
0 0.779962 0.398665 0.04 0.10
0 0.779939 0.420018 0.04 0.10
0 0.779506 0.443286 0.04 0.10
0 0.779550 0.514347 0.04 0.10
0 0.780105 0.528355 0.04 0.10
0 0.779550 0.561087 0.04 0.10
0 0.780205 0.582489 0.04 0.10
0 0.780475 0.603369 0.04 0.10
0 0.779897 0.628912 0.04 0.10
0 0.779405 0.685045 0.04 0.10
0 0.779123 0.710971 0.04 0.10
0 0.779456 0.729945 0.04 0.10
0 0.673667 0.780174 0.04 0.10
0 0.701151 0.778976 0.04 0.10
0 0.629132 0.778302 0.04 0.10
0 0.647995 0.779411 0.04 0.10
0 0.612489 0.780521 0.04 0.10
0 0.590853 0.780105 0.04 0.10
0 0.570048 0.780937 0.04 0.10
0 0.487533 0.779902 0.04 0.10
0 0.520127 0.779625 0.04 0.10
0 0.456707 0.779372 0.04 0.10
0 0.437290 0.779511 0.04 0.10
0 0.374967 0.780446 0.04 0.10
0 0.349632 0.780412 0.04 0.10
0 0.320618 0.779663 0.04 0.10
0 0.283153 0.780678 0.04 0.10
0 0.260518 0.779846 0.04 0.10
0 0.220633 0.724554 0.04 0.10
0 0.220332 0.697278 0.04 0.10
0 0.220473 0.624243 0.04 0.10
0 0.219877 0.600938 0.04 0.10
0 0.219183 0.577499 0.04 0.10
0 0.219877 0.552811 0.04 0.10
0 0.220277 0.498528 0.04 0.10
0 0.220374 0.513264 0.04 0.10
0 0.221433 0.480517 0.04 0.10
0 0.220218 0.449876 0.04 0.10
0 0.220351 0.397995 0.04 0.10
0 0.220100 0.419015 0.04 0.10
0 0.220100 0.373800 0.04 0.10
0 0.220028 0.350227 0.04 0.10
0 0.219691 0.333208 0.04 0.10
0 0.220558 0.314330 0.04 0.10
0 0.220384 0.295337 0.04 0.10
0 0.219691 0.260515 0.04 0.10
0 0.220356 0.242707 0.04 0.10
