0 0.763563 0.238704 0.04 0.10
0 0.763962 0.262271 0.04 0.10
0 0.763962 0.285039 0.04 0.10
0 0.763164 0.328378 0.04 0.10
0 0.762964 0.347551 0.04 0.10
0 0.764365 0.401899 0.04 0.10
0 0.763533 0.421371 0.04 0.10
0 0.763956 0.442565 0.04 0.10
0 0.764012 0.516052 0.04 0.10
0 0.764012 0.531530 0.04 0.10
0 0.762847 0.564318 0.04 0.10
0 0.763014 0.584123 0.04 0.10
0 0.763546 0.602997 0.04 0.10
0 0.763746 0.625166 0.04 0.10
0 0.764354 0.683205 0.04 0.10
0 0.763245 0.705673 0.04 0.10
0 0.763522 0.723149 0.04 0.10
0 0.236579 0.717028 0.04 0.10
0 0.236117 0.690399 0.04 0.10
0 0.236463 0.615186 0.04 0.10
0 0.236463 0.594415 0.04 0.10
0 0.237062 0.574044 0.04 0.10
0 0.236063 0.551875 0.04 0.10
0 0.237039 0.512087 0.04 0.10
0 0.236539 0.495278 0.04 0.10
0 0.236040 0.479300 0.04 0.10
0 0.235707 0.450673 0.04 0.10
0 0.235674 0.421880 0.04 0.10
0 0.236383 0.402830 0.04 0.10
0 0.236383 0.382359 0.04 0.10
0 0.236882 0.357893 0.04 0.10
0 0.237382 0.342415 0.04 0.10
0 0.236330 0.323938 0.04 0.10
0 0.236746 0.304105 0.04 0.10
0 0.237434 0.269996 0.04 0.10
0 0.236567 0.253044 0.04 0.10
