0 0.215435 0.170951 0.04 0.10
0 0.254646 0.171589 0.04 0.10
0 0.287702 0.170780 0.04 0.10
0 0.321710 0.171183 0.04 0.10
0 0.352778 0.171460 0.04 0.10
0 0.381210 0.171044 0.04 0.10
0 0.419462 0.170545 0.04 0.10
0 0.436461 0.170850 0.04 0.10
0 0.463718 0.170369 0.04 0.10
0 0.514985 0.170145 0.04 0.10
0 0.541046 0.170076 0.04 0.10
0 0.567211 0.170494 0.04 0.10
0 0.594814 0.170486 0.04 0.10
0 0.620795 0.170686 0.04 0.10
0 0.675726 0.170304 0.04 0.10
0 0.706702 0.170882 0.04 0.10
0 0.735221 0.170117 0.04 0.10
0 0.830010 0.234427 0.04 0.10
0 0.830241 0.269332 0.04 0.10
0 0.829987 0.302087 0.04 0.10
0 0.829335 0.348530 0.04 0.10
0 0.829890 0.377517 0.04 0.10
0 0.829732 0.427661 0.04 0.10
0 0.829870 0.454429 0.04 0.10
0 0.830841 0.476065 0.04 0.10
0 0.830141 0.538643 0.04 0.10
0 0.830333 0.552031 0.04 0.10
0 0.830719 0.587957 0.04 0.10
0 0.829684 0.614450 0.04 0.10
0 0.829781 0.644693 0.04 0.10
0 0.830031 0.675206 0.04 0.10
0 0.829515 0.730181 0.04 0.10
0 0.830714 0.762136 0.04 0.10
0 0.830514 0.800882 0.04 0.10
0 0.735122 0.829944 0.04 0.10
0 0.699006 0.829778 0.04 0.10
0 0.670227 0.830430 0.04 0.10
0 0.645955 0.830984 0.04 0.10
0 0.616996 0.830263 0.04 0.10
0 0.590699 0.830097 0.04 0.10
0 0.565776 0.830776 0.04 0.10
0 0.518412 0.829692 0.04 0.10
0 0.476179 0.830566 0.04 0.10
0 0.445666 0.830566 0.04 0.10
0 0.418654 0.829561 0.04 0.10
0 0.357897 0.829853 0.04 0.10
0 0.326969 0.830685 0.04 0.10
0 0.292988 0.831240 0.04 0.10
0 0.254681 0.830685 0.04 0.10
0 0.226990 0.831261 0.04 0.10
0 0.171442 0.786476 0.04 0.10
0 0.170940 0.755484 0.04 0.10
0 0.170824 0.694369 0.04 0.10
0 0.170361 0.661082 0.04 0.10
0 0.170188 0.630396 0.04 0.10
0 0.169841 0.600230 0.04 0.10
0 0.171120 0.555475 0.04 0.10
0 0.169964 0.521264 0.04 0.10
0 0.171478 0.486163 0.04 0.10
0 0.169398 0.454841 0.04 0.10
0 0.170403 0.425241 0.04 0.10
0 0.169941 0.395768 0.04 0.10
0 0.169594 0.358806 0.04 0.10
0 0.169394 0.320284 0.04 0.10
0 0.171128 0.306530 0.04 0.10
0 0.169681 0.267899 0.04 0.10
0 0.170213 0.235910 0.04 0.10
