0 0.226664 0.187387 0.040000 0.100000
0 0.262147 0.185653 0.040000 0.100000
0 0.294336 0.187431 0.040000 0.100000
0 0.325196 0.187431 0.040000 0.100000
0 0.354113 0.187570 0.040000 0.100000
0 0.379827 0.186599 0.040000 0.100000
0 0.419670 0.187080 0.040000 0.100000
0 0.436868 0.187357 0.040000 0.100000
0 0.463220 0.186386 0.040000 0.100000
0 0.516478 0.186096 0.040000 0.100000
0 0.539710 0.186905 0.040000 0.100000
0 0.563057 0.186212 0.040000 0.100000
0 0.588634 0.185936 0.040000 0.100000
0 0.611403 0.186977 0.040000 0.100000
0 0.667949 0.185377 0.040000 0.100000
0 0.696395 0.185030 0.040000 0.100000
0 0.720029 0.185363 0.040000 0.100000
0 0.814399 0.244261 0.100000 0.040000
0 0.813474 0.275814 0.100000 0.040000
0 0.813647 0.307147 0.100000 0.040000
0 0.812815 0.352602 0.100000 0.040000
0 0.813912 0.378496 0.100000 0.040000
0 0.813424 0.430134 0.100000 0.040000
0 0.813540 0.454752 0.100000 0.040000
0 0.814141 0.474100 0.100000 0.040000
0 0.813106 0.539650 0.100000 0.040000
0 0.811997 0.553936 0.100000 0.040000
0 0.813523 0.590274 0.100000 0.040000
0 0.814701 0.615280 0.100000 0.040000
0 0.813592 0.642742 0.100000 0.040000
0 0.813562 0.671131 0.100000 0.040000
0 0.813931 0.728197 0.100000 0.040000
0 0.814412 0.757092 0.100000 0.040000
0 0.813757 0.793191 0.100000 0.040000
0 0.722713 0.813827 0.040000 0.100000
0 0.688469 0.813880 0.040000 0.100000
0 0.661308 0.814361 0.040000 0.100000
0 0.640388 0.813706 0.040000 0.100000
0 0.613204 0.813221 0.040000 0.100000
0 0.591013 0.813082 0.040000 0.100000
0 0.568045 0.813637 0.040000 0.100000
0 0.519193 0.813905 0.040000 0.100000
0 0.479087 0.814368 0.040000 0.100000
0 0.449475 0.813328 0.040000 0.100000
0 0.426050 0.814174 0.040000 0.100000
0 0.361933 0.814264 0.040000 0.100000
0 0.333848 0.813223 0.040000 0.100000
0 0.301934 0.813422 0.040000 0.100000
0 0.265818 0.813256 0.040000 0.100000
0 0.243389 0.813052 0.040000 0.100000
0 0.186809 0.775693 0.100000 0.040000
0 0.186462 0.747222 0.100000 0.040000
0 0.186853 0.684326 0.100000 0.040000
0 0.186604 0.653249 0.100000 0.040000
0 0.186188 0.624678 0.100000 0.040000
0 0.186537 0.597589 0.100000 0.040000
0 0.187783 0.551767 0.100000 0.040000
0 0.186882 0.518634 0.100000 0.040000
0 0.186015 0.484924 0.100000 0.040000
0 0.186535 0.454785 0.100000 0.040000
0 0.185564 0.427323 0.100000 0.040000
0 0.186893 0.401106 0.100000 0.040000
0 0.185973 0.365907 0.100000 0.040000
0 0.186666 0.352962 0.100000 0.040000
0 0.185120 0.328785 0.100000 0.040000
0 0.186950 0.312797 0.100000 0.040000
0 0.186988 0.276274 0.100000 0.040000
0 0.186493 0.245668 0.100000 0.040000
