0 0.238284 0.202125 0.040000 0.100000
0 0.272796 0.202604 0.040000 0.100000
0 0.302275 0.202844 0.040000 0.100000
0 0.329117 0.201885 0.040000 0.100000
0 0.355720 0.202844 0.040000 0.100000
0 0.379662 0.202963 0.040000 0.100000
0 0.421124 0.203922 0.040000 0.100000
0 0.437641 0.204022 0.040000 0.100000
0 0.463006 0.203623 0.040000 0.100000
0 0.518052 0.202215 0.040000 0.100000
0 0.538856 0.201549 0.040000 0.100000
0 0.559660 0.202215 0.040000 0.100000
0 0.582628 0.202215 0.040000 0.100000
0 0.603932 0.203380 0.040000 0.100000
0 0.660436 0.203263 0.040000 0.100000
0 0.684735 0.202431 0.040000 0.100000
0 0.704874 0.202597 0.040000 0.100000
0 0.798205 0.252391 0.100000 0.040000
0 0.798436 0.280824 0.100000 0.040000
0 0.796737 0.310932 0.100000 0.040000
0 0.796991 0.355222 0.100000 0.040000
0 0.798387 0.430924 0.100000 0.040000
0 0.797172 0.379147 0.100000 0.040000
0 0.797908 0.453541 0.100000 0.040000
0 0.796382 0.479754 0.100000 0.040000
0 0.797822 0.540339 0.100000 0.040000
0 0.798377 0.555040 0.100000 0.040000
0 0.797414 0.592030 0.100000 0.040000
0 0.797580 0.615165 0.100000 0.040000
0 0.797081 0.639464 0.100000 0.040000
0 0.796582 0.665261 0.100000 0.040000
0 0.797508 0.723634 0.100000 0.040000
0 0.797646 0.750264 0.100000 0.040000
0 0.798162 0.784821 0.100000 0.040000
0 0.709905 0.796538 0.040000 0.100000
0 0.678121 0.798041 0.040000 0.100000
0 0.655144 0.797255 0.040000 0.100000
0 0.635033 0.797116 0.040000 0.100000
0 0.611982 0.797893 0.040000 0.100000
0 0.591510 0.797560 0.040000 0.100000
0 0.572204 0.797727 0.040000 0.100000
0 0.520562 0.796936 0.040000 0.100000
0 0.482976 0.796797 0.040000 0.100000
0 0.454544 0.797213 0.040000 0.100000
0 0.433462 0.797657 0.040000 0.100000
0 0.367787 0.797191 0.040000 0.100000
0 0.342223 0.796992 0.040000 0.100000
0 0.311560 0.797355 0.040000 0.100000
0 0.276970 0.796995 0.040000 0.100000
0 0.258662 0.795996 0.040000 0.100000
0 0.201975 0.765505 0.100000 0.040000
0 0.201958 0.739092 0.100000 0.040000
0 0.202599 0.672028 0.100000 0.040000
0 0.201767 0.645121 0.100000 0.040000
0 0.202516 0.617992 0.100000 0.040000
0 0.202516 0.593194 0.100000 0.040000
0 0.203506 0.547871 0.100000 0.040000
0 0.202813 0.532892 0.100000 0.040000
0 0.202396 0.515416 0.100000 0.040000
0 0.202396 0.483517 0.100000 0.040000
0 0.203645 0.453642 0.100000 0.040000
0 0.202704 0.428795 0.100000 0.040000
0 0.202473 0.404754 0.100000 0.040000
0 0.202773 0.371629 0.100000 0.040000
0 0.202891 0.356999 0.100000 0.040000
0 0.202660 0.335617 0.100000 0.040000
0 0.203122 0.319552 0.100000 0.040000
0 0.203076 0.282220 0.100000 0.040000
0 0.202674 0.255105 0.100000 0.040000
