0 0.253605 0.219205 0.040000 0.100000
0 0.283896 0.218372 0.040000 0.100000
0 0.310026 0.218539 0.040000 0.100000
0 0.335187 0.219628 0.040000 0.100000
0 0.358881 0.219628 0.040000 0.100000
0 0.379917 0.219281 0.040000 0.100000
0 0.421861 0.218634 0.040000 0.100000
0 0.439336 0.218495 0.040000 0.100000
0 0.463192 0.219604 0.040000 0.100000
0 0.520279 0.219353 0.040000 0.100000
0 0.539696 0.219492 0.040000 0.100000
0 0.558559 0.220047 0.040000 0.100000
0 0.577144 0.219908 0.040000 0.100000
0 0.596977 0.218798 0.040000 0.100000
0 0.652850 0.219202 0.040000 0.100000
0 0.674764 0.219479 0.040000 0.100000
0 0.693072 0.220172 0.040000 0.100000
0 0.781778 0.260918 0.100000 0.040000
0 0.781586 0.286944 0.100000 0.040000
0 0.781078 0.312788 0.100000 0.040000
0 0.781509 0.356614 0.100000 0.040000
0 0.781509 0.378478 0.100000 0.040000
0 0.781008 0.431539 0.100000 0.040000
0 0.781817 0.451650 0.100000 0.040000
0 0.781193 0.477355 0.100000 0.040000
0 0.779903 0.540852 0.100000 0.040000
0 0.780597 0.556663 0.100000 0.040000
0 0.781013 0.592585 0.100000 0.040000
0 0.781046 0.613289 0.100000 0.040000
0 0.782045 0.636457 0.100000 0.040000
0 0.781446 0.659425 0.100000 0.040000
0 0.780594 0.719231 0.100000 0.040000
0 0.781593 0.743031 0.100000 0.040000
0 0.781593 0.774154 0.100000 0.040000
0 0.699442 0.781678 0.040000 0.100000
0 0.669507 0.781910 0.040000 0.100000
0 0.647385 0.781124 0.040000 0.100000
0 0.631712 0.781678 0.040000 0.100000
0 0.611851 0.781068 0.040000 0.100000
0 0.593710 0.781568 0.040000 0.100000
0 0.575902 0.781734 0.040000 0.100000
0 0.522344 0.782288 0.040000 0.100000
0 0.487906 0.781942 0.040000 0.100000
0 0.458226 0.781248 0.040000 0.100000
0 0.441555 0.780776 0.040000 0.100000
0 0.374717 0.780656 0.040000 0.100000
0 0.351138 0.780656 0.040000 0.100000
0 0.323261 0.780933 0.040000 0.100000
0 0.288199 0.781849 0.040000 0.100000
0 0.272367 0.782092 0.040000 0.100000
0 0.218727 0.752654 0.100000 0.040000
0 0.217894 0.728382 0.100000 0.040000
0 0.219491 0.658588 0.100000 0.040000
0 0.219661 0.633363 0.100000 0.040000
0 0.219523 0.609091 0.100000 0.040000
0 0.219384 0.586623 0.100000 0.040000
0 0.218752 0.542450 0.100000 0.040000
0 0.219561 0.526385 0.100000 0.040000
0 0.219902 0.509142 0.100000 0.040000
0 0.219671 0.479785 0.100000 0.040000
0 0.219555 0.451699 0.100000 0.040000
0 0.219457 0.429225 0.100000 0.040000
0 0.219457 0.407650 0.100000 0.040000
0 0.218760 0.376629 0.100000 0.040000
0 0.218760 0.361026 0.100000 0.040000
0 0.219840 0.342458 0.100000 0.040000
0 0.220804 0.324447 0.100000 0.040000
0 0.218192 0.286822 0.100000 0.040000
0 0.218746 0.262412 0.100000 0.040000
