0 0.764457 0.267531 0.04 0.10
0 0.765694 0.290839 0.04 0.10
0 0.765578 0.314070 0.04 0.10
0 0.765259 0.357648 0.04 0.10
0 0.765426 0.376622 0.04 0.10
0 0.765635 0.430803 0.04 0.10
0 0.765136 0.448611 0.04 0.10
0 0.765136 0.464422 0.04 0.10
0 0.764694 0.540643 0.04 0.10
0 0.764972 0.556038 0.04 0.10
0 0.765388 0.592514 0.04 0.10
0 0.765804 0.610739 0.04 0.10
0 0.765471 0.631044 0.04 0.10
0 0.764972 0.652347 0.04 0.10
0 0.765938 0.714126 0.04 0.10
0 0.766215 0.734930 0.04 0.10
0 0.765660 0.763917 0.04 0.10
0 0.237337 0.740294 0.04 0.10
0 0.236088 0.715884 0.04 0.10
0 0.235582 0.643861 0.04 0.10
0 0.235224 0.622067 0.04 0.10
0 0.235779 0.601540 0.04 0.10
0 0.236195 0.579765 0.04 0.10
0 0.233382 0.537507 0.04 0.10
0 0.235427 0.519896 0.04 0.10
0 0.235704 0.495901 0.04 0.10
0 0.235461 0.476866 0.04 0.10
0 0.236270 0.448664 0.04 0.10
0 0.235924 0.428091 0.04 0.10
0 0.235022 0.409298 0.04 0.10
0 0.235797 0.380688 0.04 0.10
0 0.235484 0.364043 0.04 0.10
0 0.234954 0.347075 0.04 0.10
0 0.236075 0.328363 0.04 0.10
0 0.235041 0.292250 0.04 0.10
0 0.235241 0.270177 0.04 0.10
