0 0.821639 0.235047 0.100000 0.040000
0 0.821639 0.267763 0.100000 0.040000
0 0.820117 0.300479 0.100000 0.040000
0 0.820878 0.344607 0.100000 0.040000
0 0.820878 0.373519 0.100000 0.040000
0 0.820140 0.420287 0.100000 0.040000
0 0.820580 0.446265 0.100000 0.040000
0 0.820580 0.468720 0.100000 0.040000
0 0.819987 0.542569 0.100000 0.040000
0 0.819987 0.577352 0.100000 0.040000
0 0.820427 0.602449 0.100000 0.040000
0 0.820867 0.630628 0.100000 0.040000
0 0.820427 0.660569 0.100000 0.040000
0 0.820422 0.714850 0.100000 0.040000
0 0.819541 0.747433 0.100000 0.040000
0 0.820862 0.780895 0.100000 0.040000
0 0.746452 0.819641 0.040000 0.100000
0 0.710578 0.821478 0.040000 0.100000
0 0.677556 0.820598 0.040000 0.100000
0 0.651138 0.821038 0.040000 0.100000
0 0.624720 0.821919 0.040000 0.100000
0 0.596541 0.821478 0.040000 0.100000
0 0.567921 0.822799 0.040000 0.100000
0 0.517287 0.821038 0.040000 0.100000
0 0.484265 0.821478 0.040000 0.100000
0 0.450973 0.820511 0.040000 0.100000
0 0.424995 0.821392 0.040000 0.100000
0 0.370398 0.821832 0.040000 0.100000
0 0.337376 0.821392 0.040000 0.100000
0 0.303913 0.822713 0.040000 0.100000
0 0.269570 0.819631 0.040000 0.100000
0 0.240297 0.821285 0.040000 0.100000
0 0.179095 0.775934 0.100000 0.040000
0 0.178655 0.739829 0.100000 0.040000
0 0.179645 0.679794 0.100000 0.040000
0 0.179008 0.647519 0.100000 0.040000
0 0.179433 0.616518 0.100000 0.040000
0 0.178583 0.586366 0.100000 0.040000
0 0.179043 0.542796 0.100000 0.040000
0 0.179043 0.510309 0.100000 0.040000
0 0.177981 0.475273 0.100000 0.040000
0 0.178473 0.444132 0.100000 0.040000
0 0.178261 0.416529 0.100000 0.040000
0 0.179110 0.388713 0.100000 0.040000
0 0.180384 0.352828 0.100000 0.040000
0 0.179887 0.340571 0.100000 0.040000
0 0.180312 0.312543 0.100000 0.040000
0 0.180312 0.265617 0.100000 0.040000
0 0.178325 0.231720 0.100000 0.040000
0 0.234382 0.179698 0.040000 0.100000
0 0.265971 0.177951 0.040000 0.100000
0 0.299308 0.177527 0.040000 0.100000
0 0.330097 0.176677 0.040000 0.100000
0 0.359823 0.177527 0.040000 0.100000
0 0.387949 0.178305 0.040000 0.100000
0 0.426170 0.178942 0.040000 0.100000
0 0.435088 0.177881 0.040000 0.100000
0 0.440396 0.177881 0.040000 0.100000
0 0.459082 0.177456 0.040000 0.100000
0 0.467363 0.177456 0.040000 0.100000
0 0.544130 0.177583 0.040000 0.100000
0 0.520349 0.179281 0.040000 0.100000
0 0.569398 0.179281 0.040000 0.100000
0 0.593605 0.177583 0.040000 0.100000
0 0.620359 0.177583 0.040000 0.100000
0 0.672078 0.179036 0.040000 0.100000
0 0.702017 0.178824 0.040000 0.100000
0 0.728134 0.181372 0.040000 0.100000
