0 0.804153 0.244073 0.04 0.10
0 0.804407 0.273630 0.04 0.10
0 0.804917 0.303952 0.04 0.10
0 0.805073 0.345944 0.04 0.10
0 0.806092 0.373718 0.04 0.10
0 0.805073 0.421111 0.04 0.10
0 0.805233 0.445828 0.04 0.10
0 0.805233 0.466722 0.04 0.10
0 0.805997 0.543417 0.04 0.10
0 0.804755 0.578592 0.04 0.10
0 0.803723 0.602332 0.04 0.10
0 0.804211 0.627523 0.04 0.10
0 0.803956 0.656570 0.04 0.10
0 0.804721 0.529678 0.04 0.10
0 0.804022 0.710427 0.04 0.10
0 0.804786 0.741258 0.04 0.10
0 0.804531 0.771580 0.04 0.10
0 0.731416 0.803434 0.04 0.10
0 0.697513 0.804755 0.04 0.10
0 0.669774 0.804314 0.04 0.10
0 0.645998 0.805195 0.04 0.10
0 0.596685 0.805195 0.04 0.10
0 0.524622 0.806725 0.04 0.10
0 0.572174 0.805404 0.04 0.10
0 0.622368 0.806285 0.04 0.10
0 0.487206 0.804865 0.04 0.10
0 0.455639 0.804791 0.04 0.10
0 0.432489 0.804349 0.04 0.10
0 0.373667 0.804915 0.04 0.10
0 0.344874 0.804150 0.04 0.10
0 0.312514 0.805679 0.04 0.10
0 0.277097 0.804150 0.04 0.10
0 0.255438 0.803641 0.04 0.10
0 0.193920 0.765546 0.04 0.10
0 0.195704 0.730638 0.04 0.10
0 0.195607 0.668347 0.04 0.10
0 0.195097 0.639809 0.04 0.10
0 0.194333 0.611781 0.04 0.10
0 0.195352 0.583752 0.04 0.10
0 0.194959 0.538823 0.04 0.10
0 0.195214 0.506972 0.04 0.10
0 0.194705 0.474867 0.04 0.10
0 0.195469 0.465949 0.04 0.10
0 0.195979 0.443527 0.04 0.10
0 0.195732 0.418911 0.04 0.10
0 0.194995 0.392959 0.04 0.10
0 0.194503 0.357264 0.04 0.10
0 0.194248 0.350129 0.04 0.10
0 0.194503 0.344524 0.04 0.10
0 0.196032 0.321082 0.04 0.10
0 0.195183 0.309945 0.04 0.10
0 0.194928 0.271979 0.04 0.10
0 0.195692 0.241913 0.04 0.10
0 0.243333 0.192480 0.04 0.10
0 0.276203 0.192735 0.04 0.10
0 0.305250 0.192735 0.04 0.10
0 0.335317 0.193499 0.04 0.10
0 0.361503 0.195260 0.04 0.10
0 0.386474 0.194240 0.04 0.10
0 0.425968 0.194240 0.04 0.10
0 0.435141 0.194240 0.04 0.10
0 0.442021 0.199336 0.04 0.10
0 0.458328 0.197043 0.04 0.10
0 0.466737 0.196788 0.04 0.10
0 0.521844 0.196488 0.04 0.10
0 0.543503 0.195978 0.04 0.10
0 0.566435 0.196233 0.04 0.10
0 0.586564 0.196488 0.04 0.10
0 0.609751 0.196997 0.04 0.10
0 0.663472 0.194643 0.04 0.10
0 0.688569 0.196844 0.04 0.10
0 0.715867 0.195964 0.04 0.10
