0 0.788385 0.252471 0.04 0.10
0 0.788825 0.279770 0.04 0.10
0 0.788618 0.306383 0.04 0.10
0 0.789238 0.348016 0.04 0.10
0 0.788474 0.372732 0.04 0.10
0 0.789249 0.421733 0.04 0.10
0 0.788808 0.444629 0.04 0.10
0 0.787928 0.461800 0.04 0.10
0 0.788289 0.579513 0.04 0.10
0 0.787849 0.600207 0.04 0.10
0 0.788289 0.624864 0.04 0.10
0 0.786528 0.649521 0.04 0.10
0 0.787408 0.544289 0.04 0.10
0 0.787849 0.529760 0.04 0.10
0 0.787449 0.706708 0.04 0.10
0 0.788770 0.733126 0.04 0.10
0 0.789210 0.760425 0.04 0.10
0 0.719202 0.788604 0.04 0.10
0 0.687061 0.788604 0.04 0.10
0 0.661083 0.789485 0.04 0.10
0 0.596033 0.788458 0.04 0.10
0 0.619810 0.787137 0.04 0.10
0 0.639623 0.789338 0.04 0.10
0 0.574899 0.788458 0.04 0.10
0 0.518541 0.790659 0.04 0.10
0 0.490362 0.790219 0.04 0.10
0 0.459101 0.788458 0.04 0.10
0 0.437086 0.790219 0.04 0.10
0 0.376992 0.790855 0.04 0.10
0 0.350134 0.789534 0.04 0.10
0 0.321514 0.789974 0.04 0.10
0 0.288492 0.789094 0.04 0.10
0 0.266917 0.788213 0.04 0.10
0 0.211880 0.752989 0.04 0.10
0 0.212320 0.723049 0.04 0.10
0 0.211413 0.655882 0.04 0.10
0 0.210533 0.631225 0.04 0.10
0 0.212294 0.605248 0.04 0.10
0 0.210973 0.580151 0.04 0.10
0 0.212294 0.534800 0.04 0.10
0 0.211854 0.504420 0.04 0.10
0 0.211413 0.472278 0.04 0.10
0 0.210973 0.443218 0.04 0.10
0 0.211276 0.420832 0.04 0.10
0 0.210836 0.396615 0.04 0.10
0 0.209955 0.362713 0.04 0.10
0 0.211276 0.327489 0.04 0.10
0 0.211373 0.249684 0.04 0.10
0 0.210492 0.276983 0.04 0.10
0 0.212694 0.310005 0.04 0.10
0 0.287104 0.209617 0.04 0.10
0 0.258925 0.210058 0.04 0.10
0 0.312201 0.210498 0.04 0.10
0 0.339940 0.210498 0.04 0.10
0 0.362836 0.210498 0.04 0.10
0 0.385291 0.210498 0.04 0.10
0 0.425723 0.211401 0.04 0.10
0 0.435409 0.210080 0.04 0.10
0 0.443335 0.210961 0.04 0.10
0 0.457424 0.210521 0.04 0.10
0 0.467111 0.210521 0.04 0.10
0 0.524349 0.209640 0.04 0.10
0 0.542842 0.210521 0.04 0.10
0 0.563096 0.210521 0.04 0.10
0 0.582469 0.210521 0.04 0.10
0 0.601842 0.212282 0.04 0.10
0 0.655118 0.212282 0.04 0.10
0 0.679104 0.211389 0.04 0.10
0 0.701999 0.210949 0.04 0.10
