0 0.770778 0.260355 0.100000 0.040000
0 0.771658 0.284131 0.100000 0.040000
0 0.771658 0.307467 0.100000 0.040000
0 0.772979 0.349295 0.100000 0.040000
0 0.770778 0.372190 0.100000 0.040000
0 0.773161 0.421932 0.100000 0.040000
0 0.772280 0.440865 0.100000 0.040000
0 0.771840 0.457596 0.100000 0.040000
0 0.771400 0.465081 0.100000 0.040000
0 0.771840 0.536850 0.100000 0.040000
0 0.772280 0.546096 0.100000 0.040000
0 0.771400 0.579999 0.100000 0.040000
0 0.772280 0.598932 0.100000 0.040000
0 0.770824 0.619282 0.100000 0.040000
0 0.772585 0.644379 0.100000 0.040000
0 0.773025 0.701618 0.100000 0.040000
0 0.773025 0.725835 0.100000 0.040000
0 0.770824 0.748290 0.100000 0.040000
0 0.579088 0.772251 0.040000 0.100000
0 0.597580 0.772691 0.040000 0.100000
0 0.526692 0.774452 0.040000 0.100000
0 0.518327 0.771811 0.040000 0.100000
0 0.493670 0.772691 0.040000 0.100000
0 0.462849 0.774452 0.040000 0.100000
0 0.444356 0.774893 0.040000 0.100000
0 0.384476 0.773572 0.040000 0.100000
0 0.357618 0.772691 0.040000 0.100000
0 0.331640 0.771811 0.040000 0.100000
0 0.617834 0.773131 0.040000 0.100000
0 0.636327 0.774012 0.040000 0.100000
0 0.706691 0.772246 0.040000 0.100000
0 0.676751 0.773126 0.040000 0.100000
0 0.654296 0.773566 0.040000 0.100000
0 0.298700 0.773725 0.040000 0.100000
0 0.281088 0.772404 0.040000 0.100000
0 0.228253 0.741583 0.100000 0.040000
0 0.226051 0.714725 0.100000 0.040000
0 0.226553 0.645846 0.100000 0.040000
0 0.226553 0.621190 0.100000 0.040000
0 0.226993 0.597414 0.100000 0.040000
0 0.226993 0.574518 0.100000 0.040000
0 0.228314 0.529608 0.100000 0.040000
0 0.226553 0.515078 0.100000 0.040000
0 0.226553 0.500988 0.100000 0.040000
0 0.226113 0.491742 0.100000 0.040000
0 0.226993 0.470167 0.100000 0.040000
0 0.226993 0.460041 0.100000 0.040000
0 0.226918 0.420937 0.100000 0.040000
0 0.226477 0.441631 0.100000 0.040000
0 0.227358 0.399802 0.100000 0.040000
0 0.227358 0.369422 0.100000 0.040000
0 0.227798 0.354452 0.100000 0.040000
0 0.227798 0.332437 0.100000 0.040000
0 0.228679 0.314825 0.100000 0.040000
0 0.228679 0.282683 0.100000 0.040000
0 0.227798 0.259347 0.100000 0.040000
0 0.274535 0.227567 0.040000 0.100000
0 0.297871 0.226686 0.040000 0.100000
0 0.320326 0.226246 0.040000 0.100000
0 0.343662 0.225805 0.040000 0.100000
0 0.366117 0.225805 0.040000 0.100000
0 0.385931 0.227567 0.040000 0.100000
0 0.427759 0.226686 0.040000 0.100000
0 0.444490 0.227126 0.040000 0.100000
0 0.458140 0.226686 0.040000 0.100000
0 0.467826 0.229328 0.040000 0.100000
0 0.575352 0.227081 0.040000 0.100000
0 0.559809 0.226316 0.040000 0.100000
0 0.542228 0.226826 0.040000 0.100000
0 0.593952 0.227845 0.040000 0.100000
0 0.648735 0.227845 0.040000 0.100000
0 0.669884 0.227335 0.040000 0.100000
0 0.688484 0.227590 0.040000 0.100000
0 0.525430 0.226972 0.040000 0.100000
