0 0.757244 0.265942 0.04 0.10
0 0.755923 0.287957 0.04 0.10
0 0.755923 0.309092 0.04 0.10
0 0.755923 0.350920 0.04 0.10
0 0.755923 0.370293 0.04 0.10
0 0.755482 0.420927 0.04 0.10
0 0.754815 0.438967 0.04 0.10
0 0.755695 0.455258 0.04 0.10
0 0.756136 0.536713 0.04 0.10
0 0.756622 0.544997 0.04 0.10
0 0.757132 0.579905 0.04 0.10
0 0.756877 0.595958 0.04 0.10
0 0.755858 0.615577 0.04 0.10
0 0.754839 0.636216 0.04 0.10
0 0.756445 0.697020 0.04 0.10
0 0.756005 0.715513 0.04 0.10
0 0.755564 0.739289 0.04 0.10
0 0.243888 0.703092 0.04 0.10
0 0.243007 0.730412 0.04 0.10
0 0.243007 0.631706 0.04 0.10
0 0.243888 0.610554 0.04 0.10
0 0.240363 0.590284 0.04 0.10
0 0.242333 0.567826 0.04 0.10
0 0.244302 0.524496 0.04 0.10
0 0.243537 0.509450 0.04 0.10
0 0.242517 0.487009 0.04 0.10
0 0.242007 0.467374 0.04 0.10
0 0.242517 0.439578 0.04 0.10
0 0.243027 0.421472 0.04 0.10
0 0.243355 0.401721 0.04 0.10
0 0.243355 0.373415 0.04 0.10
0 0.243355 0.357350 0.04 0.10
0 0.244120 0.340774 0.04 0.10
0 0.243865 0.321904 0.04 0.10
0 0.242501 0.266659 0.04 0.10
0 0.242756 0.288335 0.04 0.10
