0 0.814885 0.220387 0.100000 0.040000
0 0.815325 0.252114 0.100000 0.040000
0 0.815766 0.282960 0.100000 0.040000
0 0.816206 0.327025 0.100000 0.040000
0 0.815325 0.354786 0.100000 0.040000
0 0.815325 0.403258 0.100000 0.040000
0 0.814190 0.427238 0.100000 0.040000
0 0.814631 0.453237 0.100000 0.040000
0 0.814631 0.518013 0.100000 0.040000
0 0.813750 0.558113 0.100000 0.040000
0 0.813750 0.583671 0.100000 0.040000
0 0.814076 0.612149 0.100000 0.040000
0 0.814517 0.641673 0.100000 0.040000
0 0.813195 0.694111 0.100000 0.040000
0 0.813635 0.725398 0.100000 0.040000
0 0.814076 0.756684 0.100000 0.040000
0 0.738724 0.814851 0.040000 0.100000
0 0.702149 0.815732 0.040000 0.100000
0 0.670863 0.815732 0.040000 0.100000
0 0.644443 0.814116 0.040000 0.100000
0 0.619326 0.815878 0.040000 0.100000
0 0.592005 0.815878 0.040000 0.100000
0 0.566006 0.814997 0.040000 0.100000
0 0.523263 0.815878 0.040000 0.100000
0 0.484485 0.814997 0.040000 0.100000
0 0.452758 0.815878 0.040000 0.100000
0 0.426759 0.814997 0.040000 0.100000
0 0.372250 0.815647 0.040000 0.100000
0 0.341404 0.816088 0.040000 0.100000
0 0.308796 0.816088 0.040000 0.100000
0 0.269578 0.815207 0.040000 0.100000
0 0.239613 0.813885 0.040000 0.100000
0 0.185853 0.752634 0.100000 0.040000
0 0.184972 0.720025 0.100000 0.040000
0 0.185412 0.657893 0.100000 0.040000
0 0.184972 0.626606 0.100000 0.040000
0 0.185853 0.597523 0.100000 0.040000
0 0.186119 0.567451 0.100000 0.040000
0 0.184797 0.518098 0.100000 0.040000
0 0.185238 0.491658 0.100000 0.040000
0 0.185679 0.461253 0.100000 0.040000
0 0.185679 0.427763 0.100000 0.040000
0 0.184357 0.401765 0.100000 0.040000
0 0.185776 0.373543 0.100000 0.040000
0 0.185335 0.329918 0.100000 0.040000
0 0.184454 0.289819 0.100000 0.040000
0 0.185776 0.251041 0.100000 0.040000
0 0.186216 0.222398 0.100000 0.040000
0 0.184894 0.303038 0.100000 0.040000
0 0.241187 0.186872 0.040000 0.100000
0 0.270270 0.186431 0.040000 0.100000
0 0.298913 0.186872 0.040000 0.100000
0 0.331521 0.185550 0.040000 0.100000
0 0.358842 0.185109 0.040000 0.100000
0 0.521696 0.184187 0.040000 0.100000
0 0.467936 0.185509 0.040000 0.100000
0 0.443259 0.185069 0.040000 0.100000
0 0.426073 0.185069 0.040000 0.100000
0 0.384652 0.185509 0.040000 0.100000
0 0.545932 0.185069 0.040000 0.100000
0 0.570608 0.185509 0.040000 0.100000
0 0.596607 0.184628 0.040000 0.100000
0 0.620843 0.186390 0.040000 0.100000
0 0.726045 0.187672 0.040000 0.100000
0 0.703572 0.184587 0.040000 0.100000
0 0.674488 0.184147 0.040000 0.100000
