0 0.798693 0.228519 0.100000 0.040000
0 0.798252 0.258460 0.100000 0.040000
0 0.798252 0.285759 0.100000 0.040000
0 0.798252 0.328469 0.100000 0.040000
0 0.798693 0.354888 0.100000 0.040000
0 0.797372 0.404642 0.100000 0.040000
0 0.797969 0.427086 0.100000 0.040000
0 0.798849 0.450422 0.100000 0.040000
0 0.798849 0.458347 0.100000 0.040000
0 0.798409 0.519110 0.100000 0.040000
0 0.797969 0.558738 0.100000 0.040000
0 0.798409 0.583835 0.100000 0.040000
0 0.799168 0.609128 0.100000 0.040000
0 0.797847 0.635106 0.100000 0.040000
0 0.797847 0.688383 0.100000 0.040000
0 0.799168 0.717444 0.100000 0.040000
0 0.798288 0.746064 0.100000 0.040000
0 0.725688 0.799783 0.040000 0.100000
0 0.691344 0.798462 0.040000 0.100000
0 0.662284 0.798462 0.040000 0.100000
0 0.639388 0.798462 0.040000 0.100000
0 0.616051 0.798022 0.040000 0.100000
0 0.591835 0.798462 0.040000 0.100000
0 0.569379 0.798462 0.040000 0.100000
0 0.524114 0.800574 0.040000 0.100000
0 0.487128 0.797932 0.040000 0.100000
0 0.455866 0.800133 0.040000 0.100000
0 0.432970 0.799253 0.040000 0.100000
0 0.377051 0.799693 0.040000 0.100000
0 0.347991 0.799253 0.040000 0.100000
0 0.280854 0.798500 0.040000 0.100000
0 0.316527 0.800283 0.040000 0.100000
0 0.251805 0.797735 0.040000 0.100000
0 0.201605 0.740659 0.100000 0.040000
0 0.200586 0.710847 0.100000 0.040000
0 0.201174 0.644773 0.100000 0.040000
0 0.200155 0.617509 0.100000 0.040000
0 0.200410 0.591009 0.100000 0.040000
0 0.201174 0.562216 0.100000 0.040000
0 0.201279 0.512376 0.100000 0.040000
0 0.201788 0.486131 0.100000 0.040000
0 0.200514 0.459631 0.100000 0.040000
0 0.201533 0.451986 0.100000 0.040000
0 0.201324 0.426965 0.100000 0.040000
0 0.200815 0.401739 0.100000 0.040000
0 0.201579 0.377023 0.100000 0.040000
0 0.200305 0.347975 0.100000 0.040000
0 0.202089 0.333451 0.100000 0.040000
0 0.200261 0.255728 0.100000 0.040000
0 0.202300 0.230247 0.100000 0.040000
0 0.202555 0.295478 0.100000 0.040000
0 0.201535 0.305415 0.100000 0.040000
0 0.255227 0.202873 0.040000 0.100000
0 0.279689 0.200835 0.040000 0.100000
0 0.305425 0.199816 0.040000 0.100000
0 0.335492 0.200580 0.040000 0.100000
0 0.384810 0.199893 0.040000 0.100000
0 0.359074 0.199383 0.040000 0.100000
0 0.426853 0.200402 0.040000 0.100000
0 0.443670 0.200402 0.040000 0.100000
0 0.460997 0.199638 0.040000 0.100000
0 0.610595 0.202817 0.040000 0.100000
0 0.589446 0.200269 0.040000 0.100000
0 0.567023 0.200779 0.040000 0.100000
0 0.545364 0.200524 0.040000 0.100000
0 0.523451 0.201033 0.040000 0.100000
0 0.665888 0.201033 0.040000 0.100000
0 0.692133 0.200779 0.040000 0.100000
0 0.714132 0.200104 0.040000 0.100000
0 0.467411 0.199763 0.040000 0.100000
