0 0.785060 0.235768 0.100000 0.040000
0 0.783122 0.264079 0.100000 0.040000
0 0.783886 0.289305 0.100000 0.040000
0 0.783886 0.333131 0.100000 0.040000
0 0.783749 0.357080 0.100000 0.040000
0 0.783494 0.405239 0.100000 0.040000
0 0.783239 0.426643 0.100000 0.040000
0 0.782984 0.448047 0.100000 0.040000
0 0.782220 0.456965 0.100000 0.040000
0 0.783424 0.529121 0.100000 0.040000
0 0.782914 0.561227 0.100000 0.040000
0 0.782569 0.583119 0.100000 0.040000
0 0.782059 0.606307 0.100000 0.040000
0 0.783333 0.629749 0.100000 0.040000
0 0.784610 0.686460 0.100000 0.040000
0 0.783081 0.711686 0.100000 0.040000
0 0.783336 0.737167 0.100000 0.040000
0 0.714037 0.784509 0.040000 0.100000
0 0.681454 0.783629 0.040000 0.100000
0 0.654595 0.784069 0.040000 0.100000
0 0.635222 0.782748 0.040000 0.100000
0 0.614527 0.784950 0.040000 0.100000
0 0.592512 0.782748 0.040000 0.100000
0 0.571818 0.784069 0.040000 0.100000
0 0.525585 0.782748 0.040000 0.100000
0 0.517219 0.782748 0.040000 0.100000
0 0.491241 0.782748 0.040000 0.100000
0 0.459979 0.783188 0.040000 0.100000
0 0.439725 0.783188 0.040000 0.100000
0 0.381251 0.783757 0.040000 0.100000
0 0.354392 0.783317 0.040000 0.100000
0 0.325772 0.782877 0.040000 0.100000
0 0.289667 0.784197 0.040000 0.100000
0 0.263689 0.783317 0.040000 0.100000
0 0.217740 0.730859 0.100000 0.040000
0 0.217300 0.703560 0.100000 0.040000
0 0.217300 0.633991 0.100000 0.040000
0 0.216419 0.608893 0.100000 0.040000
0 0.217300 0.584677 0.100000 0.040000
0 0.216924 0.557182 0.100000 0.040000
0 0.217365 0.520636 0.100000 0.040000
0 0.216484 0.507868 0.100000 0.040000
0 0.216924 0.483210 0.100000 0.040000
0 0.216044 0.457673 0.100000 0.040000
0 0.216044 0.450628 0.100000 0.040000
0 0.216484 0.426411 0.100000 0.040000
0 0.216924 0.403515 0.100000 0.040000
0 0.216044 0.380178 0.100000 0.040000
0 0.215915 0.237823 0.100000 0.040000
0 0.215035 0.262481 0.100000 0.040000
0 0.216796 0.301668 0.100000 0.040000
0 0.216796 0.317079 0.100000 0.040000
0 0.216356 0.337773 0.100000 0.040000
0 0.215915 0.354505 0.100000 0.040000
0 0.268312 0.217129 0.040000 0.100000
0 0.289006 0.216248 0.040000 0.100000
0 0.314984 0.216248 0.040000 0.100000
0 0.341843 0.216689 0.040000 0.100000
0 0.362538 0.217569 0.040000 0.100000
0 0.699501 0.218242 0.040000 0.100000
0 0.682329 0.216041 0.040000 0.100000
0 0.658553 0.216041 0.040000 0.100000
0 0.602734 0.217941 0.040000 0.100000
0 0.583361 0.216620 0.040000 0.100000
0 0.563987 0.217060 0.040000 0.100000
0 0.544613 0.217060 0.040000 0.100000
0 0.525680 0.215299 0.040000 0.100000
0 0.467424 0.216537 0.040000 0.100000
0 0.444968 0.217418 0.040000 0.100000
0 0.427356 0.216537 0.040000 0.100000
0 0.385967 0.216097 0.040000 0.100000
