0 0.688374 0.232919 0.04 0.10
0 0.669001 0.233800 0.04 0.10
0 0.650508 0.233800 0.04 0.10
0 0.596350 0.233800 0.04 0.10
0 0.578297 0.232919 0.04 0.10
0 0.561125 0.232479 0.04 0.10
0 0.544834 0.231598 0.04 0.10
0 0.528543 0.232039 0.04 0.10
0 0.468220 0.232039 0.04 0.10
0 0.460735 0.232479 0.04 0.10
0 0.766549 0.245674 0.04 0.10
0 0.768587 0.270645 0.04 0.10
0 0.766804 0.294597 0.04 0.10
0 0.767823 0.337150 0.04 0.10
0 0.767059 0.358044 0.04 0.10
0 0.768075 0.409094 0.04 0.10
0 0.767565 0.427695 0.04 0.10
0 0.767310 0.447315 0.04 0.10
0 0.767056 0.454960 0.04 0.10
0 0.766739 0.521478 0.04 0.10
0 0.766484 0.530905 0.04 0.10
0 0.767503 0.564030 0.04 0.10
0 0.767503 0.583905 0.04 0.10
0 0.766993 0.604545 0.04 0.10
0 0.767125 0.626302 0.04 0.10
0 0.767125 0.683634 0.04 0.10
0 0.766106 0.705548 0.04 0.10
0 0.766106 0.727716 0.04 0.10
0 0.701902 0.767529 0.04 0.10
0 0.671961 0.768850 0.04 0.10
0 0.648185 0.767969 0.04 0.10
0 0.630572 0.769290 0.04 0.10
0 0.612960 0.768850 0.04 0.10
0 0.231929 0.722024 0.04 0.10
0 0.232809 0.694284 0.04 0.10
0 0.232369 0.624276 0.04 0.10
0 0.231488 0.602260 0.04 0.10
0 0.231929 0.580245 0.04 0.10
0 0.232809 0.556028 0.04 0.10
0 0.232809 0.518602 0.04 0.10
0 0.234130 0.503631 0.04 0.10
0 0.233596 0.487476 0.04 0.10
0 0.233156 0.457535 0.04 0.10
0 0.232275 0.426713 0.04 0.10
0 0.231835 0.406899 0.04 0.10
0 0.231835 0.449169 0.04 0.10
0 0.231835 0.385324 0.04 0.10
0 0.231835 0.361107 0.04 0.10
0 0.232707 0.324110 0.04 0.10
0 0.231687 0.341947 0.04 0.10
0 0.233981 0.308312 0.04 0.10
0 0.231188 0.269645 0.04 0.10
0 0.232509 0.247629 0.04 0.10
0 0.284905 0.234420 0.04 0.10
0 0.301637 0.232659 0.04 0.10
0 0.324973 0.233099 0.04 0.10
0 0.347212 0.232650 0.04 0.10
0 0.366146 0.232210 0.04 0.10
0 0.385519 0.232650 0.04 0.10
0 0.429110 0.232650 0.04 0.10
0 0.439677 0.232210 0.04 0.10
0 0.447162 0.233531 0.04 0.10
0 0.493014 0.768045 0.04 0.10
0 0.525182 0.767163 0.04 0.10
0 0.518132 0.767163 0.04 0.10
0 0.574536 0.767163 0.04 0.10
0 0.593043 0.767163 0.04 0.10
0 0.463931 0.768045 0.04 0.10
0 0.447186 0.766723 0.04 0.10
0 0.386376 0.767163 0.04 0.10
0 0.360377 0.767163 0.04 0.10
0 0.336141 0.767163 0.04 0.10
0 0.279580 0.765755 0.04 0.10
0 0.300291 0.767077 0.04 0.10
