0 0.660596 0.247729 0.040000 0.100000
0 0.643864 0.247729 0.040000 0.100000
0 0.674686 0.249049 0.040000 0.100000
0 0.588826 0.249049 0.040000 0.100000
0 0.572094 0.248609 0.040000 0.100000
0 0.558005 0.248609 0.040000 0.100000
0 0.544795 0.246848 0.040000 0.100000
0 0.528944 0.247729 0.040000 0.100000
0 0.430553 0.247040 0.040000 0.100000
0 0.440240 0.247040 0.040000 0.100000
0 0.448606 0.247480 0.040000 0.100000
0 0.460934 0.247040 0.040000 0.100000
0 0.469300 0.247480 0.040000 0.100000
0 0.386963 0.248361 0.040000 0.100000
0 0.370231 0.247040 0.040000 0.100000
0 0.351738 0.247040 0.040000 0.100000
0 0.331924 0.246159 0.040000 0.100000
0 0.313872 0.247921 0.040000 0.100000
0 0.298901 0.249682 0.040000 0.100000
0 0.247211 0.259134 0.100000 0.040000
0 0.246330 0.277627 0.100000 0.040000
0 0.247651 0.314173 0.100000 0.040000
0 0.248972 0.331785 0.100000 0.040000
0 0.249412 0.350718 0.100000 0.040000
0 0.248091 0.367010 0.100000 0.040000
0 0.248047 0.391373 0.100000 0.040000
0 0.248488 0.409866 0.100000 0.040000
0 0.248488 0.428799 0.100000 0.040000
0 0.247607 0.448172 0.100000 0.040000
0 0.248488 0.457859 0.100000 0.040000
0 0.248488 0.478994 0.100000 0.040000
0 0.248047 0.500569 0.100000 0.040000
0 0.248447 0.594726 0.100000 0.040000
0 0.249328 0.614540 0.100000 0.040000
0 0.248447 0.686750 0.100000 0.040000
0 0.248007 0.712728 0.100000 0.040000
0 0.273104 0.699079 0.100000 0.040000
0 0.272224 0.677064 0.100000 0.040000
0 0.270463 0.603092 0.100000 0.040000
0 0.270463 0.585920 0.100000 0.040000
0 0.269582 0.568748 0.100000 0.040000
0 0.269582 0.552457 0.100000 0.040000
0 0.247126 0.552457 0.100000 0.040000
0 0.248888 0.574472 0.100000 0.040000
0 0.248322 0.509972 0.100000 0.040000
0 0.269471 0.505640 0.100000 0.040000
0 0.268197 0.496467 0.100000 0.040000
0 0.266413 0.483472 0.100000 0.040000
0 0.268197 0.475573 0.100000 0.040000
0 0.267687 0.458756 0.100000 0.040000
0 0.267178 0.448309 0.100000 0.040000
0 0.268875 0.430860 0.100000 0.040000
0 0.264798 0.413788 0.100000 0.040000
0 0.269384 0.399009 0.100000 0.040000
0 0.267346 0.375057 0.100000 0.040000
0 0.267855 0.357985 0.100000 0.040000
0 0.267346 0.342697 0.100000 0.040000
0 0.269639 0.325880 0.100000 0.040000
0 0.270738 0.290176 0.100000 0.040000
0 0.274260 0.277407 0.100000 0.040000
0 0.751625 0.257134 0.100000 0.040000
0 0.750744 0.280488 0.100000 0.040000
0 0.752507 0.299437 0.100000 0.040000
0 0.730914 0.273438 0.100000 0.040000
0 0.727389 0.292827 0.100000 0.040000
0 0.726508 0.307368 0.100000 0.040000
0 0.733118 0.346587 0.100000 0.040000
0 0.728711 0.364654 0.100000 0.040000
0 0.752507 0.341299 0.100000 0.040000
0 0.751625 0.360688 0.100000 0.040000
0 0.751461 0.411167 0.100000 0.040000
0 0.751902 0.429234 0.100000 0.040000
0 0.751461 0.445979 0.100000 0.040000
0 0.752783 0.454352 0.100000 0.040000
0 0.732954 0.453470 0.100000 0.040000
0 0.731632 0.444657 0.100000 0.040000
0 0.733835 0.430997 0.100000 0.040000
0 0.733835 0.415133 0.100000 0.040000
0 0.751902 0.523094 0.100000 0.040000
0 0.732954 0.524416 0.100000 0.040000
0 0.732954 0.538957 0.100000 0.040000
0 0.751021 0.535873 0.100000 0.040000
0 0.751386 0.567351 0.100000 0.040000
0 0.750504 0.585418 0.100000 0.040000
0 0.731997 0.588062 0.100000 0.040000
0 0.731556 0.572639 0.100000 0.040000
0 0.750504 0.604367 0.100000 0.040000
0 0.750945 0.621552 0.100000 0.040000
0 0.729793 0.618027 0.100000 0.040000
0 0.729793 0.603485 0.100000 0.040000
0 0.729353 0.678397 0.100000 0.040000
0 0.728031 0.695582 0.100000 0.040000
0 0.728031 0.709242 0.100000 0.040000
0 0.750504 0.701751 0.100000 0.040000
0 0.750945 0.680600 0.100000 0.040000
0 0.750945 0.720700 0.100000 0.040000
0 0.691169 0.752816 0.040000 0.100000
0 0.662967 0.752816 0.040000 0.100000
0 0.641375 0.751054 0.040000 0.100000
0 0.625511 0.751935 0.040000 0.100000
0 0.611411 0.751054 0.040000 0.100000
0 0.594225 0.751935 0.040000 0.100000
0 0.578361 0.752376 0.040000 0.100000
0 0.526845 0.752180 0.040000 0.100000
0 0.518473 0.752180 0.040000 0.100000
0 0.496881 0.752180 0.040000 0.100000
0 0.467797 0.753061 0.040000 0.100000
0 0.451934 0.752180 0.040000 0.100000
0 0.390242 0.753061 0.040000 0.100000
0 0.368209 0.752180 0.040000 0.100000
0 0.343952 0.751311 0.040000 0.100000
0 0.313096 0.750546 0.040000 0.100000
0 0.293715 0.750546 0.040000 0.100000
