0 0.819110 0.218621 0.100000 0.040000
0 0.817349 0.254286 0.100000 0.040000
0 0.817349 0.285548 0.100000 0.040000
0 0.818670 0.327377 0.100000 0.040000
0 0.816908 0.357318 0.100000 0.040000
0 0.817993 0.404891 0.100000 0.040000
0 0.816672 0.430429 0.100000 0.040000
0 0.817993 0.455527 0.100000 0.040000
0 0.819754 0.464773 0.100000 0.040000
0 0.819754 0.519371 0.100000 0.040000
0 0.819754 0.561200 0.100000 0.040000
0 0.819754 0.587618 0.100000 0.040000
0 0.819754 0.614917 0.100000 0.040000
0 0.817836 0.644138 0.100000 0.040000
0 0.817836 0.696534 0.100000 0.040000
0 0.818717 0.731318 0.100000 0.040000
0 0.818277 0.760819 0.100000 0.040000
0 0.737058 0.818124 0.040000 0.100000
0 0.702274 0.819004 0.040000 0.100000
0 0.671893 0.820765 0.040000 0.100000
0 0.644898 0.820690 0.040000 0.100000
0 0.616279 0.820249 0.040000 0.100000
0 0.593383 0.820249 0.040000 0.100000
0 0.566524 0.819809 0.040000 0.100000
0 0.522934 0.818048 0.040000 0.100000
0 0.482866 0.819369 0.040000 0.100000
0 0.451604 0.819809 0.040000 0.100000
0 0.424745 0.818929 0.040000 0.100000
0 0.340755 0.820279 0.040000 0.100000
0 0.371136 0.818518 0.040000 0.100000
0 0.307291 0.819399 0.040000 0.100000
0 0.268104 0.818958 0.040000 0.100000
0 0.235962 0.818958 0.040000 0.100000
0 0.182685 0.756435 0.100000 0.040000
0 0.180483 0.724293 0.100000 0.040000
0 0.182243 0.657706 0.100000 0.040000
0 0.180041 0.629527 0.100000 0.040000
0 0.184004 0.598705 0.100000 0.040000
0 0.180041 0.568324 0.100000 0.040000
0 0.183123 0.519010 0.100000 0.040000
0 0.183564 0.493032 0.100000 0.040000
0 0.180922 0.456046 0.100000 0.040000
0 0.184004 0.429628 0.100000 0.040000
0 0.181797 0.402609 0.100000 0.040000
0 0.180036 0.374429 0.100000 0.040000
0 0.180036 0.350212 0.100000 0.040000
0 0.181357 0.333041 0.100000 0.040000
0 0.180916 0.307503 0.100000 0.040000
0 0.181797 0.293853 0.100000 0.040000
0 0.180916 0.462931 0.100000 0.040000
0 0.181753 0.254738 0.100000 0.040000
0 0.182193 0.226999 0.100000 0.040000
0 0.232388 0.181207 0.040000 0.100000
0 0.264090 0.181207 0.040000 0.100000
0 0.293591 0.180327 0.040000 0.100000
0 0.327494 0.181207 0.040000 0.100000
0 0.357754 0.179638 0.040000 0.100000
0 0.387254 0.180519 0.040000 0.100000
0 0.426001 0.181399 0.040000 0.100000
0 0.434807 0.182280 0.040000 0.100000
0 0.456382 0.180959 0.040000 0.100000
0 0.466509 0.181399 0.040000 0.100000
0 0.519786 0.182280 0.040000 0.100000
0 0.544003 0.182720 0.040000 0.100000
0 0.569541 0.182280 0.040000 0.100000
0 0.593668 0.182799 0.040000 0.100000
0 0.620527 0.181919 0.040000 0.100000
0 0.675565 0.182799 0.040000 0.100000
0 0.705946 0.181038 0.040000 0.100000
0 0.729722 0.181478 0.040000 0.100000
