0 0.542785 0.197330 0.040000 0.100000
0 0.566121 0.196889 0.040000 0.100000
0 0.587256 0.197770 0.040000 0.100000
0 0.611032 0.198210 0.040000 0.100000
0 0.669153 0.196889 0.040000 0.100000
0 0.693370 0.197770 0.040000 0.100000
0 0.714622 0.197300 0.040000 0.100000
0 0.803564 0.227240 0.100000 0.040000
0 0.803564 0.259823 0.100000 0.040000
0 0.803564 0.287122 0.100000 0.040000
0 0.425836 0.196177 0.040000 0.100000
0 0.440298 0.195735 0.040000 0.100000
0 0.455793 0.196325 0.040000 0.100000
0 0.466271 0.195882 0.040000 0.100000
0 0.521495 0.196090 0.040000 0.100000
0 0.385811 0.195924 0.040000 0.100000
0 0.358015 0.195669 0.040000 0.100000
0 0.330474 0.195924 0.040000 0.100000
0 0.272533 0.197363 0.040000 0.100000
0 0.301349 0.197618 0.040000 0.100000
0 0.244482 0.197873 0.040000 0.100000
0 0.195775 0.233829 0.100000 0.040000
0 0.197172 0.261192 0.100000 0.040000
0 0.196917 0.298678 0.100000 0.040000
0 0.195642 0.313213 0.100000 0.040000
0 0.197876 0.337189 0.100000 0.040000
0 0.197111 0.353255 0.100000 0.040000
0 0.196601 0.377991 0.100000 0.040000
0 0.198131 0.404002 0.100000 0.040000
0 0.195326 0.428738 0.100000 0.040000
0 0.198896 0.453473 0.100000 0.040000
0 0.196639 0.461347 0.100000 0.040000
0 0.197404 0.488378 0.100000 0.040000
0 0.197914 0.495008 0.100000 0.040000
0 0.198424 0.513624 0.100000 0.040000
0 0.197911 0.563721 0.100000 0.040000
0 0.197656 0.591517 0.100000 0.040000
0 0.197656 0.619058 0.100000 0.040000
0 0.197337 0.646437 0.100000 0.040000
0 0.197337 0.715289 0.100000 0.040000
0 0.197847 0.743850 0.100000 0.040000
0 0.247857 0.803273 0.040000 0.100000
0 0.277183 0.803273 0.040000 0.100000
0 0.314670 0.803018 0.040000 0.100000
0 0.346546 0.802253 0.040000 0.100000
0 0.374420 0.801922 0.040000 0.100000
0 0.431032 0.802942 0.040000 0.100000
0 0.455768 0.801412 0.040000 0.100000
0 0.485094 0.802687 0.040000 0.100000
0 0.568185 0.802113 0.040000 0.100000
0 0.522538 0.802878 0.040000 0.100000
0 0.515081 0.803454 0.040000 0.100000
0 0.592859 0.803199 0.040000 0.100000
0 0.614279 0.802689 0.040000 0.100000
0 0.639525 0.803199 0.040000 0.100000
0 0.722816 0.801482 0.040000 0.100000
0 0.691450 0.803522 0.040000 0.100000
0 0.662889 0.803012 0.040000 0.100000
0 0.802178 0.751196 0.100000 0.040000
0 0.800648 0.723655 0.100000 0.040000
0 0.803963 0.693819 0.100000 0.040000
0 0.803089 0.639790 0.100000 0.040000
0 0.802834 0.611739 0.100000 0.040000
0 0.804109 0.587769 0.100000 0.040000
0 0.803089 0.562523 0.100000 0.040000
0 0.801814 0.520956 0.100000 0.040000
0 0.801523 0.462885 0.100000 0.040000
0 0.801778 0.454469 0.100000 0.040000
0 0.803563 0.429479 0.100000 0.040000
0 0.803563 0.407548 0.100000 0.040000
0 0.802232 0.329847 0.100000 0.040000
0 0.802487 0.357388 0.100000 0.040000
