0 0.702362 0.212365 0.040000 0.100000
0 0.682742 0.213130 0.040000 0.100000
0 0.787468 0.235552 0.100000 0.040000
0 0.787977 0.264600 0.100000 0.040000
0 0.786703 0.291355 0.100000 0.040000
0 0.787330 0.333405 0.100000 0.040000
0 0.786821 0.358376 0.100000 0.040000
0 0.786566 0.409083 0.100000 0.040000
0 0.786868 0.430798 0.100000 0.040000
0 0.785849 0.451946 0.100000 0.040000
0 0.786868 0.461120 0.100000 0.040000
0 0.786868 0.522018 0.100000 0.040000
0 0.786868 0.533994 0.100000 0.040000
0 0.787053 0.565946 0.100000 0.040000
0 0.786798 0.587350 0.100000 0.040000
0 0.786798 0.610282 0.100000 0.040000
0 0.787817 0.634999 0.100000 0.040000
0 0.786310 0.691057 0.100000 0.040000
0 0.786565 0.717557 0.100000 0.040000
0 0.786820 0.742783 0.100000 0.040000
0 0.711587 0.786643 0.040000 0.100000
0 0.679482 0.786643 0.040000 0.100000
0 0.655785 0.787917 0.040000 0.100000
0 0.634126 0.786898 0.040000 0.100000
0 0.592531 0.786505 0.040000 0.100000
0 0.611641 0.786251 0.040000 0.100000
0 0.572146 0.786251 0.040000 0.100000
0 0.524053 0.786055 0.040000 0.100000
0 0.515233 0.785836 0.040000 0.100000
0 0.488479 0.785581 0.040000 0.100000
0 0.459176 0.785836 0.040000 0.100000
0 0.437517 0.787110 0.040000 0.100000
0 0.378593 0.786204 0.040000 0.100000
0 0.352093 0.785694 0.040000 0.100000
0 0.323810 0.786459 0.040000 0.100000
0 0.287882 0.785439 0.040000 0.100000
0 0.263675 0.783146 0.040000 0.100000
0 0.212686 0.735009 0.100000 0.040000
0 0.214215 0.706216 0.100000 0.040000
0 0.212950 0.636369 0.100000 0.040000
0 0.209893 0.612927 0.100000 0.040000
0 0.212441 0.587192 0.100000 0.040000
0 0.212970 0.561013 0.100000 0.040000
0 0.214499 0.509542 0.100000 0.040000
0 0.213233 0.486842 0.100000 0.040000
0 0.212792 0.452938 0.100000 0.040000
0 0.212792 0.429162 0.100000 0.040000
0 0.212792 0.406266 0.100000 0.040000
0 0.213673 0.382049 0.100000 0.040000
0 0.213233 0.358713 0.100000 0.040000
0 0.212352 0.342422 0.100000 0.040000
0 0.211912 0.321287 0.100000 0.040000
0 0.213233 0.305876 0.100000 0.040000
0 0.258223 0.213777 0.040000 0.100000
0 0.212872 0.244598 0.100000 0.040000
0 0.212431 0.267494 0.100000 0.040000
0 0.283761 0.212896 0.040000 0.100000
0 0.309299 0.212896 0.040000 0.100000
0 0.336157 0.212896 0.040000 0.100000
0 0.427006 0.212169 0.040000 0.100000
0 0.385177 0.214370 0.040000 0.100000
0 0.360520 0.213049 0.040000 0.100000
0 0.435813 0.212609 0.040000 0.100000
0 0.456507 0.212609 0.040000 0.100000
0 0.466194 0.212169 0.040000 0.100000
0 0.523874 0.213049 0.040000 0.100000
0 0.543247 0.212169 0.040000 0.100000
0 0.563501 0.213049 0.040000 0.100000
0 0.581113 0.213930 0.040000 0.100000
0 0.603966 0.213181 0.040000 0.100000
0 0.660325 0.213181 0.040000 0.100000
