0 0.770943 0.246504 0.04 0.10
0 0.689927 0.227570 0.04 0.10
0 0.673195 0.228011 0.04 0.10
0 0.652501 0.227130 0.04 0.10
0 0.769622 0.272922 0.04 0.10
0 0.770062 0.297139 0.04 0.10
0 0.770503 0.337647 0.04 0.10
0 0.770943 0.360543 0.04 0.10
0 0.770943 0.412939 0.04 0.10
0 0.770786 0.431758 0.04 0.10
0 0.769906 0.451572 0.04 0.10
0 0.771667 0.459497 0.04 0.10
0 0.771667 0.522901 0.04 0.10
0 0.772107 0.568253 0.04 0.10
0 0.771667 0.588507 0.04 0.10
0 0.769946 0.610073 0.04 0.10
0 0.769065 0.632088 0.04 0.10
0 0.772148 0.688447 0.04 0.10
0 0.770827 0.713104 0.04 0.10
0 0.769065 0.735120 0.04 0.10
0 0.700344 0.770797 0.04 0.10
0 0.669523 0.771677 0.04 0.10
0 0.648388 0.772998 0.04 0.10
0 0.593186 0.771644 0.04 0.10
0 0.611239 0.771644 0.04 0.10
0 0.575574 0.771644 0.04 0.10
0 0.525379 0.772525 0.04 0.10
0 0.491035 0.772525 0.04 0.10
0 0.463736 0.770763 0.04 0.10
0 0.444803 0.773405 0.04 0.10
0 0.384922 0.770323 0.04 0.10
0 0.358944 0.771204 0.04 0.10
0 0.332525 0.772525 0.04 0.10
0 0.516406 0.771762 0.04 0.10
0 0.630399 0.771579 0.04 0.10
0 0.298442 0.772123 0.04 0.10
0 0.275106 0.771242 0.04 0.10
0 0.228874 0.724130 0.04 0.10
0 0.229754 0.699032 0.04 0.10
0 0.228992 0.627469 0.04 0.10
0 0.228992 0.605013 0.04 0.10
0 0.230313 0.582998 0.04 0.10
0 0.229872 0.558781 0.04 0.10
0 0.228992 0.506384 0.04 0.10
0 0.231193 0.516952 0.04 0.10
0 0.231634 0.490093 0.04 0.10
0 0.225910 0.484369 0.04 0.10
0 0.229872 0.460152 0.04 0.10
0 0.228551 0.451787 0.04 0.10
0 0.228078 0.430287 0.04 0.10
0 0.228518 0.410474 0.04 0.10
0 0.228958 0.389339 0.04 0.10
0 0.228958 0.365562 0.04 0.10
0 0.228078 0.357197 0.04 0.10
0 0.228518 0.348390 0.04 0.10
0 0.226757 0.327696 0.04 0.10
0 0.231600 0.321532 0.04 0.10
0 0.230279 0.311845 0.04 0.10
0 0.228518 0.275740 0.04 0.10
0 0.228518 0.255486 0.04 0.10
0 0.273429 0.229068 0.04 0.10
0 0.295004 0.229508 0.04 0.10
0 0.317460 0.229068 0.04 0.10
0 0.340796 0.230388 0.04 0.10
0 0.364132 0.229948 0.04 0.10
0 0.386147 0.228627 0.04 0.10
0 0.427536 0.228627 0.04 0.10
0 0.442896 0.229182 0.04 0.10
0 0.456986 0.230063 0.04 0.10
0 0.466232 0.229622 0.04 0.10
0 0.435851 0.229622 0.04 0.10
0 0.525673 0.231824 0.04 0.10
0 0.543285 0.230063 0.04 0.10
0 0.560457 0.227861 0.04 0.10
0 0.578070 0.228742 0.04 0.10
0 0.595682 0.229182 0.04 0.10
