0 0.756222 0.256590 0.04 0.10
0 0.757496 0.279523 0.04 0.10
0 0.754184 0.301436 0.04 0.10
0 0.754401 0.342640 0.04 0.10
0 0.754656 0.362006 0.04 0.10
0 0.754151 0.415159 0.04 0.10
0 0.754661 0.432231 0.04 0.10
0 0.754661 0.450323 0.04 0.10
0 0.754151 0.458731 0.04 0.10
0 0.754151 0.524726 0.04 0.10
0 0.754661 0.534664 0.04 0.10
0 0.754707 0.571952 0.04 0.10
0 0.755216 0.589279 0.04 0.10
0 0.754962 0.608389 0.04 0.10
0 0.752923 0.627500 0.04 0.10
0 0.755034 0.686850 0.04 0.10
0 0.755034 0.708509 0.04 0.10
0 0.754269 0.725581 0.04 0.10
0 0.243975 0.717005 0.04 0.10
0 0.245504 0.691015 0.04 0.10
0 0.245666 0.617257 0.04 0.10
0 0.244392 0.598656 0.04 0.10
0 0.244902 0.579036 0.04 0.10
0 0.245666 0.556867 0.04 0.10
0 0.244726 0.518842 0.04 0.10
0 0.243841 0.503359 0.04 0.10
0 0.243988 0.481830 0.04 0.10
0 0.244726 0.460449 0.04 0.10
0 0.244578 0.451454 0.04 0.10
0 0.245640 0.432196 0.04 0.10
0 0.245935 0.413469 0.04 0.10
0 0.244640 0.393609 0.04 0.10
0 0.243756 0.371785 0.04 0.10
0 0.244640 0.363232 0.04 0.10
0 0.244640 0.353648 0.04 0.10
0 0.244788 0.337280 0.04 0.10
0 0.245230 0.329022 0.04 0.10
0 0.246262 0.320765 0.04 0.10
0 0.245144 0.284426 0.04 0.10
0 0.245587 0.265109 0.04 0.10
