0 0.821511 0.216369 0.100000 0.040000
0 0.821046 0.250087 0.100000 0.040000
0 0.821341 0.281200 0.100000 0.040000
0 0.820951 0.325965 0.100000 0.040000
0 0.821688 0.353982 0.100000 0.040000
0 0.821354 0.402840 0.100000 0.040000
0 0.821649 0.430120 0.100000 0.040000
0 0.821059 0.456220 0.100000 0.040000
0 0.820508 0.518735 0.100000 0.040000
0 0.821098 0.528762 0.100000 0.040000
0 0.821023 0.558121 0.100000 0.040000
0 0.820876 0.583778 0.100000 0.040000
0 0.820048 0.612746 0.100000 0.040000
0 0.821670 0.644154 0.100000 0.040000
0 0.820697 0.695633 0.100000 0.040000
0 0.820531 0.727823 0.100000 0.040000
0 0.820764 0.758691 0.100000 0.040000
0 0.735042 0.820840 0.040000 0.100000
0 0.701153 0.821605 0.040000 0.100000
0 0.668043 0.821557 0.040000 0.100000
0 0.640652 0.821684 0.040000 0.100000
0 0.615936 0.821684 0.040000 0.100000
0 0.591219 0.821684 0.040000 0.100000
0 0.563701 0.821426 0.040000 0.100000
0 0.519111 0.821681 0.040000 0.100000
0 0.480380 0.821426 0.040000 0.100000
0 0.449039 0.821172 0.040000 0.100000
0 0.422285 0.820662 0.040000 0.100000
0 0.368034 0.821521 0.040000 0.100000
0 0.336184 0.820757 0.040000 0.100000
0 0.303314 0.819483 0.040000 0.100000
0 0.262730 0.821353 0.040000 0.100000
0 0.232408 0.821098 0.040000 0.100000
0 0.178644 0.756123 0.100000 0.040000
0 0.178007 0.723567 0.100000 0.040000
0 0.179402 0.657551 0.100000 0.040000
0 0.177928 0.630419 0.100000 0.040000
0 0.178949 0.598063 0.100000 0.040000
0 0.179244 0.566655 0.100000 0.040000
0 0.179585 0.517097 0.100000 0.040000
0 0.179143 0.490849 0.100000 0.040000
0 0.179662 0.453420 0.100000 0.040000
0 0.178483 0.425845 0.100000 0.040000
0 0.178483 0.397091 0.100000 0.040000
0 0.178926 0.368136 0.100000 0.040000
0 0.178313 0.329197 0.100000 0.040000
0 0.178755 0.303540 0.100000 0.040000
0 0.181557 0.291006 0.100000 0.040000
0 0.179471 0.251486 0.100000 0.040000
0 0.178847 0.225878 0.100000 0.040000
0 0.225531 0.178660 0.040000 0.100000
0 0.258266 0.178071 0.040000 0.100000
0 0.289969 0.176743 0.040000 0.100000
0 0.323949 0.177682 0.040000 0.100000
0 0.352703 0.177534 0.040000 0.100000
0 0.383388 0.178171 0.040000 0.100000
0 0.422118 0.177662 0.040000 0.100000
0 0.433075 0.178171 0.040000 0.100000
0 0.457433 0.178098 0.040000 0.100000
0 0.517792 0.178781 0.040000 0.100000
0 0.544039 0.178044 0.040000 0.100000
0 0.570876 0.178781 0.040000 0.100000
0 0.595541 0.178512 0.040000 0.100000
0 0.622526 0.179102 0.040000 0.100000
0 0.675300 0.179645 0.040000 0.100000
0 0.706896 0.177607 0.040000 0.100000
0 0.734295 0.178445 0.040000 0.100000
