0 0.805007 0.225054 0.100000 0.040000
0 0.806026 0.255630 0.100000 0.040000
0 0.805007 0.285188 0.100000 0.040000
0 0.805771 0.328250 0.100000 0.040000
0 0.806281 0.353475 0.100000 0.040000
0 0.717053 0.194623 0.040000 0.100000
0 0.692337 0.194623 0.040000 0.100000
0 0.667111 0.193603 0.040000 0.100000
0 0.612484 0.194503 0.040000 0.100000
0 0.588533 0.193994 0.040000 0.100000
0 0.566619 0.193994 0.040000 0.100000
0 0.542922 0.193994 0.040000 0.100000
0 0.518461 0.195013 0.040000 0.100000
0 0.462187 0.195779 0.040000 0.100000
0 0.439000 0.195779 0.040000 0.100000
0 0.422947 0.195269 0.040000 0.100000
0 0.353704 0.193437 0.040000 0.100000
0 0.381733 0.193692 0.040000 0.100000
0 0.327969 0.194966 0.040000 0.100000
0 0.296118 0.194457 0.040000 0.100000
0 0.267835 0.193947 0.040000 0.100000
0 0.237504 0.192187 0.040000 0.100000
0 0.193422 0.233975 0.100000 0.040000
0 0.193422 0.257417 0.100000 0.040000
0 0.195229 0.294738 0.100000 0.040000
0 0.194720 0.309262 0.100000 0.040000
0 0.194210 0.332959 0.100000 0.040000
0 0.194465 0.345444 0.100000 0.040000
0 0.194210 0.370925 0.100000 0.040000
0 0.195229 0.397679 0.100000 0.040000
0 0.194974 0.424545 0.100000 0.040000
0 0.193954 0.450280 0.100000 0.040000
0 0.194209 0.458689 0.100000 0.040000
0 0.194974 0.486717 0.100000 0.040000
0 0.194789 0.512301 0.100000 0.040000
0 0.195044 0.563262 0.100000 0.040000
0 0.194789 0.591545 0.100000 0.040000
0 0.195044 0.619574 0.100000 0.040000
0 0.195412 0.644564 0.100000 0.040000
0 0.195134 0.713756 0.100000 0.040000
0 0.195388 0.743058 0.100000 0.040000
0 0.242432 0.804208 0.040000 0.100000
0 0.271492 0.805529 0.040000 0.100000
0 0.308037 0.805088 0.040000 0.100000
0 0.341500 0.805969 0.040000 0.100000
0 0.371881 0.805529 0.040000 0.100000
0 0.427366 0.804345 0.040000 0.100000
0 0.452463 0.806987 0.040000 0.100000
0 0.484165 0.804785 0.040000 0.100000
0 0.513666 0.805226 0.040000 0.100000
0 0.565621 0.806547 0.040000 0.100000
0 0.591159 0.805226 0.040000 0.100000
0 0.613174 0.805226 0.040000 0.100000
0 0.635005 0.805952 0.040000 0.100000
0 0.659976 0.806972 0.040000 0.100000
0 0.690807 0.805443 0.040000 0.100000
0 0.721916 0.806358 0.040000 0.100000
0 0.804741 0.749446 0.100000 0.040000
0 0.804486 0.721927 0.100000 0.040000
0 0.804728 0.690950 0.100000 0.040000
0 0.806256 0.637950 0.100000 0.040000
0 0.806511 0.609157 0.100000 0.040000
0 0.801160 0.583167 0.100000 0.040000
0 0.806002 0.559215 0.100000 0.040000
0 0.805379 0.518429 0.100000 0.040000
0 0.805634 0.459314 0.100000 0.040000
0 0.805634 0.428738 0.100000 0.040000
0 0.805634 0.403767 0.100000 0.040000
