0 0.789082 0.232924 0.04 0.10
0 0.789082 0.261717 0.04 0.10
0 0.702904 0.211423 0.04 0.10
0 0.681330 0.210102 0.04 0.10
0 0.659314 0.209221 0.04 0.10
0 0.787883 0.288476 0.04 0.10
0 0.790965 0.330745 0.04 0.10
0 0.788323 0.354081 0.04 0.10
0 0.787883 0.406037 0.04 0.10
0 0.790209 0.429366 0.04 0.10
0 0.789328 0.451381 0.04 0.10
0 0.788008 0.457986 0.04 0.10
0 0.788008 0.520509 0.04 0.10
0 0.788008 0.532837 0.04 0.10
0 0.788888 0.561897 0.04 0.10
0 0.790209 0.583472 0.04 0.10
0 0.788008 0.607689 0.04 0.10
0 0.790649 0.632786 0.04 0.10
0 0.789328 0.686944 0.04 0.10
0 0.789246 0.715530 0.04 0.10
0 0.788805 0.739747 0.04 0.10
0 0.710769 0.789552 0.04 0.10
0 0.680393 0.790437 0.04 0.10
0 0.651210 0.789530 0.04 0.10
0 0.631156 0.789088 0.04 0.10
0 0.612282 0.789973 0.04 0.10
0 0.591458 0.789054 0.04 0.10
0 0.570055 0.789563 0.04 0.10
0 0.513442 0.788009 0.04 0.10
0 0.486688 0.789283 0.04 0.10
0 0.455856 0.788264 0.04 0.10
0 0.434452 0.789028 0.04 0.10
0 0.377185 0.788868 0.04 0.10
0 0.349157 0.788613 0.04 0.10
0 0.318835 0.789378 0.04 0.10
0 0.282841 0.789466 0.04 0.10
0 0.257106 0.788702 0.04 0.10
0 0.211189 0.732723 0.04 0.10
0 0.210170 0.706224 0.04 0.10
0 0.211597 0.634233 0.04 0.10
0 0.210833 0.611300 0.04 0.10
0 0.211088 0.585310 0.04 0.10
0 0.211088 0.559575 0.04 0.10
0 0.211600 0.522914 0.04 0.10
0 0.211091 0.507371 0.04 0.10
0 0.210581 0.489790 0.04 0.10
0 0.211855 0.457429 0.04 0.10
0 0.210260 0.425038 0.04 0.10
0 0.210260 0.400821 0.04 0.10
0 0.210260 0.376164 0.04 0.10
0 0.211141 0.352388 0.04 0.10
0 0.211141 0.339619 0.04 0.10
0 0.210260 0.316283 0.04 0.10
0 0.210701 0.301753 0.04 0.10
0 0.210701 0.264767 0.04 0.10
0 0.210701 0.244513 0.04 0.10
0 0.255171 0.212811 0.04 0.10
0 0.278507 0.210610 0.04 0.10
0 0.304045 0.209289 0.04 0.10
0 0.332665 0.211490 0.04 0.10
0 0.355560 0.209729 0.04 0.10
0 0.423179 0.208325 0.04 0.10
0 0.381350 0.210527 0.04 0.10
0 0.433306 0.209646 0.04 0.10
0 0.455761 0.210087 0.04 0.10
0 0.462366 0.209646 0.04 0.10
0 0.520486 0.209646 0.04 0.10
0 0.542061 0.209646 0.04 0.10
0 0.563636 0.210527 0.04 0.10
0 0.582569 0.210527 0.04 0.10
0 0.604584 0.210527 0.04 0.10
