0 0.652645 0.225807 0.04 0.10
0 0.672520 0.225552 0.04 0.10
0 0.688573 0.227845 0.04 0.10
0 0.595314 0.226826 0.04 0.10
0 0.578242 0.226062 0.04 0.10
0 0.560661 0.226826 0.04 0.10
0 0.541041 0.227336 0.04 0.10
0 0.523419 0.227616 0.04 0.10
0 0.464050 0.226597 0.04 0.10
0 0.455641 0.226087 0.04 0.10
0 0.423806 0.224924 0.04 0.10
0 0.433743 0.225179 0.04 0.10
0 0.441642 0.225179 0.04 0.10
0 0.382272 0.225943 0.04 0.10
0 0.359340 0.225943 0.04 0.10
0 0.337936 0.226708 0.04 0.10
0 0.313475 0.228746 0.04 0.10
0 0.267538 0.227335 0.04 0.10
0 0.290980 0.226570 0.04 0.10
0 0.226769 0.253580 0.04 0.10
0 0.226004 0.272690 0.04 0.10
0 0.226450 0.307430 0.04 0.10
0 0.225940 0.324502 0.04 0.10
0 0.226450 0.344377 0.04 0.10
0 0.226705 0.357882 0.04 0.10
0 0.223902 0.380814 0.04 0.10
0 0.227751 0.405301 0.04 0.10
0 0.226223 0.426195 0.04 0.10
0 0.228006 0.448363 0.04 0.10
0 0.226987 0.458300 0.04 0.10
0 0.228006 0.480723 0.04 0.10
0 0.227701 0.503842 0.04 0.10
0 0.227701 0.520150 0.04 0.10
0 0.225918 0.556077 0.04 0.10
0 0.227447 0.580539 0.04 0.10
0 0.227051 0.605083 0.04 0.10
0 0.228144 0.625394 0.04 0.10
0 0.227125 0.696995 0.04 0.10
0 0.226374 0.724751 0.04 0.10
0 0.272166 0.772744 0.04 0.10
0 0.293042 0.773546 0.04 0.10
0 0.328715 0.773291 0.04 0.10
0 0.355215 0.774311 0.04 0.10
0 0.380695 0.773291 0.04 0.10
0 0.439090 0.772893 0.04 0.10
0 0.461003 0.773148 0.04 0.10
0 0.489796 0.772893 0.04 0.10
0 0.514257 0.772893 0.04 0.10
0 0.522156 0.772383 0.04 0.10
0 0.573372 0.772638 0.04 0.10
0 0.697738 0.772458 0.04 0.10
0 0.670729 0.774496 0.04 0.10
0 0.646268 0.773477 0.04 0.10
0 0.626648 0.773222 0.04 0.10
0 0.610340 0.774241 0.04 0.10
0 0.592485 0.773257 0.04 0.10
0 0.773048 0.732460 0.04 0.10
0 0.772284 0.710802 0.04 0.10
0 0.772539 0.685321 0.04 0.10
0 0.773783 0.629948 0.04 0.10
0 0.774293 0.605487 0.04 0.10
0 0.774038 0.584593 0.04 0.10
0 0.774038 0.564718 0.04 0.10
0 0.773686 0.521227 0.04 0.10
0 0.774196 0.457016 0.04 0.10
0 0.774196 0.429242 0.04 0.10
0 0.774196 0.408348 0.04 0.10
0 0.773384 0.356530 0.04 0.10
0 0.773824 0.335836 0.04 0.10
0 0.773384 0.293566 0.04 0.10
0 0.772943 0.269350 0.04 0.10
0 0.773384 0.242931 0.04 0.10
