0 0.757790 0.252577 0.100000 0.040000
0 0.758045 0.275764 0.100000 0.040000
0 0.757026 0.295894 0.100000 0.040000
0 0.758045 0.338956 0.100000 0.040000
0 0.760129 0.358151 0.100000 0.040000
0 0.756562 0.411405 0.100000 0.040000
0 0.755982 0.431002 0.100000 0.040000
0 0.756237 0.449093 0.100000 0.040000
0 0.757256 0.522987 0.100000 0.040000
0 0.756747 0.537510 0.100000 0.040000
0 0.758177 0.568118 0.100000 0.040000
0 0.756555 0.585960 0.100000 0.040000
0 0.757735 0.605277 0.100000 0.040000
0 0.758715 0.626779 0.100000 0.040000
0 0.757938 0.683692 0.100000 0.040000
0 0.759212 0.707134 0.100000 0.040000
0 0.755645 0.724206 0.100000 0.040000
0 0.687474 0.757465 0.040000 0.100000
0 0.660974 0.757465 0.040000 0.100000
0 0.639571 0.756955 0.040000 0.100000
0 0.623518 0.757465 0.040000 0.100000
0 0.609759 0.757465 0.040000 0.100000
0 0.593706 0.758229 0.040000 0.100000
0 0.576955 0.758921 0.040000 0.100000
0 0.523446 0.758921 0.040000 0.100000
0 0.516056 0.757137 0.040000 0.100000
0 0.494143 0.758157 0.040000 0.100000
0 0.464331 0.757647 0.040000 0.100000
0 0.449297 0.757392 0.040000 0.100000
0 0.384937 0.758408 0.040000 0.100000
0 0.364043 0.756880 0.040000 0.100000
0 0.337288 0.758408 0.040000 0.100000
0 0.304462 0.758067 0.040000 0.100000
0 0.285606 0.759341 0.040000 0.100000
0 0.242290 0.716279 0.100000 0.040000
0 0.240506 0.692582 0.100000 0.040000
0 0.244156 0.616082 0.100000 0.040000
0 0.241862 0.598246 0.100000 0.040000
0 0.241862 0.576842 0.100000 0.040000
0 0.241098 0.555693 0.100000 0.040000
0 0.243985 0.517497 0.100000 0.040000
0 0.242456 0.500680 0.100000 0.040000
0 0.242456 0.485901 0.100000 0.040000
0 0.241436 0.457363 0.100000 0.040000
0 0.241946 0.448700 0.100000 0.040000
0 0.242456 0.428570 0.100000 0.040000
0 0.243502 0.409795 0.100000 0.040000
0 0.242483 0.389920 0.100000 0.040000
0 0.244012 0.366223 0.100000 0.040000
0 0.241974 0.350171 0.100000 0.040000
0 0.241209 0.332589 0.100000 0.040000
0 0.244776 0.316791 0.100000 0.040000
0 0.244039 0.282111 0.100000 0.040000
0 0.244293 0.265039 0.100000 0.040000
0 0.284043 0.243126 0.040000 0.100000
0 0.301370 0.241342 0.040000 0.100000
0 0.321754 0.240833 0.040000 0.100000
0 0.344432 0.242107 0.040000 0.100000
0 0.382050 0.241794 0.040000 0.100000
0 0.425877 0.241029 0.040000 0.100000
0 0.434795 0.240520 0.040000 0.100000
0 0.442949 0.241284 0.040000 0.100000
0 0.456453 0.240265 0.040000 0.100000
0 0.464607 0.240520 0.040000 0.100000
0 0.525535 0.241891 0.040000 0.100000
0 0.540569 0.241381 0.040000 0.100000
0 0.557386 0.241636 0.040000 0.100000
0 0.571910 0.242145 0.040000 0.100000
0 0.587962 0.242145 0.040000 0.100000
0 0.645040 0.241376 0.040000 0.100000
0 0.661093 0.241885 0.040000 0.100000
0 0.677910 0.242395 0.040000 0.100000
0 0.263692 0.277920 0.100000 0.040000
0 0.261488 0.291140 0.100000 0.040000
0 0.261488 0.324630 0.100000 0.040000
0 0.259285 0.343137 0.100000 0.040000
0 0.257522 0.373983 0.100000 0.040000
0 0.260607 0.397338 0.100000 0.040000
0 0.260883 0.358552 0.100000 0.040000
0 0.260373 0.414399 0.100000 0.040000
0 0.259863 0.431230 0.100000 0.040000
0 0.259353 0.458260 0.100000 0.040000
0 0.259719 0.508986 0.100000 0.040000
0 0.260229 0.553612 0.100000 0.040000
0 0.259464 0.572228 0.100000 0.040000
0 0.260994 0.590589 0.100000 0.040000
0 0.263643 0.606735 0.100000 0.040000
0 0.263133 0.682472 0.100000 0.040000
0 0.265428 0.704658 0.100000 0.040000
0 0.730889 0.272072 0.100000 0.040000
0 0.727064 0.292218 0.100000 0.040000
0 0.734715 0.304713 0.100000 0.040000
0 0.733439 0.346534 0.100000 0.040000
0 0.736501 0.362597 0.100000 0.040000
0 0.737521 0.415894 0.100000 0.040000
0 0.731655 0.431194 0.100000 0.040000
0 0.738286 0.448025 0.100000 0.040000
0 0.736365 0.525816 0.100000 0.040000
0 0.736875 0.542647 0.100000 0.040000
0 0.736688 0.574628 0.100000 0.040000
0 0.738728 0.589163 0.100000 0.040000
0 0.737453 0.605994 0.100000 0.040000
0 0.736433 0.623334 0.100000 0.040000
0 0.734211 0.682081 0.100000 0.040000
0 0.734211 0.700187 0.100000 0.040000
0 0.733190 0.715232 0.100000 0.040000
