0 0.825639 0.206135 0.04 0.10
0 0.823406 0.242387 0.04 0.10
0 0.823661 0.272199 0.04 0.10
0 0.824264 0.315797 0.04 0.10
0 0.824264 0.345738 0.04 0.10
0 0.822943 0.392850 0.04 0.10
0 0.824705 0.420149 0.04 0.10
0 0.821622 0.508650 0.04 0.10
0 0.825460 0.550998 0.04 0.10
0 0.823699 0.578297 0.04 0.10
0 0.824580 0.607357 0.04 0.10
0 0.824580 0.635536 0.04 0.10
0 0.824139 0.689693 0.04 0.10
0 0.825332 0.723789 0.04 0.10
0 0.824011 0.754170 0.04 0.10
0 0.726484 0.824401 0.04 0.10
0 0.693901 0.825282 0.04 0.10
0 0.661319 0.825282 0.04 0.10
0 0.635781 0.824401 0.04 0.10
0 0.607602 0.825722 0.04 0.10
0 0.580744 0.823521 0.04 0.10
0 0.555206 0.824401 0.04 0.10
0 0.471531 0.824085 0.04 0.10
0 0.439681 0.823066 0.04 0.10
0 0.414965 0.823830 0.04 0.10
0 0.507713 0.823575 0.04 0.10
0 0.358016 0.823833 0.04 0.10
0 0.327439 0.824343 0.04 0.10
0 0.292276 0.824088 0.04 0.10
0 0.251173 0.824610 0.04 0.10
0 0.221232 0.823729 0.04 0.10
0 0.176762 0.749758 0.04 0.10
0 0.177202 0.716736 0.04 0.10
0 0.175147 0.624720 0.04 0.10
0 0.176421 0.649436 0.04 0.10
0 0.175911 0.591851 0.04 0.10
0 0.176931 0.561784 0.04 0.10
0 0.175128 0.483863 0.04 0.10
0 0.175637 0.512401 0.04 0.10
0 0.175892 0.452777 0.04 0.10
0 0.175892 0.418124 0.04 0.10
0 0.175164 0.390540 0.04 0.10
0 0.175754 0.359132 0.04 0.10
0 0.176112 0.274552 0.04 0.10
0 0.176367 0.317359 0.04 0.10
0 0.176876 0.236586 0.04 0.10
0 0.177131 0.209067 0.04 0.10
0 0.214333 0.175943 0.04 0.10
0 0.249587 0.174641 0.04 0.10
0 0.280673 0.174641 0.04 0.10
0 0.317365 0.175915 0.04 0.10
0 0.347177 0.175915 0.04 0.10
0 0.376224 0.177699 0.04 0.10
0 0.697754 0.176523 0.04 0.10
0 0.721705 0.176778 0.04 0.10
0 0.668196 0.176268 0.04 0.10
0 0.614433 0.177542 0.04 0.10
0 0.587716 0.176722 0.04 0.10
0 0.562490 0.176467 0.04 0.10
0 0.536500 0.176467 0.04 0.10
0 0.511020 0.175448 0.04 0.10
0 0.458625 0.176028 0.04 0.10
0 0.449706 0.175773 0.04 0.10
0 0.414289 0.176028 0.04 0.10
