0 0.808762 0.213734 0.04 0.10
0 0.807881 0.247637 0.04 0.10
0 0.807000 0.274936 0.04 0.10
0 0.807441 0.316765 0.04 0.10
0 0.808321 0.344504 0.04 0.10
0 0.707492 0.192600 0.04 0.10
0 0.686358 0.192159 0.04 0.10
0 0.660820 0.191279 0.04 0.10
0 0.808485 0.394052 0.04 0.10
0 0.807605 0.418269 0.04 0.10
0 0.806284 0.449530 0.04 0.10
0 0.808485 0.508531 0.04 0.10
0 0.807605 0.553442 0.04 0.10
0 0.807003 0.578042 0.04 0.10
0 0.806122 0.604461 0.04 0.10
0 0.806991 0.629827 0.04 0.10
0 0.806551 0.685790 0.04 0.10
0 0.806551 0.715314 0.04 0.10
0 0.805669 0.744397 0.04 0.10
0 0.713738 0.809470 0.04 0.10
0 0.682011 0.809029 0.04 0.10
0 0.653809 0.809029 0.04 0.10
0 0.631336 0.808588 0.04 0.10
0 0.605337 0.807707 0.04 0.10
0 0.581982 0.808148 0.04 0.10
0 0.508913 0.808142 0.04 0.10
0 0.474101 0.809024 0.04 0.10
0 0.443696 0.806380 0.04 0.10
0 0.421663 0.806380 0.04 0.10
0 0.362175 0.809464 0.04 0.10
0 0.333973 0.809024 0.04 0.10
0 0.299161 0.809024 0.04 0.10
0 0.259943 0.809024 0.04 0.10
0 0.230859 0.808142 0.04 0.10
0 0.191932 0.739553 0.04 0.10
0 0.191491 0.709148 0.04 0.10
0 0.191606 0.639569 0.04 0.10
0 0.191165 0.615333 0.04 0.10
0 0.191165 0.586249 0.04 0.10
0 0.192046 0.557166 0.04 0.10
0 0.191165 0.507372 0.04 0.10
0 0.191606 0.486221 0.04 0.10
0 0.192046 0.451409 0.04 0.10
0 0.190850 0.444914 0.04 0.10
0 0.189968 0.418034 0.04 0.10
0 0.190850 0.392476 0.04 0.10
0 0.191290 0.364274 0.04 0.10
0 0.192612 0.338275 0.04 0.10
0 0.193053 0.322852 0.04 0.10
0 0.192612 0.298176 0.04 0.10
0 0.193493 0.280549 0.04 0.10
0 0.192172 0.221061 0.04 0.10
0 0.191731 0.242653 0.04 0.10
0 0.226983 0.192859 0.04 0.10
0 0.257829 0.192859 0.04 0.10
0 0.288675 0.191978 0.04 0.10
0 0.320402 0.192418 0.04 0.10
0 0.347723 0.191537 0.04 0.10
0 0.374816 0.190820 0.04 0.10
0 0.414034 0.190820 0.04 0.10
0 0.449287 0.191701 0.04 0.10
0 0.458100 0.191701 0.04 0.10
0 0.512300 0.193023 0.04 0.10
0 0.535215 0.192582 0.04 0.10
0 0.583279 0.192464 0.04 0.10
0 0.558603 0.192464 0.04 0.10
0 0.605312 0.191583 0.04 0.10
