0 0.695520 0.208281 0.040000 0.100000
0 0.676664 0.207517 0.040000 0.100000
0 0.653987 0.207262 0.040000 0.100000
0 0.597165 0.207772 0.040000 0.100000
0 0.577697 0.207394 0.040000 0.100000
0 0.555020 0.208158 0.040000 0.100000
0 0.535400 0.207139 0.040000 0.100000
0 0.513996 0.207648 0.040000 0.100000
0 0.458358 0.208609 0.040000 0.100000
0 0.449949 0.207845 0.040000 0.100000
0 0.415805 0.209629 0.040000 0.100000
0 0.426762 0.207845 0.040000 0.100000
0 0.374272 0.208355 0.040000 0.100000
0 0.349301 0.208355 0.040000 0.100000
0 0.325350 0.207845 0.040000 0.100000
0 0.267223 0.204837 0.040000 0.100000
0 0.241488 0.207895 0.040000 0.100000
0 0.294473 0.206495 0.040000 0.100000
0 0.206852 0.231592 0.100000 0.040000
0 0.206412 0.249644 0.100000 0.040000
0 0.207668 0.287399 0.100000 0.040000
0 0.208108 0.304571 0.100000 0.040000
0 0.208989 0.327027 0.100000 0.040000
0 0.208108 0.343758 0.100000 0.040000
0 0.208108 0.370176 0.100000 0.040000
0 0.208108 0.395714 0.100000 0.040000
0 0.208108 0.419050 0.100000 0.040000
0 0.208108 0.444587 0.100000 0.040000
0 0.208548 0.478050 0.100000 0.040000
0 0.208989 0.501827 0.100000 0.040000
0 0.208548 0.554223 0.100000 0.040000
0 0.208108 0.513715 0.100000 0.040000
0 0.207983 0.580480 0.100000 0.040000
0 0.208423 0.608660 0.100000 0.040000
0 0.207543 0.628914 0.100000 0.040000
0 0.209744 0.699802 0.100000 0.040000
0 0.207543 0.728862 0.100000 0.040000
0 0.247350 0.791554 0.040000 0.100000
0 0.272447 0.791114 0.040000 0.100000
0 0.309432 0.791554 0.040000 0.100000
0 0.341574 0.793316 0.040000 0.100000
0 0.367552 0.791995 0.040000 0.100000
0 0.428754 0.791114 0.040000 0.100000
0 0.448128 0.791554 0.040000 0.100000
0 0.628777 0.791711 0.040000 0.100000
0 0.647710 0.791711 0.040000 0.100000
0 0.672367 0.790390 0.040000 0.100000
0 0.702307 0.791711 0.040000 0.100000
0 0.605881 0.791271 0.040000 0.100000
0 0.583866 0.791271 0.040000 0.100000
0 0.563612 0.790831 0.040000 0.100000
0 0.517820 0.790831 0.040000 0.100000
0 0.509455 0.790390 0.040000 0.100000
0 0.478961 0.791905 0.040000 0.100000
0 0.790841 0.735823 0.100000 0.040000
0 0.791282 0.709845 0.100000 0.040000
0 0.791282 0.684307 0.100000 0.040000
0 0.792162 0.626628 0.100000 0.040000
0 0.792603 0.603732 0.100000 0.040000
0 0.790116 0.222508 0.100000 0.040000
0 0.790996 0.253769 0.100000 0.040000
0 0.790996 0.277545 0.100000 0.040000
0 0.790996 0.320255 0.100000 0.040000
0 0.791437 0.346233 0.100000 0.040000
0 0.791877 0.396867 0.100000 0.040000
0 0.791877 0.420203 0.100000 0.040000
0 0.791629 0.509963 0.100000 0.040000
0 0.790308 0.447440 0.100000 0.040000
0 0.792069 0.527135 0.100000 0.040000
0 0.791629 0.555755 0.100000 0.040000
0 0.793390 0.579091 0.100000 0.040000
