0 0.774148 0.233036 0.04 0.10
0 0.773707 0.260775 0.04 0.10
0 0.775468 0.282350 0.04 0.10
0 0.775468 0.325500 0.04 0.10
0 0.774588 0.348396 0.04 0.10
0 0.685206 0.223350 0.04 0.10
0 0.668915 0.223350 0.04 0.10
0 0.648221 0.224230 0.04 0.10
0 0.774512 0.401005 0.04 0.10
0 0.774512 0.421259 0.04 0.10
0 0.770990 0.446796 0.04 0.10
0 0.775585 0.514041 0.04 0.10
0 0.773383 0.526810 0.04 0.10
0 0.776025 0.560273 0.04 0.10
0 0.774704 0.580086 0.04 0.10
0 0.775612 0.602136 0.04 0.10
0 0.775171 0.623288 0.04 0.10
0 0.773849 0.682776 0.04 0.10
0 0.774290 0.704809 0.04 0.10
0 0.775171 0.729045 0.04 0.10
0 0.694334 0.777212 0.04 0.10
0 0.665251 0.777212 0.04 0.10
0 0.642337 0.778094 0.04 0.10
0 0.626473 0.775009 0.04 0.10
0 0.606883 0.774882 0.04 0.10
0 0.586613 0.776645 0.04 0.10
0 0.568987 0.775763 0.04 0.10
0 0.519193 0.776645 0.04 0.10
0 0.512583 0.772679 0.04 0.10
0 0.483941 0.777967 0.04 0.10
0 0.455298 0.775323 0.04 0.10
0 0.437231 0.776204 0.04 0.10
0 0.375148 0.774276 0.04 0.10
0 0.350912 0.775157 0.04 0.10
0 0.321388 0.775157 0.04 0.10
0 0.287017 0.775157 0.04 0.10
0 0.264984 0.774276 0.04 0.10
0 0.223632 0.721113 0.04 0.10
0 0.224072 0.693793 0.04 0.10
0 0.223632 0.620644 0.04 0.10
0 0.222750 0.601696 0.04 0.10
0 0.223905 0.242620 0.04 0.10
0 0.222142 0.260246 0.04 0.10
0 0.223023 0.295499 0.04 0.10
0 0.224345 0.306956 0.04 0.10
0 0.226989 0.315769 0.04 0.10
0 0.224345 0.332954 0.04 0.10
0 0.223464 0.343530 0.04 0.10
0 0.224345 0.351902 0.04 0.10
0 0.224345 0.375698 0.04 0.10
0 0.224345 0.399493 0.04 0.10
0 0.222583 0.420204 0.04 0.10
0 0.223023 0.444440 0.04 0.10
0 0.224786 0.452372 0.04 0.10
0 0.223023 0.476608 0.04 0.10
0 0.226989 0.483218 0.04 0.10
0 0.223800 0.500129 0.04 0.10
0 0.225075 0.510839 0.04 0.10
0 0.224565 0.552406 0.04 0.10
0 0.225840 0.576631 0.04 0.10
0 0.256204 0.223093 0.04 0.10
0 0.279559 0.223533 0.04 0.10
0 0.305558 0.222652 0.04 0.10
0 0.331116 0.223974 0.04 0.10
0 0.353589 0.223974 0.04 0.10
0 0.376063 0.223974 0.04 0.10
0 0.417965 0.223331 0.04 0.10
0 0.433829 0.222449 0.04 0.10
0 0.450574 0.222890 0.04 0.10
0 0.459387 0.222890 0.04 0.10
0 0.516672 0.224212 0.04 0.10
0 0.536061 0.223331 0.04 0.10
0 0.554569 0.223331 0.04 0.10
0 0.572635 0.223771 0.04 0.10
0 0.591143 0.223771 0.04 0.10
