0 0.759651 0.243630 0.04 0.10
0 0.760973 0.269629 0.04 0.10
0 0.760092 0.290340 0.04 0.10
0 0.759210 0.331321 0.04 0.10
0 0.760973 0.350710 0.04 0.10
0 0.759607 0.404810 0.04 0.10
0 0.758725 0.424199 0.04 0.10
0 0.759166 0.446231 0.04 0.10
0 0.759607 0.517177 0.04 0.10
0 0.758725 0.530397 0.04 0.10
0 0.758285 0.535684 0.04 0.10
0 0.759607 0.563886 0.04 0.10
0 0.759607 0.583275 0.04 0.10
0 0.759607 0.602664 0.04 0.10
0 0.759563 0.621536 0.04 0.10
0 0.759563 0.681025 0.04 0.10
0 0.759122 0.702176 0.04 0.10
0 0.759563 0.722446 0.04 0.10
0 0.239694 0.713931 0.04 0.10
0 0.238812 0.688373 0.04 0.10
0 0.239708 0.612193 0.04 0.10
0 0.238826 0.596329 0.04 0.10
0 0.239708 0.573856 0.04 0.10
0 0.241911 0.552704 0.04 0.10
0 0.240589 0.513927 0.04 0.10
0 0.239864 0.499009 0.04 0.10
0 0.240374 0.481413 0.04 0.10
0 0.240374 0.453872 0.04 0.10
0 0.241649 0.445202 0.04 0.10
0 0.240483 0.424645 0.04 0.10
0 0.238953 0.404754 0.04 0.10
0 0.238953 0.383589 0.04 0.10
0 0.240228 0.360128 0.04 0.10
0 0.241248 0.341002 0.04 0.10
0 0.236658 0.349927 0.04 0.10
0 0.240228 0.324937 0.04 0.10
0 0.238797 0.303966 0.04 0.10
0 0.238287 0.268774 0.04 0.10
0 0.241092 0.253474 0.04 0.10
