0 0.668576 0.178452 0.04 0.10
0 0.701292 0.176930 0.04 0.10
0 0.728683 0.178452 0.04 0.10
0 0.823026 0.236275 0.04 0.10
0 0.822266 0.268230 0.04 0.10
0 0.821505 0.302468 0.04 0.10
0 0.821505 0.347357 0.04 0.10
0 0.616803 0.177791 0.04 0.10
0 0.591706 0.177791 0.04 0.10
0 0.569250 0.176911 0.04 0.10
0 0.543273 0.176911 0.04 0.10
0 0.518176 0.177351 0.04 0.10
0 0.466155 0.179014 0.04 0.10
0 0.440618 0.179014 0.04 0.10
0 0.426088 0.179014 0.04 0.10
0 0.385580 0.178133 0.04 0.10
0 0.356520 0.178133 0.04 0.10
0 0.326580 0.178133 0.04 0.10
0 0.294438 0.176812 0.04 0.10
0 0.262737 0.177693 0.04 0.10
0 0.225281 0.176645 0.04 0.10
0 0.177179 0.236152 0.04 0.10
0 0.176739 0.270935 0.04 0.10
0 0.176298 0.318928 0.04 0.10
0 0.178059 0.345786 0.04 0.10
0 0.176739 0.357674 0.04 0.10
0 0.178059 0.393339 0.04 0.10
0 0.176739 0.422398 0.04 0.10
0 0.178500 0.450577 0.04 0.10
0 0.177325 0.474081 0.04 0.10
0 0.178646 0.483327 0.04 0.10
0 0.179967 0.509745 0.04 0.10
0 0.179967 0.535722 0.04 0.10
0 0.179086 0.589879 0.04 0.10
0 0.176885 0.615417 0.04 0.10
0 0.177325 0.646237 0.04 0.10
0 0.178359 0.677553 0.04 0.10
0 0.178799 0.736553 0.04 0.10
0 0.179239 0.770897 0.04 0.10
0 0.236478 0.821091 0.04 0.10
0 0.268180 0.821531 0.04 0.10
0 0.303844 0.820650 0.04 0.10
0 0.334887 0.820756 0.04 0.10
0 0.367029 0.822077 0.04 0.10
0 0.419424 0.822077 0.04 0.10
0 0.444962 0.822077 0.04 0.10
0 0.480186 0.821196 0.04 0.10
0 0.671429 0.821505 0.04 0.10
0 0.704451 0.821505 0.04 0.10
0 0.736153 0.821064 0.04 0.10
0 0.643690 0.821505 0.04 0.10
0 0.619914 0.820184 0.04 0.10
0 0.591734 0.821945 0.04 0.10
0 0.563555 0.823266 0.04 0.10
0 0.518205 0.821505 0.04 0.10
0 0.510719 0.821945 0.04 0.10
0 0.821139 0.786995 0.04 0.10
0 0.823432 0.750304 0.04 0.10
0 0.822521 0.664950 0.04 0.10
0 0.821421 0.719254 0.04 0.10
0 0.822154 0.635597 0.04 0.10
0 0.822521 0.606610 0.04 0.10
0 0.822159 0.545302 0.04 0.10
0 0.822159 0.580526 0.04 0.10
0 0.821425 0.535028 0.04 0.10
0 0.820324 0.477789 0.04 0.10
0 0.820691 0.449170 0.04 0.10
0 0.820691 0.471185 0.04 0.10
0 0.820324 0.424586 0.04 0.10
0 0.822159 0.375787 0.04 0.10
