0 0.804312 0.245517 0.04 0.10
0 0.805193 0.275017 0.04 0.10
0 0.805633 0.307159 0.04 0.10
0 0.805193 0.349868 0.04 0.10
0 0.711409 0.193561 0.04 0.10
0 0.688954 0.193561 0.04 0.10
0 0.660335 0.194882 0.04 0.10
0 0.805020 0.377842 0.04 0.10
0 0.805198 0.426605 0.04 0.10
0 0.805198 0.449060 0.04 0.10
0 0.805198 0.469754 0.04 0.10
0 0.805639 0.546806 0.04 0.10
0 0.805198 0.477239 0.04 0.10
0 0.805397 0.582557 0.04 0.10
0 0.804957 0.605893 0.04 0.10
0 0.805397 0.632751 0.04 0.10
0 0.804957 0.660049 0.04 0.10
0 0.804957 0.715087 0.04 0.10
0 0.807159 0.745027 0.04 0.10
0 0.804076 0.777609 0.04 0.10
0 0.722621 0.806229 0.04 0.10
0 0.692241 0.805788 0.04 0.10
0 0.662741 0.805348 0.04 0.10
0 0.638462 0.804180 0.04 0.10
0 0.617328 0.805942 0.04 0.10
0 0.591350 0.805942 0.04 0.10
0 0.566253 0.806822 0.04 0.10
0 0.517380 0.805501 0.04 0.10
0 0.482597 0.805942 0.04 0.10
0 0.449574 0.805942 0.04 0.10
0 0.424477 0.805061 0.04 0.10
0 0.369805 0.806899 0.04 0.10
0 0.341162 0.807780 0.04 0.10
0 0.311638 0.805136 0.04 0.10
0 0.278154 0.805815 0.04 0.10
0 0.251274 0.804052 0.04 0.10
0 0.193989 0.759105 0.04 0.10
0 0.193107 0.730022 0.04 0.10
0 0.193107 0.666127 0.04 0.10
0 0.194833 0.638709 0.04 0.10
0 0.194833 0.609626 0.04 0.10
0 0.194833 0.587153 0.04 0.10
0 0.193070 0.542647 0.04 0.10
0 0.193070 0.532071 0.04 0.10
0 0.193070 0.511801 0.04 0.10
0 0.193732 0.471765 0.04 0.10
0 0.193477 0.482221 0.04 0.10
0 0.193222 0.450600 0.04 0.10
0 0.192967 0.424844 0.04 0.10
0 0.192385 0.397328 0.04 0.10
0 0.193660 0.363412 0.04 0.10
0 0.192640 0.327966 0.04 0.10
0 0.193915 0.278494 0.04 0.10
0 0.194425 0.313175 0.04 0.10
0 0.194425 0.247638 0.04 0.10
0 0.193736 0.351649 0.04 0.10
0 0.237951 0.194499 0.04 0.10
0 0.273608 0.195659 0.04 0.10
0 0.302691 0.195218 0.04 0.10
0 0.331334 0.194337 0.04 0.10
0 0.358214 0.194777 0.04 0.10
0 0.383772 0.193455 0.04 0.10
0 0.519717 0.192869 0.04 0.10
0 0.541750 0.192869 0.04 0.10
0 0.563342 0.194190 0.04 0.10
0 0.586256 0.193309 0.04 0.10
0 0.608289 0.194631 0.04 0.10
0 0.466398 0.192869 0.04 0.10
0 0.458466 0.193309 0.04 0.10
0 0.441281 0.193750 0.04 0.10
0 0.426298 0.193309 0.04 0.10
0 0.433349 0.193309 0.04 0.10
