0 0.788361 0.253992 0.04 0.10
0 0.791003 0.279970 0.04 0.10
0 0.789682 0.309910 0.04 0.10
0 0.789682 0.352619 0.04 0.10
0 0.698100 0.209082 0.04 0.10
0 0.678727 0.209082 0.04 0.10
0 0.653190 0.209082 0.04 0.10
0 0.788802 0.376836 0.04 0.10
0 0.789078 0.427099 0.04 0.10
0 0.789519 0.447793 0.04 0.10
0 0.789078 0.465405 0.04 0.10
0 0.789519 0.474211 0.04 0.10
0 0.789616 0.548335 0.04 0.10
0 0.788735 0.582706 0.04 0.10
0 0.790057 0.606061 0.04 0.10
0 0.789175 0.629856 0.04 0.10
0 0.787854 0.653211 0.04 0.10
0 0.787528 0.710562 0.04 0.10
0 0.788038 0.736318 0.04 0.10
0 0.788293 0.768449 0.04 0.10
0 0.711535 0.790125 0.04 0.10
0 0.681293 0.789307 0.04 0.10
0 0.655295 0.789307 0.04 0.10
0 0.634143 0.789307 0.04 0.10
0 0.615366 0.790031 0.04 0.10
0 0.592892 0.789590 0.04 0.10
0 0.570419 0.789590 0.04 0.10
0 0.520184 0.788709 0.04 0.10
0 0.511371 0.788268 0.04 0.10
0 0.486695 0.789590 0.04 0.10
0 0.452764 0.788709 0.04 0.10
0 0.433375 0.789150 0.04 0.10
0 0.375320 0.789472 0.04 0.10
0 0.347999 0.790354 0.04 0.10
0 0.318916 0.789472 0.04 0.10
0 0.286748 0.789032 0.04 0.10
0 0.264275 0.789032 0.04 0.10
0 0.209193 0.748491 0.04 0.10
0 0.210515 0.720289 0.04 0.10
0 0.210515 0.653751 0.04 0.10
0 0.210791 0.629396 0.04 0.10
0 0.210791 0.603398 0.04 0.10
0 0.210791 0.581365 0.04 0.10
0 0.210791 0.538181 0.04 0.10
0 0.210791 0.507335 0.04 0.10
0 0.209993 0.478287 0.04 0.10
0 0.210248 0.448706 0.04 0.10
0 0.211268 0.424990 0.04 0.10
0 0.209993 0.402040 0.04 0.10
0 0.209240 0.370211 0.04 0.10
0 0.209240 0.334517 0.04 0.10
0 0.210121 0.355228 0.04 0.10
0 0.211003 0.319535 0.04 0.10
0 0.209242 0.284105 0.04 0.10
0 0.209682 0.257665 0.04 0.10
0 0.252867 0.210075 0.04 0.10
0 0.283712 0.210956 0.04 0.10
0 0.310592 0.210515 0.04 0.10
0 0.336150 0.210515 0.04 0.10
0 0.361268 0.209634 0.04 0.10
0 0.384170 0.209660 0.04 0.10
0 0.426472 0.209220 0.04 0.10
0 0.435286 0.210101 0.04 0.10
0 0.442777 0.209660 0.04 0.10
0 0.457759 0.209220 0.04 0.10
0 0.466131 0.210101 0.04 0.10
0 0.522095 0.210542 0.04 0.10
0 0.543246 0.210101 0.04 0.10
0 0.560432 0.210101 0.04 0.10
0 0.580261 0.209220 0.04 0.10
