0 0.772621 0.261673 0.100000 0.040000
0 0.773131 0.284860 0.100000 0.040000
0 0.773131 0.310595 0.100000 0.040000
0 0.684969 0.225491 0.040000 0.100000
0 0.668917 0.224217 0.040000 0.100000
0 0.645827 0.227324 0.040000 0.100000
0 0.592569 0.225802 0.040000 0.100000
0 0.576591 0.225802 0.040000 0.100000
0 0.559092 0.225802 0.040000 0.100000
0 0.541593 0.226563 0.040000 0.100000
0 0.522572 0.227324 0.040000 0.100000
0 0.466270 0.225802 0.040000 0.100000
0 0.458662 0.225802 0.040000 0.100000
0 0.443299 0.226064 0.040000 0.100000
0 0.435814 0.227385 0.040000 0.100000
0 0.427008 0.226064 0.040000 0.100000
0 0.383858 0.225624 0.040000 0.100000
0 0.363604 0.226064 0.040000 0.100000
0 0.341590 0.226064 0.040000 0.100000
0 0.318254 0.225624 0.040000 0.100000
0 0.295798 0.225624 0.040000 0.100000
0 0.226437 0.265193 0.100000 0.040000
0 0.225557 0.289409 0.100000 0.040000
0 0.226437 0.322872 0.100000 0.040000
0 0.229519 0.332118 0.100000 0.040000
0 0.222475 0.338723 0.100000 0.040000
0 0.228198 0.359417 0.100000 0.040000
0 0.222475 0.365141 0.100000 0.040000
0 0.229519 0.375268 0.100000 0.040000
0 0.227158 0.405104 0.100000 0.040000
0 0.224516 0.425798 0.100000 0.040000
0 0.224516 0.447813 0.100000 0.040000
0 0.227158 0.464544 0.100000 0.040000
0 0.228919 0.476432 0.100000 0.040000
0 0.228038 0.494925 0.100000 0.040000
0 0.224076 0.503291 0.100000 0.040000
0 0.225837 0.532350 0.100000 0.040000
0 0.225837 0.576380 0.100000 0.040000
0 0.226321 0.595488 0.100000 0.040000
0 0.225881 0.620585 0.100000 0.040000
0 0.228082 0.640838 0.100000 0.040000
0 0.224560 0.519316 0.100000 0.040000
0 0.225881 0.711286 0.100000 0.040000
0 0.227202 0.737704 0.100000 0.040000
0 0.276515 0.773368 0.040000 0.100000
0 0.298530 0.774689 0.040000 0.100000
0 0.329351 0.774249 0.040000 0.100000
0 0.354888 0.774249 0.040000 0.100000
0 0.379545 0.774249 0.040000 0.100000
0 0.440488 0.772278 0.040000 0.100000
0 0.458980 0.773599 0.040000 0.100000
0 0.489801 0.773599 0.040000 0.100000
0 0.513137 0.773599 0.040000 0.100000
0 0.522824 0.772718 0.040000 0.100000
0 0.574779 0.774480 0.040000 0.100000
0 0.613525 0.773599 0.040000 0.100000
0 0.630697 0.772718 0.040000 0.100000
0 0.649630 0.773599 0.040000 0.100000
0 0.594152 0.774039 0.040000 0.100000
0 0.673406 0.772718 0.040000 0.100000
0 0.699824 0.772278 0.040000 0.100000
0 0.773553 0.757880 0.100000 0.040000
0 0.773553 0.728380 0.100000 0.040000
0 0.773553 0.705925 0.100000 0.040000
0 0.773553 0.646485 0.100000 0.040000
0 0.772232 0.624910 0.100000 0.040000
0 0.772232 0.602455 0.100000 0.040000
0 0.772232 0.582641 0.100000 0.040000
0 0.772632 0.547905 0.100000 0.040000
0 0.772191 0.470853 0.100000 0.040000
0 0.771751 0.445756 0.100000 0.040000
0 0.773072 0.425942 0.100000 0.040000
0 0.772632 0.375748 0.100000 0.040000
0 0.775273 0.352853 0.100000 0.040000
