0 0.673232 0.243088 0.040000 0.100000
0 0.658262 0.242647 0.040000 0.100000
0 0.641090 0.241327 0.040000 0.100000
0 0.759090 0.266424 0.100000 0.040000
0 0.756449 0.288879 0.100000 0.040000
0 0.759090 0.311334 0.100000 0.040000
0 0.756889 0.354043 0.100000 0.040000
0 0.757329 0.374737 0.100000 0.040000
0 0.756419 0.424760 0.100000 0.040000
0 0.759501 0.442813 0.100000 0.040000
0 0.757740 0.457343 0.100000 0.040000
0 0.757299 0.547604 0.100000 0.040000
0 0.757299 0.581947 0.100000 0.040000
0 0.758620 0.601320 0.100000 0.040000
0 0.756419 0.619813 0.100000 0.040000
0 0.757604 0.640533 0.100000 0.040000
0 0.755402 0.699093 0.100000 0.040000
0 0.758044 0.721108 0.100000 0.040000
0 0.758044 0.746205 0.100000 0.040000
0 0.691119 0.757653 0.040000 0.100000
0 0.665141 0.757213 0.040000 0.100000
0 0.642686 0.758093 0.040000 0.100000
0 0.627275 0.758093 0.040000 0.100000
0 0.612746 0.756772 0.040000 0.100000
0 0.595134 0.758093 0.040000 0.100000
0 0.494125 0.757188 0.040000 0.100000
0 0.463305 0.758069 0.040000 0.100000
0 0.447013 0.756748 0.040000 0.100000
0 0.524506 0.756748 0.040000 0.100000
0 0.385812 0.757188 0.040000 0.100000
0 0.362036 0.757188 0.040000 0.100000
0 0.339140 0.758069 0.040000 0.100000
0 0.289603 0.758870 0.040000 0.100000
0 0.309857 0.757109 0.040000 0.100000
0 0.242051 0.725847 0.100000 0.040000
0 0.241610 0.702512 0.100000 0.040000
0 0.242391 0.629980 0.100000 0.040000
0 0.241070 0.610167 0.100000 0.040000
0 0.243271 0.588152 0.100000 0.040000
0 0.242831 0.568779 0.100000 0.040000
0 0.242831 0.526950 0.100000 0.040000
0 0.243712 0.519025 0.100000 0.040000
0 0.243271 0.511100 0.100000 0.040000
0 0.242831 0.497891 0.100000 0.040000
0 0.242831 0.490846 0.100000 0.040000
0 0.243644 0.472640 0.100000 0.040000
0 0.242763 0.460752 0.100000 0.040000
0 0.242763 0.444461 0.100000 0.040000
0 0.241883 0.425968 0.100000 0.040000
0 0.241883 0.407035 0.100000 0.040000
0 0.242323 0.378416 0.100000 0.040000
0 0.242763 0.369610 0.100000 0.040000
0 0.242763 0.361244 0.100000 0.040000
0 0.242763 0.344953 0.100000 0.040000
0 0.243644 0.336147 0.100000 0.040000
0 0.243203 0.327341 0.100000 0.040000
0 0.242187 0.293031 0.100000 0.040000
0 0.241747 0.270576 0.100000 0.040000
0 0.285337 0.243278 0.040000 0.100000
0 0.307792 0.242397 0.040000 0.100000
0 0.328046 0.242397 0.040000 0.100000
0 0.347859 0.241516 0.040000 0.100000
0 0.365911 0.240636 0.040000 0.100000
0 0.384844 0.241076 0.040000 0.100000
0 0.427828 0.241973 0.040000 0.100000
0 0.437523 0.241973 0.040000 0.100000
0 0.444573 0.241091 0.040000 0.100000
0 0.458674 0.241973 0.040000 0.100000
0 0.466606 0.241973 0.040000 0.100000
0 0.526095 0.241532 0.040000 0.100000
0 0.541958 0.242413 0.040000 0.100000
0 0.556940 0.241091 0.040000 0.100000
0 0.572804 0.240210 0.040000 0.100000
0 0.586905 0.241091 0.040000 0.100000
0 0.726602 0.279334 0.100000 0.040000
0 0.732326 0.294744 0.100000 0.040000
0 0.738490 0.311916 0.100000 0.040000
0 0.727923 0.354184 0.100000 0.040000
0 0.735408 0.370916 0.100000 0.040000
0 0.730565 0.422871 0.100000 0.040000
0 0.734527 0.437401 0.100000 0.040000
0 0.736729 0.449729 0.100000 0.040000
0 0.737609 0.462058 0.100000 0.040000
0 0.734527 0.529423 0.100000 0.040000
0 0.733346 0.547784 0.100000 0.040000
0 0.734226 0.580806 0.100000 0.040000
0 0.736868 0.596217 0.100000 0.040000
0 0.734666 0.612508 0.100000 0.040000
0 0.734666 0.629239 0.100000 0.040000
0 0.732465 0.688680 0.100000 0.040000
0 0.733432 0.706043 0.100000 0.040000
0 0.731230 0.723215 0.100000 0.040000
0 0.262125 0.279069 0.100000 0.040000
0 0.262431 0.297123 0.100000 0.040000
0 0.264573 0.331702 0.100000 0.040000
0 0.261819 0.350063 0.100000 0.040000
0 0.262431 0.381582 0.100000 0.040000
0 0.262431 0.364752 0.100000 0.040000
0 0.261700 0.407070 0.100000 0.040000
0 0.260476 0.423595 0.100000 0.040000
0 0.260782 0.441038 0.100000 0.040000
0 0.261088 0.455726 0.100000 0.040000
0 0.261394 0.467966 0.100000 0.040000
0 0.261394 0.482655 0.100000 0.040000
0 0.262618 0.519070 0.100000 0.040000
0 0.262093 0.562079 0.100000 0.040000
0 0.261481 0.578298 0.100000 0.040000
0 0.262093 0.595741 0.100000 0.040000
0 0.263317 0.611347 0.100000 0.040000
0 0.261851 0.689201 0.100000 0.040000
0 0.263966 0.709824 0.100000 0.040000
