0 0.181437 0.238208 0.100000 0.040000
0 0.181437 0.271228 0.100000 0.040000
0 0.179728 0.302691 0.100000 0.040000
0 0.180960 0.354365 0.100000 0.040000
0 0.180055 0.392065 0.100000 0.040000
0 0.178848 0.419510 0.100000 0.040000
0 0.179176 0.448560 0.100000 0.040000
0 0.180740 0.471491 0.100000 0.040000
0 0.180219 0.544975 0.100000 0.040000
0 0.179301 0.590072 0.100000 0.040000
0 0.180343 0.617694 0.100000 0.040000
0 0.181385 0.652090 0.100000 0.040000
0 0.181906 0.681275 0.100000 0.040000
0 0.181385 0.741209 0.100000 0.040000
0 0.180343 0.772479 0.100000 0.040000
0 0.237149 0.819383 0.040000 0.100000
0 0.265292 0.819383 0.040000 0.100000
0 0.303337 0.820425 0.040000 0.100000
0 0.338255 0.820425 0.040000 0.100000
0 0.363953 0.820236 0.040000 0.100000
0 0.421802 0.820236 0.040000 0.100000
0 0.448902 0.819715 0.040000 0.100000
0 0.481736 0.820236 0.040000 0.100000
0 0.516132 0.818672 0.040000 0.100000
0 0.566685 0.820757 0.040000 0.100000
0 0.591701 0.819193 0.040000 0.100000
0 0.621407 0.820236 0.040000 0.100000
0 0.646571 0.820140 0.040000 0.100000
0 0.673671 0.819098 0.040000 0.100000
0 0.704420 0.821182 0.040000 0.100000
0 0.740380 0.820140 0.040000 0.100000
0 0.820229 0.781689 0.100000 0.040000
0 0.820229 0.749551 0.100000 0.040000
0 0.820663 0.715675 0.100000 0.040000
0 0.820013 0.663033 0.100000 0.040000
0 0.820013 0.633935 0.100000 0.040000
0 0.819144 0.605271 0.100000 0.040000
0 0.819578 0.579213 0.100000 0.040000
0 0.819144 0.544903 0.100000 0.040000
0 0.819144 0.477586 0.100000 0.040000
0 0.820013 0.450225 0.100000 0.040000
0 0.820467 0.425058 0.100000 0.040000
0 0.820033 0.376851 0.100000 0.040000
0 0.819598 0.347319 0.100000 0.040000
0 0.819598 0.303888 0.100000 0.040000
0 0.820033 0.269579 0.100000 0.040000
0 0.818295 0.238743 0.100000 0.040000
0 0.727859 0.179194 0.040000 0.100000
0 0.700064 0.181799 0.040000 0.100000
0 0.671834 0.179628 0.040000 0.100000
0 0.620153 0.179628 0.040000 0.100000
0 0.594250 0.181131 0.040000 0.100000
0 0.566455 0.179393 0.040000 0.100000
0 0.541700 0.180696 0.040000 0.100000
0 0.519550 0.179828 0.040000 0.100000
0 0.467000 0.179828 0.040000 0.100000
0 0.425307 0.179393 0.040000 0.100000
0 0.387957 0.180696 0.040000 0.100000
0 0.360162 0.180696 0.040000 0.100000
0 0.231493 0.179944 0.040000 0.100000
0 0.266671 0.180813 0.040000 0.100000
0 0.298375 0.180813 0.040000 0.100000
0 0.330079 0.180813 0.040000 0.100000
0 0.195755 0.246381 0.100000 0.040000
0 0.195234 0.275045 0.100000 0.040000
0 0.195755 0.309963 0.100000 0.040000
0 0.195234 0.347486 0.100000 0.040000
0 0.195234 0.396476 0.100000 0.040000
0 0.195755 0.423055 0.100000 0.040000
0 0.195234 0.446507 0.100000 0.040000
0 0.197318 0.469959 0.100000 0.040000
0 0.196965 0.503814 0.100000 0.040000
0 0.196530 0.541629 0.100000 0.040000
0 0.196095 0.586832 0.100000 0.040000
0 0.196095 0.611607 0.100000 0.040000
0 0.194791 0.640294 0.100000 0.040000
0 0.196530 0.672893 0.100000 0.040000
0 0.196530 0.732005 0.100000 0.040000
0 0.196095 0.762431 0.100000 0.040000
0 0.249824 0.801888 0.040000 0.100000
0 0.275034 0.801019 0.040000 0.100000
0 0.311110 0.801888 0.040000 0.100000
0 0.343709 0.801019 0.040000 0.100000
0 0.369788 0.801019 0.040000 0.100000
0 0.427773 0.802492 0.040000 0.100000
0 0.452982 0.802926 0.040000 0.100000
0 0.484277 0.800753 0.040000 0.100000
0 0.514268 0.801622 0.040000 0.100000
0 0.569034 0.802492 0.040000 0.100000
0 0.589028 0.802057 0.040000 0.100000
0 0.616845 0.802492 0.040000 0.100000
0 0.639036 0.802525 0.040000 0.100000
0 0.662073 0.802090 0.040000 0.100000
0 0.691629 0.803394 0.040000 0.100000
0 0.724228 0.802959 0.040000 0.100000
0 0.802899 0.773403 0.100000 0.040000
0 0.803334 0.741239 0.100000 0.040000
0 0.802465 0.711248 0.100000 0.040000
0 0.802049 0.659685 0.100000 0.040000
0 0.804222 0.630998 0.100000 0.040000
0 0.803353 0.604484 0.100000 0.040000
0 0.803788 0.582317 0.100000 0.040000
0 0.804182 0.546898 0.100000 0.040000
0 0.802444 0.475616 0.100000 0.040000
0 0.801574 0.449537 0.100000 0.040000
0 0.801574 0.427370 0.100000 0.040000
0 0.801240 0.375895 0.100000 0.040000
0 0.800805 0.350250 0.100000 0.040000
0 0.801240 0.306351 0.100000 0.040000
0 0.801674 0.276360 0.100000 0.040000
0 0.802978 0.247238 0.100000 0.040000
0 0.713006 0.195080 0.040000 0.100000
0 0.689100 0.196819 0.040000 0.100000
0 0.663021 0.195080 0.040000 0.100000
0 0.609875 0.196442 0.040000 0.100000
0 0.587342 0.195691 0.040000 0.100000
0 0.564059 0.197193 0.040000 0.100000
0 0.543789 0.195790 0.040000 0.100000
0 0.520318 0.196659 0.040000 0.100000
0 0.465987 0.197094 0.040000 0.100000
0 0.426869 0.197094 0.040000 0.100000
0 0.387867 0.197248 0.040000 0.100000
0 0.362223 0.195944 0.040000 0.100000
0 0.335275 0.196814 0.040000 0.100000
0 0.303980 0.195075 0.040000 0.100000
0 0.277901 0.197248 0.040000 0.100000
0 0.244433 0.196379 0.040000 0.100000
0 0.786702 0.256549 0.100000 0.040000
0 0.785952 0.282065 0.100000 0.040000
0 0.785952 0.309082 0.100000 0.040000
0 0.784451 0.353360 0.100000 0.040000
0 0.785952 0.378876 0.100000 0.040000
0 0.785952 0.429158 0.100000 0.040000
0 0.785952 0.447169 0.100000 0.040000
0 0.786702 0.467432 0.100000 0.040000
0 0.786521 0.548877 0.100000 0.040000
0 0.786955 0.582753 0.100000 0.040000
0 0.786521 0.604468 0.100000 0.040000
0 0.786955 0.627486 0.100000 0.040000
0 0.786853 0.652406 0.100000 0.040000
0 0.786419 0.708865 0.100000 0.040000
0 0.785985 0.733620 0.100000 0.040000
0 0.785551 0.763153 0.100000 0.040000
0 0.710851 0.786171 0.040000 0.100000
0 0.681929 0.787705 0.040000 0.100000
0 0.654568 0.786402 0.040000 0.100000
0 0.615047 0.787270 0.040000 0.100000
0 0.589857 0.787705 0.040000 0.100000
0 0.570313 0.788139 0.040000 0.100000
0 0.699142 0.212696 0.040000 0.100000
0 0.681116 0.210442 0.040000 0.100000
0 0.656330 0.213447 0.040000 0.100000
0 0.603004 0.210442 0.040000 0.100000
0 0.580360 0.212991 0.040000 0.100000
0 0.561250 0.212557 0.040000 0.100000
0 0.541707 0.212122 0.040000 0.100000
0 0.521729 0.211688 0.040000 0.100000
0 0.466573 0.212991 0.040000 0.100000
0 0.426617 0.212122 0.040000 0.100000
0 0.386227 0.212122 0.040000 0.100000
0 0.363643 0.212991 0.040000 0.100000
0 0.339051 0.212440 0.040000 0.100000
0 0.312558 0.212440 0.040000 0.100000
0 0.286935 0.212874 0.040000 0.100000
0 0.257402 0.211572 0.040000 0.100000
0 0.210932 0.255436 0.100000 0.040000
0 0.211366 0.281928 0.100000 0.040000
0 0.211219 0.447187 0.100000 0.040000
0 0.211219 0.422866 0.100000 0.040000
0 0.209916 0.399848 0.100000 0.040000
0 0.212087 0.332531 0.100000 0.040000
0 0.210350 0.367276 0.100000 0.040000
0 0.212354 0.465489 0.100000 0.040000
0 0.213657 0.475478 0.100000 0.040000
0 0.212354 0.579711 0.100000 0.040000
0 0.212354 0.605334 0.100000 0.040000
0 0.213657 0.632261 0.100000 0.040000
0 0.211920 0.657885 0.100000 0.040000
0 0.213657 0.723464 0.100000 0.040000
0 0.211450 0.749601 0.100000 0.040000
0 0.262263 0.787819 0.040000 0.100000
0 0.285281 0.787385 0.040000 0.100000
0 0.320459 0.786950 0.040000 0.100000
0 0.350001 0.788272 0.040000 0.100000
0 0.374757 0.788707 0.040000 0.100000
0 0.436427 0.785232 0.040000 0.100000
0 0.456405 0.787838 0.040000 0.100000
0 0.487876 0.788104 0.040000 0.100000
0 0.769834 0.427107 0.100000 0.040000
0 0.768072 0.447377 0.100000 0.040000
0 0.769834 0.377313 0.100000 0.040000
0 0.768072 0.354399 0.100000 0.040000
0 0.770275 0.312536 0.100000 0.040000
0 0.770716 0.288300 0.100000 0.040000
0 0.770275 0.264945 0.100000 0.040000
0 0.769394 0.462800 0.100000 0.040000
0 0.769834 0.550049 0.100000 0.040000
0 0.771777 0.585880 0.100000 0.040000
0 0.771015 0.605678 0.100000 0.040000
0 0.771777 0.626237 0.100000 0.040000
0 0.772538 0.648319 0.100000 0.040000
0 0.771015 0.706189 0.100000 0.040000
0 0.771777 0.729033 0.100000 0.040000
0 0.771777 0.754922 0.100000 0.040000
0 0.700200 0.773959 0.040000 0.100000
0 0.671265 0.773197 0.040000 0.100000
0 0.685733 0.231043 0.040000 0.100000
0 0.669742 0.228759 0.040000 0.100000
0 0.648669 0.229788 0.040000 0.100000
0 0.594204 0.231375 0.040000 0.100000
0 0.576754 0.228202 0.040000 0.100000
0 0.558775 0.229788 0.040000 0.100000
0 0.539210 0.227144 0.040000 0.100000
0 0.524933 0.230317 0.040000 0.100000
0 0.467295 0.229788 0.040000 0.100000
0 0.427108 0.229259 0.040000 0.100000
0 0.364711 0.229788 0.040000 0.100000
0 0.386391 0.230317 0.040000 0.100000
0 0.345146 0.228731 0.040000 0.100000
0 0.321350 0.228731 0.040000 0.100000
0 0.271644 0.230846 0.040000 0.100000
0 0.229341 0.266274 0.100000 0.040000
0 0.228813 0.289541 0.100000 0.040000
0 0.229341 0.322855 0.100000 0.040000
0 0.228284 0.358812 0.100000 0.040000
0 0.228284 0.403230 0.100000 0.040000
0 0.228813 0.424910 0.100000 0.040000
0 0.229341 0.446062 0.100000 0.040000
0 0.229341 0.464569 0.100000 0.040000
0 0.229341 0.474087 0.100000 0.040000
0 0.229185 0.495285 0.100000 0.040000
0 0.229185 0.533358 0.100000 0.040000
0 0.229185 0.577247 0.100000 0.040000
0 0.230242 0.598399 0.100000 0.040000
0 0.229185 0.623780 0.100000 0.040000
0 0.229185 0.647576 0.100000 0.040000
0 0.228692 0.714696 0.100000 0.040000
0 0.229750 0.739020 0.100000 0.040000
0 0.276283 0.769690 0.040000 0.100000
0 0.296377 0.769690 0.040000 0.100000
0 0.330219 0.771805 0.040000 0.100000
0 0.356658 0.770747 0.040000 0.100000
0 0.380454 0.770218 0.040000 0.100000
0 0.491560 0.770542 0.040000 0.100000
0 0.461419 0.770542 0.040000 0.100000
0 0.443441 0.769484 0.040000 0.100000
0 0.576695 0.770542 0.040000 0.100000
0 0.593087 0.769484 0.040000 0.100000
0 0.613181 0.770542 0.040000 0.100000
0 0.630631 0.771071 0.040000 0.100000
0 0.649139 0.771600 0.040000 0.100000
0 0.753931 0.315236 0.100000 0.040000
0 0.753931 0.292393 0.100000 0.040000
0 0.753931 0.273356 0.100000 0.040000
0 0.752662 0.356482 0.100000 0.040000
0 0.755835 0.376152 0.100000 0.040000
0 0.756469 0.428185 0.100000 0.040000
0 0.755200 0.444683 0.100000 0.040000
0 0.674781 0.244477 0.040000 0.100000
0 0.754019 0.459473 0.100000 0.040000
0 0.754019 0.550248 0.100000 0.040000
0 0.754459 0.584619 0.100000 0.040000
0 0.640644 0.245948 0.040000 0.100000
0 0.660442 0.245948 0.040000 0.100000
0 0.587342 0.245186 0.040000 0.100000
0 0.557646 0.245186 0.040000 0.100000
0 0.571352 0.244425 0.040000 0.100000
0 0.526426 0.245948 0.040000 0.100000
0 0.540132 0.245186 0.040000 0.100000
0 0.458657 0.243663 0.040000 0.100000
0 0.426676 0.245948 0.040000 0.100000
0 0.386319 0.245948 0.040000 0.100000
0 0.367283 0.244425 0.040000 0.100000
0 0.349008 0.245186 0.040000 0.100000
0 0.288521 0.246493 0.040000 0.100000
0 0.309842 0.246493 0.040000 0.100000
0 0.328117 0.246493 0.040000 0.100000
0 0.243595 0.272382 0.100000 0.040000
0 0.242834 0.293703 0.100000 0.040000
0 0.244810 0.325992 0.100000 0.040000
0 0.244370 0.361657 0.100000 0.040000
0 0.243930 0.406127 0.100000 0.040000
0 0.243490 0.424620 0.100000 0.040000
0 0.243049 0.443993 0.100000 0.040000
0 0.243930 0.460725 0.100000 0.040000
0 0.243930 0.489344 0.100000 0.040000
0 0.245104 0.571020 0.100000 0.040000
0 0.246572 0.590467 0.100000 0.040000
0 0.246205 0.632662 0.100000 0.040000
0 0.244370 0.613216 0.100000 0.040000
0 0.245471 0.703110 0.100000 0.040000
0 0.245471 0.724759 0.100000 0.040000
0 0.292436 0.755213 0.040000 0.100000
0 0.307113 0.756313 0.040000 0.100000
0 0.340503 0.755947 0.040000 0.100000
0 0.362885 0.757047 0.040000 0.100000
0 0.385725 0.755671 0.040000 0.100000
0 0.451159 0.755366 0.040000 0.100000
0 0.465836 0.755977 0.040000 0.100000
0 0.497635 0.757812 0.040000 0.100000
0 0.517204 0.755977 0.040000 0.100000
0 0.580803 0.755977 0.040000 0.100000
0 0.593645 0.755671 0.040000 0.100000
0 0.612908 0.756589 0.040000 0.100000
0 0.624222 0.755671 0.040000 0.100000
0 0.661219 0.754754 0.040000 0.100000
0 0.641345 0.755977 0.040000 0.100000
0 0.686292 0.754143 0.040000 0.100000
0 0.755089 0.742523 0.100000 0.040000
0 0.754783 0.719285 0.100000 0.040000
0 0.754478 0.698799 0.100000 0.040000
0 0.753530 0.639347 0.100000 0.040000
0 0.755364 0.620696 0.100000 0.040000
0 0.754447 0.602656 0.100000 0.040000
0 0.753848 0.532648 0.100000 0.040000
0 0.727720 0.283539 0.100000 0.040000
0 0.727720 0.298509 0.100000 0.040000
0 0.726840 0.315241 0.100000 0.040000
0 0.733444 0.357069 0.100000 0.040000
0 0.729481 0.371599 0.100000 0.040000
0 0.731243 0.426197 0.100000 0.040000
0 0.731243 0.440286 0.100000 0.040000
0 0.732123 0.452615 0.100000 0.040000
0 0.734481 0.631414 0.100000 0.040000
0 0.730959 0.614242 0.100000 0.040000
0 0.732720 0.599272 0.100000 0.040000
0 0.732720 0.584302 0.100000 0.040000
0 0.733160 0.549078 0.100000 0.040000
0 0.733601 0.540272 0.100000 0.040000
0 0.732720 0.532786 0.100000 0.040000
0 0.729638 0.690855 0.100000 0.040000
0 0.729638 0.707146 0.100000 0.040000
0 0.727437 0.722556 0.100000 0.040000
0 0.261362 0.425116 0.100000 0.040000
0 0.260041 0.408385 0.100000 0.040000
0 0.260481 0.382847 0.100000 0.040000
0 0.260921 0.373161 0.100000 0.040000
0 0.261802 0.348504 0.100000 0.040000
0 0.260921 0.332653 0.100000 0.040000
0 0.262242 0.299630 0.100000 0.040000
0 0.263752 0.279330 0.100000 0.040000
0 0.260833 0.441165 0.100000 0.040000
0 0.261088 0.455944 0.100000 0.040000
0 0.261343 0.483718 0.100000 0.040000
0 0.261852 0.504612 0.100000 0.040000
0 0.262108 0.563515 0.100000 0.040000
0 0.262363 0.581861 0.100000 0.040000
0 0.264911 0.616260 0.100000 0.040000
0 0.266608 0.688629 0.100000 0.040000
0 0.267882 0.708758 0.100000 0.040000
0 0.262786 0.598428 0.100000 0.040000
