0 0.818613 0.239081 0.100000 0.040000
0 0.818172 0.271690 0.100000 0.040000
0 0.817731 0.302976 0.100000 0.040000
0 0.817291 0.345720 0.100000 0.040000
0 0.817731 0.374803 0.100000 0.040000
0 0.817107 0.422063 0.100000 0.040000
0 0.817842 0.448870 0.100000 0.040000
0 0.817107 0.467598 0.100000 0.040000
0 0.818145 0.576783 0.100000 0.040000
0 0.817533 0.602182 0.100000 0.040000
0 0.817533 0.630641 0.100000 0.040000
0 0.817227 0.661548 0.100000 0.040000
0 0.816615 0.543122 0.100000 0.040000
0 0.816760 0.714924 0.100000 0.040000
0 0.816232 0.745064 0.100000 0.040000
0 0.817818 0.780493 0.100000 0.040000
0 0.739029 0.818037 0.040000 0.100000
0 0.702543 0.818566 0.040000 0.100000
0 0.671873 0.819623 0.040000 0.100000
0 0.645962 0.817508 0.040000 0.100000
0 0.621109 0.817508 0.040000 0.100000
0 0.593084 0.817508 0.040000 0.100000
0 0.567173 0.817508 0.040000 0.100000
0 0.522226 0.818037 0.040000 0.100000
0 0.483625 0.818037 0.040000 0.100000
0 0.450928 0.818213 0.040000 0.100000
0 0.423608 0.818213 0.040000 0.100000
0 0.369407 0.817772 0.040000 0.100000
0 0.337239 0.817332 0.040000 0.100000
0 0.303309 0.818213 0.040000 0.100000
0 0.266735 0.818654 0.040000 0.100000
0 0.237211 0.819535 0.040000 0.100000
0 0.180807 0.770622 0.100000 0.040000
0 0.181688 0.741539 0.100000 0.040000
0 0.182569 0.682491 0.100000 0.040000
0 0.179925 0.650764 0.100000 0.040000
0 0.181247 0.619037 0.100000 0.040000
0 0.181247 0.589513 0.100000 0.040000
0 0.182095 0.545532 0.100000 0.040000
0 0.181075 0.479230 0.100000 0.040000
0 0.180565 0.448629 0.100000 0.040000
0 0.180310 0.419813 0.100000 0.040000
0 0.180565 0.390742 0.100000 0.040000
0 0.181585 0.316789 0.100000 0.040000
0 0.180565 0.356571 0.100000 0.040000
0 0.181840 0.269613 0.100000 0.040000
0 0.181585 0.238502 0.100000 0.040000
0 0.233862 0.182145 0.040000 0.100000
0 0.266758 0.181380 0.040000 0.100000
0 0.299144 0.181890 0.040000 0.100000
0 0.331275 0.180360 0.040000 0.100000
0 0.360346 0.180615 0.040000 0.100000
0 0.427159 0.180615 0.040000 0.100000
0 0.389417 0.180105 0.040000 0.100000
0 0.459290 0.180615 0.040000 0.100000
0 0.518962 0.181125 0.040000 0.100000
0 0.543443 0.181125 0.040000 0.100000
0 0.569198 0.181635 0.040000 0.100000
0 0.594699 0.181890 0.040000 0.100000
0 0.619541 0.180721 0.040000 0.100000
0 0.670118 0.182421 0.040000 0.100000
0 0.702419 0.181996 0.040000 0.100000
0 0.730683 0.181571 0.040000 0.100000
0 0.802707 0.248787 0.100000 0.040000
0 0.802707 0.278446 0.100000 0.040000
0 0.803318 0.306577 0.100000 0.040000
0 0.802095 0.348773 0.100000 0.040000
0 0.802095 0.375374 0.100000 0.040000
0 0.802752 0.423706 0.100000 0.040000
0 0.801835 0.448779 0.100000 0.040000
0 0.801223 0.473241 0.100000 0.040000
0 0.800917 0.544484 0.100000 0.040000
0 0.801223 0.578730 0.100000 0.040000
0 0.802340 0.603056 0.100000 0.040000
0 0.800226 0.628946 0.100000 0.040000
0 0.800226 0.656949 0.100000 0.040000
0 0.800755 0.710842 0.100000 0.040000
0 0.801283 0.740431 0.100000 0.040000
0 0.802340 0.772661 0.100000 0.040000
0 0.724142 0.802778 0.040000 0.100000
0 0.692277 0.801541 0.040000 0.100000
0 0.664452 0.802153 0.040000 0.100000
0 0.641214 0.803376 0.040000 0.100000
0 0.618587 0.802764 0.040000 0.100000
0 0.593820 0.803376 0.040000 0.100000
0 0.571072 0.802893 0.040000 0.100000
0 0.523115 0.801575 0.040000 0.100000
0 0.484894 0.802493 0.040000 0.100000
0 0.454317 0.801881 0.040000 0.100000
0 0.429550 0.802187 0.040000 0.100000
0 0.373595 0.801575 0.040000 0.100000
0 0.343630 0.801881 0.040000 0.100000
0 0.312136 0.802187 0.040000 0.100000
0 0.276361 0.802493 0.040000 0.100000
0 0.249759 0.801881 0.040000 0.100000
0 0.197473 0.759991 0.100000 0.040000
0 0.196250 0.734612 0.100000 0.040000
0 0.197411 0.673822 0.100000 0.040000
0 0.198940 0.642634 0.100000 0.040000
0 0.197717 0.613280 0.100000 0.040000
0 0.197105 0.586985 0.100000 0.040000
0 0.198252 0.541736 0.100000 0.040000
0 0.197641 0.503209 0.100000 0.040000
0 0.197029 0.479054 0.100000 0.040000
0 0.196723 0.447866 0.100000 0.040000
0 0.196257 0.422478 0.100000 0.040000
0 0.197786 0.396182 0.100000 0.040000
0 0.198398 0.363771 0.100000 0.040000
0 0.198704 0.326162 0.100000 0.040000
0 0.198004 0.277802 0.100000 0.040000
0 0.198616 0.248754 0.100000 0.040000
0 0.246315 0.198608 0.040000 0.100000
0 0.275974 0.197079 0.040000 0.100000
0 0.307468 0.197691 0.040000 0.100000
0 0.335873 0.198894 0.040000 0.100000
0 0.361763 0.198894 0.040000 0.100000
0 0.389238 0.196781 0.040000 0.100000
0 0.426752 0.196781 0.040000 0.100000
0 0.467436 0.196253 0.040000 0.100000
0 0.520691 0.196734 0.040000 0.100000
0 0.542354 0.196734 0.040000 0.100000
0 0.566130 0.196734 0.040000 0.100000
0 0.587793 0.197791 0.040000 0.100000
0 0.611570 0.196734 0.040000 0.100000
0 0.663349 0.197263 0.040000 0.100000
0 0.691881 0.196734 0.040000 0.100000
0 0.717243 0.195678 0.040000 0.100000
0 0.786827 0.258721 0.100000 0.040000
0 0.786827 0.282938 0.100000 0.040000
0 0.787267 0.310236 0.100000 0.040000
0 0.786827 0.352065 0.100000 0.040000
0 0.785946 0.374961 0.100000 0.040000
0 0.786387 0.424715 0.100000 0.040000
0 0.786820 0.464068 0.100000 0.040000
0 0.787701 0.447777 0.100000 0.040000
0 0.785499 0.546405 0.100000 0.040000
0 0.786820 0.580308 0.100000 0.040000
0 0.786820 0.600562 0.100000 0.040000
0 0.785939 0.626100 0.100000 0.040000
0 0.787701 0.652959 0.100000 0.040000
0 0.786360 0.707322 0.100000 0.040000
0 0.785920 0.734181 0.100000 0.040000
0 0.786360 0.762360 0.100000 0.040000
0 0.711509 0.787017 0.040000 0.100000
0 0.681971 0.787258 0.040000 0.100000
0 0.655113 0.786378 0.040000 0.100000
0 0.635739 0.786818 0.040000 0.100000
0 0.617247 0.787699 0.040000 0.100000
0 0.593910 0.787258 0.040000 0.100000
0 0.573216 0.787258 0.040000 0.100000
0 0.523902 0.787258 0.040000 0.100000
0 0.488237 0.786818 0.040000 0.100000
0 0.457416 0.788139 0.040000 0.100000
0 0.437388 0.786490 0.040000 0.100000
0 0.377506 0.786931 0.040000 0.100000
0 0.350648 0.786050 0.040000 0.100000
0 0.320267 0.786490 0.040000 0.100000
0 0.287244 0.786490 0.040000 0.100000
0 0.266990 0.785610 0.040000 0.100000
0 0.214594 0.749505 0.100000 0.040000
0 0.210631 0.726169 0.100000 0.040000
0 0.215034 0.659683 0.100000 0.040000
0 0.210631 0.635026 0.100000 0.040000
0 0.212968 0.605411 0.100000 0.040000
0 0.213408 0.581194 0.100000 0.040000
0 0.212087 0.538925 0.100000 0.040000
0 0.213408 0.477723 0.100000 0.040000
0 0.216931 0.505022 0.100000 0.040000
0 0.215170 0.448222 0.100000 0.040000
0 0.215610 0.423125 0.100000 0.040000
0 0.213408 0.401110 0.100000 0.040000
0 0.215170 0.369408 0.100000 0.040000
0 0.215170 0.332422 0.100000 0.040000
0 0.213829 0.284103 0.100000 0.040000
0 0.213389 0.257685 0.100000 0.040000
0 0.260061 0.214535 0.040000 0.100000
0 0.287360 0.214535 0.040000 0.100000
0 0.315540 0.214095 0.040000 0.100000
0 0.342654 0.214026 0.040000 0.100000
0 0.363788 0.213146 0.040000 0.100000
0 0.388005 0.212265 0.040000 0.100000
0 0.427632 0.212265 0.040000 0.100000
0 0.459334 0.212265 0.040000 0.100000
0 0.521857 0.214026 0.040000 0.100000
0 0.542111 0.213586 0.040000 0.100000
0 0.563686 0.213586 0.040000 0.100000
0 0.582619 0.213146 0.040000 0.100000
0 0.602433 0.213586 0.040000 0.100000
0 0.656670 0.212228 0.040000 0.100000
0 0.681767 0.212228 0.040000 0.100000
0 0.702021 0.213989 0.040000 0.100000
0 0.388067 0.228939 0.040000 0.100000
0 0.366492 0.229819 0.040000 0.100000
0 0.348000 0.230700 0.040000 0.100000
0 0.322902 0.229379 0.040000 0.100000
0 0.296484 0.227618 0.040000 0.100000
0 0.272648 0.229960 0.040000 0.100000
0 0.229538 0.265855 0.100000 0.040000
0 0.228658 0.288751 0.100000 0.040000
0 0.229538 0.322214 0.100000 0.040000
0 0.227777 0.357879 0.100000 0.040000
0 0.228217 0.403230 0.100000 0.040000
0 0.229371 0.425226 0.100000 0.040000
0 0.228050 0.446361 0.100000 0.040000
0 0.229371 0.465734 0.100000 0.040000
0 0.229371 0.493914 0.100000 0.040000
0 0.230692 0.518571 0.100000 0.040000
0 0.229371 0.577131 0.100000 0.040000
0 0.228925 0.599796 0.100000 0.040000
0 0.229806 0.623132 0.100000 0.040000
0 0.230687 0.648230 0.100000 0.040000
0 0.227164 0.716917 0.100000 0.040000
0 0.229366 0.737171 0.100000 0.040000
0 0.281762 0.769313 0.040000 0.100000
0 0.301576 0.768873 0.040000 0.100000
0 0.332837 0.770194 0.040000 0.100000
0 0.357935 0.770634 0.040000 0.100000
0 0.383173 0.771325 0.040000 0.100000
0 0.444375 0.770444 0.040000 0.100000
0 0.464629 0.771325 0.040000 0.100000
0 0.492808 0.770444 0.040000 0.100000
0 0.517906 0.771765 0.040000 0.100000
0 0.577787 0.769563 0.040000 0.100000
0 0.614773 0.770884 0.040000 0.100000
0 0.595399 0.770884 0.040000 0.100000
0 0.632006 0.771185 0.040000 0.100000
0 0.648297 0.770305 0.040000 0.100000
0 0.671634 0.770745 0.040000 0.100000
0 0.699813 0.770745 0.040000 0.100000
0 0.771583 0.752693 0.100000 0.040000
0 0.770702 0.727595 0.100000 0.040000
0 0.771142 0.702938 0.100000 0.040000
0 0.770422 0.645313 0.100000 0.040000
0 0.769541 0.621977 0.100000 0.040000
0 0.769982 0.599521 0.100000 0.040000
0 0.771743 0.582350 0.100000 0.040000
0 0.770862 0.546245 0.100000 0.040000
0 0.770422 0.467871 0.100000 0.040000
0 0.769603 0.424719 0.100000 0.040000
0 0.770484 0.445854 0.100000 0.040000
0 0.768722 0.374524 0.100000 0.040000
0 0.771364 0.353390 0.100000 0.040000
0 0.770484 0.311561 0.100000 0.040000
0 0.769603 0.288225 0.100000 0.040000
0 0.770924 0.266209 0.100000 0.040000
0 0.690519 0.228835 0.040000 0.100000
0 0.671146 0.228394 0.040000 0.100000
0 0.650892 0.226633 0.040000 0.100000
0 0.596734 0.228835 0.040000 0.100000
0 0.578682 0.229715 0.040000 0.100000
0 0.561070 0.228394 0.040000 0.100000
0 0.542577 0.228394 0.040000 0.100000
0 0.525845 0.228394 0.040000 0.100000
0 0.467528 0.230011 0.040000 0.100000
0 0.445513 0.230011 0.040000 0.100000
0 0.429065 0.229228 0.040000 0.100000
0 0.678194 0.245568 0.040000 0.100000
0 0.661022 0.245568 0.040000 0.100000
0 0.642529 0.244247 0.040000 0.100000
0 0.753926 0.272866 0.100000 0.040000
0 0.754367 0.293120 0.100000 0.040000
0 0.754367 0.313374 0.100000 0.040000
0 0.753046 0.355644 0.100000 0.040000
0 0.755247 0.373696 0.100000 0.040000
0 0.589011 0.246281 0.040000 0.100000
0 0.574041 0.244960 0.040000 0.100000
0 0.557750 0.244960 0.040000 0.100000
0 0.528690 0.244079 0.040000 0.100000
0 0.543220 0.244079 0.040000 0.100000
0 0.469248 0.244079 0.040000 0.100000
0 0.428300 0.245400 0.040000 0.100000
0 0.388176 0.245869 0.040000 0.100000
0 0.369643 0.246152 0.040000 0.100000
0 0.352031 0.245272 0.040000 0.100000
0 0.332217 0.246593 0.040000 0.100000
0 0.311082 0.246152 0.040000 0.100000
0 0.289508 0.245272 0.040000 0.100000
0 0.242395 0.271690 0.100000 0.040000
0 0.242598 0.292809 0.100000 0.040000
0 0.245239 0.327152 0.100000 0.040000
0 0.244359 0.361496 0.100000 0.040000
0 0.243478 0.405967 0.100000 0.040000
0 0.247001 0.425780 0.100000 0.040000
0 0.244359 0.442952 0.100000 0.040000
0 0.244436 0.461776 0.100000 0.040000
0 0.245757 0.489515 0.100000 0.040000
0 0.246197 0.528262 0.100000 0.040000
0 0.245317 0.572293 0.100000 0.040000
0 0.244336 0.593024 0.100000 0.040000
0 0.244776 0.614158 0.100000 0.040000
0 0.244776 0.635733 0.100000 0.040000
0 0.243896 0.705742 0.100000 0.040000
0 0.246097 0.725555 0.100000 0.040000
0 0.294971 0.753735 0.040000 0.100000
0 0.311702 0.752854 0.040000 0.100000
0 0.342964 0.753735 0.040000 0.100000
0 0.367181 0.753735 0.040000 0.100000
0 0.387995 0.753703 0.040000 0.100000
0 0.452279 0.754584 0.040000 0.100000
0 0.468130 0.754584 0.040000 0.100000
0 0.496750 0.755464 0.040000 0.100000
0 0.526250 0.755464 0.040000 0.100000
0 0.580848 0.753703 0.040000 0.100000
0 0.596699 0.754143 0.040000 0.100000
0 0.754219 0.698341 0.100000 0.040000
0 0.752017 0.715513 0.100000 0.040000
0 0.751577 0.738409 0.100000 0.040000
0 0.690374 0.753819 0.040000 0.100000
0 0.663956 0.755140 0.040000 0.100000
0 0.641210 0.754941 0.040000 0.100000
0 0.626680 0.756262 0.040000 0.100000
0 0.613031 0.756262 0.040000 0.100000
0 0.752167 0.637380 0.100000 0.040000
0 0.754368 0.618007 0.100000 0.040000
0 0.753548 0.424755 0.100000 0.040000
0 0.753988 0.443689 0.100000 0.040000
0 0.753548 0.456457 0.100000 0.040000
0 0.754428 0.531309 0.100000 0.040000
0 0.754102 0.581911 0.100000 0.040000
0 0.752341 0.598642 0.100000 0.040000
0 0.753222 0.546246 0.100000 0.040000
0 0.730828 0.283122 0.100000 0.040000
0 0.728410 0.316203 0.100000 0.040000
0 0.728850 0.299031 0.100000 0.040000
0 0.731492 0.355390 0.100000 0.040000
0 0.731492 0.372122 0.100000 0.040000
0 0.730171 0.424958 0.100000 0.040000
0 0.731839 0.439719 0.100000 0.040000
0 0.734041 0.531743 0.100000 0.040000
0 0.733160 0.548474 0.100000 0.040000
0 0.733160 0.582818 0.100000 0.040000
0 0.733160 0.612759 0.100000 0.040000
0 0.729197 0.627729 0.100000 0.040000
0 0.729637 0.688931 0.100000 0.040000
0 0.731839 0.705663 0.100000 0.040000
0 0.727436 0.721073 0.100000 0.040000
0 0.267392 0.280948 0.100000 0.040000
0 0.268922 0.300583 0.100000 0.040000
0 0.266627 0.332459 0.100000 0.040000
0 0.265607 0.350565 0.100000 0.040000
0 0.264794 0.408076 0.100000 0.040000
0 0.264539 0.373394 0.100000 0.040000
0 0.264794 0.365744 0.100000 0.040000
0 0.264029 0.383085 0.100000 0.040000
0 0.264029 0.424906 0.100000 0.040000
0 0.263264 0.442247 0.100000 0.040000
0 0.263009 0.457802 0.100000 0.040000
0 0.264029 0.467493 0.100000 0.040000
0 0.263765 0.505888 0.100000 0.040000
0 0.264275 0.482682 0.100000 0.040000
0 0.264275 0.522208 0.100000 0.040000
0 0.262490 0.564285 0.100000 0.040000
0 0.266570 0.579585 0.100000 0.040000
0 0.268100 0.598201 0.100000 0.040000
0 0.267173 0.616381 0.100000 0.040000
0 0.271508 0.687529 0.100000 0.040000
0 0.275078 0.704869 0.100000 0.040000
