0 0.232724 0.179240 0.040000 0.100000
0 0.267067 0.178359 0.040000 0.100000
0 0.297448 0.178359 0.040000 0.100000
0 0.332232 0.177039 0.040000 0.100000
0 0.361056 0.178625 0.040000 0.100000
0 0.390116 0.177744 0.040000 0.100000
0 0.427101 0.179065 0.040000 0.100000
0 0.436348 0.178185 0.040000 0.100000
0 0.443392 0.179946 0.040000 0.100000
0 0.460564 0.179065 0.040000 0.100000
0 0.468489 0.178185 0.040000 0.100000
0 0.522206 0.179065 0.040000 0.100000
0 0.545878 0.178588 0.040000 0.100000
0 0.572736 0.177267 0.040000 0.100000
0 0.595632 0.178588 0.040000 0.100000
0 0.621169 0.179028 0.040000 0.100000
0 0.672684 0.178588 0.040000 0.100000
0 0.705707 0.176827 0.040000 0.100000
0 0.736015 0.177237 0.040000 0.100000
0 0.822314 0.233595 0.100000 0.040000
0 0.822754 0.266618 0.100000 0.040000
0 0.822314 0.300521 0.100000 0.040000
0 0.821433 0.344110 0.100000 0.040000
0 0.821125 0.372865 0.100000 0.040000
0 0.819804 0.421739 0.100000 0.040000
0 0.822446 0.448597 0.100000 0.040000
0 0.820244 0.469291 0.100000 0.040000
0 0.820018 0.542617 0.100000 0.040000
0 0.820458 0.577841 0.100000 0.040000
0 0.819578 0.603378 0.100000 0.040000
0 0.819137 0.632878 0.100000 0.040000
0 0.823540 0.663699 0.100000 0.040000
0 0.820899 0.716095 0.100000 0.040000
0 0.821894 0.747897 0.100000 0.040000
0 0.821453 0.784441 0.100000 0.040000
0 0.740438 0.822307 0.040000 0.100000
0 0.706535 0.823188 0.040000 0.100000
0 0.673953 0.820986 0.040000 0.100000
0 0.646880 0.822633 0.040000 0.100000
0 0.619581 0.823074 0.040000 0.100000
0 0.593163 0.822633 0.040000 0.100000
0 0.566305 0.822193 0.040000 0.100000
0 0.516111 0.820872 0.040000 0.100000
0 0.481328 0.820432 0.040000 0.100000
0 0.449186 0.820872 0.040000 0.100000
0 0.334143 0.823315 0.040000 0.100000
0 0.368046 0.822875 0.040000 0.100000
0 0.423083 0.821994 0.040000 0.100000
0 0.302001 0.820233 0.040000 0.100000
0 0.264135 0.821554 0.040000 0.100000
0 0.235075 0.820673 0.040000 0.100000
0 0.180038 0.771360 0.100000 0.040000
0 0.178717 0.740098 0.100000 0.040000
0 0.179983 0.679466 0.100000 0.040000
0 0.178662 0.649525 0.100000 0.040000
0 0.179983 0.616943 0.100000 0.040000
0 0.179103 0.589204 0.100000 0.040000
0 0.178791 0.446031 0.100000 0.040000
0 0.177910 0.470688 0.100000 0.040000
0 0.177910 0.476412 0.100000 0.040000
0 0.179672 0.505472 0.100000 0.040000
0 0.178791 0.542457 0.100000 0.040000
0 0.178791 0.418733 0.100000 0.040000
0 0.178791 0.389233 0.100000 0.040000
0 0.177910 0.354449 0.100000 0.040000
0 0.177805 0.341657 0.100000 0.040000
0 0.178570 0.314648 0.100000 0.040000
0 0.178315 0.302417 0.100000 0.040000
0 0.177909 0.264656 0.100000 0.040000
0 0.178350 0.233835 0.100000 0.040000
0 0.693675 0.192917 0.040000 0.100000
0 0.664615 0.192917 0.040000 0.100000
0 0.720533 0.194238 0.040000 0.100000
0 0.805071 0.242671 0.100000 0.040000
0 0.805071 0.273052 0.100000 0.040000
0 0.804190 0.304753 0.100000 0.040000
0 0.805192 0.348390 0.100000 0.040000
0 0.803431 0.373928 0.100000 0.040000
0 0.803871 0.423681 0.100000 0.040000
0 0.803871 0.448338 0.100000 0.040000
0 0.804312 0.467271 0.100000 0.040000
0 0.804312 0.473876 0.100000 0.040000
0 0.805109 0.534621 0.100000 0.040000
0 0.804669 0.544748 0.100000 0.040000
0 0.804669 0.579091 0.100000 0.040000
0 0.804669 0.602867 0.100000 0.040000
0 0.804229 0.630606 0.100000 0.040000
0 0.804669 0.657905 0.100000 0.040000
0 0.805513 0.713219 0.100000 0.040000
0 0.805072 0.742719 0.100000 0.040000
0 0.804192 0.775741 0.100000 0.040000
0 0.726259 0.805241 0.040000 0.100000
0 0.693236 0.805681 0.040000 0.100000
0 0.665057 0.804801 0.040000 0.100000
0 0.640401 0.805241 0.040000 0.100000
0 0.617648 0.805422 0.040000 0.100000
0 0.592110 0.805422 0.040000 0.100000
0 0.570095 0.805863 0.040000 0.100000
0 0.521222 0.805863 0.040000 0.100000
0 0.514177 0.805863 0.040000 0.100000
0 0.427919 0.806079 0.040000 0.100000
0 0.453016 0.805639 0.040000 0.100000
0 0.483837 0.805639 0.040000 0.100000
0 0.371121 0.806520 0.040000 0.100000
0 0.340740 0.804318 0.040000 0.100000
0 0.308158 0.805639 0.040000 0.100000
0 0.272053 0.806079 0.040000 0.100000
0 0.249158 0.804318 0.040000 0.100000
0 0.194917 0.761007 0.100000 0.040000
0 0.194036 0.730626 0.100000 0.040000
0 0.194917 0.669425 0.100000 0.040000
0 0.194917 0.639925 0.100000 0.040000
0 0.194917 0.611746 0.100000 0.040000
0 0.195313 0.585132 0.100000 0.040000
0 0.195313 0.538901 0.100000 0.040000
0 0.193992 0.508080 0.100000 0.040000
0 0.194432 0.474617 0.100000 0.040000
0 0.194432 0.468013 0.100000 0.040000
0 0.193552 0.446878 0.100000 0.040000
0 0.193992 0.421341 0.100000 0.040000
0 0.194873 0.393602 0.100000 0.040000
0 0.194149 0.245124 0.100000 0.040000
0 0.193708 0.271983 0.100000 0.040000
0 0.194149 0.307647 0.100000 0.040000
0 0.193268 0.322177 0.100000 0.040000
0 0.244783 0.194050 0.040000 0.100000
0 0.277365 0.194930 0.040000 0.100000
0 0.305544 0.194050 0.040000 0.100000
0 0.335485 0.194490 0.040000 0.100000
0 0.362783 0.194050 0.040000 0.100000
0 0.388528 0.193409 0.040000 0.100000
0 0.427275 0.193849 0.040000 0.100000
0 0.436081 0.193409 0.040000 0.100000
0 0.444006 0.193409 0.040000 0.100000
0 0.460297 0.193409 0.040000 0.100000
0 0.467782 0.193409 0.040000 0.100000
0 0.523700 0.194289 0.040000 0.100000
0 0.545275 0.193409 0.040000 0.100000
0 0.589791 0.194770 0.040000 0.100000
0 0.568640 0.194770 0.040000 0.100000
0 0.611824 0.195651 0.040000 0.100000
0 0.705242 0.210205 0.040000 0.100000
0 0.681907 0.209765 0.040000 0.100000
0 0.656809 0.210205 0.040000 0.100000
0 0.788019 0.252914 0.100000 0.040000
0 0.788019 0.278452 0.100000 0.040000
0 0.788019 0.306631 0.100000 0.040000
0 0.788978 0.350190 0.100000 0.040000
0 0.788538 0.374407 0.100000 0.040000
0 0.788978 0.424161 0.100000 0.040000
0 0.789419 0.446616 0.100000 0.040000
0 0.788978 0.462467 0.100000 0.040000
0 0.787658 0.470832 0.100000 0.040000
0 0.602783 0.211722 0.040000 0.100000
0 0.584716 0.210841 0.040000 0.100000
0 0.565327 0.211722 0.040000 0.100000
0 0.544176 0.212604 0.040000 0.100000
0 0.526109 0.210841 0.040000 0.100000
0 0.468824 0.210841 0.040000 0.100000
0 0.460451 0.210841 0.040000 0.100000
0 0.445469 0.211722 0.040000 0.100000
0 0.437978 0.210841 0.040000 0.100000
0 0.427402 0.210841 0.040000 0.100000
0 0.388625 0.209960 0.040000 0.100000
0 0.364389 0.210400 0.040000 0.100000
0 0.339091 0.208951 0.040000 0.100000
0 0.313533 0.210273 0.040000 0.100000
0 0.287975 0.211155 0.040000 0.100000
0 0.256689 0.210714 0.040000 0.100000
0 0.209539 0.251695 0.100000 0.040000
0 0.210861 0.279456 0.100000 0.040000
0 0.212183 0.314709 0.100000 0.040000
0 0.209979 0.329691 0.100000 0.040000
0 0.211247 0.351334 0.100000 0.040000
0 0.210365 0.366316 0.100000 0.040000
0 0.209484 0.397162 0.100000 0.040000
0 0.210365 0.422280 0.100000 0.040000
0 0.211247 0.444753 0.100000 0.040000
0 0.210806 0.465464 0.100000 0.040000
0 0.211821 0.656505 0.100000 0.040000
0 0.209618 0.632269 0.100000 0.040000
0 0.211380 0.604948 0.100000 0.040000
0 0.211380 0.580272 0.100000 0.040000
0 0.210499 0.535325 0.100000 0.040000
0 0.209177 0.721722 0.100000 0.040000
0 0.210499 0.749042 0.100000 0.040000
0 0.261615 0.789583 0.040000 0.100000
0 0.281004 0.790464 0.040000 0.100000
0 0.317578 0.790464 0.040000 0.100000
0 0.347102 0.790023 0.040000 0.100000
0 0.212620 0.495816 0.100000 0.040000
0 0.208654 0.503307 0.100000 0.040000
0 0.213061 0.526662 0.100000 0.040000
0 0.377068 0.789164 0.040000 0.100000
0 0.436556 0.789164 0.040000 0.100000
0 0.457707 0.789604 0.040000 0.100000
0 0.486791 0.789604 0.040000 0.100000
0 0.522043 0.788282 0.040000 0.100000
0 0.715553 0.790646 0.040000 0.100000
0 0.683385 0.787561 0.040000 0.100000
0 0.658267 0.791087 0.040000 0.100000
0 0.635353 0.788883 0.040000 0.100000
0 0.572422 0.789721 0.040000 0.100000
0 0.593574 0.790602 0.040000 0.100000
0 0.615607 0.789280 0.040000 0.100000
0 0.788248 0.765833 0.100000 0.040000
0 0.788248 0.735869 0.100000 0.040000
0 0.786926 0.707667 0.100000 0.040000
0 0.788248 0.652144 0.100000 0.040000
0 0.787808 0.625705 0.100000 0.040000
0 0.787808 0.602350 0.100000 0.040000
0 0.789696 0.579549 0.100000 0.040000
0 0.788374 0.546060 0.100000 0.040000
0 0.785730 0.531077 0.100000 0.040000
0 0.772109 0.259427 0.100000 0.040000
0 0.772550 0.283203 0.100000 0.040000
0 0.772990 0.309621 0.100000 0.040000
0 0.771669 0.353211 0.100000 0.040000
0 0.772109 0.372144 0.100000 0.040000
0 0.772990 0.423218 0.100000 0.040000
0 0.690214 0.227726 0.040000 0.100000
0 0.670841 0.228166 0.040000 0.100000
0 0.650587 0.228166 0.040000 0.100000
0 0.597311 0.225084 0.040000 0.100000
0 0.579672 0.226008 0.040000 0.100000
0 0.561180 0.226889 0.040000 0.100000
0 0.545329 0.226449 0.040000 0.100000
0 0.527717 0.226889 0.040000 0.100000
0 0.388221 0.225581 0.040000 0.100000
0 0.427848 0.226461 0.040000 0.100000
0 0.446341 0.227342 0.040000 0.100000
0 0.459550 0.227782 0.040000 0.100000
0 0.468729 0.226493 0.040000 0.100000
0 0.367057 0.226323 0.040000 0.100000
0 0.345042 0.225883 0.040000 0.100000
0 0.321266 0.225002 0.040000 0.100000
0 0.301701 0.228251 0.040000 0.100000
0 0.273962 0.228251 0.040000 0.100000
0 0.225529 0.260393 0.100000 0.040000
0 0.224649 0.284169 0.100000 0.040000
0 0.226410 0.318072 0.100000 0.040000
0 0.227290 0.335244 0.100000 0.040000
0 0.226410 0.361222 0.100000 0.040000
0 0.226850 0.371789 0.100000 0.040000
0 0.225969 0.399968 0.100000 0.040000
0 0.227101 0.422349 0.100000 0.040000
0 0.226082 0.443498 0.100000 0.040000
0 0.227101 0.460825 0.100000 0.040000
0 0.227611 0.471017 0.100000 0.040000
0 0.227451 0.493186 0.100000 0.040000
0 0.227451 0.520704 0.100000 0.040000
0 0.227451 0.529877 0.100000 0.040000
0 0.227451 0.574977 0.100000 0.040000
0 0.227877 0.597636 0.100000 0.040000
0 0.228317 0.620532 0.100000 0.040000
0 0.228317 0.642987 0.100000 0.040000
0 0.226996 0.712114 0.100000 0.040000
0 0.228276 0.735607 0.100000 0.040000
0 0.276269 0.772151 0.040000 0.100000
0 0.293881 0.773913 0.040000 0.100000
0 0.329545 0.773032 0.040000 0.100000
0 0.355523 0.773913 0.040000 0.100000
0 0.381941 0.774353 0.040000 0.100000
0 0.443783 0.773166 0.040000 0.100000
0 0.576246 0.773620 0.040000 0.100000
0 0.594739 0.773620 0.040000 0.100000
0 0.613671 0.773180 0.040000 0.100000
0 0.631724 0.773180 0.040000 0.100000
0 0.524731 0.773620 0.040000 0.100000
0 0.517246 0.772739 0.040000 0.100000
0 0.490828 0.773620 0.040000 0.100000
0 0.462649 0.773180 0.040000 0.100000
0 0.650657 0.772299 0.040000 0.100000
0 0.672671 0.773180 0.040000 0.100000
0 0.703492 0.772739 0.040000 0.100000
0 0.772822 0.755281 0.100000 0.040000
0 0.772822 0.727101 0.100000 0.040000
0 0.772822 0.703766 0.100000 0.040000
0 0.773262 0.646967 0.100000 0.040000
0 0.772214 0.622745 0.100000 0.040000
0 0.772655 0.600730 0.100000 0.040000
0 0.771774 0.580477 0.100000 0.040000
0 0.772214 0.545253 0.100000 0.040000
0 0.772655 0.530723 0.100000 0.040000
0 0.773975 0.468641 0.100000 0.040000
0 0.772655 0.443544 0.100000 0.040000
0 0.772214 0.458073 0.100000 0.040000
0 0.643214 0.242174 0.040000 0.100000
0 0.661266 0.243495 0.040000 0.100000
0 0.679319 0.242174 0.040000 0.100000
0 0.757692 0.266830 0.100000 0.040000
0 0.758132 0.287084 0.100000 0.040000
0 0.756371 0.310420 0.100000 0.040000
0 0.754169 0.352689 0.100000 0.040000
0 0.757692 0.370301 0.100000 0.040000
0 0.589938 0.241733 0.040000 0.100000
0 0.573647 0.243054 0.040000 0.100000
0 0.559557 0.243054 0.040000 0.100000
0 0.543706 0.243054 0.040000 0.100000
0 0.529617 0.242174 0.040000 0.100000
0 0.468692 0.241450 0.040000 0.100000
0 0.460326 0.241890 0.040000 0.100000
0 0.447557 0.240569 0.040000 0.100000
0 0.438751 0.240569 0.040000 0.100000
0 0.429065 0.241450 0.040000 0.100000
0 0.388117 0.242330 0.040000 0.100000
0 0.369625 0.242771 0.040000 0.100000
0 0.349371 0.240569 0.040000 0.100000
0 0.330438 0.242330 0.040000 0.100000
0 0.311505 0.243651 0.040000 0.100000
0 0.291692 0.244532 0.040000 0.100000
0 0.241147 0.267514 0.100000 0.040000
0 0.242468 0.289529 0.100000 0.040000
0 0.243789 0.322991 0.100000 0.040000
0 0.243789 0.340603 0.100000 0.040000
0 0.242908 0.359536 0.100000 0.040000
0 0.242468 0.375387 0.100000 0.040000
0 0.242468 0.402245 0.100000 0.040000
0 0.241964 0.441992 0.100000 0.040000
0 0.242310 0.458496 0.100000 0.040000
0 0.243074 0.467669 0.100000 0.040000
0 0.242565 0.423333 0.100000 0.040000
0 0.243074 0.487544 0.100000 0.040000
0 0.243074 0.494423 0.100000 0.040000
0 0.243329 0.509457 0.100000 0.040000
0 0.243329 0.516591 0.100000 0.040000
0 0.243584 0.524745 0.100000 0.040000
0 0.242959 0.569817 0.100000 0.040000
0 0.244233 0.589437 0.100000 0.040000
0 0.242959 0.610331 0.100000 0.040000
0 0.244233 0.631734 0.100000 0.040000
0 0.242934 0.702253 0.100000 0.040000
0 0.244208 0.725440 0.100000 0.040000
0 0.292110 0.756016 0.040000 0.100000
0 0.307399 0.756780 0.040000 0.100000
0 0.340127 0.757078 0.040000 0.100000
0 0.363315 0.758352 0.040000 0.100000
0 0.388030 0.758097 0.040000 0.100000
0 0.451221 0.757078 0.040000 0.100000
0 0.580597 0.756673 0.040000 0.100000
0 0.527088 0.757692 0.040000 0.100000
0 0.518170 0.757438 0.040000 0.100000
0 0.495748 0.757947 0.040000 0.100000
0 0.596650 0.756418 0.040000 0.100000
0 0.614231 0.757692 0.040000 0.100000
0 0.629010 0.757438 0.040000 0.100000
0 0.645826 0.757947 0.040000 0.100000
0 0.665446 0.757183 0.040000 0.100000
0 0.693951 0.757204 0.040000 0.100000
0 0.755152 0.740913 0.100000 0.040000
0 0.756913 0.718898 0.100000 0.040000
0 0.757354 0.698204 0.100000 0.040000
0 0.758234 0.639204 0.100000 0.040000
0 0.756473 0.617189 0.100000 0.040000
0 0.756448 0.598501 0.100000 0.040000
0 0.756888 0.579127 0.100000 0.040000
0 0.756448 0.546545 0.100000 0.040000
0 0.755567 0.536418 0.100000 0.040000
0 0.754686 0.464209 0.100000 0.040000
0 0.755567 0.454523 0.100000 0.040000
0 0.755567 0.441314 0.100000 0.040000
0 0.759089 0.529814 0.100000 0.040000
0 0.756403 0.422911 0.100000 0.040000
0 0.728673 0.279075 0.100000 0.040000
0 0.729114 0.294485 0.100000 0.040000
0 0.728233 0.311657 0.100000 0.040000
0 0.729554 0.352605 0.100000 0.040000
0 0.729554 0.367135 0.100000 0.040000
0 0.729114 0.421732 0.100000 0.040000
0 0.728233 0.434941 0.100000 0.040000
0 0.731873 0.449462 0.100000 0.040000
0 0.738038 0.458708 0.100000 0.040000
0 0.738918 0.528275 0.100000 0.040000
0 0.736717 0.537522 0.100000 0.040000
0 0.739358 0.545887 0.100000 0.040000
0 0.735396 0.580671 0.100000 0.040000
0 0.735836 0.595201 0.100000 0.040000
0 0.734955 0.610611 0.100000 0.040000
0 0.734075 0.626022 0.100000 0.040000
0 0.730734 0.720705 0.100000 0.040000
0 0.733816 0.705295 0.100000 0.040000
0 0.735577 0.689885 0.100000 0.040000
0 0.267072 0.686990 0.100000 0.040000
0 0.271035 0.706364 0.100000 0.040000
0 0.266191 0.613901 0.100000 0.040000
0 0.267072 0.596289 0.100000 0.040000
0 0.264870 0.579558 0.100000 0.040000
0 0.262669 0.560625 0.100000 0.040000
0 0.262669 0.518796 0.100000 0.040000
0 0.261788 0.509550 0.100000 0.040000
0 0.267891 0.277888 0.100000 0.040000
0 0.267010 0.296380 0.100000 0.040000
0 0.265689 0.328962 0.100000 0.040000
0 0.265689 0.339089 0.100000 0.040000
0 0.263928 0.347455 0.100000 0.040000
0 0.263928 0.362865 0.100000 0.040000
0 0.264368 0.371231 0.100000 0.040000
0 0.262167 0.379597 0.100000 0.040000
0 0.262455 0.404768 0.100000 0.040000
0 0.262455 0.421839 0.100000 0.040000
0 0.263220 0.438656 0.100000 0.040000
0 0.263220 0.453180 0.100000 0.040000
0 0.262965 0.464901 0.100000 0.040000
0 0.262710 0.480699 0.100000 0.040000
0 0.263474 0.488852 0.100000 0.040000
