0 0.817486 0.215319 0.100000 0.040000
0 0.726266 0.182194 0.040000 0.100000
0 0.817741 0.247680 0.100000 0.040000
0 0.815445 0.279919 0.100000 0.040000
0 0.817228 0.322981 0.100000 0.040000
0 0.814426 0.350245 0.100000 0.040000
0 0.816781 0.397946 0.100000 0.040000
0 0.816339 0.423603 0.100000 0.040000
0 0.815896 0.449408 0.100000 0.040000
0 0.815826 0.508443 0.100000 0.040000
0 0.815316 0.547174 0.100000 0.040000
0 0.816590 0.572909 0.100000 0.040000
0 0.815523 0.602425 0.100000 0.040000
0 0.818581 0.634276 0.100000 0.040000
0 0.815523 0.685747 0.100000 0.040000
0 0.816727 0.719657 0.100000 0.040000
0 0.816981 0.749724 0.100000 0.040000
0 0.735989 0.816454 0.040000 0.100000
0 0.698532 0.818238 0.040000 0.100000
0 0.637749 0.815915 0.040000 0.100000
0 0.665268 0.816934 0.040000 0.100000
0 0.613542 0.816170 0.040000 0.100000
0 0.586278 0.816424 0.040000 0.100000
0 0.558802 0.816381 0.040000 0.100000
0 0.483635 0.817400 0.040000 0.100000
0 0.451274 0.816635 0.040000 0.100000
0 0.425342 0.816698 0.040000 0.100000
0 0.373362 0.815169 0.040000 0.100000
0 0.341511 0.816443 0.040000 0.100000
0 0.307367 0.816188 0.040000 0.100000
0 0.236956 0.817997 0.040000 0.100000
0 0.269826 0.815194 0.040000 0.100000
0 0.184422 0.752350 0.100000 0.040000
0 0.182638 0.720754 0.100000 0.040000
0 0.183591 0.655836 0.100000 0.040000
0 0.182572 0.625514 0.100000 0.040000
0 0.187158 0.592390 0.100000 0.040000
0 0.181298 0.565890 0.100000 0.040000
0 0.182646 0.517170 0.100000 0.040000
0 0.183411 0.489141 0.100000 0.040000
0 0.183665 0.460603 0.100000 0.040000
0 0.183156 0.426204 0.100000 0.040000
0 0.184376 0.399948 0.100000 0.040000
0 0.178770 0.370135 0.100000 0.040000
0 0.182592 0.330640 0.100000 0.040000
0 0.185650 0.341852 0.100000 0.040000
0 0.183357 0.306943 0.100000 0.040000
0 0.180299 0.289617 0.100000 0.040000
0 0.181063 0.298790 0.100000 0.040000
0 0.182526 0.252905 0.100000 0.040000
0 0.183545 0.222583 0.100000 0.040000
0 0.239603 0.184872 0.040000 0.100000
0 0.270434 0.184617 0.040000 0.100000
0 0.300025 0.183721 0.040000 0.100000
0 0.330347 0.182447 0.040000 0.100000
0 0.357357 0.182702 0.040000 0.100000
0 0.384111 0.183721 0.040000 0.100000
0 0.427428 0.182447 0.040000 0.100000
0 0.441188 0.182192 0.040000 0.100000
0 0.461457 0.183535 0.040000 0.100000
0 0.521082 0.184809 0.040000 0.100000
0 0.545289 0.184554 0.040000 0.100000
0 0.570005 0.184554 0.040000 0.100000
0 0.593752 0.183485 0.040000 0.100000
0 0.621526 0.183230 0.040000 0.100000
0 0.671213 0.184504 0.040000 0.100000
0 0.699496 0.183994 0.040000 0.100000
0 0.610343 0.199343 0.040000 0.100000
0 0.585686 0.199343 0.040000 0.100000
0 0.566313 0.199783 0.040000 0.100000
0 0.545178 0.198903 0.040000 0.100000
0 0.521402 0.198462 0.040000 0.100000
0 0.426600 0.200608 0.040000 0.100000
0 0.459980 0.199334 0.040000 0.100000
0 0.442398 0.199079 0.040000 0.100000
0 0.384048 0.198570 0.040000 0.100000
0 0.467624 0.198060 0.040000 0.100000
0 0.664093 0.198963 0.040000 0.100000
0 0.687869 0.198083 0.040000 0.100000
0 0.711645 0.198083 0.040000 0.100000
0 0.802348 0.223180 0.100000 0.040000
0 0.800147 0.254001 0.100000 0.040000
0 0.800147 0.283061 0.100000 0.040000
0 0.800147 0.325771 0.100000 0.040000
0 0.802789 0.350428 0.100000 0.040000
0 0.800440 0.399398 0.100000 0.040000
0 0.800440 0.423095 0.100000 0.040000
0 0.800440 0.446792 0.100000 0.040000
0 0.800509 0.508210 0.100000 0.040000
0 0.801273 0.547195 0.100000 0.040000
0 0.801018 0.571911 0.100000 0.040000
0 0.800509 0.598921 0.100000 0.040000
0 0.800966 0.626669 0.100000 0.040000
0 0.800711 0.680943 0.100000 0.040000
0 0.802495 0.711774 0.100000 0.040000
0 0.799418 0.737739 0.100000 0.040000
0 0.721962 0.800636 0.040000 0.100000
0 0.687308 0.800126 0.040000 0.100000
0 0.655967 0.801400 0.040000 0.100000
0 0.633366 0.801095 0.040000 0.100000
0 0.611962 0.799821 0.040000 0.100000
0 0.585462 0.800331 0.040000 0.100000
0 0.561510 0.800840 0.040000 0.100000
0 0.485169 0.800348 0.040000 0.100000
0 0.515746 0.799839 0.040000 0.100000
0 0.455335 0.801086 0.040000 0.100000
0 0.431128 0.801086 0.040000 0.100000
0 0.377364 0.800577 0.040000 0.100000
0 0.345989 0.801063 0.040000 0.100000
0 0.314393 0.801063 0.040000 0.100000
0 0.278465 0.800043 0.040000 0.100000
0 0.251742 0.800807 0.040000 0.100000
0 0.198998 0.741437 0.100000 0.040000
0 0.201761 0.709230 0.100000 0.040000
0 0.199722 0.645274 0.100000 0.040000
0 0.198958 0.617755 0.100000 0.040000
0 0.201478 0.587960 0.100000 0.040000
0 0.197911 0.559931 0.100000 0.040000
0 0.196892 0.511518 0.100000 0.040000
0 0.200969 0.491898 0.100000 0.040000
0 0.196127 0.485528 0.100000 0.040000
0 0.199694 0.449051 0.100000 0.040000
0 0.195362 0.457205 0.100000 0.040000
0 0.196636 0.424335 0.100000 0.040000
0 0.198929 0.400638 0.100000 0.040000
0 0.197910 0.373883 0.100000 0.040000
0 0.198929 0.351460 0.100000 0.040000
0 0.198929 0.335917 0.100000 0.040000
0 0.199184 0.313494 0.100000 0.040000
0 0.198306 0.296270 0.100000 0.040000
0 0.199948 0.232033 0.100000 0.040000
0 0.197400 0.258024 0.100000 0.040000
0 0.255241 0.200692 0.040000 0.100000
0 0.278938 0.198399 0.040000 0.100000
0 0.358684 0.198394 0.040000 0.100000
0 0.333458 0.197884 0.040000 0.100000
0 0.306958 0.199413 0.040000 0.100000
0 0.785179 0.231741 0.100000 0.040000
0 0.784418 0.260654 0.100000 0.040000
0 0.783657 0.286522 0.100000 0.040000
0 0.782136 0.329130 0.100000 0.040000
0 0.783657 0.351955 0.100000 0.040000
0 0.784210 0.401110 0.100000 0.040000
0 0.783445 0.422259 0.100000 0.040000
0 0.782171 0.450288 0.100000 0.040000
0 0.784036 0.509835 0.100000 0.040000
0 0.784477 0.550343 0.100000 0.040000
0 0.784036 0.572799 0.100000 0.040000
0 0.784477 0.597896 0.100000 0.040000
0 0.783596 0.522164 0.100000 0.040000
0 0.784510 0.622351 0.100000 0.040000
0 0.783189 0.676949 0.100000 0.040000
0 0.784951 0.704688 0.100000 0.040000
0 0.782749 0.728905 0.100000 0.040000
0 0.710539 0.783943 0.040000 0.100000
0 0.678397 0.784383 0.040000 0.100000
0 0.648896 0.783943 0.040000 0.100000
0 0.629083 0.783943 0.040000 0.100000
0 0.610149 0.784203 0.040000 0.100000
0 0.588134 0.783763 0.040000 0.100000
0 0.564798 0.785084 0.040000 0.100000
0 0.522969 0.783763 0.040000 0.100000
0 0.489506 0.784203 0.040000 0.100000
0 0.459565 0.784644 0.040000 0.100000
0 0.437990 0.784644 0.040000 0.100000
0 0.381111 0.784406 0.040000 0.100000
0 0.352492 0.784846 0.040000 0.100000
0 0.323431 0.785287 0.040000 0.100000
0 0.287767 0.784846 0.040000 0.100000
0 0.264431 0.784406 0.040000 0.100000
0 0.215997 0.731129 0.100000 0.040000
0 0.215116 0.701188 0.100000 0.040000
0 0.215476 0.633730 0.100000 0.040000
0 0.214595 0.608633 0.100000 0.040000
0 0.214595 0.582214 0.100000 0.040000
0 0.215035 0.556677 0.100000 0.040000
0 0.214155 0.507803 0.100000 0.040000
0 0.214155 0.482705 0.100000 0.040000
0 0.214595 0.456287 0.100000 0.040000
0 0.214123 0.424853 0.100000 0.040000
0 0.214123 0.402837 0.100000 0.040000
0 0.213683 0.379501 0.100000 0.040000
0 0.215004 0.341195 0.100000 0.040000
0 0.215004 0.357926 0.100000 0.040000
0 0.215004 0.320060 0.100000 0.040000
0 0.215004 0.303769 0.100000 0.040000
0 0.215444 0.266343 0.100000 0.040000
0 0.214563 0.241245 0.100000 0.040000
0 0.266519 0.214827 0.040000 0.100000
0 0.290736 0.214827 0.040000 0.100000
0 0.314513 0.215708 0.040000 0.100000
0 0.340050 0.216148 0.040000 0.100000
0 0.362506 0.216588 0.040000 0.100000
0 0.523578 0.213342 0.040000 0.100000
0 0.543392 0.215544 0.040000 0.100000
0 0.564086 0.213342 0.040000 0.100000
0 0.582139 0.214223 0.040000 0.100000
0 0.601512 0.213342 0.040000 0.100000
0 0.654349 0.215104 0.040000 0.100000
0 0.677685 0.216424 0.040000 0.100000
0 0.696618 0.215544 0.040000 0.100000
0 0.465458 0.213342 0.040000 0.100000
0 0.442562 0.213342 0.040000 0.100000
0 0.427592 0.214223 0.040000 0.100000
0 0.459734 0.215104 0.040000 0.100000
0 0.768452 0.241711 0.100000 0.040000
0 0.768452 0.266809 0.100000 0.040000
0 0.768452 0.290145 0.100000 0.040000
0 0.768012 0.332414 0.100000 0.040000
0 0.768452 0.352668 0.100000 0.040000
0 0.683473 0.231144 0.040000 0.100000
0 0.668503 0.231144 0.040000 0.100000
0 0.648689 0.231584 0.040000 0.100000
0 0.767571 0.405065 0.100000 0.040000
0 0.767571 0.423117 0.100000 0.040000
0 0.767967 0.443806 0.100000 0.040000
0 0.768848 0.512054 0.100000 0.040000
0 0.768408 0.553002 0.100000 0.040000
0 0.594683 0.231488 0.040000 0.100000
0 0.576190 0.231488 0.040000 0.100000
0 0.560339 0.231488 0.040000 0.100000
0 0.542286 0.231488 0.040000 0.100000
0 0.526435 0.231929 0.040000 0.100000
0 0.466114 0.231929 0.040000 0.100000
0 0.459069 0.231048 0.040000 0.100000
0 0.430009 0.233249 0.040000 0.100000
0 0.445419 0.231929 0.040000 0.100000
0 0.365909 0.232578 0.040000 0.100000
0 0.385282 0.229937 0.040000 0.100000
0 0.344774 0.230377 0.040000 0.100000
0 0.323640 0.231257 0.040000 0.100000
0 0.303386 0.232138 0.040000 0.100000
0 0.281811 0.231698 0.040000 0.100000
0 0.230735 0.251952 0.100000 0.040000
0 0.230735 0.273527 0.100000 0.040000
0 0.229414 0.308751 0.100000 0.040000
0 0.229855 0.327244 0.100000 0.040000
0 0.229855 0.347498 0.100000 0.040000
0 0.230295 0.362909 0.100000 0.040000
0 0.228974 0.383163 0.100000 0.040000
0 0.228534 0.405618 0.100000 0.040000
0 0.229680 0.426617 0.100000 0.040000
0 0.230121 0.447752 0.100000 0.040000
0 0.230121 0.456998 0.100000 0.040000
0 0.230561 0.479894 0.100000 0.040000
0 0.232322 0.486059 0.100000 0.040000
0 0.231882 0.503671 0.100000 0.040000
0 0.231442 0.516880 0.100000 0.040000
0 0.231001 0.552985 0.100000 0.040000
0 0.230561 0.577202 0.100000 0.040000
0 0.231001 0.601859 0.100000 0.040000
0 0.231001 0.623434 0.100000 0.040000
0 0.230778 0.694237 0.100000 0.040000
0 0.230778 0.722416 0.100000 0.040000
0 0.278771 0.767768 0.040000 0.100000
0 0.298585 0.769969 0.040000 0.100000
0 0.333369 0.769529 0.040000 0.100000
0 0.359787 0.767327 0.040000 0.100000
0 0.385325 0.770409 0.040000 0.100000
0 0.568729 0.768565 0.040000 0.100000
0 0.589864 0.768125 0.040000 0.100000
0 0.609237 0.767245 0.040000 0.100000
0 0.625969 0.768565 0.040000 0.100000
0 0.644462 0.768565 0.040000 0.100000
0 0.670440 0.768565 0.040000 0.100000
0 0.698619 0.769446 0.040000 0.100000
0 0.768145 0.721030 0.100000 0.040000
0 0.767705 0.699455 0.100000 0.040000
0 0.767265 0.673037 0.100000 0.040000
0 0.767265 0.617999 0.100000 0.040000
0 0.767705 0.595103 0.100000 0.040000
0 0.769026 0.573528 0.100000 0.040000
0 0.524223 0.767847 0.040000 0.100000
0 0.492081 0.768287 0.040000 0.100000
0 0.462581 0.768287 0.040000 0.100000
0 0.444968 0.769168 0.040000 0.100000
0 0.753006 0.251500 0.100000 0.040000
0 0.753006 0.274836 0.100000 0.040000
0 0.753006 0.294209 0.100000 0.040000
0 0.753006 0.336479 0.100000 0.040000
0 0.753446 0.354971 0.100000 0.040000
0 0.752606 0.406989 0.100000 0.040000
0 0.751725 0.423280 0.100000 0.040000
0 0.752606 0.442654 0.100000 0.040000
0 0.752606 0.449258 0.100000 0.040000
0 0.753486 0.515304 0.100000 0.040000
0 0.752606 0.528073 0.100000 0.040000
0 0.752166 0.557133 0.100000 0.040000
0 0.752234 0.575973 0.100000 0.040000
0 0.752675 0.594906 0.100000 0.040000
0 0.752675 0.615600 0.100000 0.040000
0 0.752675 0.672400 0.100000 0.040000
0 0.753115 0.693975 0.100000 0.040000
0 0.752675 0.713348 0.100000 0.040000
0 0.662852 0.753856 0.040000 0.100000
0 0.690342 0.752469 0.040000 0.100000
0 0.639914 0.752591 0.040000 0.100000
0 0.623622 0.753912 0.040000 0.100000
0 0.609973 0.753471 0.040000 0.100000
0 0.591920 0.754352 0.040000 0.100000
0 0.573868 0.753912 0.040000 0.100000
0 0.526755 0.754352 0.040000 0.100000
0 0.453298 0.752450 0.040000 0.100000
0 0.390334 0.753771 0.040000 0.100000
0 0.366117 0.753771 0.040000 0.100000
0 0.343221 0.752890 0.040000 0.100000
0 0.311960 0.752450 0.040000 0.100000
0 0.293467 0.752890 0.040000 0.100000
0 0.245914 0.712822 0.100000 0.040000
0 0.245914 0.687725 0.100000 0.040000
0 0.519204 0.753290 0.040000 0.100000
0 0.496308 0.754171 0.040000 0.100000
0 0.468569 0.753290 0.040000 0.100000
0 0.246641 0.615066 0.100000 0.040000
0 0.245320 0.595252 0.100000 0.040000
0 0.247082 0.573677 0.100000 0.040000
0 0.246201 0.552983 0.100000 0.040000
0 0.245761 0.514236 0.100000 0.040000
0 0.246641 0.500146 0.100000 0.040000
0 0.246641 0.484295 0.100000 0.040000
0 0.246641 0.477691 0.100000 0.040000
0 0.245597 0.456151 0.100000 0.040000
0 0.245597 0.446465 0.100000 0.040000
0 0.245156 0.427972 0.100000 0.040000
0 0.246477 0.410360 0.100000 0.040000
0 0.247358 0.390546 0.100000 0.040000
0 0.246917 0.369852 0.100000 0.040000
0 0.246917 0.352680 0.100000 0.040000
0 0.246917 0.333306 0.100000 0.040000
0 0.246477 0.325821 0.100000 0.040000
0 0.246477 0.315694 0.100000 0.040000
0 0.247358 0.281791 0.100000 0.040000
0 0.248238 0.261977 0.100000 0.040000
0 0.297993 0.247887 0.040000 0.100000
0 0.312963 0.247006 0.040000 0.100000
0 0.332777 0.246566 0.040000 0.100000
0 0.350829 0.246566 0.040000 0.100000
0 0.369011 0.246490 0.040000 0.100000
0 0.384862 0.246490 0.040000 0.100000
0 0.429332 0.245610 0.040000 0.100000
0 0.439459 0.246050 0.040000 0.100000
0 0.447825 0.246490 0.040000 0.100000
0 0.460154 0.245610 0.040000 0.100000
0 0.467199 0.246490 0.040000 0.100000
0 0.528401 0.245169 0.040000 0.100000
0 0.543371 0.247371 0.040000 0.100000
0 0.556540 0.246462 0.040000 0.100000
0 0.571950 0.246462 0.040000 0.100000
0 0.587361 0.246022 0.040000 0.100000
0 0.642399 0.246022 0.040000 0.100000
0 0.659571 0.245141 0.040000 0.100000
0 0.671019 0.247343 0.040000 0.100000
0 0.723999 0.270555 0.040000 0.100000
0 0.723559 0.289048 0.100000 0.040000
0 0.717835 0.304899 0.100000 0.040000
0 0.731044 0.342765 0.100000 0.040000
0 0.723999 0.359056 0.100000 0.040000
0 0.729723 0.411453 0.100000 0.040000
0 0.729283 0.426423 0.100000 0.040000
0 0.729283 0.440072 0.100000 0.040000
0 0.728402 0.449759 0.100000 0.040000
0 0.728254 0.518856 0.100000 0.040000
0 0.729273 0.533890 0.100000 0.040000
0 0.729783 0.565231 0.100000 0.040000
0 0.733860 0.579500 0.100000 0.040000
0 0.729273 0.595808 0.100000 0.040000
0 0.732076 0.611351 0.100000 0.040000
0 0.731382 0.671091 0.100000 0.040000
0 0.732656 0.689182 0.100000 0.040000
0 0.724247 0.701667 0.100000 0.040000
0 0.271643 0.699176 0.100000 0.040000
0 0.268331 0.677772 0.100000 0.040000
0 0.267800 0.602443 0.100000 0.040000
0 0.268055 0.585625 0.100000 0.040000
0 0.269329 0.568044 0.100000 0.040000
0 0.263468 0.550972 0.100000 0.040000
0 0.272846 0.511514 0.100000 0.040000
0 0.264437 0.505654 0.100000 0.040000
0 0.266221 0.495716 0.100000 0.040000
0 0.268769 0.481957 0.100000 0.040000
0 0.269788 0.473039 0.100000 0.040000
0 0.269279 0.455457 0.100000 0.040000
0 0.266985 0.446284 0.100000 0.040000
0 0.268514 0.429976 0.100000 0.040000
0 0.266985 0.414433 0.100000 0.040000
0 0.266731 0.397361 0.100000 0.040000
0 0.270044 0.379334 0.100000 0.040000
0 0.267241 0.368887 0.100000 0.040000
0 0.268006 0.360224 0.100000 0.040000
0 0.270554 0.345700 0.100000 0.040000
0 0.267496 0.335507 0.100000 0.040000
0 0.269280 0.325315 0.100000 0.040000
0 0.270044 0.291171 0.100000 0.040000
0 0.273102 0.276647 0.100000 0.040000
