0 0.240549 0.188780 0.040000 0.100000
0 0.270748 0.188541 0.040000 0.100000
0 0.299029 0.187103 0.040000 0.100000
0 0.331288 0.188253 0.040000 0.100000
0 0.358611 0.187678 0.040000 0.100000
0 0.385646 0.187103 0.040000 0.100000
0 0.425738 0.187735 0.040000 0.100000
0 0.444029 0.188425 0.040000 0.100000
0 0.467153 0.188425 0.040000 0.100000
0 0.520992 0.186355 0.040000 0.100000
0 0.544806 0.187390 0.040000 0.100000
0 0.568337 0.187111 0.040000 0.100000
0 0.593934 0.187686 0.040000 0.100000
0 0.617805 0.186823 0.040000 0.100000
0 0.670437 0.187398 0.040000 0.100000
0 0.700556 0.187973 0.040000 0.100000
0 0.722726 0.188971 0.040000 0.100000
0 0.813182 0.220638 0.100000 0.040000
0 0.812240 0.254491 0.100000 0.040000
0 0.812702 0.283617 0.100000 0.040000
0 0.812836 0.327668 0.100000 0.040000
0 0.813502 0.354298 0.100000 0.040000
0 0.812054 0.404410 0.100000 0.040000
0 0.812254 0.428377 0.100000 0.040000
0 0.812054 0.459534 0.100000 0.040000
0 0.813632 0.525184 0.100000 0.040000
0 0.813432 0.553745 0.100000 0.040000
0 0.811846 0.579992 0.100000 0.040000
0 0.813844 0.606955 0.100000 0.040000
0 0.812645 0.635316 0.100000 0.040000
0 0.811377 0.687301 0.100000 0.040000
0 0.812376 0.717926 0.100000 0.040000
0 0.812043 0.747552 0.100000 0.040000
0 0.735981 0.813870 0.040000 0.100000
0 0.701229 0.814669 0.040000 0.100000
0 0.667476 0.813471 0.040000 0.100000
0 0.639789 0.813230 0.040000 0.100000
0 0.617320 0.813923 0.040000 0.100000
0 0.591106 0.812397 0.040000 0.100000
0 0.564198 0.814339 0.040000 0.100000
0 0.521832 0.814855 0.040000 0.100000
0 0.483385 0.814189 0.040000 0.100000
0 0.453260 0.814023 0.040000 0.100000
0 0.426896 0.812126 0.040000 0.100000
0 0.373569 0.813324 0.040000 0.100000
0 0.343194 0.812542 0.040000 0.100000
0 0.308908 0.812375 0.040000 0.100000
0 0.271585 0.812611 0.040000 0.100000
0 0.240378 0.811363 0.040000 0.100000
0 0.188147 0.749491 0.100000 0.040000
0 0.187748 0.717335 0.100000 0.040000
0 0.188441 0.655331 0.100000 0.040000
0 0.188921 0.624654 0.100000 0.040000
0 0.187722 0.595174 0.100000 0.040000
0 0.187482 0.567372 0.100000 0.040000
0 0.187698 0.526318 0.100000 0.040000
0 0.185895 0.496637 0.100000 0.040000
0 0.186554 0.455871 0.100000 0.040000
0 0.187276 0.427332 0.100000 0.040000
0 0.186490 0.400228 0.100000 0.040000
0 0.188571 0.374431 0.100000 0.040000
0 0.186762 0.346888 0.100000 0.040000
0 0.186646 0.333365 0.100000 0.040000
0 0.187802 0.308746 0.100000 0.040000
0 0.187766 0.294532 0.100000 0.040000
0 0.186808 0.258342 0.100000 0.040000
0 0.186808 0.228383 0.100000 0.040000
0 0.252303 0.203005 0.040000 0.100000
0 0.278427 0.202286 0.040000 0.100000
0 0.337146 0.201327 0.040000 0.100000
0 0.305749 0.203245 0.040000 0.100000
0 0.362347 0.202193 0.040000 0.100000
0 0.385116 0.202392 0.040000 0.100000
0 0.427258 0.202392 0.040000 0.100000
0 0.442637 0.202592 0.040000 0.100000
0 0.465689 0.203852 0.040000 0.100000
0 0.521463 0.202299 0.040000 0.100000
0 0.542434 0.203297 0.040000 0.100000
0 0.587081 0.203006 0.040000 0.100000
0 0.565721 0.203145 0.040000 0.100000
0 0.609550 0.203283 0.040000 0.100000
0 0.661733 0.203106 0.040000 0.100000
0 0.688497 0.203106 0.040000 0.100000
0 0.708469 0.203905 0.040000 0.100000
0 0.797503 0.228523 0.100000 0.040000
0 0.798102 0.258082 0.100000 0.040000
0 0.798102 0.286044 0.100000 0.040000
0 0.798397 0.328745 0.100000 0.040000
0 0.796001 0.354869 0.100000 0.040000
0 0.796480 0.404960 0.100000 0.040000
0 0.796979 0.427309 0.100000 0.040000
0 0.796780 0.458666 0.100000 0.040000
0 0.796043 0.525996 0.100000 0.040000
0 0.797153 0.555261 0.100000 0.040000
0 0.796592 0.578979 0.100000 0.040000
0 0.796392 0.604743 0.100000 0.040000
0 0.795793 0.628910 0.100000 0.040000
0 0.797291 0.683065 0.100000 0.040000
0 0.795626 0.709833 0.100000 0.040000
0 0.796597 0.738821 0.100000 0.040000
0 0.723082 0.797801 0.040000 0.100000
0 0.690293 0.797635 0.040000 0.100000
0 0.658906 0.796567 0.040000 0.100000
0 0.635744 0.796983 0.040000 0.100000
0 0.613933 0.797341 0.040000 0.100000
0 0.589314 0.797457 0.040000 0.100000
0 0.567171 0.798102 0.040000 0.100000
0 0.522276 0.797791 0.040000 0.100000
0 0.486331 0.797213 0.040000 0.100000
0 0.458036 0.796713 0.040000 0.100000
0 0.432238 0.796547 0.040000 0.100000
0 0.377713 0.796913 0.040000 0.100000
0 0.348250 0.797477 0.040000 0.100000
0 0.318314 0.797014 0.040000 0.100000
0 0.281835 0.797217 0.040000 0.100000
0 0.252431 0.796523 0.040000 0.100000
0 0.203198 0.740115 0.100000 0.040000
0 0.202622 0.707616 0.100000 0.040000
0 0.202335 0.643767 0.100000 0.040000
0 0.204348 0.615007 0.100000 0.040000
0 0.203122 0.590293 0.100000 0.040000
0 0.202922 0.563330 0.100000 0.040000
0 0.203871 0.525299 0.100000 0.040000
0 0.204869 0.513316 0.100000 0.040000
0 0.203538 0.493010 0.100000 0.040000
0 0.203871 0.460555 0.100000 0.040000
0 0.203321 0.400374 0.100000 0.040000
0 0.202989 0.427337 0.100000 0.040000
0 0.203321 0.377406 0.100000 0.040000
0 0.203055 0.351575 0.100000 0.040000
0 0.203455 0.336795 0.100000 0.040000
0 0.203055 0.314426 0.100000 0.040000
0 0.203055 0.299047 0.100000 0.040000
0 0.202256 0.262282 0.100000 0.040000
0 0.202256 0.236110 0.100000 0.040000
0 0.265959 0.219045 0.040000 0.100000
0 0.290405 0.218806 0.040000 0.100000
0 0.313893 0.219764 0.040000 0.100000
0 0.341934 0.219525 0.040000 0.100000
0 0.364223 0.218087 0.040000 0.100000
0 0.386033 0.220244 0.040000 0.100000
0 0.428690 0.218822 0.040000 0.100000
0 0.443789 0.218822 0.040000 0.100000
0 0.466797 0.219541 0.040000 0.100000
0 0.523072 0.218103 0.040000 0.100000
0 0.543204 0.218966 0.040000 0.100000
0 0.563049 0.218391 0.040000 0.100000
0 0.581743 0.218103 0.040000 0.100000
0 0.602139 0.219057 0.040000 0.100000
0 0.653716 0.219344 0.040000 0.100000
0 0.678738 0.218194 0.040000 0.100000
0 0.695706 0.218482 0.040000 0.100000
0 0.781528 0.236888 0.100000 0.040000
0 0.781393 0.264029 0.100000 0.040000
0 0.781592 0.289394 0.100000 0.040000
0 0.780594 0.331736 0.100000 0.040000
0 0.781233 0.355823 0.100000 0.040000
0 0.780753 0.406154 0.100000 0.040000
0 0.780224 0.427920 0.100000 0.040000
0 0.780823 0.456281 0.100000 0.040000
0 0.780523 0.517217 0.100000 0.040000
0 0.780723 0.528002 0.100000 0.040000
0 0.781822 0.557661 0.100000 0.040000
0 0.781023 0.579631 0.100000 0.040000
0 0.780623 0.601002 0.100000 0.040000
0 0.779545 0.624649 0.100000 0.040000
0 0.781031 0.680253 0.100000 0.040000
0 0.781893 0.704986 0.100000 0.040000
0 0.781031 0.729720 0.100000 0.040000
0 0.710493 0.781738 0.040000 0.100000
0 0.679536 0.781139 0.040000 0.100000
0 0.651375 0.782338 0.040000 0.100000
0 0.632001 0.780940 0.040000 0.100000
0 0.612012 0.781522 0.040000 0.100000
0 0.591208 0.781522 0.040000 0.100000
0 0.571734 0.780690 0.040000 0.100000
0 0.523474 0.781196 0.040000 0.100000
0 0.488233 0.782058 0.040000 0.100000
0 0.460438 0.782058 0.040000 0.100000
0 0.439300 0.780893 0.040000 0.100000
0 0.382503 0.782183 0.040000 0.100000
0 0.355799 0.782163 0.040000 0.100000
0 0.326320 0.781205 0.040000 0.100000
0 0.288212 0.782403 0.040000 0.100000
0 0.265923 0.781444 0.040000 0.100000
0 0.218123 0.727164 0.100000 0.040000
0 0.217548 0.700417 0.100000 0.040000
0 0.216973 0.635418 0.100000 0.040000
0 0.218950 0.608867 0.100000 0.040000
0 0.218950 0.583102 0.100000 0.040000
0 0.218550 0.559534 0.100000 0.040000
0 0.219761 0.521894 0.100000 0.040000
0 0.219761 0.508113 0.100000 0.040000
0 0.217364 0.490937 0.100000 0.040000
0 0.219521 0.459101 0.100000 0.040000
0 0.220000 0.426026 0.100000 0.040000
0 0.219281 0.403737 0.100000 0.040000
0 0.217795 0.381304 0.100000 0.040000
0 0.219297 0.248346 0.100000 0.040000
0 0.217523 0.270587 0.100000 0.040000
0 0.218961 0.305100 0.100000 0.040000
0 0.219007 0.316482 0.100000 0.040000
0 0.219007 0.353231 0.100000 0.040000
0 0.282102 0.234641 0.040000 0.100000
0 0.302075 0.234042 0.040000 0.100000
0 0.323046 0.235241 0.040000 0.100000
0 0.347413 0.234641 0.040000 0.100000
0 0.430019 0.235073 0.040000 0.100000
0 0.447755 0.235792 0.040000 0.100000
0 0.468366 0.236032 0.040000 0.100000
0 0.526558 0.234833 0.040000 0.100000
0 0.543239 0.235121 0.040000 0.100000
0 0.559345 0.235984 0.040000 0.100000
0 0.576601 0.235408 0.040000 0.100000
0 0.593570 0.233970 0.040000 0.100000
0 0.647828 0.234033 0.040000 0.100000
0 0.667002 0.235471 0.040000 0.100000
0 0.682341 0.236429 0.040000 0.100000
0 0.765470 0.247498 0.100000 0.040000
0 0.765470 0.271066 0.100000 0.040000
0 0.766669 0.293635 0.100000 0.040000
0 0.765021 0.336405 0.100000 0.040000
0 0.765500 0.357256 0.100000 0.040000
0 0.765704 0.409196 0.100000 0.040000
0 0.765304 0.427771 0.100000 0.040000
0 0.765105 0.455533 0.100000 0.040000
0 0.765141 0.525260 0.100000 0.040000
0 0.765574 0.560611 0.100000 0.040000
0 0.765374 0.580184 0.100000 0.040000
0 0.765694 0.601595 0.100000 0.040000
0 0.764496 0.621727 0.100000 0.040000
0 0.765790 0.677666 0.100000 0.040000
0 0.765502 0.699812 0.100000 0.040000
0 0.764352 0.722245 0.100000 0.040000
0 0.699197 0.765217 0.040000 0.100000
0 0.670037 0.765816 0.040000 0.100000
0 0.644752 0.765816 0.040000 0.100000
0 0.627736 0.764378 0.040000 0.100000
0 0.612397 0.765097 0.040000 0.100000
0 0.592744 0.765097 0.040000 0.100000
0 0.574529 0.765337 0.040000 0.100000
0 0.524691 0.765782 0.040000 0.100000
0 0.494233 0.766115 0.040000 0.100000
0 0.465373 0.765216 0.040000 0.100000
0 0.447997 0.765816 0.040000 0.100000
0 0.387677 0.765684 0.040000 0.100000
0 0.363447 0.765027 0.040000 0.100000
0 0.336843 0.764308 0.040000 0.100000
0 0.303769 0.765506 0.040000 0.100000
0 0.279323 0.766465 0.040000 0.100000
0 0.235060 0.718308 0.100000 0.040000
0 0.234394 0.692344 0.100000 0.040000
0 0.235579 0.623698 0.100000 0.040000
0 0.236538 0.601888 0.100000 0.040000
0 0.234141 0.578400 0.100000 0.040000
0 0.234621 0.556830 0.100000 0.040000
0 0.235136 0.502271 0.100000 0.040000
0 0.234656 0.518329 0.100000 0.040000
0 0.234417 0.487171 0.100000 0.040000
0 0.235615 0.459130 0.100000 0.040000
0 0.234417 0.448345 0.100000 0.040000
0 0.233937 0.426775 0.100000 0.040000
0 0.233458 0.406642 0.100000 0.040000
0 0.233458 0.385935 0.100000 0.040000
0 0.234321 0.364364 0.100000 0.040000
0 0.233746 0.347396 0.100000 0.040000
0 0.233343 0.329507 0.100000 0.040000
0 0.233688 0.312251 0.100000 0.040000
0 0.233688 0.277738 0.100000 0.040000
0 0.233688 0.255995 0.100000 0.040000
0 0.297278 0.251605 0.040000 0.100000
0 0.313153 0.249879 0.040000 0.100000
0 0.332825 0.251259 0.040000 0.100000
0 0.354621 0.251111 0.040000 0.100000
0 0.371638 0.250632 0.040000 0.100000
0 0.388175 0.249913 0.040000 0.100000
0 0.438745 0.249913 0.040000 0.100000
0 0.467266 0.250632 0.040000 0.100000
0 0.529029 0.249716 0.040000 0.100000
0 0.543170 0.249476 0.040000 0.100000
0 0.558508 0.249716 0.040000 0.100000
0 0.572409 0.249716 0.040000 0.100000
0 0.587748 0.249716 0.040000 0.100000
0 0.640955 0.248997 0.040000 0.100000
0 0.657732 0.249237 0.040000 0.100000
0 0.670434 0.250914 0.040000 0.100000
0 0.749554 0.258450 0.100000 0.040000
0 0.748843 0.279129 0.100000 0.040000
0 0.749176 0.299268 0.100000 0.040000
0 0.748617 0.341011 0.100000 0.040000
0 0.747898 0.360184 0.100000 0.040000
0 0.749740 0.411954 0.100000 0.040000
0 0.750572 0.429292 0.100000 0.040000
0 0.748950 0.453368 0.100000 0.040000
0 0.749050 0.520070 0.100000 0.040000
0 0.750049 0.534050 0.100000 0.040000
0 0.747952 0.564775 0.100000 0.040000
0 0.748151 0.581951 0.100000 0.040000
0 0.748151 0.599727 0.100000 0.040000
0 0.749150 0.618101 0.100000 0.040000
0 0.749529 0.676377 0.100000 0.040000
0 0.749729 0.695950 0.100000 0.040000
0 0.747932 0.714325 0.100000 0.040000
0 0.688641 0.749648 0.040000 0.100000
0 0.662677 0.750447 0.040000 0.100000
0 0.640508 0.750247 0.040000 0.100000
0 0.626127 0.750447 0.040000 0.100000
0 0.611947 0.750247 0.040000 0.100000
0 0.593822 0.750331 0.040000 0.100000
0 0.578510 0.750331 0.040000 0.100000
0 0.527030 0.750261 0.040000 0.100000
0 0.497071 0.750926 0.040000 0.100000
0 0.470109 0.748929 0.040000 0.100000
0 0.455362 0.749562 0.040000 0.100000
0 0.394845 0.748962 0.040000 0.100000
0 0.370159 0.749562 0.040000 0.100000
0 0.348589 0.749082 0.040000 0.100000
0 0.314191 0.750909 0.040000 0.100000
0 0.296299 0.749938 0.040000 0.100000
0 0.252110 0.709577 0.100000 0.040000
0 0.250648 0.685659 0.100000 0.040000
0 0.251071 0.614390 0.100000 0.040000
0 0.250273 0.594418 0.100000 0.040000
0 0.250472 0.573647 0.100000 0.040000
0 0.252070 0.553674 0.100000 0.040000
0 0.252577 0.515946 0.100000 0.040000
0 0.250980 0.500967 0.100000 0.040000
0 0.251319 0.478258 0.100000 0.040000
0 0.250720 0.449697 0.100000 0.040000
0 0.249322 0.429325 0.100000 0.040000
0 0.250241 0.409712 0.100000 0.040000
0 0.248803 0.391977 0.100000 0.040000
0 0.249582 0.369947 0.100000 0.040000
0 0.250181 0.353370 0.100000 0.040000
0 0.251139 0.337551 0.100000 0.040000
0 0.251139 0.319816 0.100000 0.040000
0 0.252338 0.285303 0.100000 0.040000
0 0.250516 0.266034 0.100000 0.040000
