0 0.229319 0.176114 0.040000 0.100000
0 0.262795 0.175078 0.040000 0.100000
0 0.296962 0.175769 0.040000 0.100000
0 0.327677 0.177494 0.040000 0.100000
0 0.386663 0.175993 0.040000 0.100000
0 0.357616 0.177431 0.040000 0.100000
0 0.423475 0.177143 0.040000 0.100000
0 0.439868 0.178006 0.040000 0.100000
0 0.459425 0.178294 0.040000 0.100000
0 0.520266 0.176180 0.040000 0.100000
0 0.543513 0.176659 0.040000 0.100000
0 0.567480 0.177139 0.040000 0.100000
0 0.593363 0.177378 0.040000 0.100000
0 0.619487 0.177139 0.040000 0.100000
0 0.670535 0.176899 0.040000 0.100000
0 0.703467 0.176900 0.040000 0.100000
0 0.731760 0.177399 0.040000 0.100000
0 0.823284 0.229921 0.100000 0.040000
0 0.823784 0.262875 0.100000 0.040000
0 0.823599 0.296675 0.100000 0.040000
0 0.823745 0.340665 0.100000 0.040000
0 0.823578 0.368626 0.100000 0.040000
0 0.822177 0.418346 0.100000 0.040000
0 0.824008 0.442812 0.100000 0.040000
0 0.823342 0.473768 0.100000 0.040000
0 0.822923 0.543296 0.100000 0.040000
0 0.823251 0.532709 0.100000 0.040000
0 0.823251 0.575982 0.100000 0.040000
0 0.824083 0.602445 0.100000 0.040000
0 0.823251 0.630905 0.100000 0.040000
0 0.823184 0.663458 0.100000 0.040000
0 0.823903 0.715945 0.100000 0.040000
0 0.823424 0.747820 0.100000 0.040000
0 0.823184 0.784872 0.100000 0.040000
0 0.743764 0.823215 0.040000 0.100000
0 0.708148 0.824213 0.040000 0.100000
0 0.678689 0.824047 0.040000 0.100000
0 0.647333 0.824879 0.040000 0.100000
0 0.622368 0.824679 0.040000 0.100000
0 0.594078 0.823451 0.040000 0.100000
0 0.566616 0.823118 0.040000 0.100000
0 0.519616 0.822725 0.040000 0.100000
0 0.481749 0.824882 0.040000 0.100000
0 0.448915 0.822965 0.040000 0.100000
0 0.421114 0.823684 0.040000 0.100000
0 0.367270 0.823458 0.040000 0.100000
0 0.335115 0.822659 0.040000 0.100000
0 0.301387 0.823194 0.040000 0.100000
0 0.263424 0.823770 0.040000 0.100000
0 0.232363 0.822907 0.040000 0.100000
0 0.177644 0.773492 0.100000 0.040000
0 0.177445 0.740139 0.100000 0.040000
0 0.176941 0.681166 0.100000 0.040000
0 0.176702 0.650489 0.100000 0.040000
0 0.176222 0.618374 0.100000 0.040000
0 0.176229 0.543999 0.100000 0.040000
0 0.175231 0.509847 0.100000 0.040000
0 0.175431 0.474896 0.100000 0.040000
0 0.177428 0.446256 0.100000 0.040000
0 0.177188 0.418695 0.100000 0.040000
0 0.176757 0.389648 0.100000 0.040000
0 0.175772 0.354440 0.100000 0.040000
0 0.176571 0.341658 0.100000 0.040000
0 0.175173 0.313698 0.100000 0.040000
0 0.175373 0.300916 0.100000 0.040000
0 0.175572 0.264966 0.100000 0.040000
0 0.176867 0.233011 0.100000 0.040000
0 0.240914 0.193778 0.040000 0.100000
0 0.274228 0.194017 0.040000 0.100000
0 0.304425 0.194257 0.040000 0.100000
0 0.333664 0.194017 0.040000 0.100000
0 0.359788 0.193682 0.040000 0.100000
0 0.385384 0.193394 0.040000 0.100000
0 0.424209 0.192819 0.040000 0.100000
0 0.520597 0.192642 0.040000 0.100000
0 0.441029 0.193600 0.040000 0.100000
0 0.458285 0.193121 0.040000 0.100000
0 0.541687 0.192881 0.040000 0.100000
0 0.565338 0.193117 0.040000 0.100000
0 0.586429 0.192638 0.040000 0.100000
0 0.608957 0.194076 0.040000 0.100000
0 0.663528 0.192278 0.040000 0.100000
0 0.691090 0.193237 0.040000 0.100000
0 0.716734 0.193477 0.040000 0.100000
0 0.807420 0.239085 0.100000 0.040000
0 0.808139 0.268803 0.100000 0.040000
0 0.807659 0.300918 0.100000 0.040000
0 0.807223 0.344225 0.100000 0.040000
0 0.807223 0.369629 0.100000 0.040000
0 0.807255 0.419746 0.100000 0.040000
0 0.806700 0.442630 0.100000 0.040000
0 0.806645 0.465987 0.100000 0.040000
0 0.806045 0.545242 0.100000 0.040000
0 0.806844 0.529065 0.100000 0.040000
0 0.806645 0.578196 0.100000 0.040000
0 0.807843 0.602402 0.100000 0.040000
0 0.807059 0.627529 0.100000 0.040000
0 0.805861 0.658086 0.100000 0.040000
0 0.807115 0.712785 0.100000 0.040000
0 0.806636 0.740107 0.100000 0.040000
0 0.806396 0.775337 0.100000 0.040000
0 0.730932 0.807536 0.040000 0.100000
0 0.695149 0.807036 0.040000 0.100000
0 0.667188 0.808634 0.040000 0.100000
0 0.644220 0.807436 0.040000 0.100000
0 0.619056 0.808634 0.040000 0.100000
0 0.592493 0.807436 0.040000 0.100000
0 0.569002 0.807975 0.040000 0.100000
0 0.521069 0.807576 0.040000 0.100000
0 0.484121 0.807815 0.040000 0.100000
0 0.451767 0.808055 0.040000 0.100000
0 0.426362 0.806617 0.040000 0.100000
0 0.370859 0.806824 0.040000 0.100000
0 0.341300 0.808022 0.040000 0.100000
0 0.309705 0.806904 0.040000 0.100000
0 0.272317 0.808581 0.040000 0.100000
0 0.245235 0.807623 0.040000 0.100000
0 0.193036 0.762662 0.100000 0.040000
0 0.193324 0.731889 0.100000 0.040000
0 0.193870 0.670085 0.100000 0.040000
0 0.194158 0.640462 0.100000 0.040000
0 0.193175 0.611247 0.100000 0.040000
0 0.192217 0.583925 0.100000 0.040000
0 0.194154 0.539328 0.100000 0.040000
0 0.192556 0.506574 0.100000 0.040000
0 0.192356 0.474020 0.100000 0.040000
0 0.191957 0.445979 0.100000 0.040000
0 0.191478 0.421533 0.100000 0.040000
0 0.191238 0.394212 0.100000 0.040000
0 0.192566 0.359925 0.100000 0.040000
0 0.191128 0.321819 0.100000 0.040000
0 0.193141 0.271442 0.100000 0.040000
0 0.192566 0.243545 0.100000 0.040000
0 0.256435 0.209972 0.040000 0.100000
0 0.285098 0.207776 0.040000 0.100000
0 0.310794 0.208946 0.040000 0.100000
0 0.336757 0.208779 0.040000 0.100000
0 0.361223 0.209278 0.040000 0.100000
0 0.383951 0.209258 0.040000 0.100000
0 0.423895 0.208859 0.040000 0.100000
0 0.443068 0.209258 0.040000 0.100000
0 0.457847 0.209258 0.040000 0.100000
0 0.522093 0.211280 0.040000 0.100000
0 0.543183 0.211040 0.040000 0.100000
0 0.561398 0.209602 0.040000 0.100000
0 0.579852 0.210081 0.040000 0.100000
0 0.600703 0.209602 0.040000 0.100000
0 0.656470 0.207989 0.040000 0.100000
0 0.680237 0.209187 0.040000 0.100000
0 0.701207 0.210186 0.040000 0.100000
0 0.789919 0.248328 0.100000 0.040000
0 0.789519 0.276089 0.100000 0.040000
0 0.789719 0.303651 0.100000 0.040000
0 0.790848 0.346714 0.100000 0.040000
0 0.790848 0.370846 0.100000 0.040000
0 0.789682 0.419565 0.100000 0.040000
0 0.790641 0.441853 0.100000 0.040000
0 0.790401 0.461985 0.100000 0.040000
0 0.789126 0.528439 0.100000 0.040000
0 0.792002 0.578481 0.100000 0.040000
0 0.791140 0.600626 0.100000 0.040000
0 0.790277 0.624496 0.100000 0.040000
0 0.790564 0.652968 0.100000 0.040000
0 0.790584 0.708992 0.100000 0.040000
0 0.790584 0.735595 0.100000 0.040000
0 0.789625 0.764354 0.100000 0.040000
0 0.717000 0.789616 0.040000 0.100000
0 0.685604 0.791773 0.040000 0.100000
0 0.659241 0.790095 0.040000 0.100000
0 0.636853 0.790834 0.040000 0.100000
0 0.617280 0.790635 0.040000 0.100000
0 0.593314 0.790235 0.040000 0.100000
0 0.573941 0.790035 0.040000 0.100000
0 0.522993 0.791176 0.040000 0.100000
0 0.488898 0.791176 0.040000 0.100000
0 0.456753 0.791255 0.040000 0.100000
0 0.433619 0.791255 0.040000 0.100000
0 0.375084 0.790805 0.040000 0.100000
0 0.347623 0.790472 0.040000 0.100000
0 0.319296 0.791038 0.040000 0.100000
0 0.283946 0.789241 0.040000 0.100000
0 0.262975 0.788642 0.040000 0.100000
0 0.209380 0.751211 0.100000 0.040000
0 0.208688 0.722877 0.100000 0.040000
0 0.207689 0.659965 0.100000 0.040000
0 0.210157 0.632958 0.100000 0.040000
0 0.210956 0.604598 0.100000 0.040000
0 0.210174 0.579882 0.100000 0.040000
0 0.209009 0.536610 0.100000 0.040000
0 0.209308 0.502291 0.100000 0.040000
0 0.209109 0.472333 0.100000 0.040000
0 0.209400 0.445486 0.100000 0.040000
0 0.208845 0.421630 0.100000 0.040000
0 0.209677 0.398746 0.100000 0.040000
0 0.209012 0.365626 0.100000 0.040000
0 0.209711 0.329943 0.100000 0.040000
0 0.208572 0.279433 0.100000 0.040000
0 0.208372 0.253270 0.100000 0.040000
0 0.272004 0.225674 0.040000 0.100000
0 0.294572 0.225075 0.040000 0.100000
0 0.318539 0.224076 0.040000 0.100000
0 0.341906 0.224476 0.040000 0.100000
0 0.363056 0.224296 0.040000 0.100000
0 0.385025 0.225894 0.040000 0.100000
0 0.426168 0.228091 0.040000 0.100000
0 0.443064 0.226293 0.040000 0.100000
0 0.457444 0.225574 0.040000 0.100000
0 0.524310 0.226053 0.040000 0.100000
0 0.540343 0.226077 0.040000 0.100000
0 0.559037 0.225598 0.040000 0.100000
0 0.575095 0.225119 0.040000 0.100000
0 0.594028 0.224879 0.040000 0.100000
0 0.647114 0.226788 0.040000 0.100000
0 0.668884 0.226788 0.040000 0.100000
0 0.687058 0.226388 0.040000 0.100000
0 0.773645 0.255703 0.100000 0.040000
0 0.775043 0.280668 0.100000 0.040000
0 0.773445 0.306232 0.100000 0.040000
0 0.772526 0.347973 0.100000 0.040000
0 0.773485 0.370023 0.100000 0.040000
0 0.775445 0.421593 0.100000 0.040000
0 0.774247 0.439089 0.100000 0.040000
0 0.774008 0.457783 0.100000 0.040000
0 0.774846 0.529274 0.100000 0.040000
0 0.773888 0.544373 0.100000 0.040000
0 0.774367 0.580323 0.100000 0.040000
0 0.774846 0.599496 0.100000 0.040000
0 0.773265 0.622551 0.100000 0.040000
0 0.774127 0.645559 0.100000 0.040000
0 0.773912 0.702652 0.100000 0.040000
0 0.773193 0.726618 0.100000 0.040000
0 0.775350 0.755138 0.100000 0.040000
0 0.703451 0.773113 0.040000 0.100000
0 0.676029 0.775450 0.040000 0.100000
0 0.654060 0.774850 0.040000 0.100000
0 0.631891 0.775050 0.040000 0.100000
0 0.615714 0.774052 0.040000 0.100000
0 0.594574 0.775014 0.040000 0.100000
0 0.576100 0.775014 0.040000 0.100000
0 0.524076 0.774029 0.040000 0.100000
0 0.491344 0.775416 0.040000 0.100000
0 0.461236 0.775089 0.040000 0.100000
0 0.440865 0.774889 0.040000 0.100000
0 0.381348 0.774290 0.040000 0.100000
0 0.354586 0.773891 0.040000 0.100000
0 0.329538 0.774107 0.040000 0.100000
0 0.294420 0.774440 0.040000 0.100000
0 0.276321 0.773178 0.040000 0.100000
0 0.226085 0.739281 0.100000 0.040000
0 0.225320 0.713018 0.100000 0.040000
0 0.224681 0.646451 0.100000 0.040000
0 0.225180 0.622818 0.100000 0.040000
0 0.225679 0.596688 0.100000 0.040000
0 0.226279 0.573886 0.100000 0.040000
0 0.227484 0.530674 0.100000 0.040000
0 0.226485 0.497786 0.100000 0.040000
0 0.225087 0.469626 0.100000 0.040000
0 0.225686 0.443063 0.100000 0.040000
0 0.226046 0.422173 0.100000 0.040000
0 0.224847 0.401322 0.100000 0.040000
0 0.226046 0.369926 0.100000 0.040000
0 0.224368 0.354108 0.100000 0.040000
0 0.224320 0.335271 0.100000 0.040000
0 0.224947 0.318650 0.100000 0.040000
0 0.225067 0.285816 0.100000 0.040000
0 0.225546 0.261850 0.100000 0.040000
0 0.287671 0.242825 0.040000 0.100000
0 0.305406 0.240428 0.040000 0.100000
0 0.327934 0.241627 0.040000 0.100000
0 0.347107 0.241147 0.040000 0.100000
0 0.365082 0.241387 0.040000 0.100000
0 0.383297 0.240189 0.040000 0.100000
0 0.427505 0.240481 0.040000 0.100000
0 0.445240 0.240721 0.040000 0.100000
0 0.458422 0.240002 0.040000 0.100000
0 0.526774 0.241104 0.040000 0.100000
0 0.540291 0.240241 0.040000 0.100000
0 0.555246 0.240241 0.040000 0.100000
0 0.570431 0.239954 0.040000 0.100000
0 0.585961 0.242024 0.040000 0.100000
0 0.640924 0.242668 0.040000 0.100000
0 0.657460 0.242668 0.040000 0.100000
0 0.673278 0.242428 0.040000 0.100000
0 0.758622 0.264213 0.100000 0.040000
0 0.758862 0.284585 0.100000 0.040000
0 0.758383 0.308072 0.100000 0.040000
0 0.758522 0.349500 0.100000 0.040000
0 0.758522 0.367235 0.100000 0.040000
0 0.756616 0.420716 0.100000 0.040000
0 0.756417 0.436294 0.100000 0.040000
0 0.756017 0.454069 0.100000 0.040000
0 0.756828 0.526899 0.100000 0.040000
0 0.757028 0.545473 0.100000 0.040000
0 0.757707 0.579665 0.100000 0.040000
0 0.757228 0.598119 0.100000 0.040000
0 0.757228 0.617532 0.100000 0.040000
0 0.758450 0.637879 0.100000 0.040000
0 0.759484 0.697584 0.100000 0.040000
0 0.758685 0.719153 0.100000 0.040000
0 0.757887 0.742321 0.100000 0.040000
0 0.693616 0.758937 0.040000 0.100000
0 0.665156 0.759103 0.040000 0.100000
0 0.645517 0.757439 0.040000 0.100000
0 0.628707 0.759769 0.040000 0.100000
0 0.613895 0.760268 0.040000 0.100000
0 0.594722 0.760069 0.040000 0.100000
0 0.578544 0.758271 0.040000 0.100000
0 0.525039 0.760288 0.040000 0.100000
0 0.495481 0.759689 0.040000 0.100000
0 0.463446 0.759250 0.040000 0.100000
0 0.449306 0.756853 0.040000 0.100000
0 0.385775 0.759230 0.040000 0.100000
0 0.360211 0.759430 0.040000 0.100000
0 0.338641 0.758631 0.040000 0.100000
0 0.304297 0.760085 0.040000 0.100000
0 0.289630 0.757784 0.040000 0.100000
0 0.242173 0.701996 0.100000 0.040000
0 0.241759 0.728086 0.100000 0.040000
0 0.241743 0.630452 0.100000 0.040000
0 0.243660 0.610320 0.100000 0.040000
0 0.241982 0.588990 0.100000 0.040000
0 0.241743 0.568859 0.100000 0.040000
0 0.243176 0.524880 0.100000 0.040000
0 0.242936 0.509302 0.100000 0.040000
0 0.242697 0.494443 0.100000 0.040000
0 0.242587 0.468043 0.100000 0.040000
0 0.242587 0.441081 0.100000 0.040000
0 0.241089 0.424438 0.100000 0.040000
0 0.240257 0.403800 0.100000 0.040000
0 0.240456 0.374508 0.100000 0.040000
0 0.242054 0.357532 0.100000 0.040000
0 0.242254 0.341954 0.100000 0.040000
0 0.242014 0.289827 0.100000 0.040000
0 0.242733 0.269455 0.100000 0.040000
