0 0.231748 0.178392 0.040000 0.100000
0 0.265367 0.178392 0.040000 0.100000
0 0.296158 0.178392 0.040000 0.100000
0 0.328349 0.178282 0.040000 0.100000
0 0.357309 0.178448 0.040000 0.100000
0 0.386434 0.178781 0.040000 0.100000
0 0.424902 0.178936 0.040000 0.100000
0 0.458355 0.179268 0.040000 0.100000
0 0.520235 0.177937 0.040000 0.100000
0 0.543802 0.178336 0.040000 0.100000
0 0.567289 0.177178 0.040000 0.100000
0 0.593891 0.177418 0.040000 0.100000
0 0.619775 0.177418 0.040000 0.100000
0 0.671762 0.177158 0.040000 0.100000
0 0.701521 0.177957 0.040000 0.100000
0 0.731878 0.177557 0.040000 0.100000
0 0.823579 0.230469 0.100000 0.040000
0 0.823302 0.263756 0.100000 0.040000
0 0.823340 0.296660 0.100000 0.040000
0 0.822541 0.340399 0.100000 0.040000
0 0.823057 0.370361 0.100000 0.040000
0 0.821367 0.417427 0.100000 0.040000
0 0.821367 0.443390 0.100000 0.040000
0 0.821367 0.467556 0.100000 0.040000
0 0.822060 0.576544 0.100000 0.040000
0 0.822337 0.542425 0.100000 0.040000
0 0.821644 0.601232 0.100000 0.040000
0 0.821755 0.630552 0.100000 0.040000
0 0.821422 0.662673 0.100000 0.040000
0 0.823582 0.714964 0.100000 0.040000
0 0.821917 0.747610 0.100000 0.040000
0 0.821118 0.782361 0.100000 0.040000
0 0.744006 0.822325 0.040000 0.100000
0 0.707732 0.822450 0.040000 0.100000
0 0.677635 0.822311 0.040000 0.100000
0 0.647816 0.823005 0.040000 0.100000
0 0.622018 0.822506 0.040000 0.100000
0 0.593059 0.823338 0.040000 0.100000
0 0.566610 0.823684 0.040000 0.100000
0 0.521182 0.823540 0.040000 0.100000
0 0.481018 0.822769 0.040000 0.100000
0 0.447423 0.823405 0.040000 0.100000
0 0.420494 0.823290 0.040000 0.100000
0 0.366495 0.823983 0.040000 0.100000
0 0.335400 0.822762 0.040000 0.100000
0 0.302280 0.822929 0.040000 0.100000
0 0.263933 0.823129 0.040000 0.100000
0 0.234575 0.822130 0.040000 0.100000
0 0.179298 0.771169 0.100000 0.040000
0 0.177860 0.739294 0.100000 0.040000
0 0.177573 0.681199 0.100000 0.040000
0 0.177251 0.589151 0.100000 0.040000
0 0.178582 0.617112 0.100000 0.040000
0 0.177517 0.649201 0.100000 0.040000
0 0.179571 0.543505 0.100000 0.040000
0 0.176742 0.509220 0.100000 0.040000
0 0.177574 0.475601 0.100000 0.040000
0 0.178406 0.446308 0.100000 0.040000
0 0.178399 0.418967 0.100000 0.040000
0 0.178769 0.389791 0.100000 0.040000
0 0.178644 0.354465 0.100000 0.040000
0 0.177199 0.314810 0.100000 0.040000
0 0.177528 0.265454 0.100000 0.040000
0 0.177390 0.233554 0.100000 0.040000
0 0.244264 0.195585 0.040000 0.100000
0 0.274821 0.194187 0.040000 0.100000
0 0.303780 0.194786 0.040000 0.100000
0 0.385210 0.193436 0.040000 0.100000
0 0.359039 0.195162 0.040000 0.100000
0 0.333730 0.194587 0.040000 0.100000
0 0.441262 0.195450 0.040000 0.100000
0 0.458238 0.194618 0.040000 0.100000
0 0.521682 0.194085 0.040000 0.100000
0 0.541255 0.195284 0.040000 0.100000
0 0.565347 0.195339 0.040000 0.100000
0 0.586151 0.194007 0.040000 0.100000
0 0.609285 0.193508 0.040000 0.100000
0 0.664238 0.193305 0.040000 0.100000
0 0.689703 0.193139 0.040000 0.100000
0 0.716165 0.194803 0.040000 0.100000
0 0.807543 0.238394 0.100000 0.040000
0 0.806001 0.270969 0.100000 0.040000
0 0.806720 0.300687 0.100000 0.040000
0 0.804803 0.345504 0.100000 0.040000
0 0.806241 0.371867 0.100000 0.040000
0 0.805164 0.419074 0.100000 0.040000
0 0.805331 0.442541 0.100000 0.040000
0 0.806163 0.464843 0.100000 0.040000
0 0.805432 0.544988 0.100000 0.040000
0 0.805233 0.528811 0.100000 0.040000
0 0.805467 0.578460 0.100000 0.040000
0 0.805190 0.601344 0.100000 0.040000
0 0.805467 0.627696 0.100000 0.040000
0 0.804785 0.657649 0.100000 0.040000
0 0.804601 0.712468 0.100000 0.040000
0 0.805161 0.740038 0.100000 0.040000
0 0.804329 0.772908 0.100000 0.040000
0 0.729418 0.806139 0.040000 0.100000
0 0.696547 0.806139 0.040000 0.100000
0 0.667317 0.806982 0.040000 0.100000
0 0.641312 0.807029 0.040000 0.100000
0 0.620230 0.806751 0.040000 0.100000
0 0.592852 0.806307 0.040000 0.100000
0 0.569884 0.805475 0.040000 0.100000
0 0.521153 0.805276 0.040000 0.100000
0 0.484804 0.805475 0.040000 0.100000
0 0.451618 0.808414 0.040000 0.100000
0 0.427000 0.806911 0.040000 0.100000
0 0.370426 0.807036 0.040000 0.100000
0 0.342826 0.805788 0.040000 0.100000
0 0.441992 0.807591 0.040000 0.100000
0 0.310094 0.806620 0.040000 0.100000
0 0.273562 0.807102 0.040000 0.100000
0 0.247199 0.804906 0.040000 0.100000
0 0.195611 0.760388 0.100000 0.040000
0 0.195412 0.730230 0.100000 0.040000
0 0.193974 0.670794 0.100000 0.040000
0 0.192775 0.641794 0.100000 0.040000
0 0.195600 0.611261 0.100000 0.040000
0 0.192622 0.585993 0.100000 0.040000
0 0.195570 0.538429 0.100000 0.040000
0 0.194132 0.505595 0.100000 0.040000
0 0.192694 0.474439 0.100000 0.040000
0 0.194851 0.445679 0.100000 0.040000
0 0.194851 0.419795 0.100000 0.040000
0 0.194251 0.394846 0.100000 0.040000
0 0.193532 0.359855 0.100000 0.040000
0 0.194970 0.323187 0.100000 0.040000
0 0.193245 0.271995 0.100000 0.040000
0 0.195258 0.244673 0.100000 0.040000
0 0.653735 0.210465 0.040000 0.100000
0 0.678756 0.210753 0.040000 0.100000
0 0.700613 0.211040 0.040000 0.100000
0 0.600362 0.210825 0.040000 0.100000
0 0.579751 0.210585 0.040000 0.100000
0 0.559858 0.210585 0.040000 0.100000
0 0.542603 0.209626 0.040000 0.100000
0 0.522231 0.210585 0.040000 0.100000
0 0.465021 0.211788 0.040000 0.100000
0 0.434897 0.211455 0.040000 0.100000
0 0.384534 0.210956 0.040000 0.100000
0 0.361766 0.210956 0.040000 0.100000
0 0.789194 0.248071 0.100000 0.040000
0 0.788906 0.275393 0.100000 0.040000
0 0.790724 0.304516 0.100000 0.040000
0 0.790244 0.346936 0.100000 0.040000
0 0.789765 0.370903 0.100000 0.040000
0 0.790610 0.420422 0.100000 0.040000
0 0.789112 0.442724 0.100000 0.040000
0 0.789112 0.462030 0.100000 0.040000
0 0.789561 0.544298 0.100000 0.040000
0 0.789162 0.578251 0.100000 0.040000
0 0.789601 0.601498 0.100000 0.040000
0 0.789361 0.625465 0.100000 0.040000
0 0.789122 0.529359 0.100000 0.040000
0 0.789901 0.651464 0.100000 0.040000
0 0.788902 0.707985 0.100000 0.040000
0 0.789541 0.732471 0.100000 0.040000
0 0.788103 0.763627 0.100000 0.040000
0 0.714263 0.788432 0.040000 0.100000
0 0.685263 0.788911 0.040000 0.100000
0 0.659619 0.789151 0.040000 0.100000
0 0.637570 0.790349 0.040000 0.100000
0 0.616456 0.789750 0.040000 0.100000
0 0.594646 0.789750 0.040000 0.100000
0 0.572358 0.789750 0.040000 0.100000
0 0.521796 0.788893 0.040000 0.100000
0 0.487843 0.787695 0.040000 0.100000
0 0.455688 0.788094 0.040000 0.100000
0 0.433280 0.789444 0.040000 0.100000
0 0.376000 0.791601 0.040000 0.100000
0 0.347960 0.788965 0.040000 0.100000
0 0.318721 0.788965 0.040000 0.100000
0 0.283154 0.789540 0.040000 0.100000
0 0.262735 0.787527 0.040000 0.100000
0 0.210412 0.749347 0.100000 0.040000
0 0.211850 0.722888 0.100000 0.040000
0 0.209549 0.657603 0.100000 0.040000
0 0.210987 0.630569 0.100000 0.040000
0 0.210872 0.603593 0.100000 0.040000
0 0.210527 0.578744 0.100000 0.040000
0 0.210475 0.534368 0.100000 0.040000
0 0.209325 0.502733 0.100000 0.040000
0 0.208750 0.472247 0.100000 0.040000
0 0.209612 0.446364 0.100000 0.040000
0 0.208922 0.422033 0.100000 0.040000
0 0.210389 0.398996 0.100000 0.040000
0 0.210389 0.365923 0.100000 0.040000
0 0.209526 0.330261 0.100000 0.040000
0 0.210389 0.279471 0.100000 0.040000
0 0.211079 0.252552 0.100000 0.040000
0 0.257221 0.210897 0.040000 0.100000
0 0.284140 0.209171 0.040000 0.100000
0 0.313130 0.210551 0.040000 0.100000
0 0.335908 0.210897 0.040000 0.100000
0 0.271729 0.227376 0.040000 0.100000
0 0.296694 0.226977 0.040000 0.100000
0 0.320860 0.228175 0.040000 0.100000
0 0.342430 0.227576 0.040000 0.100000
0 0.364199 0.227576 0.040000 0.100000
0 0.383652 0.226497 0.040000 0.100000
0 0.424874 0.226737 0.040000 0.100000
0 0.456864 0.227697 0.040000 0.100000
0 0.443272 0.228252 0.040000 0.100000
0 0.541287 0.227790 0.040000 0.100000
0 0.523645 0.227291 0.040000 0.100000
0 0.559262 0.226958 0.040000 0.100000
0 0.573908 0.227790 0.040000 0.100000
0 0.591217 0.228955 0.040000 0.100000
0 0.648204 0.226332 0.040000 0.100000
0 0.667617 0.227531 0.040000 0.100000
0 0.687030 0.226332 0.040000 0.100000
0 0.773917 0.257809 0.100000 0.040000
0 0.773750 0.280444 0.100000 0.040000
0 0.773417 0.306074 0.100000 0.040000
0 0.771933 0.348868 0.100000 0.040000
0 0.772891 0.368760 0.100000 0.040000
0 0.772652 0.421965 0.100000 0.040000
0 0.773586 0.440012 0.100000 0.040000
0 0.772148 0.457747 0.100000 0.040000
0 0.774845 0.545828 0.100000 0.040000
0 0.774046 0.528452 0.100000 0.040000
0 0.774245 0.578582 0.100000 0.040000
0 0.771649 0.600551 0.100000 0.040000
0 0.771849 0.620123 0.100000 0.040000
0 0.772248 0.644090 0.100000 0.040000
0 0.774186 0.702628 0.100000 0.040000
0 0.772588 0.726994 0.100000 0.040000
0 0.772973 0.752283 0.100000 0.040000
0 0.703560 0.773698 0.040000 0.100000
0 0.675399 0.774696 0.040000 0.100000
0 0.652431 0.773098 0.040000 0.100000
0 0.631810 0.773282 0.040000 0.100000
0 0.614834 0.773947 0.040000 0.100000
0 0.594529 0.775279 0.040000 0.100000
0 0.575988 0.773981 0.040000 0.100000
0 0.523462 0.772183 0.040000 0.100000
0 0.491886 0.773122 0.040000 0.100000
0 0.460930 0.773521 0.040000 0.100000
0 0.441357 0.774320 0.040000 0.100000
0 0.380393 0.772366 0.040000 0.100000
0 0.356093 0.771368 0.040000 0.100000
0 0.329631 0.772699 0.040000 0.100000
0 0.294943 0.773850 0.040000 0.100000
0 0.276081 0.773295 0.040000 0.100000
0 0.227255 0.737551 0.100000 0.040000
0 0.226090 0.712087 0.100000 0.040000
0 0.225845 0.645331 0.100000 0.040000
0 0.226045 0.620965 0.100000 0.040000
0 0.226444 0.597997 0.100000 0.040000
0 0.226844 0.573632 0.100000 0.040000
0 0.225825 0.530552 0.100000 0.040000
0 0.227024 0.498597 0.100000 0.040000
0 0.228462 0.469238 0.100000 0.040000
0 0.226544 0.442875 0.100000 0.040000
0 0.225106 0.422024 0.100000 0.040000
0 0.225562 0.401964 0.100000 0.040000
0 0.226281 0.370808 0.100000 0.040000
0 0.225801 0.334858 0.100000 0.040000
0 0.227316 0.286015 0.100000 0.040000
0 0.227661 0.262202 0.100000 0.040000
0 0.226427 0.319601 0.100000 0.040000
0 0.226626 0.354951 0.100000 0.040000
0 0.285624 0.244864 0.040000 0.100000
0 0.307500 0.241985 0.040000 0.100000
0 0.327936 0.241122 0.040000 0.100000
0 0.347220 0.242273 0.040000 0.100000
0 0.365354 0.241122 0.040000 0.100000
0 0.384926 0.241122 0.040000 0.100000
0 0.426470 0.242882 0.040000 0.100000
0 0.443660 0.242482 0.040000 0.100000
0 0.457452 0.241283 0.040000 0.100000
0 0.526731 0.243241 0.040000 0.100000
0 0.541123 0.243241 0.040000 0.100000
0 0.556474 0.242762 0.040000 0.100000
0 0.570866 0.243002 0.040000 0.100000
0 0.586696 0.243721 0.040000 0.100000
0 0.639561 0.243241 0.040000 0.100000
0 0.657407 0.242954 0.040000 0.100000
0 0.673238 0.243529 0.040000 0.100000
0 0.758414 0.264281 0.100000 0.040000
0 0.758414 0.285069 0.100000 0.040000
0 0.756416 0.306856 0.100000 0.040000
0 0.757095 0.349503 0.100000 0.040000
0 0.755656 0.367349 0.100000 0.040000
0 0.756335 0.421142 0.100000 0.040000
0 0.756535 0.437133 0.100000 0.040000
0 0.755935 0.453523 0.100000 0.040000
0 0.757018 0.527630 0.100000 0.040000
0 0.755685 0.545786 0.100000 0.040000
0 0.756285 0.579999 0.100000 0.040000
0 0.756085 0.596790 0.100000 0.040000
0 0.756685 0.615978 0.100000 0.040000
0 0.755821 0.636654 0.100000 0.040000
0 0.756869 0.697073 0.100000 0.040000
0 0.756869 0.718260 0.100000 0.040000
0 0.755670 0.740247 0.100000 0.040000
0 0.692935 0.757945 0.040000 0.100000
0 0.666550 0.758345 0.040000 0.100000
0 0.644563 0.757345 0.040000 0.100000
0 0.627773 0.757745 0.040000 0.100000
0 0.613141 0.757026 0.040000 0.100000
0 0.595871 0.756546 0.040000 0.100000
0 0.579321 0.757026 0.040000 0.100000
0 0.525687 0.758579 0.040000 0.100000
0 0.495871 0.757413 0.040000 0.100000
0 0.466388 0.756080 0.040000 0.100000
0 0.449498 0.757779 0.040000 0.100000
0 0.386135 0.756580 0.040000 0.100000
0 0.363732 0.755697 0.040000 0.100000
0 0.339912 0.756364 0.040000 0.100000
0 0.306140 0.758571 0.040000 0.100000
0 0.288928 0.758154 0.040000 0.100000
0 0.242941 0.726909 0.100000 0.040000
0 0.242956 0.701532 0.100000 0.040000
0 0.242584 0.630520 0.100000 0.040000
0 0.242584 0.609133 0.100000 0.040000
0 0.243584 0.587546 0.100000 0.040000
0 0.242784 0.567157 0.100000 0.040000
0 0.243036 0.524738 0.100000 0.040000
0 0.243697 0.493715 0.100000 0.040000
0 0.242498 0.467331 0.100000 0.040000
0 0.241299 0.442145 0.100000 0.040000
0 0.241059 0.422237 0.100000 0.040000
0 0.241778 0.402569 0.100000 0.040000
0 0.243389 0.375262 0.100000 0.040000
0 0.242790 0.341882 0.100000 0.040000
0 0.244365 0.290680 0.100000 0.040000
0 0.244365 0.269668 0.100000 0.040000
0 0.243789 0.324644 0.100000 0.040000
0 0.240858 0.357615 0.100000 0.040000
