0 0.229981 0.176247 0.040000 0.100000
0 0.263773 0.175049 0.040000 0.100000
0 0.294690 0.175049 0.040000 0.100000
0 0.326805 0.174570 0.040000 0.100000
0 0.357509 0.176235 0.040000 0.100000
0 0.385270 0.176635 0.040000 0.100000
0 0.423217 0.176235 0.040000 0.100000
0 0.440792 0.176235 0.040000 0.100000
0 0.457369 0.177034 0.040000 0.100000
0 0.519342 0.174721 0.040000 0.100000
0 0.544027 0.175920 0.040000 0.100000
0 0.568473 0.176399 0.040000 0.100000
0 0.592918 0.176159 0.040000 0.100000
0 0.617843 0.176878 0.040000 0.100000
0 0.671307 0.175565 0.040000 0.100000
0 0.702367 0.175565 0.040000 0.100000
0 0.728826 0.176428 0.040000 0.100000
0 0.824682 0.230697 0.100000 0.040000
0 0.824682 0.262333 0.100000 0.040000
0 0.824479 0.296808 0.100000 0.040000
0 0.824080 0.341745 0.100000 0.040000
0 0.823880 0.371703 0.100000 0.040000
0 0.824080 0.419635 0.100000 0.040000
0 0.824380 0.446697 0.100000 0.040000
0 0.823780 0.467068 0.100000 0.040000
0 0.825518 0.528642 0.100000 0.040000
0 0.826117 0.542023 0.100000 0.040000
0 0.824919 0.574577 0.100000 0.040000
0 0.824959 0.603696 0.100000 0.040000
0 0.824000 0.631976 0.100000 0.040000
0 0.823760 0.663132 0.100000 0.040000
0 0.823515 0.715961 0.100000 0.040000
0 0.823681 0.747750 0.100000 0.040000
0 0.823515 0.782368 0.100000 0.040000
0 0.748930 0.824399 0.040000 0.100000
0 0.678570 0.824607 0.040000 0.100000
0 0.712273 0.825162 0.040000 0.100000
0 0.651386 0.825023 0.040000 0.100000
0 0.624730 0.824801 0.040000 0.100000
0 0.597268 0.825300 0.040000 0.100000
0 0.567768 0.825647 0.040000 0.100000
0 0.482763 0.825245 0.040000 0.100000
0 0.421194 0.824424 0.040000 0.100000
0 0.448817 0.824655 0.040000 0.100000
0 0.521892 0.825962 0.040000 0.100000
0 0.364757 0.824025 0.040000 0.100000
0 0.331804 0.825024 0.040000 0.100000
0 0.298451 0.824225 0.040000 0.100000
0 0.260696 0.823690 0.040000 0.100000
0 0.232224 0.824265 0.040000 0.100000
0 0.177868 0.774223 0.100000 0.040000
0 0.175568 0.744889 0.100000 0.040000
0 0.175449 0.683283 0.100000 0.040000
0 0.174284 0.651828 0.100000 0.040000
0 0.174284 0.617709 0.100000 0.040000
0 0.175053 0.542758 0.100000 0.040000
0 0.175286 0.590590 0.100000 0.040000
0 0.174830 0.509255 0.100000 0.040000
0 0.174996 0.474637 0.100000 0.040000
0 0.175828 0.443348 0.100000 0.040000
0 0.175156 0.416279 0.100000 0.040000
0 0.176953 0.388119 0.100000 0.040000
0 0.176078 0.350382 0.100000 0.040000
0 0.176244 0.312435 0.100000 0.040000
0 0.175578 0.262173 0.100000 0.040000
0 0.176497 0.229372 0.100000 0.040000
0 0.242276 0.191527 0.040000 0.100000
0 0.273336 0.191815 0.040000 0.100000
0 0.302383 0.192102 0.040000 0.100000
0 0.332005 0.192102 0.040000 0.100000
0 0.358680 0.192222 0.040000 0.100000
0 0.385522 0.192222 0.040000 0.100000
0 0.422190 0.192222 0.040000 0.100000
0 0.440740 0.192222 0.040000 0.100000
0 0.457421 0.191934 0.040000 0.100000
0 0.520117 0.191072 0.040000 0.100000
0 0.543952 0.192217 0.040000 0.100000
0 0.564323 0.191818 0.040000 0.100000
0 0.586292 0.192018 0.040000 0.100000
0 0.608661 0.193416 0.040000 0.100000
0 0.661586 0.193296 0.040000 0.100000
0 0.691304 0.193056 0.040000 0.100000
0 0.714312 0.192817 0.040000 0.100000
0 0.808445 0.241220 0.100000 0.040000
0 0.808113 0.269180 0.100000 0.040000
0 0.808778 0.299804 0.100000 0.040000
0 0.807167 0.343536 0.100000 0.040000
0 0.806928 0.371576 0.100000 0.040000
0 0.807503 0.421139 0.100000 0.040000
0 0.807670 0.444486 0.100000 0.040000
0 0.806951 0.464379 0.100000 0.040000
0 0.808389 0.528608 0.100000 0.040000
0 0.808389 0.543228 0.100000 0.040000
0 0.807694 0.577044 0.100000 0.040000
0 0.808413 0.601969 0.100000 0.040000
0 0.808893 0.629051 0.100000 0.040000
0 0.807455 0.658050 0.100000 0.040000
0 0.807590 0.713373 0.100000 0.040000
0 0.807423 0.742498 0.100000 0.040000
0 0.806591 0.774453 0.100000 0.040000
0 0.733724 0.809262 0.040000 0.100000
0 0.699439 0.808929 0.040000 0.100000
0 0.670140 0.806905 0.040000 0.100000
0 0.643578 0.808303 0.040000 0.100000
0 0.622008 0.807504 0.040000 0.100000
0 0.596364 0.807544 0.040000 0.100000
0 0.571199 0.807544 0.040000 0.100000
0 0.521969 0.808283 0.040000 0.100000
0 0.486019 0.808483 0.040000 0.100000
0 0.452362 0.807902 0.040000 0.100000
0 0.427597 0.808102 0.040000 0.100000
0 0.368630 0.806920 0.040000 0.100000
0 0.339438 0.807852 0.040000 0.100000
0 0.307682 0.807652 0.040000 0.100000
0 0.269416 0.807213 0.040000 0.100000
0 0.244971 0.806973 0.040000 0.100000
0 0.191430 0.763546 0.100000 0.040000
0 0.191014 0.735987 0.100000 0.040000
0 0.193935 0.671122 0.100000 0.040000
0 0.192737 0.642129 0.100000 0.040000
0 0.192337 0.612172 0.100000 0.040000
0 0.191938 0.586408 0.100000 0.040000
0 0.192341 0.537856 0.100000 0.040000
0 0.192840 0.506733 0.100000 0.040000
0 0.192673 0.472614 0.100000 0.040000
0 0.192783 0.442979 0.100000 0.040000
0 0.192783 0.418181 0.100000 0.040000
0 0.192450 0.392217 0.100000 0.040000
0 0.193368 0.358258 0.100000 0.040000
0 0.194034 0.344943 0.100000 0.040000
0 0.192702 0.320145 0.100000 0.040000
0 0.192702 0.305000 0.100000 0.040000
0 0.191504 0.269649 0.100000 0.040000
0 0.191904 0.239692 0.100000 0.040000
0 0.256776 0.208768 0.040000 0.100000
0 0.284817 0.207330 0.040000 0.100000
0 0.311419 0.209487 0.040000 0.100000
0 0.336584 0.209726 0.040000 0.100000
0 0.361269 0.209726 0.040000 0.100000
0 0.384037 0.209487 0.040000 0.100000
0 0.422862 0.208528 0.040000 0.100000
0 0.442375 0.207885 0.040000 0.100000
0 0.456555 0.207086 0.040000 0.100000
0 0.522662 0.206687 0.040000 0.100000
0 0.542634 0.206687 0.040000 0.100000
0 0.561967 0.207565 0.040000 0.100000
0 0.580900 0.208524 0.040000 0.100000
0 0.601511 0.209722 0.040000 0.100000
0 0.655603 0.208164 0.040000 0.100000
0 0.680288 0.207925 0.040000 0.100000
0 0.699461 0.209123 0.040000 0.100000
0 0.792330 0.249631 0.100000 0.040000
0 0.793049 0.274076 0.100000 0.040000
0 0.791711 0.303215 0.100000 0.040000
0 0.792727 0.346238 0.100000 0.040000
0 0.793059 0.370704 0.100000 0.040000
0 0.790370 0.422265 0.100000 0.040000
0 0.791089 0.444553 0.100000 0.040000
0 0.790433 0.460714 0.100000 0.040000
0 0.789754 0.528079 0.100000 0.040000
0 0.790233 0.543897 0.100000 0.040000
0 0.792167 0.579057 0.100000 0.040000
0 0.791335 0.601858 0.100000 0.040000
0 0.791169 0.626158 0.100000 0.040000
0 0.791668 0.650290 0.100000 0.040000
0 0.790773 0.709211 0.100000 0.040000
0 0.789774 0.733510 0.100000 0.040000
0 0.790273 0.762136 0.100000 0.040000
0 0.719037 0.791731 0.040000 0.100000
0 0.687582 0.791731 0.040000 0.100000
0 0.661785 0.792729 0.040000 0.100000
0 0.640648 0.793728 0.040000 0.100000
0 0.618831 0.792050 0.040000 0.100000
0 0.596502 0.791356 0.040000 0.100000
0 0.574449 0.792299 0.040000 0.100000
0 0.522185 0.791393 0.040000 0.100000
0 0.488392 0.790195 0.040000 0.100000
0 0.456757 0.789955 0.040000 0.100000
0 0.435331 0.790866 0.040000 0.100000
0 0.375223 0.792304 0.040000 0.100000
0 0.344451 0.792304 0.040000 0.100000
0 0.315356 0.792587 0.040000 0.100000
0 0.280738 0.791755 0.040000 0.100000
0 0.259435 0.789591 0.040000 0.100000
0 0.208440 0.752776 0.100000 0.040000
0 0.208133 0.727632 0.100000 0.040000
0 0.209024 0.659708 0.100000 0.040000
0 0.208720 0.633089 0.100000 0.040000
0 0.209386 0.603630 0.100000 0.040000
0 0.208786 0.581495 0.100000 0.040000
0 0.209386 0.532763 0.100000 0.040000
0 0.208786 0.502207 0.100000 0.040000
0 0.209658 0.471348 0.100000 0.040000
0 0.209491 0.441889 0.100000 0.040000
0 0.208373 0.395488 0.100000 0.040000
0 0.208373 0.419215 0.100000 0.040000
0 0.207754 0.362834 0.100000 0.040000
0 0.207554 0.325686 0.100000 0.040000
0 0.208703 0.276239 0.100000 0.040000
0 0.209202 0.250276 0.100000 0.040000
0 0.207704 0.311190 0.100000 0.040000
0 0.272345 0.224329 0.040000 0.100000
0 0.296032 0.225271 0.040000 0.100000
0 0.319599 0.224073 0.040000 0.100000
0 0.342966 0.225671 0.040000 0.100000
0 0.363737 0.225072 0.040000 0.100000
0 0.385107 0.224273 0.040000 0.100000
0 0.424927 0.223925 0.040000 0.100000
0 0.457681 0.223726 0.040000 0.100000
0 0.524826 0.225203 0.040000 0.100000
0 0.541842 0.224005 0.040000 0.100000
0 0.559817 0.224724 0.040000 0.100000
0 0.577290 0.224649 0.040000 0.100000
0 0.593934 0.226480 0.040000 0.100000
0 0.649622 0.225115 0.040000 0.100000
0 0.667796 0.226114 0.040000 0.100000
0 0.685571 0.225914 0.040000 0.100000
0 0.774162 0.258132 0.100000 0.040000
0 0.774856 0.278520 0.100000 0.040000
0 0.774861 0.304866 0.100000 0.040000
0 0.773663 0.348804 0.100000 0.040000
0 0.775672 0.370058 0.100000 0.040000
0 0.774474 0.421786 0.100000 0.040000
0 0.774674 0.441558 0.100000 0.040000
0 0.774074 0.458334 0.100000 0.040000
0 0.774674 0.465923 0.100000 0.040000
0 0.775525 0.529484 0.100000 0.040000
0 0.774693 0.544795 0.100000 0.040000
0 0.775099 0.579034 0.100000 0.040000
0 0.776098 0.600204 0.100000 0.040000
0 0.775698 0.621973 0.100000 0.040000
0 0.774500 0.644542 0.100000 0.040000
0 0.774690 0.702923 0.100000 0.040000
0 0.773691 0.725225 0.100000 0.040000
0 0.773858 0.752020 0.100000 0.040000
0 0.708583 0.775587 0.040000 0.100000
0 0.676628 0.773390 0.040000 0.100000
0 0.654343 0.775377 0.040000 0.100000
0 0.635536 0.777208 0.040000 0.100000
0 0.616729 0.775710 0.040000 0.100000
0 0.596590 0.777042 0.040000 0.100000
0 0.577118 0.776043 0.040000 0.100000
0 0.524452 0.775690 0.040000 0.100000
0 0.492577 0.774732 0.040000 0.100000
0 0.460462 0.774971 0.040000 0.100000
0 0.442727 0.774252 0.040000 0.100000
0 0.381140 0.774853 0.040000 0.100000
0 0.352680 0.775353 0.040000 0.100000
0 0.326550 0.774188 0.040000 0.100000
0 0.292897 0.774288 0.040000 0.100000
0 0.275721 0.773489 0.040000 0.100000
0 0.226191 0.739856 0.100000 0.040000
0 0.224993 0.717328 0.100000 0.040000
0 0.225955 0.645935 0.100000 0.040000
0 0.224568 0.621664 0.100000 0.040000
0 0.225400 0.597254 0.100000 0.040000
0 0.225400 0.574508 0.100000 0.040000
0 0.224840 0.529030 0.100000 0.040000
0 0.224008 0.498074 0.100000 0.040000
0 0.225007 0.468981 0.100000 0.040000
0 0.225606 0.441420 0.100000 0.040000
0 0.225007 0.420849 0.100000 0.040000
0 0.225047 0.398081 0.100000 0.040000
0 0.224088 0.368363 0.100000 0.040000
0 0.224807 0.352545 0.100000 0.040000
0 0.224567 0.332893 0.100000 0.040000
0 0.225047 0.317794 0.100000 0.040000
0 0.224747 0.282807 0.100000 0.040000
0 0.224547 0.257243 0.100000 0.040000
0 0.288932 0.243966 0.040000 0.100000
0 0.308584 0.242528 0.040000 0.100000
0 0.328476 0.241570 0.040000 0.100000
0 0.348128 0.239892 0.040000 0.100000
0 0.366572 0.241267 0.040000 0.100000
0 0.383881 0.240269 0.040000 0.100000
0 0.427386 0.240269 0.040000 0.100000
0 0.444163 0.239470 0.040000 0.100000
0 0.456625 0.238871 0.040000 0.100000
0 0.527445 0.242298 0.040000 0.100000
0 0.541346 0.242777 0.040000 0.100000
0 0.556924 0.241579 0.040000 0.100000
0 0.572742 0.241339 0.040000 0.100000
0 0.587121 0.242298 0.040000 0.100000
0 0.642915 0.242058 0.040000 0.100000
0 0.659595 0.241771 0.040000 0.100000
0 0.672250 0.243496 0.040000 0.100000
0 0.757900 0.262923 0.100000 0.040000
0 0.759578 0.282336 0.100000 0.040000
0 0.758619 0.306542 0.100000 0.040000
0 0.757787 0.349137 0.100000 0.040000
0 0.757787 0.368070 0.100000 0.040000
0 0.758266 0.421036 0.100000 0.040000
0 0.758985 0.439729 0.100000 0.040000
0 0.758095 0.462070 0.100000 0.040000
0 0.758294 0.527378 0.100000 0.040000
0 0.757695 0.546751 0.100000 0.040000
0 0.757396 0.578926 0.100000 0.040000
0 0.757396 0.597499 0.100000 0.040000
0 0.757396 0.616872 0.100000 0.040000
0 0.757595 0.638242 0.100000 0.040000
0 0.757476 0.696600 0.100000 0.040000
0 0.758195 0.718889 0.100000 0.040000
0 0.757591 0.740985 0.100000 0.040000
0 0.694578 0.757973 0.040000 0.100000
0 0.666298 0.758212 0.040000 0.100000
0 0.644968 0.758212 0.040000 0.100000
0 0.629870 0.757493 0.040000 0.100000
0 0.614771 0.758931 0.040000 0.100000
0 0.597672 0.759586 0.040000 0.100000
0 0.579697 0.760385 0.040000 0.100000
0 0.526448 0.760093 0.040000 0.100000
0 0.496091 0.759094 0.040000 0.100000
0 0.465734 0.758096 0.040000 0.100000
0 0.449756 0.758096 0.040000 0.100000
0 0.386226 0.759480 0.040000 0.100000
0 0.359383 0.760918 0.040000 0.100000
0 0.338293 0.758042 0.040000 0.100000
0 0.304980 0.758282 0.040000 0.100000
0 0.287724 0.760199 0.040000 0.100000
0 0.243025 0.726438 0.100000 0.040000
0 0.241860 0.706466 0.100000 0.040000
0 0.242675 0.630995 0.100000 0.040000
0 0.241237 0.611582 0.100000 0.040000
0 0.242675 0.588335 0.100000 0.040000
0 0.241237 0.569642 0.100000 0.040000
0 0.241672 0.523567 0.100000 0.040000
0 0.240694 0.494013 0.100000 0.040000
0 0.241692 0.466252 0.100000 0.040000
0 0.242691 0.456465 0.100000 0.040000
0 0.241692 0.438091 0.100000 0.040000
0 0.239895 0.420716 0.100000 0.040000
0 0.240494 0.401143 0.100000 0.040000
0 0.240854 0.372184 0.100000 0.040000
0 0.240374 0.355408 0.100000 0.040000
0 0.241333 0.338631 0.100000 0.040000
0 0.240854 0.321136 0.100000 0.040000
0 0.240854 0.286337 0.100000 0.040000
0 0.241716 0.266493 0.100000 0.040000
