0 0.673766 0.171633 0.040000 0.100000
0 0.705027 0.172073 0.040000 0.100000
0 0.733646 0.171633 0.040000 0.100000
0 0.619609 0.171193 0.040000 0.100000
0 0.595393 0.171193 0.040000 0.100000
0 0.568975 0.170312 0.040000 0.100000
0 0.542557 0.171193 0.040000 0.100000
0 0.518341 0.171633 0.040000 0.100000
0 0.466826 0.171193 0.040000 0.100000
0 0.458461 0.171633 0.040000 0.100000
0 0.826959 0.231857 0.100000 0.040000
0 0.828280 0.264439 0.100000 0.040000
0 0.827399 0.299662 0.100000 0.040000
0 0.826434 0.344407 0.100000 0.040000
0 0.826434 0.373467 0.100000 0.040000
0 0.826874 0.422780 0.100000 0.040000
0 0.826874 0.448758 0.100000 0.040000
0 0.826874 0.469892 0.100000 0.040000
0 0.827314 0.476937 0.100000 0.040000
0 0.828197 0.581856 0.100000 0.040000
0 0.826876 0.546192 0.100000 0.040000
0 0.825995 0.531662 0.100000 0.040000
0 0.828197 0.607833 0.100000 0.040000
0 0.827756 0.637333 0.100000 0.040000
0 0.826435 0.667714 0.100000 0.040000
0 0.826876 0.722311 0.100000 0.040000
0 0.827959 0.754408 0.100000 0.040000
0 0.827078 0.791393 0.100000 0.040000
0 0.747385 0.829259 0.040000 0.100000
0 0.709959 0.827938 0.040000 0.100000
0 0.677818 0.827938 0.040000 0.100000
0 0.649324 0.828014 0.040000 0.100000
0 0.623786 0.828014 0.040000 0.100000
0 0.595167 0.829334 0.040000 0.100000
0 0.567869 0.829334 0.040000 0.100000
0 0.521637 0.828014 0.040000 0.100000
0 0.479809 0.827133 0.040000 0.100000
0 0.363448 0.826906 0.040000 0.100000
0 0.447105 0.826906 0.040000 0.100000
0 0.419806 0.826025 0.040000 0.100000
0 0.328665 0.826025 0.040000 0.100000
0 0.295643 0.826025 0.040000 0.100000
0 0.255576 0.826906 0.040000 0.100000
0 0.228718 0.826465 0.040000 0.100000
0 0.172360 0.781555 0.100000 0.040000
0 0.172800 0.749854 0.100000 0.040000
0 0.172360 0.687772 0.100000 0.040000
0 0.172360 0.656071 0.100000 0.040000
0 0.171479 0.623048 0.100000 0.040000
0 0.172360 0.593548 0.100000 0.040000
0 0.171724 0.510831 0.100000 0.040000
0 0.172546 0.548669 0.100000 0.040000
0 0.172546 0.537712 0.100000 0.040000
0 0.171527 0.480892 0.100000 0.040000
0 0.171782 0.473757 0.100000 0.040000
0 0.172037 0.448277 0.100000 0.040000
0 0.173056 0.420759 0.100000 0.040000
0 0.171272 0.516819 0.100000 0.040000
0 0.171307 0.351501 0.100000 0.040000
0 0.172191 0.341327 0.100000 0.040000
0 0.173224 0.312720 0.100000 0.040000
0 0.174698 0.301661 0.100000 0.040000
0 0.171012 0.389692 0.100000 0.040000
0 0.174564 0.232401 0.100000 0.040000
0 0.171467 0.263072 0.100000 0.040000
0 0.292131 0.172548 0.040000 0.100000
0 0.260430 0.172548 0.040000 0.100000
0 0.223004 0.174309 0.040000 0.100000
0 0.325593 0.173429 0.040000 0.100000
0 0.355974 0.172548 0.040000 0.100000
0 0.383713 0.171668 0.040000 0.100000
0 0.423339 0.172988 0.040000 0.100000
0 0.438309 0.172548 0.040000 0.100000
0 0.431705 0.171668 0.040000 0.100000
0 0.811437 0.241622 0.100000 0.040000
0 0.810997 0.272002 0.100000 0.040000
0 0.811877 0.304144 0.100000 0.040000
0 0.811877 0.348614 0.100000 0.040000
0 0.717654 0.189226 0.040000 0.100000
0 0.693437 0.188786 0.040000 0.100000
0 0.666139 0.187905 0.040000 0.100000
0 0.810997 0.374591 0.100000 0.040000
0 0.810798 0.424283 0.100000 0.040000
0 0.809917 0.449380 0.100000 0.040000
0 0.810357 0.467432 0.100000 0.040000
0 0.809917 0.476678 0.100000 0.040000
0 0.811678 0.533036 0.100000 0.040000
0 0.810357 0.540521 0.100000 0.040000
0 0.810798 0.548006 0.100000 0.040000
0 0.812360 0.582545 0.100000 0.040000
0 0.810158 0.608082 0.100000 0.040000
0 0.811039 0.633619 0.100000 0.040000
0 0.810599 0.663119 0.100000 0.040000
0 0.810949 0.717757 0.100000 0.040000
0 0.810949 0.747257 0.100000 0.040000
0 0.810509 0.782480 0.100000 0.040000
0 0.730375 0.810219 0.040000 0.100000
0 0.696912 0.811100 0.040000 0.100000
0 0.668293 0.811980 0.040000 0.100000
0 0.644957 0.811540 0.040000 0.100000
0 0.571035 0.810786 0.040000 0.100000
0 0.596132 0.810786 0.040000 0.100000
0 0.620348 0.810786 0.040000 0.100000
0 0.521721 0.810786 0.040000 0.100000
0 0.514236 0.811226 0.040000 0.100000
0 0.483856 0.811666 0.040000 0.100000
0 0.450834 0.810786 0.040000 0.100000
0 0.425297 0.810786 0.040000 0.100000
0 0.368074 0.810192 0.040000 0.100000
0 0.335492 0.811073 0.040000 0.100000
0 0.304231 0.811073 0.040000 0.100000
0 0.264604 0.811073 0.040000 0.100000
0 0.245231 0.809311 0.040000 0.100000
0 0.188873 0.770565 0.100000 0.040000
0 0.187992 0.741506 0.100000 0.040000
0 0.189313 0.676782 0.100000 0.040000
0 0.187992 0.649484 0.100000 0.040000
0 0.187112 0.619544 0.100000 0.040000
0 0.188473 0.589411 0.100000 0.040000
0 0.187593 0.545382 0.100000 0.040000
0 0.188473 0.532613 0.100000 0.040000
0 0.187593 0.513240 0.100000 0.040000
0 0.188473 0.507516 0.100000 0.040000
0 0.188033 0.478897 0.100000 0.040000
0 0.187593 0.471412 0.100000 0.040000
0 0.189354 0.447636 0.100000 0.040000
0 0.190234 0.422099 0.100000 0.040000
0 0.189354 0.394360 0.100000 0.040000
0 0.188473 0.358696 0.100000 0.040000
0 0.187739 0.345496 0.100000 0.040000
0 0.187299 0.320839 0.100000 0.040000
0 0.188619 0.306750 0.100000 0.040000
0 0.187739 0.270205 0.100000 0.040000
0 0.189940 0.242907 0.100000 0.040000
0 0.237052 0.190511 0.040000 0.100000
0 0.269194 0.189631 0.040000 0.100000
0 0.297373 0.188750 0.040000 0.100000
0 0.329074 0.188310 0.040000 0.100000
0 0.358134 0.186989 0.040000 0.100000
0 0.383231 0.188310 0.040000 0.100000
0 0.519481 0.187132 0.040000 0.100000
0 0.542377 0.188012 0.040000 0.100000
0 0.564832 0.188893 0.040000 0.100000
0 0.586847 0.188893 0.040000 0.100000
0 0.613264 0.189773 0.040000 0.100000
0 0.466205 0.188453 0.040000 0.100000
0 0.457399 0.188012 0.040000 0.100000
0 0.439347 0.188893 0.040000 0.100000
0 0.432303 0.188012 0.040000 0.100000
0 0.424377 0.189773 0.040000 0.100000
0 0.794256 0.251464 0.100000 0.040000
0 0.794696 0.276561 0.100000 0.040000
0 0.795136 0.306501 0.100000 0.040000
0 0.795136 0.350531 0.100000 0.040000
0 0.795577 0.372986 0.100000 0.040000
0 0.794118 0.425329 0.100000 0.040000
0 0.795439 0.447344 0.100000 0.040000
0 0.794118 0.464075 0.100000 0.040000
0 0.794559 0.473321 0.100000 0.040000
0 0.794999 0.533642 0.100000 0.040000
0 0.794559 0.541127 0.100000 0.040000
0 0.795439 0.548171 0.100000 0.040000
0 0.795439 0.583836 0.100000 0.040000
0 0.704740 0.204446 0.040000 0.100000
0 0.684046 0.204006 0.040000 0.100000
0 0.657188 0.204446 0.040000 0.100000
0 0.602151 0.205767 0.040000 0.100000
0 0.581897 0.204446 0.040000 0.100000
0 0.562084 0.204446 0.040000 0.100000
0 0.794464 0.606766 0.100000 0.040000
0 0.794464 0.631513 0.100000 0.040000
0 0.795098 0.656261 0.100000 0.040000
0 0.795098 0.713370 0.100000 0.040000
0 0.794464 0.740020 0.100000 0.040000
0 0.795098 0.773651 0.100000 0.040000
0 0.718318 0.795860 0.040000 0.100000
0 0.687860 0.797129 0.040000 0.100000
0 0.661209 0.795860 0.040000 0.100000
0 0.640269 0.796495 0.040000 0.100000
0 0.619964 0.795860 0.040000 0.100000
0 0.595217 0.796495 0.040000 0.100000
0 0.574735 0.795071 0.040000 0.100000
0 0.522958 0.796172 0.040000 0.100000
0 0.514145 0.795071 0.040000 0.100000
0 0.486237 0.796539 0.040000 0.100000
0 0.456126 0.794703 0.040000 0.100000
0 0.432257 0.796172 0.040000 0.100000
0 0.372478 0.797409 0.040000 0.100000
0 0.342654 0.794871 0.040000 0.100000
0 0.314734 0.797409 0.040000 0.100000
0 0.276661 0.796140 0.040000 0.100000
0 0.258260 0.794871 0.040000 0.100000
0 0.205311 0.758857 0.100000 0.040000
0 0.204676 0.732840 0.100000 0.040000
0 0.203407 0.666213 0.100000 0.040000
0 0.205945 0.638293 0.100000 0.040000
0 0.205311 0.583723 0.100000 0.040000
0 0.205945 0.611008 0.100000 0.040000
0 0.205994 0.540731 0.100000 0.040000
0 0.204525 0.528246 0.100000 0.040000
0 0.203791 0.502541 0.100000 0.040000
0 0.205627 0.477203 0.100000 0.040000
0 0.204525 0.469859 0.100000 0.040000
0 0.204158 0.445990 0.100000 0.040000
0 0.204957 0.251452 0.100000 0.040000
0 0.203855 0.276423 0.100000 0.040000
0 0.205324 0.312042 0.100000 0.040000
0 0.204222 0.319020 0.100000 0.040000
0 0.204957 0.327465 0.100000 0.040000
0 0.204590 0.350967 0.100000 0.040000
0 0.204222 0.357944 0.100000 0.040000
0 0.204590 0.364187 0.100000 0.040000
0 0.204590 0.398337 0.100000 0.040000
0 0.204405 0.423778 0.100000 0.040000
0 0.249708 0.205379 0.040000 0.100000
0 0.280187 0.203543 0.040000 0.100000
0 0.305525 0.203176 0.040000 0.100000
0 0.333800 0.203910 0.040000 0.100000
0 0.359505 0.204645 0.040000 0.100000
0 0.465228 0.204296 0.040000 0.100000
0 0.457517 0.203562 0.040000 0.100000
0 0.440258 0.204664 0.040000 0.100000
0 0.425202 0.204664 0.040000 0.100000
0 0.381504 0.204664 0.040000 0.100000
0 0.520310 0.205398 0.040000 0.100000
0 0.540507 0.204664 0.040000 0.100000
0 0.779001 0.258003 0.100000 0.040000
0 0.778561 0.281339 0.100000 0.040000
0 0.778561 0.308637 0.100000 0.040000
0 0.690501 0.221899 0.040000 0.100000
0 0.672009 0.221899 0.040000 0.100000
0 0.651315 0.220138 0.040000 0.100000
0 0.779881 0.352227 0.100000 0.040000
0 0.778120 0.372480 0.100000 0.040000
0 0.778192 0.424839 0.100000 0.040000
0 0.778192 0.444652 0.100000 0.040000
0 0.778192 0.460063 0.100000 0.040000
0 0.777752 0.470189 0.100000 0.040000
0 0.777752 0.534032 0.100000 0.040000
0 0.777752 0.549443 0.100000 0.040000
0 0.778633 0.584226 0.100000 0.040000
0 0.778633 0.603599 0.100000 0.040000
0 0.777312 0.626935 0.100000 0.040000
0 0.777595 0.649779 0.100000 0.040000
0 0.778476 0.709219 0.100000 0.040000
0 0.778476 0.732115 0.100000 0.040000
0 0.776715 0.758533 0.100000 0.040000
0 0.706708 0.777906 0.040000 0.100000
0 0.678088 0.779227 0.040000 0.100000
0 0.655193 0.779227 0.040000 0.100000
0 0.635380 0.780988 0.040000 0.100000
0 0.597636 0.779383 0.040000 0.100000
0 0.616568 0.778503 0.040000 0.100000
0 0.576942 0.779383 0.040000 0.100000
0 0.525427 0.779383 0.040000 0.100000
0 0.515740 0.780264 0.040000 0.100000
0 0.491084 0.780264 0.040000 0.100000
0 0.461144 0.776742 0.040000 0.100000
0 0.440890 0.779383 0.040000 0.100000
0 0.378415 0.777546 0.040000 0.100000
0 0.349356 0.781069 0.040000 0.100000
0 0.325139 0.780188 0.040000 0.100000
0 0.290356 0.778867 0.040000 0.100000
0 0.273184 0.777987 0.040000 0.100000
0 0.221670 0.747166 0.100000 0.040000
0 0.218147 0.722509 0.100000 0.040000
0 0.221821 0.651161 0.100000 0.040000
0 0.219528 0.629248 0.100000 0.040000
0 0.219782 0.605296 0.100000 0.040000
0 0.221311 0.579816 0.100000 0.040000
0 0.223370 0.535002 0.100000 0.040000
0 0.221586 0.526593 0.100000 0.040000
0 0.225154 0.519204 0.100000 0.040000
0 0.222860 0.502897 0.100000 0.040000
0 0.222860 0.494998 0.100000 0.040000
0 0.223115 0.473850 0.100000 0.040000
0 0.222351 0.466715 0.100000 0.040000
0 0.222351 0.444293 0.100000 0.040000
0 0.222033 0.423358 0.100000 0.040000
0 0.222328 0.401830 0.100000 0.040000
0 0.222896 0.369639 0.100000 0.040000
0 0.222132 0.361485 0.100000 0.040000
0 0.221113 0.354096 0.100000 0.040000
0 0.221622 0.333457 0.100000 0.040000
0 0.221113 0.325049 0.100000 0.040000
0 0.222387 0.318679 0.100000 0.040000
0 0.220524 0.281350 0.100000 0.040000
0 0.222817 0.258417 0.100000 0.040000
0 0.265114 0.221981 0.040000 0.100000
0 0.291868 0.220452 0.040000 0.100000
0 0.315301 0.221187 0.040000 0.100000
0 0.338233 0.219403 0.040000 0.100000
0 0.361929 0.220422 0.040000 0.100000
0 0.383078 0.219403 0.040000 0.100000
0 0.424903 0.220746 0.040000 0.100000
0 0.442739 0.220746 0.040000 0.100000
0 0.456753 0.220491 0.040000 0.100000
0 0.465161 0.221255 0.040000 0.100000
0 0.524021 0.219981 0.040000 0.100000
0 0.542293 0.220642 0.040000 0.100000
0 0.559905 0.221082 0.040000 0.100000
0 0.577957 0.220201 0.040000 0.100000
0 0.596449 0.221522 0.040000 0.100000
0 0.762134 0.264933 0.100000 0.040000
0 0.762643 0.285318 0.100000 0.040000
0 0.761369 0.307740 0.100000 0.040000
0 0.762120 0.353543 0.100000 0.040000
0 0.762560 0.371155 0.100000 0.040000
0 0.761239 0.424871 0.100000 0.040000
0 0.645074 0.237374 0.040000 0.100000
0 0.664184 0.236100 0.040000 0.100000
0 0.678198 0.238648 0.040000 0.100000
0 0.589272 0.236610 0.040000 0.100000
0 0.572965 0.236610 0.040000 0.100000
0 0.558441 0.237629 0.040000 0.100000
0 0.541879 0.237119 0.040000 0.100000
0 0.527356 0.235845 0.040000 0.100000
0 0.465329 0.236481 0.040000 0.100000
0 0.456963 0.237362 0.040000 0.100000
0 0.445075 0.236481 0.040000 0.100000
0 0.435389 0.238243 0.040000 0.100000
0 0.425702 0.237362 0.040000 0.100000
0 0.383478 0.235789 0.040000 0.100000
0 0.363664 0.235789 0.040000 0.100000
0 0.345172 0.237110 0.040000 0.100000
0 0.324918 0.236670 0.040000 0.100000
0 0.304224 0.237550 0.040000 0.100000
0 0.280448 0.237110 0.040000 0.100000
0 0.236859 0.265729 0.100000 0.040000
0 0.235538 0.286864 0.100000 0.040000
0 0.236419 0.322087 0.100000 0.040000
0 0.237739 0.339259 0.100000 0.040000
0 0.237688 0.357820 0.100000 0.040000
0 0.236368 0.373230 0.100000 0.040000
0 0.235927 0.404491 0.100000 0.040000
0 0.235487 0.423865 0.100000 0.040000
0 0.236368 0.443238 0.100000 0.040000
0 0.237688 0.463491 0.100000 0.040000
0 0.237688 0.470976 0.100000 0.040000
0 0.237079 0.490799 0.100000 0.040000
0 0.237520 0.499605 0.100000 0.040000
0 0.237960 0.513694 0.100000 0.040000
0 0.237960 0.521620 0.100000 0.040000
0 0.238841 0.528224 0.100000 0.040000
0 0.237960 0.572694 0.100000 0.040000
0 0.237960 0.596030 0.100000 0.040000
0 0.237079 0.618045 0.100000 0.040000
0 0.237520 0.637858 0.100000 0.040000
0 0.237079 0.711388 0.100000 0.040000
0 0.237079 0.735164 0.100000 0.040000
0 0.288594 0.763783 0.040000 0.100000
0 0.301803 0.762462 0.040000 0.100000
0 0.336586 0.761581 0.040000 0.100000
0 0.360922 0.761677 0.040000 0.100000
0 0.383378 0.762997 0.040000 0.100000
0 0.448982 0.762117 0.040000 0.100000
0 0.465713 0.762557 0.040000 0.100000
0 0.495967 0.761979 0.040000 0.100000
0 0.517989 0.764586 0.040000 0.100000
0 0.527235 0.764586 0.040000 0.100000
0 0.581832 0.763265 0.040000 0.100000
0 0.598123 0.763265 0.040000 0.100000
0 0.616615 0.764145 0.040000 0.100000
0 0.631585 0.762824 0.040000 0.100000
0 0.649637 0.763705 0.040000 0.100000
0 0.669011 0.763265 0.040000 0.100000
0 0.696110 0.761252 0.040000 0.100000
0 0.763035 0.748043 0.100000 0.040000
0 0.761714 0.722506 0.100000 0.040000
0 0.761714 0.703132 0.100000 0.040000
0 0.762595 0.643692 0.100000 0.040000
0 0.761714 0.621678 0.100000 0.040000
0 0.762595 0.603185 0.100000 0.040000
0 0.763916 0.584693 0.100000 0.040000
0 0.762913 0.442243 0.100000 0.040000
0 0.762033 0.455892 0.100000 0.040000
0 0.762913 0.466019 0.100000 0.040000
0 0.760712 0.532063 0.100000 0.040000
0 0.762913 0.540869 0.100000 0.040000
0 0.761593 0.549675 0.100000 0.040000
0 0.735140 0.275214 0.100000 0.040000
0 0.738663 0.289744 0.100000 0.040000
0 0.731618 0.309557 0.100000 0.040000
0 0.738663 0.352266 0.100000 0.040000
0 0.740864 0.369437 0.100000 0.040000
0 0.739325 0.423566 0.100000 0.040000
0 0.740345 0.438310 0.100000 0.040000
0 0.741619 0.450285 0.100000 0.040000
0 0.741364 0.461242 0.100000 0.040000
0 0.739836 0.532076 0.100000 0.040000
0 0.740345 0.539721 0.100000 0.040000
0 0.740090 0.548129 0.100000 0.040000
0 0.740217 0.583393 0.100000 0.040000
0 0.739336 0.598804 0.100000 0.040000
0 0.737575 0.614214 0.100000 0.040000
0 0.735814 0.630065 0.100000 0.040000
0 0.735411 0.691916 0.100000 0.040000
0 0.740694 0.710849 0.100000 0.040000
0 0.737596 0.729206 0.100000 0.040000
0 0.265787 0.714370 0.100000 0.040000
0 0.262982 0.693204 0.100000 0.040000
0 0.259667 0.619252 0.100000 0.040000
0 0.258668 0.602690 0.100000 0.040000
0 0.257782 0.584686 0.100000 0.040000
0 0.256307 0.566091 0.100000 0.040000
0 0.258125 0.521913 0.100000 0.040000
0 0.258125 0.505848 0.100000 0.040000
0 0.258125 0.492332 0.100000 0.040000
0 0.257360 0.484427 0.100000 0.040000
0 0.260246 0.294270 0.100000 0.040000
0 0.263772 0.276203 0.100000 0.040000
0 0.259365 0.329082 0.100000 0.040000
0 0.258043 0.346708 0.100000 0.040000
0 0.258924 0.362572 0.100000 0.040000
0 0.258484 0.379757 0.100000 0.040000
0 0.256280 0.406637 0.100000 0.040000
0 0.256280 0.423382 0.100000 0.040000
0 0.258484 0.455991 0.100000 0.040000
