0 0.228405 0.173753 0.040000 0.100000
0 0.262917 0.174232 0.040000 0.100000
0 0.294169 0.173465 0.040000 0.100000
0 0.327530 0.172603 0.040000 0.100000
0 0.355000 0.173863 0.040000 0.100000
0 0.384718 0.173144 0.040000 0.100000
0 0.423304 0.174343 0.040000 0.100000
0 0.457336 0.174343 0.040000 0.100000
0 0.518997 0.176000 0.040000 0.100000
0 0.542164 0.176400 0.040000 0.100000
0 0.567928 0.175601 0.040000 0.100000
0 0.594291 0.175201 0.040000 0.100000
0 0.619216 0.174482 0.040000 0.100000
0 0.674150 0.173783 0.040000 0.100000
0 0.703109 0.172785 0.040000 0.100000
0 0.730671 0.173584 0.040000 0.100000
0 0.825340 0.225395 0.100000 0.040000
0 0.825539 0.257749 0.100000 0.040000
0 0.825380 0.297765 0.100000 0.040000
0 0.825533 0.335028 0.100000 0.040000
0 0.825256 0.365124 0.100000 0.040000
0 0.825672 0.414305 0.100000 0.040000
0 0.825439 0.440095 0.100000 0.040000
0 0.825439 0.462863 0.100000 0.040000
0 0.826828 0.538058 0.100000 0.040000
0 0.826495 0.573175 0.100000 0.040000
0 0.825164 0.599804 0.100000 0.040000
0 0.824762 0.631487 0.100000 0.040000
0 0.824623 0.659087 0.100000 0.040000
0 0.824836 0.713187 0.100000 0.040000
0 0.825555 0.746980 0.100000 0.040000
0 0.827233 0.780532 0.100000 0.040000
0 0.713094 0.826488 0.040000 0.100000
0 0.681139 0.825989 0.040000 0.100000
0 0.651514 0.826655 0.040000 0.100000
0 0.624569 0.825806 0.040000 0.100000
0 0.595609 0.825806 0.040000 0.100000
0 0.567149 0.825473 0.040000 0.100000
0 0.523102 0.827027 0.040000 0.100000
0 0.481542 0.826126 0.040000 0.100000
0 0.448024 0.825433 0.040000 0.100000
0 0.419014 0.826589 0.040000 0.100000
0 0.366581 0.825579 0.040000 0.100000
0 0.331677 0.826619 0.040000 0.100000
0 0.296966 0.826231 0.040000 0.100000
0 0.259686 0.825898 0.040000 0.100000
0 0.229561 0.825066 0.040000 0.100000
0 0.174838 0.774098 0.100000 0.040000
0 0.173840 0.741344 0.100000 0.040000
0 0.174044 0.679587 0.100000 0.040000
0 0.173245 0.649030 0.100000 0.040000
0 0.175042 0.614079 0.100000 0.040000
0 0.174956 0.586692 0.100000 0.040000
0 0.174623 0.538759 0.100000 0.040000
0 0.173458 0.504974 0.100000 0.040000
0 0.174224 0.473318 0.100000 0.040000
0 0.173425 0.443161 0.100000 0.040000
0 0.173625 0.413563 0.100000 0.040000
0 0.174104 0.384324 0.100000 0.040000
0 0.175360 0.350054 0.100000 0.040000
0 0.173530 0.309112 0.100000 0.040000
0 0.173463 0.260214 0.100000 0.040000
0 0.173863 0.227460 0.100000 0.040000
0 0.241946 0.191887 0.040000 0.100000
0 0.273581 0.191648 0.040000 0.100000
0 0.304018 0.191887 0.040000 0.100000
0 0.331484 0.191456 0.040000 0.100000
0 0.357080 0.190881 0.040000 0.100000
0 0.382676 0.191168 0.040000 0.100000
0 0.423168 0.191150 0.040000 0.100000
0 0.456481 0.190192 0.040000 0.100000
0 0.521578 0.190187 0.040000 0.100000
0 0.541135 0.190762 0.040000 0.100000
0 0.564142 0.191049 0.040000 0.100000
0 0.588588 0.192200 0.040000 0.100000
0 0.610733 0.192200 0.040000 0.100000
0 0.664915 0.190302 0.040000 0.100000
0 0.690109 0.189957 0.040000 0.100000
0 0.712541 0.192027 0.040000 0.100000
0 0.808621 0.235345 0.100000 0.040000
0 0.808860 0.263865 0.100000 0.040000
0 0.808860 0.301731 0.100000 0.040000
0 0.809148 0.337873 0.100000 0.040000
0 0.808573 0.366057 0.100000 0.040000
0 0.807724 0.416141 0.100000 0.040000
0 0.808683 0.441546 0.100000 0.040000
0 0.808683 0.460719 0.100000 0.040000
0 0.808415 0.541289 0.100000 0.040000
0 0.809014 0.576040 0.100000 0.040000
0 0.808216 0.600406 0.100000 0.040000
0 0.807833 0.654493 0.100000 0.040000
0 0.807833 0.626865 0.100000 0.040000
0 0.809830 0.710914 0.100000 0.040000
0 0.809084 0.740538 0.100000 0.040000
0 0.807646 0.770976 0.100000 0.040000
0 0.734549 0.810520 0.040000 0.100000
0 0.701476 0.809082 0.040000 0.100000
0 0.670460 0.808103 0.040000 0.100000
0 0.646094 0.808103 0.040000 0.100000
0 0.623126 0.808902 0.040000 0.100000
0 0.594783 0.808087 0.040000 0.100000
0 0.569818 0.808419 0.040000 0.100000
0 0.522718 0.808852 0.040000 0.100000
0 0.485171 0.808053 0.040000 0.100000
0 0.451758 0.809551 0.040000 0.100000
0 0.426194 0.809152 0.040000 0.100000
0 0.368691 0.808902 0.040000 0.100000
0 0.338567 0.809235 0.040000 0.100000
0 0.307264 0.810553 0.040000 0.100000
0 0.269262 0.808056 0.040000 0.100000
0 0.244408 0.808417 0.040000 0.100000
0 0.189572 0.762974 0.100000 0.040000
0 0.190099 0.731339 0.100000 0.040000
0 0.190675 0.668931 0.100000 0.040000
0 0.191537 0.639021 0.100000 0.040000
0 0.192005 0.608649 0.100000 0.040000
0 0.191805 0.580888 0.100000 0.040000
0 0.189568 0.535472 0.100000 0.040000
0 0.189328 0.502638 0.100000 0.040000
0 0.190356 0.471963 0.100000 0.040000
0 0.190955 0.442804 0.100000 0.040000
0 0.191554 0.415442 0.100000 0.040000
0 0.190476 0.388520 0.100000 0.040000
0 0.189038 0.356645 0.100000 0.040000
0 0.189517 0.341307 0.100000 0.040000
0 0.191434 0.318299 0.100000 0.040000
0 0.191147 0.304255 0.100000 0.040000
0 0.190572 0.267443 0.100000 0.040000
0 0.191722 0.238683 0.100000 0.040000
0 0.256546 0.208101 0.040000 0.100000
0 0.284107 0.208580 0.040000 0.100000
0 0.310710 0.209060 0.040000 0.100000
0 0.336593 0.209060 0.040000 0.100000
0 0.358594 0.207430 0.040000 0.100000
0 0.383327 0.206567 0.040000 0.100000
0 0.424051 0.207890 0.040000 0.100000
0 0.441306 0.207890 0.040000 0.100000
0 0.456492 0.206510 0.040000 0.100000
0 0.521669 0.209284 0.040000 0.100000
0 0.540651 0.208422 0.040000 0.100000
0 0.559344 0.208997 0.040000 0.100000
0 0.581202 0.208422 0.040000 0.100000
0 0.601621 0.207271 0.040000 0.100000
0 0.656910 0.207963 0.040000 0.100000
0 0.677617 0.207963 0.040000 0.100000
0 0.702350 0.206238 0.040000 0.100000
0 0.793230 0.244488 0.100000 0.040000
0 0.792367 0.269796 0.100000 0.040000
0 0.792367 0.303157 0.100000 0.040000
0 0.792597 0.341638 0.100000 0.040000
0 0.791907 0.365450 0.100000 0.040000
0 0.792660 0.416474 0.100000 0.040000
0 0.791701 0.439722 0.100000 0.040000
0 0.791701 0.466085 0.100000 0.040000
0 0.793307 0.526456 0.100000 0.040000
0 0.792588 0.541075 0.100000 0.040000
0 0.794026 0.576545 0.100000 0.040000
0 0.792588 0.599792 0.100000 0.040000
0 0.793163 0.624238 0.100000 0.040000
0 0.790574 0.646958 0.100000 0.040000
0 0.792127 0.705857 0.100000 0.040000
0 0.791437 0.732086 0.100000 0.040000
0 0.791092 0.759695 0.100000 0.040000
0 0.720895 0.791853 0.040000 0.100000
0 0.689020 0.792572 0.040000 0.100000
0 0.662178 0.792572 0.040000 0.100000
0 0.639410 0.793291 0.040000 0.100000
0 0.620237 0.792093 0.040000 0.100000
0 0.595532 0.792871 0.040000 0.100000
0 0.573163 0.793471 0.040000 0.100000
0 0.523583 0.792222 0.040000 0.100000
0 0.488799 0.792555 0.040000 0.100000
0 0.454946 0.792522 0.040000 0.100000
0 0.431380 0.792722 0.040000 0.100000
0 0.374460 0.791843 0.040000 0.100000
0 0.344262 0.792322 0.040000 0.100000
0 0.315311 0.793281 0.040000 0.100000
0 0.279074 0.793568 0.040000 0.100000
0 0.256642 0.791843 0.040000 0.100000
0 0.206500 0.751751 0.100000 0.040000
0 0.205502 0.722792 0.100000 0.040000
0 0.207419 0.657165 0.100000 0.040000
0 0.207179 0.629364 0.100000 0.040000
0 0.207301 0.601992 0.100000 0.040000
0 0.206469 0.577526 0.100000 0.040000
0 0.207807 0.530106 0.100000 0.040000
0 0.207807 0.498471 0.100000 0.040000
0 0.207328 0.470191 0.100000 0.040000
0 0.208047 0.441671 0.100000 0.040000
0 0.207040 0.416219 0.100000 0.040000
0 0.207040 0.391198 0.100000 0.040000
0 0.205602 0.361001 0.100000 0.040000
0 0.206058 0.323158 0.100000 0.040000
0 0.207256 0.274027 0.100000 0.040000
0 0.206393 0.244884 0.100000 0.040000
0 0.271297 0.225309 0.040000 0.100000
0 0.295023 0.223631 0.040000 0.100000
0 0.318270 0.223871 0.040000 0.100000
0 0.341038 0.222673 0.040000 0.100000
0 0.361170 0.224110 0.040000 0.100000
0 0.382500 0.224350 0.040000 0.100000
0 0.424345 0.222337 0.040000 0.100000
0 0.443614 0.222049 0.040000 0.100000
0 0.456843 0.222912 0.040000 0.100000
0 0.523819 0.222936 0.040000 0.100000
0 0.540835 0.222696 0.040000 0.100000
0 0.557612 0.224853 0.040000 0.100000
0 0.576066 0.224134 0.040000 0.100000
0 0.594040 0.224614 0.040000 0.100000
0 0.649594 0.223751 0.040000 0.100000
0 0.668863 0.224039 0.040000 0.100000
0 0.682955 0.225764 0.040000 0.100000
0 0.776912 0.251699 0.100000 0.040000
0 0.776625 0.273844 0.100000 0.040000
0 0.775762 0.303754 0.100000 0.040000
0 0.774842 0.344995 0.100000 0.040000
0 0.775877 0.365012 0.100000 0.040000
0 0.774802 0.417518 0.100000 0.040000
0 0.775282 0.437410 0.100000 0.040000
0 0.775282 0.462095 0.100000 0.040000
0 0.774951 0.525323 0.100000 0.040000
0 0.773992 0.542099 0.100000 0.040000
0 0.776245 0.577761 0.100000 0.040000
0 0.775095 0.598468 0.100000 0.040000
0 0.776533 0.619462 0.100000 0.040000
0 0.775095 0.642470 0.100000 0.040000
0 0.776193 0.702397 0.100000 0.040000
0 0.775993 0.724566 0.100000 0.040000
0 0.776393 0.750130 0.100000 0.040000
0 0.709487 0.776413 0.040000 0.100000
0 0.680248 0.777132 0.040000 0.100000
0 0.654864 0.776353 0.040000 0.100000
0 0.636290 0.777552 0.040000 0.100000
0 0.618316 0.776952 0.040000 0.100000
0 0.595947 0.776353 0.040000 0.100000
0 0.578621 0.776403 0.040000 0.100000
0 0.525363 0.776903 0.040000 0.100000
0 0.491203 0.778192 0.040000 0.100000
0 0.459781 0.776406 0.040000 0.100000
0 0.439809 0.776805 0.040000 0.100000
0 0.380492 0.776606 0.040000 0.100000
0 0.353291 0.775487 0.040000 0.100000
0 0.324468 0.777568 0.040000 0.100000
0 0.289684 0.776902 0.040000 0.100000
0 0.270045 0.776403 0.040000 0.100000
0 0.222917 0.741697 0.100000 0.040000
0 0.223317 0.712538 0.100000 0.040000
0 0.225118 0.641777 0.100000 0.040000
0 0.223720 0.619808 0.100000 0.040000
0 0.223121 0.595642 0.100000 0.040000
0 0.222522 0.571876 0.100000 0.040000
0 0.222182 0.526480 0.100000 0.040000
0 0.224579 0.493926 0.100000 0.040000
0 0.222781 0.466165 0.100000 0.040000
0 0.223620 0.439123 0.100000 0.040000
0 0.224193 0.396184 0.100000 0.040000
0 0.222945 0.417959 0.100000 0.040000
0 0.223361 0.365533 0.100000 0.040000
0 0.224055 0.330443 0.100000 0.040000
0 0.223454 0.279481 0.100000 0.040000
0 0.224173 0.255035 0.100000 0.040000
0 0.290635 0.241923 0.040000 0.100000
0 0.307278 0.240675 0.040000 0.100000
0 0.328914 0.240397 0.040000 0.100000
0 0.345419 0.238317 0.040000 0.100000
0 0.364281 0.237485 0.040000 0.100000
0 0.382772 0.240031 0.040000 0.100000
0 0.425711 0.238833 0.040000 0.100000
0 0.454870 0.239232 0.040000 0.100000
0 0.527728 0.239752 0.040000 0.100000
0 0.542587 0.239752 0.040000 0.100000
0 0.555193 0.239848 0.040000 0.100000
0 0.571873 0.238985 0.040000 0.100000
0 0.586253 0.239848 0.040000 0.100000
0 0.643485 0.238294 0.040000 0.100000
0 0.656599 0.240710 0.040000 0.100000
0 0.674200 0.240020 0.040000 0.100000
0 0.759790 0.259877 0.100000 0.040000
0 0.760206 0.278600 0.100000 0.040000
0 0.759373 0.305229 0.100000 0.040000
0 0.759984 0.344591 0.100000 0.040000
0 0.759085 0.363231 0.100000 0.040000
0 0.759381 0.417498 0.100000 0.040000
0 0.759381 0.433509 0.100000 0.040000
0 0.760180 0.449486 0.100000 0.040000
0 0.760476 0.525449 0.100000 0.040000
0 0.759478 0.577875 0.100000 0.040000
0 0.759588 0.596279 0.100000 0.040000
0 0.758589 0.614753 0.100000 0.040000
0 0.758589 0.635391 0.100000 0.040000
0 0.758249 0.696065 0.100000 0.040000
0 0.759208 0.716916 0.100000 0.040000
0 0.759448 0.738965 0.100000 0.040000
0 0.697032 0.758961 0.040000 0.100000
0 0.669271 0.759760 0.040000 0.100000
0 0.648101 0.758961 0.040000 0.100000
0 0.629044 0.760509 0.040000 0.100000
0 0.616062 0.760842 0.040000 0.100000
0 0.597089 0.762007 0.040000 0.100000
0 0.580113 0.761008 0.040000 0.100000
0 0.527454 0.760609 0.040000 0.100000
0 0.496298 0.761008 0.040000 0.100000
0 0.464616 0.761300 0.040000 0.100000
0 0.447474 0.760302 0.040000 0.100000
0 0.384021 0.760874 0.040000 0.100000
0 0.360773 0.759436 0.040000 0.100000
0 0.335513 0.761305 0.040000 0.100000
0 0.301577 0.760155 0.040000 0.100000
0 0.285759 0.759867 0.040000 0.100000
0 0.240583 0.727680 0.100000 0.040000
0 0.239185 0.701318 0.100000 0.040000
0 0.239704 0.629698 0.100000 0.040000
0 0.240950 0.607218 0.100000 0.040000
0 0.241238 0.587374 0.100000 0.040000
0 0.240005 0.566693 0.100000 0.040000
0 0.240172 0.521756 0.100000 0.040000
0 0.239007 0.489635 0.100000 0.040000
0 0.239573 0.463705 0.100000 0.040000
0 0.240771 0.437542 0.100000 0.040000
0 0.241770 0.417370 0.100000 0.040000
0 0.240352 0.398497 0.100000 0.040000
0 0.238554 0.370936 0.100000 0.040000
0 0.238474 0.335825 0.100000 0.040000
0 0.239433 0.284537 0.100000 0.040000
0 0.239673 0.260811 0.100000 0.040000
