0 0.242233 0.184084 0.040000 0.100000
0 0.269843 0.183796 0.040000 0.100000
0 0.300329 0.183796 0.040000 0.100000
0 0.330527 0.184659 0.040000 0.100000
0 0.358942 0.183739 0.040000 0.100000
0 0.387242 0.183048 0.040000 0.100000
0 0.424171 0.183739 0.040000 0.100000
0 0.458062 0.184084 0.040000 0.100000
0 0.441496 0.184084 0.040000 0.100000
0 0.518527 0.184498 0.040000 0.100000
0 0.542962 0.184084 0.040000 0.100000
0 0.570296 0.184912 0.040000 0.100000
0 0.595917 0.183461 0.040000 0.100000
0 0.621282 0.185059 0.040000 0.100000
0 0.674009 0.185059 0.040000 0.100000
0 0.702050 0.185378 0.040000 0.100000
0 0.724579 0.185618 0.040000 0.100000
0 0.817619 0.217014 0.100000 0.040000
0 0.817044 0.250664 0.100000 0.040000
0 0.817044 0.282300 0.100000 0.040000
0 0.816408 0.325986 0.100000 0.040000
0 0.815210 0.351351 0.100000 0.040000
0 0.816408 0.400484 0.100000 0.040000
0 0.816289 0.425769 0.100000 0.040000
0 0.816049 0.451893 0.100000 0.040000
0 0.815306 0.513655 0.100000 0.040000
0 0.816744 0.555118 0.100000 0.040000
0 0.815546 0.582680 0.100000 0.040000
0 0.815845 0.607905 0.100000 0.040000
0 0.815246 0.638264 0.100000 0.040000
0 0.815486 0.691470 0.100000 0.040000
0 0.815825 0.723646 0.100000 0.040000
0 0.814227 0.753005 0.100000 0.040000
0 0.739203 0.815311 0.040000 0.100000
0 0.703540 0.816174 0.040000 0.100000
0 0.672479 0.816462 0.040000 0.100000
0 0.643143 0.816462 0.040000 0.100000
0 0.618134 0.816545 0.040000 0.100000
0 0.590971 0.816545 0.040000 0.100000
0 0.565806 0.816745 0.040000 0.100000
0 0.521517 0.816629 0.040000 0.100000
0 0.483403 0.815797 0.040000 0.100000
0 0.451683 0.817003 0.040000 0.100000
0 0.426024 0.817835 0.040000 0.100000
0 0.372209 0.816570 0.040000 0.100000
0 0.342251 0.816570 0.040000 0.100000
0 0.309097 0.816171 0.040000 0.100000
0 0.271429 0.816451 0.040000 0.100000
0 0.238354 0.815732 0.040000 0.100000
0 0.183202 0.756687 0.100000 0.040000
0 0.182856 0.723555 0.100000 0.040000
0 0.184243 0.656773 0.100000 0.040000
0 0.184575 0.628812 0.100000 0.040000
0 0.184908 0.597355 0.100000 0.040000
0 0.185075 0.567230 0.100000 0.040000
0 0.183926 0.516472 0.100000 0.040000
0 0.183366 0.492145 0.100000 0.040000
0 0.184325 0.463146 0.100000 0.040000
0 0.185044 0.428633 0.100000 0.040000
0 0.184373 0.400304 0.100000 0.040000
0 0.183510 0.373557 0.100000 0.040000
0 0.182360 0.344509 0.100000 0.040000
0 0.182647 0.331855 0.100000 0.040000
0 0.185375 0.292825 0.100000 0.040000
0 0.185908 0.252082 0.100000 0.040000
0 0.184110 0.222123 0.100000 0.040000
0 0.184110 0.306606 0.100000 0.040000
0 0.257799 0.199884 0.040000 0.100000
0 0.279169 0.199285 0.040000 0.100000
0 0.306931 0.199285 0.040000 0.100000
0 0.336131 0.200803 0.040000 0.100000
0 0.359858 0.200084 0.040000 0.100000
0 0.385742 0.199844 0.040000 0.100000
0 0.425336 0.199556 0.040000 0.100000
0 0.442592 0.200132 0.040000 0.100000
0 0.458985 0.198981 0.040000 0.100000
0 0.520303 0.200043 0.040000 0.100000
0 0.543671 0.199444 0.040000 0.100000
0 0.565241 0.198645 0.040000 0.100000
0 0.588409 0.201441 0.040000 0.100000
0 0.611297 0.201121 0.040000 0.100000
0 0.666589 0.198605 0.040000 0.100000
0 0.689837 0.200043 0.040000 0.100000
0 0.711647 0.199324 0.040000 0.100000
0 0.801020 0.224465 0.100000 0.040000
0 0.801020 0.256341 0.100000 0.040000
0 0.799102 0.284143 0.100000 0.040000
0 0.798469 0.327541 0.100000 0.040000
0 0.799867 0.352307 0.100000 0.040000
0 0.798868 0.401839 0.100000 0.040000
0 0.800346 0.425366 0.100000 0.040000
0 0.798908 0.449813 0.100000 0.040000
0 0.800195 0.515188 0.100000 0.040000
0 0.799030 0.556631 0.100000 0.040000
0 0.798697 0.580598 0.100000 0.040000
0 0.799196 0.605564 0.100000 0.040000
0 0.800724 0.633142 0.100000 0.040000
0 0.799643 0.687817 0.100000 0.040000
0 0.798311 0.714613 0.100000 0.040000
0 0.799143 0.744738 0.100000 0.040000
0 0.726893 0.801044 0.040000 0.100000
0 0.693273 0.800378 0.040000 0.100000
0 0.663347 0.800378 0.040000 0.100000
0 0.639181 0.800378 0.040000 0.100000
0 0.615813 0.799380 0.040000 0.100000
0 0.592129 0.799330 0.040000 0.100000
0 0.568328 0.799163 0.040000 0.100000
0 0.521490 0.799871 0.040000 0.100000
0 0.484874 0.799038 0.040000 0.100000
0 0.454749 0.799704 0.040000 0.100000
0 0.432979 0.799205 0.040000 0.100000
0 0.377456 0.799604 0.040000 0.100000
0 0.348179 0.799787 0.040000 0.100000
0 0.317022 0.799388 0.040000 0.100000
0 0.279874 0.800387 0.040000 0.100000
0 0.251713 0.799588 0.040000 0.100000
0 0.198746 0.743625 0.100000 0.040000
0 0.200715 0.711377 0.100000 0.040000
0 0.201231 0.646018 0.100000 0.040000
0 0.200232 0.617390 0.100000 0.040000
0 0.200232 0.590794 0.100000 0.040000
0 0.199433 0.563232 0.100000 0.040000
0 0.201091 0.509606 0.100000 0.040000
0 0.199294 0.493428 0.100000 0.040000
0 0.200292 0.459076 0.100000 0.040000
0 0.200292 0.427080 0.100000 0.040000
0 0.200292 0.401195 0.100000 0.040000
0 0.199473 0.376769 0.100000 0.040000
0 0.198857 0.349623 0.100000 0.040000
0 0.198857 0.312008 0.100000 0.040000
0 0.198458 0.298028 0.100000 0.040000
0 0.199173 0.257479 0.100000 0.040000
0 0.199572 0.230117 0.100000 0.040000
0 0.271190 0.215981 0.040000 0.100000
0 0.290603 0.213585 0.040000 0.100000
0 0.314330 0.215502 0.040000 0.100000
0 0.340167 0.216221 0.040000 0.100000
0 0.362600 0.214783 0.040000 0.100000
0 0.386471 0.215933 0.040000 0.100000
0 0.426697 0.216918 0.040000 0.100000
0 0.439280 0.216719 0.040000 0.100000
0 0.459652 0.215321 0.040000 0.100000
0 0.522765 0.215321 0.040000 0.100000
0 0.542937 0.216918 0.040000 0.100000
0 0.563349 0.214282 0.040000 0.100000
0 0.582522 0.215960 0.040000 0.100000
0 0.601696 0.215720 0.040000 0.100000
0 0.657395 0.215768 0.040000 0.100000
0 0.679541 0.216056 0.040000 0.100000
0 0.697947 0.216343 0.040000 0.100000
0 0.783373 0.233216 0.100000 0.040000
0 0.785370 0.262010 0.100000 0.040000
0 0.784205 0.287974 0.100000 0.040000
0 0.783839 0.329550 0.100000 0.040000
0 0.783639 0.352918 0.100000 0.040000
0 0.784877 0.403847 0.100000 0.040000
0 0.784877 0.425418 0.100000 0.040000
0 0.784877 0.446748 0.100000 0.040000
0 0.783723 0.516096 0.100000 0.040000
0 0.784721 0.557439 0.100000 0.040000
0 0.784082 0.580488 0.100000 0.040000
0 0.783363 0.601578 0.100000 0.040000
0 0.783603 0.626504 0.100000 0.040000
0 0.784801 0.684887 0.100000 0.040000
0 0.785089 0.710484 0.100000 0.040000
0 0.783939 0.735218 0.100000 0.040000
0 0.711749 0.783090 0.040000 0.100000
0 0.679594 0.783290 0.040000 0.100000
0 0.652831 0.783490 0.040000 0.100000
0 0.634456 0.783490 0.040000 0.100000
0 0.613901 0.784505 0.040000 0.100000
0 0.590933 0.785171 0.040000 0.100000
0 0.571493 0.785171 0.040000 0.100000
0 0.523160 0.782574 0.040000 0.100000
0 0.488647 0.783813 0.040000 0.100000
0 0.459408 0.782854 0.040000 0.100000
0 0.439755 0.783573 0.040000 0.100000
0 0.381199 0.783657 0.040000 0.100000
0 0.354836 0.784656 0.040000 0.100000
0 0.324677 0.784456 0.040000 0.100000
0 0.291324 0.783257 0.040000 0.100000
0 0.262355 0.785694 0.040000 0.100000
0 0.216051 0.731625 0.100000 0.040000
0 0.216687 0.704266 0.100000 0.040000
0 0.216323 0.635366 0.100000 0.040000
0 0.215724 0.609401 0.100000 0.040000
0 0.215704 0.584935 0.100000 0.040000
0 0.216303 0.559770 0.100000 0.040000
0 0.214825 0.519146 0.100000 0.040000
0 0.214825 0.506204 0.100000 0.040000
0 0.214346 0.490386 0.100000 0.040000
0 0.215017 0.456928 0.100000 0.040000
0 0.215592 0.428167 0.100000 0.040000
0 0.213291 0.404009 0.100000 0.040000
0 0.214154 0.379563 0.100000 0.040000
0 0.215357 0.355188 0.100000 0.040000
0 0.215597 0.321634 0.100000 0.040000
0 0.216076 0.265312 0.100000 0.040000
0 0.216076 0.240387 0.100000 0.040000
0 0.284761 0.231951 0.040000 0.100000
0 0.302070 0.230953 0.040000 0.100000
0 0.324373 0.231452 0.040000 0.100000
0 0.345344 0.230620 0.040000 0.100000
0 0.364984 0.231951 0.040000 0.100000
0 0.387552 0.231951 0.040000 0.100000
0 0.427977 0.231752 0.040000 0.100000
0 0.459134 0.231033 0.040000 0.100000
0 0.525714 0.231320 0.040000 0.100000
0 0.541532 0.233334 0.040000 0.100000
0 0.559651 0.234196 0.040000 0.100000
0 0.576620 0.232471 0.040000 0.100000
0 0.592093 0.231435 0.040000 0.100000
0 0.650900 0.231685 0.040000 0.100000
0 0.669075 0.232085 0.040000 0.100000
0 0.685053 0.232484 0.040000 0.100000
0 0.769317 0.241692 0.100000 0.040000
0 0.767519 0.270053 0.100000 0.040000
0 0.765722 0.293820 0.100000 0.040000
0 0.766681 0.334643 0.100000 0.040000
0 0.766681 0.356214 0.100000 0.040000
0 0.766501 0.407571 0.100000 0.040000
0 0.767100 0.426944 0.100000 0.040000
0 0.767300 0.445918 0.100000 0.040000
0 0.767899 0.518817 0.100000 0.040000
0 0.768138 0.530561 0.100000 0.040000
0 0.768786 0.561550 0.100000 0.040000
0 0.767587 0.582881 0.100000 0.040000
0 0.768306 0.601815 0.100000 0.040000
0 0.767587 0.623864 0.100000 0.040000
0 0.768091 0.681936 0.100000 0.040000
0 0.765934 0.703986 0.100000 0.040000
0 0.766173 0.724597 0.100000 0.040000
0 0.701562 0.766759 0.040000 0.100000
0 0.671803 0.768756 0.040000 0.100000
0 0.649834 0.768756 0.040000 0.100000
0 0.629722 0.767538 0.040000 0.100000
0 0.612945 0.769935 0.040000 0.100000
0 0.593172 0.767538 0.040000 0.100000
0 0.575197 0.767338 0.040000 0.100000
0 0.523604 0.767824 0.040000 0.100000
0 0.493246 0.767424 0.040000 0.100000
0 0.463886 0.767824 0.040000 0.100000
0 0.446191 0.767983 0.040000 0.100000
0 0.385075 0.768942 0.040000 0.100000
0 0.360992 0.767588 0.040000 0.100000
0 0.336227 0.769386 0.040000 0.100000
0 0.302074 0.767788 0.040000 0.100000
0 0.278466 0.768547 0.040000 0.100000
0 0.233548 0.721472 0.100000 0.040000
0 0.233149 0.695507 0.100000 0.040000
0 0.232327 0.623243 0.100000 0.040000
0 0.229997 0.601939 0.100000 0.040000
0 0.229165 0.579970 0.100000 0.040000
0 0.230996 0.556169 0.100000 0.040000
0 0.230829 0.516590 0.100000 0.040000
0 0.231229 0.503009 0.100000 0.040000
0 0.230630 0.486632 0.100000 0.040000
0 0.231069 0.457592 0.100000 0.040000
0 0.230829 0.427873 0.100000 0.040000
0 0.230829 0.386075 0.100000 0.040000
0 0.230542 0.407357 0.100000 0.040000
0 0.230829 0.361628 0.100000 0.040000
0 0.232052 0.328530 0.100000 0.040000
0 0.231572 0.271968 0.100000 0.040000
0 0.232291 0.251117 0.100000 0.040000
0 0.298334 0.249509 0.040000 0.100000
0 0.314871 0.249509 0.040000 0.100000
0 0.333326 0.247832 0.040000 0.100000
0 0.351062 0.248311 0.040000 0.100000
0 0.369756 0.248790 0.040000 0.100000
0 0.387012 0.246777 0.040000 0.100000
0 0.428714 0.245914 0.040000 0.100000
0 0.447696 0.248790 0.040000 0.100000
0 0.467541 0.248215 0.040000 0.100000
0 0.528163 0.248939 0.040000 0.100000
0 0.542064 0.247501 0.040000 0.100000
0 0.556923 0.249179 0.040000 0.100000
0 0.571543 0.247980 0.040000 0.100000
0 0.586882 0.248460 0.040000 0.100000
0 0.642629 0.247693 0.040000 0.100000
0 0.658159 0.249131 0.040000 0.100000
0 0.671677 0.249131 0.040000 0.100000
0 0.753126 0.254595 0.100000 0.040000
0 0.753126 0.276683 0.100000 0.040000
0 0.753126 0.297736 0.100000 0.040000
0 0.752551 0.340544 0.100000 0.040000
0 0.753151 0.358719 0.100000 0.040000
0 0.751393 0.428487 0.100000 0.040000
0 0.752591 0.410512 0.100000 0.040000
0 0.750914 0.444545 0.100000 0.040000
0 0.752296 0.566292 0.100000 0.040000
0 0.752030 0.532705 0.100000 0.040000
0 0.750968 0.584330 0.100000 0.040000
0 0.752596 0.620618 0.100000 0.040000
0 0.751431 0.601644 0.100000 0.040000
0 0.752096 0.679537 0.100000 0.040000
0 0.751597 0.699676 0.100000 0.040000
0 0.752496 0.719149 0.100000 0.040000
0 0.691180 0.752902 0.040000 0.100000
0 0.663738 0.753262 0.040000 0.100000
0 0.578586 0.754770 0.040000 0.100000
0 0.593732 0.755269 0.040000 0.100000
0 0.611041 0.754770 0.040000 0.100000
0 0.628117 0.753871 0.040000 0.100000
0 0.642697 0.753671 0.040000 0.100000
0 0.495681 0.753530 0.040000 0.100000
0 0.468635 0.753113 0.040000 0.100000
0 0.451258 0.753341 0.040000 0.100000
0 0.390382 0.752982 0.040000 0.100000
0 0.368093 0.753222 0.040000 0.100000
0 0.313256 0.751879 0.040000 0.100000
0 0.345180 0.754180 0.040000 0.100000
0 0.293124 0.752167 0.040000 0.100000
0 0.249408 0.713168 0.100000 0.040000
0 0.249231 0.687183 0.100000 0.040000
0 0.248812 0.614144 0.100000 0.040000
0 0.247613 0.595570 0.100000 0.040000
0 0.249411 0.573999 0.100000 0.040000
0 0.247094 0.554107 0.100000 0.040000
0 0.246115 0.515101 0.100000 0.040000
0 0.246515 0.498723 0.100000 0.040000
0 0.249111 0.478950 0.100000 0.040000
0 0.247833 0.457460 0.100000 0.040000
0 0.248312 0.430377 0.100000 0.040000
0 0.248073 0.410245 0.100000 0.040000
0 0.247354 0.392510 0.100000 0.040000
0 0.248570 0.369012 0.100000 0.040000
0 0.247239 0.353700 0.100000 0.040000
0 0.245907 0.334227 0.100000 0.040000
0 0.245075 0.316751 0.100000 0.040000
0 0.246273 0.280201 0.100000 0.040000
0 0.249469 0.261028 0.100000 0.040000
