0 0.235744 0.188246 0.040000 0.100000
0 0.268818 0.185130 0.040000 0.100000
0 0.301653 0.186089 0.040000 0.100000
0 0.332810 0.186089 0.040000 0.100000
0 0.362793 0.185154 0.040000 0.100000
0 0.390834 0.186352 0.040000 0.100000
0 0.426545 0.187071 0.040000 0.100000
0 0.458277 0.186592 0.040000 0.100000
0 0.518506 0.185370 0.040000 0.100000
0 0.542234 0.185849 0.040000 0.100000
0 0.567399 0.186328 0.040000 0.100000
0 0.619644 0.187111 0.040000 0.100000
0 0.593180 0.186611 0.040000 0.100000
0 0.671905 0.186611 0.040000 0.100000
0 0.699101 0.187377 0.040000 0.100000
0 0.729742 0.186561 0.040000 0.100000
0 0.812372 0.240584 0.100000 0.040000
0 0.815493 0.269941 0.100000 0.040000
0 0.814245 0.302813 0.100000 0.040000
0 0.813523 0.345537 0.100000 0.040000
0 0.813523 0.374298 0.100000 0.040000
0 0.813324 0.420314 0.100000 0.040000
0 0.812605 0.447876 0.100000 0.040000
0 0.814115 0.469183 0.100000 0.040000
0 0.813396 0.528621 0.100000 0.040000
0 0.814354 0.541084 0.100000 0.040000
0 0.813539 0.574398 0.100000 0.040000
0 0.813827 0.599995 0.100000 0.040000
0 0.814115 0.629043 0.100000 0.040000
0 0.813331 0.712271 0.100000 0.040000
0 0.813830 0.659844 0.100000 0.040000
0 0.813131 0.743528 0.100000 0.040000
0 0.813581 0.777432 0.100000 0.040000
0 0.698716 0.814877 0.040000 0.100000
0 0.733667 0.814710 0.040000 0.100000
0 0.669922 0.815376 0.040000 0.100000
0 0.643292 0.813712 0.040000 0.100000
0 0.618160 0.815043 0.040000 0.100000
0 0.592029 0.814411 0.040000 0.100000
0 0.565665 0.814011 0.040000 0.100000
0 0.521215 0.816084 0.040000 0.100000
0 0.483443 0.814073 0.040000 0.100000
0 0.452652 0.813518 0.040000 0.100000
0 0.425135 0.813684 0.040000 0.100000
0 0.371109 0.813385 0.040000 0.100000
0 0.341892 0.813608 0.040000 0.100000
0 0.308272 0.814606 0.040000 0.100000
0 0.272488 0.813774 0.040000 0.100000
0 0.242396 0.813874 0.040000 0.100000
0 0.187232 0.765501 0.100000 0.040000
0 0.187088 0.732666 0.100000 0.040000
0 0.185996 0.675720 0.100000 0.040000
0 0.185680 0.643839 0.100000 0.040000
0 0.185081 0.613281 0.100000 0.040000
0 0.186479 0.583322 0.100000 0.040000
0 0.186319 0.541060 0.100000 0.040000
0 0.184881 0.509424 0.100000 0.040000
0 0.184737 0.475583 0.100000 0.040000
0 0.187901 0.447685 0.100000 0.040000
0 0.185025 0.420938 0.100000 0.040000
0 0.184910 0.358010 0.100000 0.040000
0 0.184435 0.319102 0.100000 0.040000
0 0.185634 0.273325 0.100000 0.040000
0 0.186592 0.241209 0.100000 0.040000
0 0.244259 0.199609 0.040000 0.100000
0 0.277805 0.200852 0.040000 0.100000
0 0.307209 0.202840 0.040000 0.100000
0 0.336034 0.200355 0.040000 0.100000
0 0.362533 0.200665 0.040000 0.100000
0 0.387037 0.201701 0.040000 0.100000
0 0.427071 0.201701 0.040000 0.100000
0 0.457787 0.201356 0.040000 0.100000
0 0.519495 0.202736 0.040000 0.100000
0 0.541152 0.202776 0.040000 0.100000
0 0.563298 0.201338 0.040000 0.100000
0 0.587744 0.201051 0.040000 0.100000
0 0.609027 0.202489 0.040000 0.100000
0 0.662808 0.201626 0.040000 0.100000
0 0.688980 0.202201 0.040000 0.100000
0 0.715210 0.201051 0.040000 0.100000
0 0.798253 0.247821 0.100000 0.040000
0 0.799115 0.276869 0.100000 0.040000
0 0.796815 0.309080 0.100000 0.040000
0 0.796815 0.350495 0.100000 0.040000
0 0.797681 0.377151 0.100000 0.040000
0 0.797282 0.422488 0.100000 0.040000
0 0.796883 0.447214 0.100000 0.040000
0 0.797299 0.467556 0.100000 0.040000
0 0.798339 0.527543 0.100000 0.040000
0 0.797368 0.544464 0.100000 0.040000
0 0.797798 0.576684 0.100000 0.040000
0 0.797382 0.600262 0.100000 0.040000
0 0.798075 0.626337 0.100000 0.040000
0 0.797293 0.708075 0.100000 0.040000
0 0.798491 0.656746 0.100000 0.040000
0 0.798774 0.736519 0.100000 0.040000
0 0.798109 0.770139 0.100000 0.040000
0 0.720772 0.797989 0.040000 0.100000
0 0.688698 0.800878 0.040000 0.100000
0 0.637149 0.799491 0.040000 0.100000
0 0.660380 0.797758 0.040000 0.100000
0 0.616251 0.798936 0.040000 0.100000
0 0.590731 0.798104 0.040000 0.100000
0 0.566820 0.798881 0.040000 0.100000
0 0.521382 0.799047 0.040000 0.100000
0 0.485099 0.797483 0.040000 0.100000
0 0.454541 0.798881 0.040000 0.100000
0 0.431559 0.798396 0.040000 0.100000
0 0.375178 0.798951 0.040000 0.100000
0 0.346967 0.798645 0.040000 0.100000
0 0.315011 0.799145 0.040000 0.100000
0 0.280259 0.797680 0.040000 0.100000
0 0.254894 0.798879 0.040000 0.100000
0 0.201309 0.752712 0.100000 0.040000
0 0.200893 0.724833 0.100000 0.040000
0 0.199477 0.664939 0.100000 0.040000
0 0.201684 0.636029 0.100000 0.040000
0 0.201684 0.607901 0.100000 0.040000
0 0.202863 0.579981 0.100000 0.040000
0 0.201927 0.537990 0.100000 0.040000
0 0.200966 0.503395 0.100000 0.040000
0 0.200300 0.473935 0.100000 0.040000
0 0.201898 0.447705 0.100000 0.040000
0 0.202347 0.422622 0.100000 0.040000
0 0.202347 0.397158 0.100000 0.040000
0 0.201082 0.364269 0.100000 0.040000
0 0.201762 0.326303 0.100000 0.040000
0 0.201734 0.281449 0.100000 0.040000
0 0.202083 0.251654 0.100000 0.040000
0 0.261397 0.218874 0.040000 0.100000
0 0.287282 0.216957 0.040000 0.100000
0 0.316521 0.217915 0.040000 0.100000
0 0.341447 0.219114 0.040000 0.100000
0 0.363976 0.219593 0.040000 0.100000
0 0.388183 0.216717 0.040000 0.100000
0 0.427009 0.216717 0.040000 0.100000
0 0.456057 0.216429 0.040000 0.100000
0 0.442252 0.215854 0.040000 0.100000
0 0.521458 0.218097 0.040000 0.100000
0 0.541049 0.217153 0.040000 0.100000
0 0.559503 0.215955 0.040000 0.100000
0 0.581313 0.217153 0.040000 0.100000
0 0.602404 0.218112 0.040000 0.100000
0 0.655419 0.217393 0.040000 0.100000
0 0.676414 0.217680 0.040000 0.100000
0 0.697697 0.217680 0.040000 0.100000
0 0.782948 0.256224 0.100000 0.040000
0 0.783906 0.282108 0.100000 0.040000
0 0.781749 0.310150 0.100000 0.040000
0 0.783331 0.352236 0.100000 0.040000
0 0.783331 0.376395 0.100000 0.040000
0 0.781040 0.422881 0.100000 0.040000
0 0.780561 0.444931 0.100000 0.040000
0 0.781999 0.465063 0.100000 0.040000
0 0.782478 0.529342 0.100000 0.040000
0 0.782478 0.543722 0.100000 0.040000
0 0.780048 0.649134 0.100000 0.040000
0 0.780527 0.623969 0.100000 0.040000
0 0.784026 0.578192 0.100000 0.040000
0 0.781725 0.599187 0.100000 0.040000
0 0.781921 0.705157 0.100000 0.040000
0 0.782121 0.729124 0.100000 0.040000
0 0.781486 0.758880 0.100000 0.040000
0 0.705646 0.781959 0.040000 0.100000
0 0.675587 0.782292 0.040000 0.100000
0 0.651221 0.782292 0.040000 0.100000
0 0.631847 0.782492 0.040000 0.100000
0 0.612873 0.782891 0.040000 0.100000
0 0.590659 0.782874 0.040000 0.100000
0 0.569970 0.782412 0.040000 0.100000
0 0.522327 0.782967 0.040000 0.100000
0 0.489428 0.782662 0.040000 0.100000
0 0.458804 0.782828 0.040000 0.100000
0 0.437841 0.783580 0.040000 0.100000
0 0.380697 0.780945 0.040000 0.100000
0 0.354289 0.782498 0.040000 0.100000
0 0.324663 0.781999 0.040000 0.100000
0 0.291942 0.780201 0.040000 0.100000
0 0.268175 0.782598 0.040000 0.100000
0 0.218203 0.741015 0.100000 0.040000
0 0.217245 0.715370 0.100000 0.040000
0 0.216957 0.652146 0.100000 0.040000
0 0.218578 0.627127 0.100000 0.040000
0 0.218245 0.600664 0.100000 0.040000
0 0.218245 0.575199 0.100000 0.040000
0 0.217203 0.536249 0.100000 0.040000
0 0.217370 0.522102 0.100000 0.040000
0 0.215539 0.502296 0.100000 0.040000
0 0.219215 0.423141 0.100000 0.040000
0 0.219381 0.400672 0.100000 0.040000
0 0.217550 0.447275 0.100000 0.040000
0 0.216884 0.465416 0.100000 0.040000
0 0.216332 0.368756 0.100000 0.040000
0 0.216572 0.330888 0.100000 0.040000
0 0.217530 0.288227 0.100000 0.040000
0 0.218968 0.262343 0.100000 0.040000
0 0.271558 0.232958 0.040000 0.100000
0 0.299360 0.232958 0.040000 0.100000
0 0.322128 0.233917 0.040000 0.100000
0 0.346095 0.232958 0.040000 0.100000
0 0.364694 0.233198 0.040000 0.100000
0 0.387702 0.234924 0.040000 0.100000
0 0.426744 0.234037 0.040000 0.100000
0 0.442802 0.234037 0.040000 0.100000
0 0.456801 0.234557 0.040000 0.100000
0 0.523204 0.234191 0.040000 0.100000
0 0.540180 0.233992 0.040000 0.100000
0 0.556757 0.233392 0.040000 0.100000
0 0.575132 0.233992 0.040000 0.100000
0 0.592948 0.234071 0.040000 0.100000
0 0.646394 0.234551 0.040000 0.100000
0 0.664849 0.235030 0.040000 0.100000
0 0.684022 0.235509 0.040000 0.100000
0 0.766720 0.262380 0.100000 0.040000
0 0.767120 0.287746 0.100000 0.040000
0 0.767599 0.312711 0.100000 0.040000
0 0.766389 0.353691 0.100000 0.040000
0 0.766588 0.375461 0.100000 0.040000
0 0.767038 0.424297 0.100000 0.040000
0 0.766206 0.445101 0.100000 0.040000
0 0.766372 0.461412 0.100000 0.040000
0 0.766453 0.530431 0.100000 0.040000
0 0.765954 0.545576 0.100000 0.040000
0 0.768650 0.578831 0.100000 0.040000
0 0.766453 0.598004 0.100000 0.040000
0 0.764780 0.643983 0.100000 0.040000
0 0.767970 0.619294 0.100000 0.040000
0 0.766066 0.698788 0.100000 0.040000
0 0.765733 0.721590 0.100000 0.040000
0 0.767731 0.750384 0.100000 0.040000
0 0.694232 0.764365 0.040000 0.100000
0 0.667469 0.765163 0.040000 0.100000
0 0.644101 0.766362 0.040000 0.100000
0 0.627364 0.764684 0.040000 0.100000
0 0.611066 0.766122 0.040000 0.100000
0 0.591414 0.765882 0.040000 0.100000
0 0.572959 0.765403 0.040000 0.100000
0 0.523258 0.767666 0.040000 0.100000
0 0.490664 0.767389 0.040000 0.100000
0 0.443951 0.767472 0.040000 0.100000
0 0.461759 0.767472 0.040000 0.100000
0 0.384717 0.768436 0.040000 0.100000
0 0.358953 0.768037 0.040000 0.100000
0 0.335385 0.765840 0.040000 0.100000
0 0.301046 0.768300 0.040000 0.100000
0 0.282072 0.766469 0.040000 0.100000
0 0.233805 0.732083 0.100000 0.040000
0 0.231608 0.707717 0.100000 0.040000
0 0.235599 0.639407 0.100000 0.040000
0 0.232603 0.616638 0.100000 0.040000
0 0.233002 0.593869 0.100000 0.040000
0 0.233801 0.572299 0.100000 0.040000
0 0.234640 0.531116 0.100000 0.040000
0 0.235918 0.514658 0.100000 0.040000
0 0.233122 0.498880 0.100000 0.040000
0 0.232523 0.471718 0.100000 0.040000
0 0.233345 0.444166 0.100000 0.040000
0 0.231747 0.423794 0.100000 0.040000
0 0.231747 0.405219 0.100000 0.040000
0 0.232946 0.374661 0.100000 0.040000
0 0.232744 0.340410 0.100000 0.040000
0 0.233576 0.292809 0.100000 0.040000
0 0.234375 0.268743 0.100000 0.040000
0 0.231978 0.327062 0.100000 0.040000
0 0.290691 0.249888 0.040000 0.100000
0 0.308906 0.248929 0.040000 0.100000
0 0.329757 0.250127 0.040000 0.100000
0 0.351327 0.250127 0.040000 0.100000
0 0.368344 0.248929 0.040000 0.100000
0 0.387278 0.247251 0.040000 0.100000
0 0.246592 0.276251 0.100000 0.040000
0 0.249228 0.297822 0.100000 0.040000
0 0.248509 0.331615 0.100000 0.040000
0 0.428214 0.247251 0.040000 0.100000
0 0.444319 0.246676 0.040000 0.100000
0 0.456686 0.246964 0.040000 0.100000
0 0.537848 0.249092 0.040000 0.100000
0 0.525424 0.248747 0.040000 0.100000
0 0.552461 0.249609 0.040000 0.100000
0 0.569238 0.250807 0.040000 0.100000
0 0.586015 0.249609 0.040000 0.100000
0 0.639461 0.248410 0.040000 0.100000
0 0.654704 0.250136 0.040000 0.100000
0 0.671386 0.249561 0.040000 0.100000
0 0.750932 0.269544 0.100000 0.040000
0 0.750932 0.292073 0.100000 0.040000
0 0.751172 0.313644 0.100000 0.040000
0 0.750453 0.353908 0.100000 0.040000
0 0.749973 0.375239 0.100000 0.040000
0 0.751051 0.424393 0.100000 0.040000
0 0.749853 0.440371 0.100000 0.040000
0 0.750052 0.458346 0.100000 0.040000
0 0.748854 0.529528 0.100000 0.040000
0 0.749573 0.545346 0.100000 0.040000
0 0.748399 0.579835 0.100000 0.040000
0 0.748159 0.595893 0.100000 0.040000
0 0.749597 0.615066 0.100000 0.040000
0 0.750556 0.636157 0.100000 0.040000
0 0.749986 0.694054 0.100000 0.040000
0 0.749820 0.713694 0.100000 0.040000
0 0.748821 0.737661 0.100000 0.040000
0 0.686208 0.751308 0.040000 0.100000
0 0.658879 0.753024 0.040000 0.100000
0 0.637549 0.752065 0.040000 0.100000
0 0.622929 0.752784 0.040000 0.100000
0 0.608788 0.753024 0.040000 0.100000
0 0.592012 0.752065 0.040000 0.100000
0 0.576065 0.752965 0.040000 0.100000
0 0.524646 0.753001 0.040000 0.100000
0 0.495186 0.753168 0.040000 0.100000
0 0.466892 0.752169 0.040000 0.100000
0 0.448251 0.752335 0.040000 0.100000
0 0.388799 0.753301 0.040000 0.100000
0 0.367029 0.751503 0.040000 0.100000
0 0.342703 0.750704 0.040000 0.100000
0 0.311306 0.751184 0.040000 0.100000
0 0.294529 0.750944 0.040000 0.100000
0 0.248601 0.721085 0.100000 0.040000
0 0.248601 0.698783 0.100000 0.040000
0 0.249266 0.628273 0.100000 0.040000
0 0.249985 0.606223 0.100000 0.040000
0 0.249027 0.585851 0.100000 0.040000
0 0.248179 0.566671 0.100000 0.040000
0 0.248778 0.525727 0.100000 0.040000
0 0.249777 0.509150 0.100000 0.040000
0 0.250626 0.487263 0.100000 0.040000
0 0.250127 0.468289 0.100000 0.040000
0 0.250426 0.442558 0.100000 0.040000
0 0.250226 0.425182 0.100000 0.040000
0 0.247830 0.406408 0.100000 0.040000
0 0.248229 0.379325 0.100000 0.040000
0 0.248708 0.346251 0.100000 0.040000
