0 0.273543 0.182964 0.040000 0.100000
0 0.240189 0.183363 0.040000 0.100000
0 0.301105 0.181166 0.040000 0.100000
0 0.336057 0.183962 0.040000 0.100000
0 0.363419 0.183762 0.040000 0.100000
0 0.391380 0.182205 0.040000 0.100000
0 0.428289 0.182205 0.040000 0.100000
0 0.442190 0.182924 0.040000 0.100000
0 0.522054 0.183483 0.040000 0.100000
0 0.545854 0.182318 0.040000 0.100000
0 0.570487 0.182818 0.040000 0.100000
0 0.596784 0.184649 0.040000 0.100000
0 0.469027 0.181819 0.040000 0.100000
0 0.673814 0.185510 0.040000 0.100000
0 0.619583 0.184678 0.040000 0.100000
0 0.700638 0.183596 0.040000 0.100000
0 0.725936 0.184262 0.040000 0.100000
0 0.816425 0.219666 0.100000 0.040000
0 0.817599 0.253292 0.100000 0.040000
0 0.816596 0.283438 0.100000 0.040000
0 0.816996 0.326379 0.100000 0.040000
0 0.815797 0.354340 0.100000 0.040000
0 0.816926 0.429297 0.100000 0.040000
0 0.818175 0.402973 0.100000 0.040000
0 0.816936 0.455373 0.100000 0.040000
0 0.817735 0.517088 0.100000 0.040000
0 0.817775 0.559429 0.100000 0.040000
0 0.817775 0.586032 0.100000 0.040000
0 0.817662 0.612563 0.100000 0.040000
0 0.816863 0.643920 0.100000 0.040000
0 0.816228 0.694406 0.100000 0.040000
0 0.816428 0.726362 0.100000 0.040000
0 0.817227 0.757718 0.100000 0.040000
0 0.742288 0.816769 0.040000 0.100000
0 0.706689 0.817809 0.040000 0.100000
0 0.674141 0.818410 0.040000 0.100000
0 0.646263 0.817856 0.040000 0.100000
0 0.591422 0.816302 0.040000 0.100000
0 0.620216 0.817800 0.040000 0.100000
0 0.565824 0.816202 0.040000 0.100000
0 0.521885 0.816802 0.040000 0.100000
0 0.484057 0.817441 0.040000 0.100000
0 0.453619 0.817680 0.040000 0.100000
0 0.425770 0.817153 0.040000 0.100000
0 0.372276 0.817441 0.040000 0.100000
0 0.342652 0.816866 0.040000 0.100000
0 0.306530 0.818419 0.040000 0.100000
0 0.269946 0.817038 0.040000 0.100000
0 0.235089 0.817383 0.040000 0.100000
0 0.183245 0.754284 0.100000 0.040000
0 0.183411 0.723826 0.100000 0.040000
0 0.183345 0.658882 0.100000 0.040000
0 0.183225 0.627006 0.100000 0.040000
0 0.183225 0.596569 0.100000 0.040000
0 0.183465 0.567329 0.100000 0.040000
0 0.183355 0.518038 0.100000 0.040000
0 0.181558 0.500263 0.100000 0.040000
0 0.180958 0.466509 0.100000 0.040000
0 0.182706 0.432273 0.100000 0.040000
0 0.182706 0.404478 0.100000 0.040000
0 0.182506 0.376550 0.100000 0.040000
0 0.182706 0.349787 0.100000 0.040000
0 0.183305 0.335008 0.100000 0.040000
0 0.182107 0.308564 0.100000 0.040000
0 0.182107 0.294663 0.100000 0.040000
0 0.181963 0.258378 0.100000 0.040000
0 0.181388 0.225591 0.100000 0.040000
0 0.251367 0.196644 0.040000 0.100000
0 0.283230 0.197709 0.040000 0.100000
0 0.309114 0.199147 0.040000 0.100000
0 0.339313 0.200585 0.040000 0.100000
0 0.363998 0.199387 0.040000 0.100000
0 0.389403 0.199387 0.040000 0.100000
0 0.428099 0.198410 0.040000 0.100000
0 0.460720 0.199908 0.040000 0.100000
0 0.522968 0.198577 0.040000 0.100000
0 0.543639 0.199076 0.040000 0.100000
0 0.567206 0.198277 0.040000 0.100000
0 0.588177 0.199276 0.040000 0.100000
0 0.609148 0.200874 0.040000 0.100000
0 0.666213 0.199732 0.040000 0.100000
0 0.687850 0.200398 0.040000 0.100000
0 0.711317 0.199732 0.040000 0.100000
0 0.802092 0.226661 0.100000 0.040000
0 0.802042 0.257069 0.100000 0.040000
0 0.801543 0.286529 0.100000 0.040000
0 0.801120 0.354659 0.100000 0.040000
0 0.800426 0.330734 0.100000 0.040000
0 0.802114 0.404313 0.100000 0.040000
0 0.800699 0.459132 0.100000 0.040000
0 0.800240 0.428101 0.100000 0.040000
0 0.798514 0.516395 0.100000 0.040000
0 0.799590 0.529025 0.100000 0.040000
0 0.799243 0.560810 0.100000 0.040000
0 0.799992 0.585152 0.100000 0.040000
0 0.799659 0.609951 0.100000 0.040000
0 0.799826 0.637413 0.100000 0.040000
0 0.800758 0.690972 0.100000 0.040000
0 0.799991 0.746871 0.100000 0.040000
0 0.729244 0.802015 0.040000 0.100000
0 0.696410 0.801775 0.040000 0.100000
0 0.664773 0.801296 0.040000 0.100000
0 0.640175 0.802675 0.040000 0.100000
0 0.618260 0.801982 0.040000 0.100000
0 0.591908 0.802121 0.040000 0.100000
0 0.567497 0.803092 0.040000 0.100000
0 0.523280 0.800817 0.040000 0.100000
0 0.486273 0.801879 0.040000 0.100000
0 0.455815 0.802046 0.040000 0.100000
0 0.431516 0.800381 0.040000 0.100000
0 0.376633 0.801727 0.040000 0.100000
0 0.347257 0.802171 0.040000 0.100000
0 0.315132 0.799871 0.040000 0.100000
0 0.278238 0.800148 0.040000 0.100000
0 0.246615 0.800426 0.040000 0.100000
0 0.198646 0.742342 0.100000 0.040000
0 0.198646 0.712184 0.100000 0.040000
0 0.198606 0.647873 0.100000 0.040000
0 0.199366 0.590099 0.100000 0.040000
0 0.199366 0.617145 0.100000 0.040000
0 0.199420 0.562395 0.100000 0.040000
0 0.199281 0.527166 0.100000 0.040000
0 0.198727 0.513990 0.100000 0.040000
0 0.199420 0.494850 0.100000 0.040000
0 0.199448 0.462339 0.100000 0.040000
0 0.198849 0.431115 0.100000 0.040000
0 0.199048 0.406350 0.100000 0.040000
0 0.199178 0.380802 0.100000 0.040000
0 0.198679 0.353173 0.100000 0.040000
0 0.198845 0.316391 0.100000 0.040000
0 0.199345 0.300579 0.100000 0.040000
0 0.198978 0.265161 0.100000 0.040000
0 0.198579 0.236201 0.100000 0.040000
0 0.265802 0.214455 0.040000 0.100000
0 0.291926 0.213017 0.040000 0.100000
0 0.317091 0.214215 0.040000 0.100000
0 0.342496 0.213975 0.040000 0.100000
0 0.366703 0.214934 0.040000 0.100000
0 0.390670 0.214215 0.040000 0.100000
0 0.429592 0.214934 0.040000 0.100000
0 0.443684 0.215222 0.040000 0.100000
0 0.460078 0.214647 0.040000 0.100000
0 0.523580 0.214647 0.040000 0.100000
0 0.543252 0.214301 0.040000 0.100000
0 0.563615 0.213956 0.040000 0.100000
0 0.582942 0.214301 0.040000 0.100000
0 0.603649 0.215337 0.040000 0.100000
0 0.657920 0.214376 0.040000 0.100000
0 0.678915 0.213513 0.040000 0.100000
0 0.698472 0.214951 0.040000 0.100000
0 0.785506 0.235584 0.100000 0.040000
0 0.785218 0.263194 0.100000 0.040000
0 0.784068 0.289078 0.100000 0.040000
0 0.785365 0.333411 0.100000 0.040000
0 0.785365 0.355980 0.100000 0.040000
0 0.785085 0.407669 0.100000 0.040000
0 0.783887 0.427801 0.100000 0.040000
0 0.785325 0.450569 0.100000 0.040000
0 0.785209 0.563593 0.100000 0.040000
0 0.784410 0.585363 0.100000 0.040000
0 0.784610 0.606734 0.100000 0.040000
0 0.785808 0.631300 0.100000 0.040000
0 0.785608 0.516858 0.100000 0.040000
0 0.784704 0.685467 0.100000 0.040000
0 0.786717 0.713652 0.100000 0.040000
0 0.784704 0.737810 0.100000 0.040000
0 0.713655 0.783663 0.040000 0.100000
0 0.684362 0.785494 0.040000 0.100000
0 0.655868 0.784329 0.040000 0.100000
0 0.634897 0.785327 0.040000 0.100000
0 0.616922 0.785128 0.040000 0.100000
0 0.591557 0.785527 0.040000 0.100000
0 0.572623 0.784329 0.040000 0.100000
0 0.523731 0.785048 0.040000 0.100000
0 0.489750 0.784644 0.040000 0.100000
0 0.457394 0.785244 0.040000 0.100000
0 0.439619 0.784245 0.040000 0.100000
0 0.380817 0.784528 0.040000 0.100000
0 0.352689 0.784528 0.040000 0.100000
0 0.323563 0.784128 0.040000 0.100000
0 0.288411 0.784528 0.040000 0.100000
0 0.261329 0.784168 0.040000 0.100000
0 0.215612 0.730399 0.100000 0.040000
0 0.213814 0.702837 0.100000 0.040000
0 0.214813 0.637128 0.100000 0.040000
0 0.215412 0.607968 0.100000 0.040000
0 0.215931 0.584001 0.100000 0.040000
0 0.213535 0.558596 0.100000 0.040000
0 0.215488 0.491333 0.100000 0.040000
0 0.215288 0.460975 0.100000 0.040000
0 0.213690 0.432015 0.100000 0.040000
0 0.214899 0.408278 0.100000 0.040000
0 0.214732 0.385143 0.100000 0.040000
0 0.214399 0.358180 0.100000 0.040000
0 0.214133 0.321830 0.100000 0.040000
0 0.215531 0.306651 0.100000 0.040000
0 0.214213 0.270661 0.100000 0.040000
0 0.215411 0.246454 0.100000 0.040000
0 0.279737 0.229074 0.040000 0.100000
0 0.301307 0.229074 0.040000 0.100000
0 0.325274 0.231470 0.040000 0.100000
0 0.348442 0.233068 0.040000 0.100000
0 0.367016 0.230871 0.040000 0.100000
0 0.388227 0.230632 0.040000 0.100000
0 0.429210 0.230871 0.040000 0.100000
0 0.460223 0.228906 0.040000 0.100000
0 0.525010 0.229685 0.040000 0.100000
0 0.543784 0.229885 0.040000 0.100000
0 0.560561 0.230683 0.040000 0.100000
0 0.578935 0.230284 0.040000 0.100000
0 0.593915 0.230084 0.040000 0.100000
0 0.668811 0.231163 0.040000 0.100000
0 0.686163 0.230300 0.040000 0.100000
0 0.651363 0.230588 0.040000 0.100000
0 0.769707 0.243641 0.100000 0.040000
0 0.769541 0.268773 0.100000 0.040000
0 0.769874 0.295070 0.100000 0.040000
0 0.768775 0.337478 0.100000 0.040000
0 0.768695 0.357570 0.100000 0.040000
0 0.767976 0.409578 0.100000 0.040000
0 0.767880 0.448980 0.100000 0.040000
0 0.770109 0.518431 0.100000 0.040000
0 0.768671 0.564448 0.100000 0.040000
0 0.769390 0.586018 0.100000 0.040000
0 0.768671 0.604712 0.100000 0.040000
0 0.768432 0.626857 0.100000 0.040000
0 0.769007 0.682365 0.100000 0.040000
0 0.770076 0.707506 0.100000 0.040000
0 0.768158 0.728118 0.100000 0.040000
0 0.703927 0.770060 0.040000 0.100000
0 0.674307 0.769811 0.040000 0.100000
0 0.651173 0.769312 0.040000 0.100000
0 0.632698 0.770311 0.040000 0.100000
0 0.613624 0.769412 0.040000 0.100000
0 0.593652 0.769012 0.040000 0.100000
0 0.575677 0.770011 0.040000 0.100000
0 0.525529 0.768370 0.040000 0.100000
0 0.493574 0.770367 0.040000 0.100000
0 0.461485 0.769369 0.040000 0.100000
0 0.444308 0.769968 0.040000 0.100000
0 0.386069 0.767212 0.040000 0.100000
0 0.358986 0.771286 0.040000 0.100000
0 0.332623 0.770088 0.040000 0.100000
0 0.299215 0.769002 0.040000 0.100000
0 0.275748 0.769002 0.040000 0.100000
0 0.231010 0.721268 0.100000 0.040000
0 0.229412 0.696702 0.100000 0.040000
0 0.232058 0.625610 0.100000 0.040000
0 0.231060 0.602476 0.100000 0.040000
0 0.230560 0.578509 0.100000 0.040000
0 0.229411 0.555840 0.100000 0.040000
0 0.230903 0.520240 0.100000 0.040000
0 0.230040 0.503846 0.100000 0.040000
0 0.230615 0.484577 0.100000 0.040000
0 0.230615 0.460706 0.100000 0.040000
0 0.230315 0.411538 0.100000 0.040000
0 0.231114 0.431910 0.100000 0.040000
0 0.229517 0.389568 0.100000 0.040000
0 0.229916 0.365202 0.100000 0.040000
0 0.230036 0.349184 0.100000 0.040000
0 0.229796 0.329531 0.100000 0.040000
0 0.231474 0.279201 0.100000 0.040000
0 0.231138 0.253700 0.100000 0.040000
0 0.295211 0.247569 0.040000 0.100000
0 0.314984 0.245771 0.040000 0.100000
0 0.330562 0.245172 0.040000 0.100000
0 0.351733 0.245571 0.040000 0.100000
0 0.371226 0.248168 0.040000 0.100000
0 0.389441 0.245292 0.040000 0.100000
0 0.430425 0.243614 0.040000 0.100000
0 0.461582 0.245196 0.040000 0.100000
0 0.528938 0.248130 0.040000 0.100000
0 0.541708 0.246404 0.040000 0.100000
0 0.556893 0.246404 0.040000 0.100000
0 0.572424 0.248475 0.040000 0.100000
0 0.588299 0.246404 0.040000 0.100000
0 0.642691 0.245438 0.040000 0.100000
0 0.659671 0.246680 0.040000 0.100000
0 0.674994 0.246266 0.040000 0.100000
0 0.753682 0.254300 0.100000 0.040000
0 0.756664 0.275173 0.100000 0.040000
0 0.752191 0.297537 0.100000 0.040000
0 0.753185 0.341768 0.100000 0.040000
0 0.751197 0.360654 0.100000 0.040000
0 0.754676 0.412836 0.100000 0.040000
0 0.752191 0.430727 0.100000 0.040000
0 0.751861 0.447760 0.100000 0.040000
0 0.753644 0.520696 0.100000 0.040000
0 0.753644 0.536227 0.100000 0.040000
0 0.753299 0.568668 0.100000 0.040000
0 0.753299 0.586615 0.100000 0.040000
0 0.752500 0.604948 0.100000 0.040000
0 0.752500 0.624721 0.100000 0.040000
0 0.753738 0.680204 0.100000 0.040000
0 0.752779 0.721667 0.100000 0.040000
0 0.754457 0.701535 0.100000 0.040000
0 0.691524 0.753235 0.040000 0.100000
0 0.664961 0.753834 0.040000 0.100000
0 0.644389 0.753834 0.040000 0.100000
0 0.628411 0.752636 0.040000 0.100000
0 0.612034 0.753235 0.040000 0.100000
0 0.594858 0.753635 0.040000 0.100000
0 0.578330 0.755415 0.040000 0.100000
0 0.527168 0.753585 0.040000 0.100000
0 0.495811 0.754384 0.040000 0.100000
0 0.467490 0.754384 0.040000 0.100000
0 0.452391 0.754863 0.040000 0.100000
0 0.390077 0.754384 0.040000 0.100000
0 0.367788 0.754096 0.040000 0.100000
0 0.341904 0.752946 0.040000 0.100000
0 0.311418 0.753233 0.040000 0.100000
0 0.288409 0.754959 0.040000 0.100000
0 0.246736 0.712998 0.100000 0.040000
0 0.247023 0.687401 0.100000 0.040000
0 0.246161 0.617513 0.100000 0.040000
0 0.245618 0.596989 0.100000 0.040000
0 0.245019 0.576018 0.100000 0.040000
0 0.245418 0.553449 0.100000 0.040000
0 0.245219 0.518697 0.100000 0.040000
0 0.245219 0.500922 0.100000 0.040000
0 0.244260 0.486182 0.100000 0.040000
0 0.244739 0.461017 0.100000 0.040000
0 0.246417 0.415000 0.100000 0.040000
0 0.246417 0.431538 0.100000 0.040000
0 0.246421 0.396134 0.100000 0.040000
0 0.246621 0.371768 0.100000 0.040000
0 0.246221 0.353993 0.100000 0.040000
0 0.245422 0.336417 0.100000 0.040000
0 0.245622 0.319640 0.100000 0.040000
0 0.247779 0.285807 0.100000 0.040000
0 0.247540 0.264237 0.100000 0.040000
