0 0.182563 0.253197 0.100000 0.040000
0 0.182802 0.222280 0.100000 0.040000
0 0.182323 0.292263 0.100000 0.040000
0 0.182083 0.307122 0.100000 0.040000
0 0.182083 0.331329 0.100000 0.040000
0 0.180645 0.345709 0.100000 0.040000
0 0.181317 0.371114 0.100000 0.040000
0 0.181892 0.399298 0.100000 0.040000
0 0.183190 0.460434 0.100000 0.040000
0 0.184388 0.425882 0.100000 0.040000
0 0.182790 0.490991 0.100000 0.040000
0 0.181193 0.518353 0.100000 0.040000
0 0.182591 0.567725 0.100000 0.040000
0 0.183333 0.597134 0.100000 0.040000
0 0.182501 0.627592 0.100000 0.040000
0 0.183133 0.659148 0.100000 0.040000
0 0.182959 0.722219 0.100000 0.040000
0 0.183791 0.752510 0.100000 0.040000
0 0.235079 0.815703 0.040000 0.100000
0 0.267634 0.816901 0.040000 0.100000
0 0.306261 0.817620 0.040000 0.100000
0 0.341492 0.818100 0.040000 0.100000
0 0.373863 0.816583 0.040000 0.100000
0 0.424071 0.818109 0.040000 0.100000
0 0.449591 0.818248 0.040000 0.100000
0 0.483322 0.817083 0.040000 0.100000
0 0.515877 0.817382 0.040000 0.100000
0 0.565009 0.817382 0.040000 0.100000
0 0.591932 0.817422 0.040000 0.100000
0 0.619494 0.818141 0.040000 0.100000
0 0.645138 0.817662 0.040000 0.100000
0 0.671837 0.817710 0.040000 0.100000
0 0.702323 0.816847 0.040000 0.100000
0 0.737410 0.817422 0.040000 0.100000
0 0.816731 0.751619 0.100000 0.040000
0 0.817326 0.725907 0.100000 0.040000
0 0.817992 0.694617 0.100000 0.040000
0 0.816328 0.641025 0.100000 0.040000
0 0.816639 0.583432 0.100000 0.040000
0 0.817043 0.556122 0.100000 0.040000
0 0.816643 0.525365 0.100000 0.040000
0 0.817841 0.460854 0.100000 0.040000
0 0.818560 0.428499 0.100000 0.040000
0 0.817182 0.400997 0.100000 0.040000
0 0.817382 0.354062 0.100000 0.040000
0 0.817742 0.325462 0.100000 0.040000
0 0.816543 0.281842 0.100000 0.040000
0 0.815057 0.250350 0.100000 0.040000
0 0.816495 0.219577 0.100000 0.040000
0 0.725901 0.183914 0.040000 0.100000
0 0.700430 0.183429 0.040000 0.100000
0 0.673587 0.183908 0.040000 0.100000
0 0.619901 0.182470 0.040000 0.100000
0 0.597852 0.181751 0.040000 0.100000
0 0.570161 0.182447 0.040000 0.100000
0 0.544756 0.182686 0.040000 0.100000
0 0.521029 0.182207 0.040000 0.100000
0 0.467667 0.183473 0.040000 0.100000
0 0.442502 0.183952 0.040000 0.100000
0 0.424766 0.183233 0.040000 0.100000
0 0.387618 0.181556 0.040000 0.100000
0 0.357659 0.181556 0.040000 0.100000
0 0.331296 0.182754 0.040000 0.100000
0 0.296400 0.181508 0.040000 0.100000
0 0.266202 0.180933 0.040000 0.100000
0 0.237155 0.182083 0.040000 0.100000
0 0.303911 0.197787 0.040000 0.100000
0 0.278372 0.198477 0.040000 0.100000
0 0.251453 0.198477 0.040000 0.100000
0 0.334627 0.196751 0.040000 0.100000
0 0.357750 0.198477 0.040000 0.100000
0 0.385360 0.197787 0.040000 0.100000
0 0.425394 0.197787 0.040000 0.100000
0 0.460596 0.198132 0.040000 0.100000
0 0.444375 0.200548 0.040000 0.100000
0 0.522166 0.197787 0.040000 0.100000
0 0.544530 0.196959 0.040000 0.100000
0 0.566065 0.197373 0.040000 0.100000
0 0.589258 0.197787 0.040000 0.100000
0 0.610793 0.198201 0.040000 0.100000
0 0.665851 0.198488 0.040000 0.100000
0 0.689219 0.198888 0.040000 0.100000
0 0.710789 0.199686 0.040000 0.100000
0 0.802226 0.225375 0.100000 0.040000
0 0.803025 0.256132 0.100000 0.040000
0 0.801627 0.283295 0.100000 0.040000
0 0.801867 0.326571 0.100000 0.040000
0 0.801004 0.354180 0.100000 0.040000
0 0.801642 0.402464 0.100000 0.040000
0 0.801881 0.426910 0.100000 0.040000
0 0.801642 0.451356 0.100000 0.040000
0 0.802361 0.515108 0.100000 0.040000
0 0.801646 0.556774 0.100000 0.040000
0 0.801845 0.582538 0.100000 0.040000
0 0.799848 0.608302 0.100000 0.040000
0 0.799249 0.635864 0.100000 0.040000
0 0.802408 0.689337 0.100000 0.040000
0 0.801410 0.719296 0.100000 0.040000
0 0.800841 0.743304 0.100000 0.040000
0 0.724463 0.801064 0.040000 0.100000
0 0.691731 0.800787 0.040000 0.100000
0 0.663991 0.803283 0.040000 0.100000
0 0.638721 0.801841 0.040000 0.100000
0 0.616419 0.802673 0.040000 0.100000
0 0.591886 0.801641 0.040000 0.100000
0 0.566921 0.800043 0.040000 0.100000
0 0.521667 0.800360 0.040000 0.100000
0 0.486216 0.802690 0.040000 0.100000
0 0.454662 0.801067 0.040000 0.100000
0 0.432332 0.800235 0.040000 0.100000
0 0.377630 0.800096 0.040000 0.100000
0 0.346107 0.801528 0.040000 0.100000
0 0.315150 0.800729 0.040000 0.100000
0 0.276723 0.800090 0.040000 0.100000
0 0.248682 0.800329 0.040000 0.100000
0 0.199239 0.740893 0.100000 0.040000
0 0.198684 0.711767 0.100000 0.040000
0 0.200515 0.645026 0.100000 0.040000
0 0.198964 0.590269 0.100000 0.040000
0 0.199443 0.618789 0.100000 0.040000
0 0.198601 0.562690 0.100000 0.040000
0 0.198768 0.524410 0.100000 0.040000
0 0.198601 0.511927 0.100000 0.040000
0 0.198435 0.493786 0.100000 0.040000
0 0.197603 0.459234 0.100000 0.040000
0 0.198202 0.426479 0.100000 0.040000
0 0.198721 0.400076 0.100000 0.040000
0 0.197498 0.376217 0.100000 0.040000
0 0.199023 0.351529 0.100000 0.040000
0 0.198136 0.335024 0.100000 0.040000
0 0.198635 0.312722 0.100000 0.040000
0 0.197636 0.298408 0.100000 0.040000
0 0.197478 0.260791 0.100000 0.040000
0 0.197756 0.233052 0.100000 0.040000
0 0.263741 0.214990 0.040000 0.100000
0 0.289142 0.215058 0.040000 0.100000
0 0.312110 0.214459 0.040000 0.100000
0 0.339672 0.214259 0.040000 0.100000
0 0.360443 0.214858 0.040000 0.100000
0 0.385924 0.214608 0.040000 0.100000
0 0.425037 0.213776 0.040000 0.100000
0 0.444010 0.214808 0.040000 0.100000
0 0.460587 0.214608 0.040000 0.100000
0 0.524778 0.214329 0.040000 0.100000
0 0.544431 0.214808 0.040000 0.100000
0 0.564563 0.215287 0.040000 0.100000
0 0.582011 0.215335 0.040000 0.100000
0 0.602143 0.215048 0.040000 0.100000
0 0.658168 0.213840 0.040000 0.100000
0 0.679565 0.213840 0.040000 0.100000
0 0.699927 0.213840 0.040000 0.100000
0 0.786402 0.233705 0.100000 0.040000
0 0.786402 0.260867 0.100000 0.040000
0 0.784405 0.287110 0.100000 0.040000
0 0.784644 0.330251 0.100000 0.040000
0 0.784405 0.356854 0.100000 0.040000
0 0.786737 0.405240 0.100000 0.040000
0 0.785239 0.427543 0.100000 0.040000
0 0.785239 0.447016 0.100000 0.040000
0 0.786138 0.559253 0.100000 0.040000
0 0.785898 0.581782 0.100000 0.040000
0 0.783022 0.517072 0.100000 0.040000
0 0.784940 0.605509 0.100000 0.040000
0 0.785679 0.631613 0.100000 0.040000
0 0.784980 0.685159 0.100000 0.040000
0 0.784780 0.711522 0.100000 0.040000
0 0.784580 0.733692 0.100000 0.040000
0 0.712081 0.785100 0.040000 0.100000
0 0.682122 0.784381 0.040000 0.100000
0 0.655180 0.784920 0.040000 0.100000
0 0.634408 0.786119 0.040000 0.100000
0 0.615035 0.785320 0.040000 0.100000
0 0.593615 0.785303 0.040000 0.100000
0 0.571479 0.785470 0.040000 0.100000
0 0.522647 0.785004 0.040000 0.100000
0 0.490292 0.786601 0.040000 0.100000
0 0.459574 0.785243 0.040000 0.100000
0 0.438723 0.786202 0.040000 0.100000
0 0.380863 0.785863 0.040000 0.100000
0 0.353901 0.785663 0.040000 0.100000
0 0.322344 0.785863 0.040000 0.100000
0 0.287113 0.785104 0.040000 0.100000
0 0.261948 0.784145 0.040000 0.100000
0 0.214714 0.731078 0.100000 0.040000
0 0.215099 0.702410 0.100000 0.040000
0 0.214885 0.636161 0.100000 0.040000
0 0.215301 0.610225 0.100000 0.040000
0 0.216272 0.584566 0.100000 0.040000
0 0.214804 0.559450 0.100000 0.040000
0 0.214712 0.517966 0.100000 0.040000
0 0.215045 0.507647 0.100000 0.040000
0 0.214379 0.491004 0.100000 0.040000
0 0.215111 0.457284 0.100000 0.040000
0 0.215711 0.426327 0.100000 0.040000
0 0.214313 0.402360 0.100000 0.040000
0 0.213554 0.379831 0.100000 0.040000
0 0.212355 0.355385 0.100000 0.040000
0 0.213074 0.340525 0.100000 0.040000
0 0.212645 0.320550 0.100000 0.040000
0 0.213810 0.303906 0.100000 0.040000
0 0.211979 0.267290 0.100000 0.040000
0 0.214212 0.241618 0.100000 0.040000
0 0.385749 0.228546 0.040000 0.100000
0 0.364351 0.227855 0.040000 0.100000
0 0.345370 0.229926 0.040000 0.100000
0 0.322592 0.230271 0.040000 0.100000
0 0.300159 0.230271 0.040000 0.100000
0 0.278761 0.230962 0.040000 0.100000
0 0.426473 0.230962 0.040000 0.100000
0 0.459605 0.230962 0.040000 0.100000
0 0.527249 0.229926 0.040000 0.100000
0 0.560242 0.229029 0.040000 0.100000
0 0.542020 0.229857 0.040000 0.100000
0 0.578051 0.231100 0.040000 0.100000
0 0.592546 0.232342 0.040000 0.100000
0 0.649736 0.231319 0.040000 0.100000
0 0.666992 0.233333 0.040000 0.100000
0 0.685111 0.232470 0.040000 0.100000
0 0.769551 0.246217 0.100000 0.040000
0 0.769551 0.266924 0.100000 0.040000
0 0.768515 0.292463 0.100000 0.040000
0 0.768544 0.334885 0.100000 0.040000
0 0.771152 0.356954 0.100000 0.040000
0 0.769155 0.406286 0.100000 0.040000
0 0.768756 0.427456 0.100000 0.040000
0 0.769155 0.446230 0.100000 0.040000
0 0.767091 0.518449 0.100000 0.040000
0 0.765819 0.532434 0.100000 0.040000
0 0.768362 0.561561 0.100000 0.040000
0 0.769717 0.604048 0.100000 0.040000
0 0.769717 0.583410 0.100000 0.040000
0 0.769550 0.626350 0.100000 0.040000
0 0.769098 0.682804 0.100000 0.040000
0 0.768517 0.707469 0.100000 0.040000
0 0.768794 0.725222 0.100000 0.040000
0 0.672608 0.770264 0.040000 0.100000
0 0.701118 0.769300 0.040000 0.100000
0 0.648298 0.769820 0.040000 0.100000
0 0.630383 0.770398 0.040000 0.100000
0 0.594137 0.770029 0.040000 0.100000
0 0.613277 0.770583 0.040000 0.100000
0 0.576332 0.770287 0.040000 0.100000
0 0.523905 0.769400 0.040000 0.100000
0 0.493280 0.770731 0.040000 0.100000
0 0.464221 0.768867 0.040000 0.100000
0 0.446246 0.769866 0.040000 0.100000
0 0.385929 0.768947 0.040000 0.100000
0 0.359805 0.770385 0.040000 0.100000
0 0.332607 0.769934 0.040000 0.100000
0 0.299852 0.768735 0.040000 0.100000
0 0.275287 0.768336 0.040000 0.100000
0 0.231587 0.720802 0.100000 0.040000
0 0.229190 0.697794 0.100000 0.040000
0 0.231168 0.626313 0.100000 0.040000
0 0.231284 0.602096 0.100000 0.040000
0 0.230286 0.580127 0.100000 0.040000
0 0.229886 0.557958 0.100000 0.040000
0 0.229287 0.519012 0.100000 0.040000
0 0.230246 0.504072 0.100000 0.040000
0 0.230965 0.488254 0.100000 0.040000
0 0.230725 0.457097 0.100000 0.040000
0 0.230869 0.426851 0.100000 0.040000
0 0.230753 0.406563 0.100000 0.040000
0 0.230553 0.386591 0.100000 0.040000
0 0.229754 0.362824 0.100000 0.040000
0 0.232151 0.346647 0.100000 0.040000
0 0.230034 0.328592 0.100000 0.040000
0 0.231232 0.310856 0.100000 0.040000
0 0.229794 0.275865 0.100000 0.040000
0 0.230513 0.251419 0.100000 0.040000
0 0.294802 0.247466 0.040000 0.100000
0 0.313784 0.246316 0.040000 0.100000
0 0.331040 0.246891 0.040000 0.100000
0 0.349734 0.246604 0.040000 0.100000
0 0.370729 0.246891 0.040000 0.100000
0 0.245622 0.260696 0.100000 0.040000
0 0.247348 0.282841 0.100000 0.040000
0 0.246881 0.318844 0.100000 0.040000
0 0.246162 0.335141 0.100000 0.040000
0 0.246401 0.352157 0.100000 0.040000
0 0.245443 0.370372 0.100000 0.040000
0 0.244484 0.390265 0.100000 0.040000
0 0.246381 0.409498 0.100000 0.040000
0 0.246182 0.428272 0.100000 0.040000
0 0.245782 0.448644 0.100000 0.040000
0 0.247480 0.477943 0.100000 0.040000
0 0.247679 0.500911 0.100000 0.040000
0 0.249277 0.514293 0.100000 0.040000
0 0.246281 0.554836 0.100000 0.040000
0 0.246082 0.575608 0.100000 0.040000
0 0.246231 0.595530 0.100000 0.040000
0 0.246564 0.616002 0.100000 0.040000
0 0.246498 0.688235 0.100000 0.040000
0 0.245499 0.712881 0.100000 0.040000
0 0.291515 0.754583 0.040000 0.100000
0 0.310209 0.752905 0.040000 0.100000
0 0.341798 0.754247 0.040000 0.100000
0 0.367969 0.754535 0.040000 0.100000
0 0.390402 0.753672 0.040000 0.100000
0 0.466776 0.753117 0.040000 0.100000
0 0.451996 0.753716 0.040000 0.100000
0 0.496135 0.754315 0.040000 0.100000
0 0.526693 0.755314 0.040000 0.100000
0 0.578980 0.753556 0.040000 0.100000
0 0.594319 0.752837 0.040000 0.100000
0 0.611815 0.754275 0.040000 0.100000
0 0.628495 0.753700 0.040000 0.100000
0 0.642588 0.754850 0.040000 0.100000
0 0.663583 0.754850 0.040000 0.100000
0 0.689467 0.753412 0.040000 0.100000
0 0.752900 0.718963 0.100000 0.040000
0 0.752900 0.702386 0.100000 0.040000
0 0.753898 0.681815 0.100000 0.040000
0 0.753387 0.623304 0.100000 0.040000
0 0.753415 0.603495 0.100000 0.040000
0 0.753615 0.584522 0.100000 0.040000
0 0.753415 0.567146 0.100000 0.040000
0 0.752816 0.535390 0.100000 0.040000
0 0.753735 0.520171 0.100000 0.040000
0 0.752716 0.454162 0.100000 0.040000
0 0.753515 0.428198 0.100000 0.040000
0 0.753635 0.410783 0.100000 0.040000
0 0.753970 0.358200 0.100000 0.040000
0 0.754545 0.339218 0.100000 0.040000
0 0.753683 0.297516 0.100000 0.040000
0 0.753107 0.276923 0.100000 0.040000
0 0.753453 0.254145 0.100000 0.040000
0 0.673879 0.246795 0.040000 0.100000
0 0.660009 0.246378 0.040000 0.100000
0 0.643643 0.244991 0.040000 0.100000
0 0.586981 0.247948 0.040000 0.100000
0 0.571642 0.247709 0.040000 0.100000
0 0.557981 0.247709 0.040000 0.100000
0 0.529221 0.247229 0.040000 0.100000
0 0.542403 0.246750 0.040000 0.100000
0 0.468406 0.246610 0.040000 0.100000
0 0.447235 0.246411 0.040000 0.100000
0 0.428661 0.245212 0.040000 0.100000
0 0.387310 0.247441 0.040000 0.100000
