0 0.234875 0.184079 0.040000 0.100000
0 0.269387 0.185277 0.040000 0.100000
0 0.299345 0.183360 0.040000 0.100000
0 0.332180 0.184079 0.040000 0.100000
0 0.389173 0.183744 0.040000 0.100000
0 0.360988 0.185469 0.040000 0.100000
0 0.426849 0.185469 0.040000 0.100000
0 0.467772 0.185170 0.040000 0.100000
0 0.519900 0.184570 0.040000 0.100000
0 0.541470 0.184570 0.040000 0.100000
0 0.568832 0.184371 0.040000 0.100000
0 0.590252 0.184587 0.040000 0.100000
0 0.617548 0.184254 0.040000 0.100000
0 0.697115 0.186165 0.040000 0.100000
0 0.668155 0.184168 0.040000 0.100000
0 0.725675 0.185566 0.040000 0.100000
0 0.816272 0.238260 0.100000 0.040000
0 0.815278 0.269882 0.100000 0.040000
0 0.814862 0.302060 0.100000 0.040000
0 0.815305 0.346221 0.100000 0.040000
0 0.815505 0.374282 0.100000 0.040000
0 0.815505 0.422815 0.100000 0.040000
0 0.814387 0.447618 0.100000 0.040000
0 0.813722 0.468922 0.100000 0.040000
0 0.814953 0.528207 0.100000 0.040000
0 0.814554 0.541189 0.100000 0.040000
0 0.815672 0.575394 0.100000 0.040000
0 0.815394 0.601608 0.100000 0.040000
0 0.815117 0.629347 0.100000 0.040000
0 0.814756 0.660376 0.100000 0.040000
0 0.813622 0.776107 0.100000 0.040000
0 0.814870 0.742265 0.100000 0.040000
0 0.815453 0.713666 0.100000 0.040000
0 0.737899 0.815214 0.040000 0.100000
0 0.703387 0.815933 0.040000 0.100000
0 0.671511 0.816412 0.040000 0.100000
0 0.645867 0.814974 0.040000 0.100000
0 0.621047 0.814064 0.040000 0.100000
0 0.593092 0.817170 0.040000 0.100000
0 0.451609 0.816065 0.040000 0.100000
0 0.483764 0.814867 0.040000 0.100000
0 0.566330 0.815346 0.040000 0.100000
0 0.520793 0.814627 0.040000 0.100000
0 0.423967 0.814867 0.040000 0.100000
0 0.371100 0.814567 0.040000 0.100000
0 0.337131 0.814750 0.040000 0.100000
0 0.306007 0.813918 0.040000 0.100000
0 0.268393 0.815150 0.040000 0.100000
0 0.241230 0.814750 0.040000 0.100000
0 0.185388 0.769493 0.100000 0.040000
0 0.186299 0.736706 0.100000 0.040000
0 0.185176 0.678399 0.100000 0.040000
0 0.183578 0.648441 0.100000 0.040000
0 0.184777 0.616285 0.100000 0.040000
0 0.185056 0.589842 0.100000 0.040000
0 0.184634 0.544828 0.100000 0.040000
0 0.184301 0.512872 0.100000 0.040000
0 0.184467 0.480250 0.100000 0.040000
0 0.184167 0.449027 0.100000 0.040000
0 0.184767 0.422264 0.100000 0.040000
0 0.184783 0.394353 0.100000 0.040000
0 0.185283 0.359235 0.100000 0.040000
0 0.185306 0.348447 0.100000 0.040000
0 0.184807 0.320485 0.100000 0.040000
0 0.185098 0.274202 0.100000 0.040000
0 0.185264 0.239611 0.100000 0.040000
0 0.247526 0.201102 0.040000 0.100000
0 0.278283 0.199305 0.040000 0.100000
0 0.308042 0.199505 0.040000 0.100000
0 0.336802 0.200703 0.040000 0.100000
0 0.362127 0.201262 0.040000 0.100000
0 0.387292 0.201502 0.040000 0.100000
0 0.427316 0.201022 0.040000 0.100000
0 0.443057 0.200246 0.040000 0.100000
0 0.460432 0.201244 0.040000 0.100000
0 0.521308 0.200405 0.040000 0.100000
0 0.541680 0.200885 0.040000 0.100000
0 0.563969 0.201843 0.040000 0.100000
0 0.585611 0.200142 0.040000 0.100000
0 0.606702 0.201580 0.040000 0.100000
0 0.660148 0.200861 0.040000 0.100000
0 0.686895 0.200238 0.040000 0.100000
0 0.710765 0.201388 0.040000 0.100000
0 0.799524 0.247860 0.100000 0.040000
0 0.799893 0.276576 0.100000 0.040000
0 0.799394 0.306868 0.100000 0.040000
0 0.799061 0.347145 0.100000 0.040000
0 0.798396 0.375106 0.100000 0.040000
0 0.798129 0.423573 0.100000 0.040000
0 0.798259 0.466763 0.100000 0.040000
0 0.798093 0.448122 0.100000 0.040000
0 0.798403 0.530301 0.100000 0.040000
0 0.797684 0.544441 0.100000 0.040000
0 0.799122 0.577515 0.100000 0.040000
0 0.798163 0.602201 0.100000 0.040000
0 0.798413 0.709902 0.100000 0.040000
0 0.799245 0.655144 0.100000 0.040000
0 0.800277 0.627017 0.100000 0.040000
0 0.798320 0.736105 0.100000 0.040000
0 0.798799 0.767742 0.100000 0.040000
0 0.725121 0.798639 0.040000 0.100000
0 0.691168 0.798040 0.040000 0.100000
0 0.663057 0.799488 0.040000 0.100000
0 0.639923 0.799321 0.040000 0.100000
0 0.619451 0.798323 0.040000 0.100000
0 0.593806 0.799807 0.040000 0.100000
0 0.570089 0.799807 0.040000 0.100000
0 0.521950 0.799610 0.040000 0.100000
0 0.486490 0.799379 0.040000 0.100000
0 0.454950 0.799379 0.040000 0.100000
0 0.430983 0.799212 0.040000 0.100000
0 0.375186 0.799531 0.040000 0.100000
0 0.344734 0.798373 0.040000 0.100000
0 0.315175 0.798174 0.040000 0.100000
0 0.280024 0.797574 0.040000 0.100000
0 0.255657 0.798174 0.040000 0.100000
0 0.202007 0.758975 0.100000 0.040000
0 0.201591 0.730404 0.100000 0.040000
0 0.201530 0.667729 0.100000 0.040000
0 0.201729 0.639169 0.100000 0.040000
0 0.200092 0.611607 0.100000 0.040000
0 0.201050 0.587401 0.100000 0.040000
0 0.200271 0.540766 0.100000 0.040000
0 0.200471 0.511406 0.100000 0.040000
0 0.201486 0.478269 0.100000 0.040000
0 0.200222 0.449908 0.100000 0.040000
0 0.200222 0.424743 0.100000 0.040000
0 0.200222 0.397780 0.100000 0.040000
0 0.200341 0.363867 0.100000 0.040000
0 0.200581 0.352124 0.100000 0.040000
0 0.199862 0.329116 0.100000 0.040000
0 0.200821 0.316653 0.100000 0.040000
0 0.202119 0.281641 0.100000 0.040000
0 0.200921 0.250485 0.100000 0.040000
0 0.258028 0.217351 0.040000 0.100000
0 0.289835 0.216854 0.040000 0.100000
0 0.316671 0.218842 0.040000 0.100000
0 0.340526 0.215860 0.040000 0.100000
0 0.363884 0.214369 0.040000 0.100000
0 0.386745 0.217351 0.040000 0.100000
0 0.426667 0.216664 0.040000 0.100000
0 0.443348 0.216664 0.040000 0.100000
0 0.467507 0.216664 0.040000 0.100000
0 0.523014 0.216664 0.040000 0.100000
0 0.542571 0.216377 0.040000 0.100000
0 0.562703 0.216952 0.040000 0.100000
0 0.577946 0.217240 0.040000 0.100000
0 0.598998 0.214939 0.040000 0.100000
0 0.650766 0.219080 0.040000 0.100000
0 0.673544 0.218045 0.040000 0.100000
0 0.695287 0.217355 0.040000 0.100000
0 0.785071 0.254947 0.100000 0.040000
0 0.783273 0.281510 0.100000 0.040000
0 0.782674 0.309671 0.100000 0.040000
0 0.781276 0.353210 0.100000 0.040000
0 0.782666 0.375050 0.100000 0.040000
0 0.782666 0.424148 0.100000 0.040000
0 0.781168 0.446118 0.100000 0.040000
0 0.781570 0.462165 0.100000 0.040000
0 0.782874 0.529516 0.100000 0.040000
0 0.783107 0.544162 0.100000 0.040000
0 0.783107 0.577716 0.100000 0.040000
0 0.783706 0.599685 0.100000 0.040000
0 0.783290 0.623336 0.100000 0.040000
0 0.783123 0.648468 0.100000 0.040000
0 0.783692 0.705569 0.100000 0.040000
0 0.782360 0.727372 0.100000 0.040000
0 0.782069 0.758038 0.100000 0.040000
0 0.713333 0.783177 0.040000 0.100000
0 0.682676 0.783206 0.040000 0.100000
0 0.656814 0.782978 0.040000 0.100000
0 0.634345 0.783477 0.040000 0.100000
0 0.616870 0.782978 0.040000 0.100000
0 0.594900 0.782312 0.040000 0.100000
0 0.573729 0.783177 0.040000 0.100000
0 0.522800 0.782978 0.040000 0.100000
0 0.488807 0.783177 0.040000 0.100000
0 0.460047 0.784615 0.040000 0.100000
0 0.438717 0.781979 0.040000 0.100000
0 0.379585 0.784667 0.040000 0.100000
0 0.352455 0.782669 0.040000 0.100000
0 0.323662 0.784167 0.040000 0.100000
0 0.289160 0.781221 0.040000 0.100000
0 0.270486 0.782453 0.040000 0.100000
0 0.218358 0.746902 0.100000 0.040000
0 0.217160 0.722536 0.100000 0.040000
0 0.216211 0.657669 0.100000 0.040000
0 0.217170 0.630347 0.100000 0.040000
0 0.216690 0.605182 0.100000 0.040000
0 0.218608 0.581934 0.100000 0.040000
0 0.217709 0.535938 0.100000 0.040000
0 0.217709 0.506978 0.100000 0.040000
0 0.216028 0.477236 0.100000 0.040000
0 0.216028 0.448676 0.100000 0.040000
0 0.216427 0.424909 0.100000 0.040000
0 0.216427 0.402540 0.100000 0.040000
0 0.215309 0.369825 0.100000 0.040000
0 0.216507 0.335313 0.100000 0.040000
0 0.218664 0.321412 0.100000 0.040000
0 0.216181 0.258418 0.100000 0.040000
0 0.217217 0.287408 0.100000 0.040000
0 0.275326 0.233983 0.040000 0.100000
0 0.299692 0.231986 0.040000 0.100000
0 0.324058 0.232186 0.040000 0.100000
0 0.347226 0.232585 0.040000 0.100000
0 0.365801 0.232785 0.040000 0.100000
0 0.387131 0.233743 0.040000 0.100000
0 0.447048 0.232545 0.040000 0.100000
0 0.427347 0.232353 0.040000 0.100000
0 0.460134 0.233216 0.040000 0.100000
0 0.525419 0.232066 0.040000 0.100000
0 0.540375 0.233216 0.040000 0.100000
0 0.557343 0.233216 0.040000 0.100000
0 0.573219 0.231836 0.040000 0.100000
0 0.590820 0.232871 0.040000 0.100000
0 0.645163 0.232306 0.040000 0.100000
0 0.664536 0.233704 0.040000 0.100000
0 0.684708 0.233904 0.040000 0.100000
0 0.767074 0.263623 0.100000 0.040000
0 0.768033 0.286631 0.100000 0.040000
0 0.768389 0.310981 0.100000 0.040000
0 0.769054 0.352423 0.100000 0.040000
0 0.766891 0.374226 0.100000 0.040000
0 0.767457 0.424344 0.100000 0.040000
0 0.765293 0.443151 0.100000 0.040000
0 0.765959 0.458464 0.100000 0.040000
0 0.766972 0.529074 0.100000 0.040000
0 0.767970 0.544053 0.100000 0.040000
0 0.768844 0.577992 0.100000 0.040000
0 0.767873 0.598103 0.100000 0.040000
0 0.766590 0.619405 0.100000 0.040000
0 0.766244 0.641365 0.100000 0.040000
0 0.767420 0.700049 0.100000 0.040000
0 0.767619 0.720022 0.100000 0.040000
0 0.766621 0.746984 0.100000 0.040000
0 0.702094 0.767839 0.040000 0.100000
0 0.673633 0.768671 0.040000 0.100000
0 0.648931 0.768186 0.040000 0.100000
0 0.631871 0.769156 0.040000 0.100000
0 0.616060 0.769434 0.040000 0.100000
0 0.595228 0.767825 0.040000 0.100000
0 0.577253 0.768158 0.040000 0.100000
0 0.526024 0.767026 0.040000 0.100000
0 0.464659 0.767009 0.040000 0.100000
0 0.492787 0.768507 0.040000 0.100000
0 0.444853 0.767009 0.040000 0.100000
0 0.386068 0.768241 0.040000 0.100000
0 0.360184 0.766963 0.040000 0.100000
0 0.333820 0.767682 0.040000 0.100000
0 0.301225 0.767202 0.040000 0.100000
0 0.283634 0.765812 0.040000 0.100000
0 0.232728 0.736189 0.100000 0.040000
0 0.232728 0.711456 0.100000 0.040000
0 0.231989 0.645496 0.100000 0.040000
0 0.232821 0.621862 0.100000 0.040000
0 0.232322 0.597229 0.100000 0.040000
0 0.231323 0.576758 0.100000 0.040000
0 0.233240 0.531546 0.100000 0.040000
0 0.232824 0.502697 0.100000 0.040000
0 0.231575 0.474680 0.100000 0.040000
0 0.232907 0.446663 0.100000 0.040000
0 0.233573 0.426192 0.100000 0.040000
0 0.233040 0.404222 0.100000 0.040000
0 0.233240 0.375462 0.100000 0.040000
0 0.233440 0.360483 0.100000 0.040000
0 0.232401 0.341669 0.100000 0.040000
0 0.233120 0.324892 0.100000 0.040000
0 0.232641 0.292537 0.100000 0.040000
0 0.233839 0.268091 0.100000 0.040000
0 0.289544 0.248988 0.040000 0.100000
0 0.313511 0.247790 0.040000 0.100000
0 0.330767 0.246592 0.040000 0.100000
0 0.352816 0.248749 0.040000 0.100000
0 0.367244 0.249036 0.040000 0.100000
0 0.386514 0.249611 0.040000 0.100000
0 0.428791 0.248749 0.040000 0.100000
0 0.460480 0.247939 0.040000 0.100000
0 0.526628 0.248897 0.040000 0.100000
0 0.541727 0.247459 0.040000 0.100000
0 0.558264 0.247220 0.040000 0.100000
0 0.569529 0.248370 0.040000 0.100000
0 0.584484 0.248082 0.040000 0.100000
0 0.640279 0.247795 0.040000 0.100000
0 0.655809 0.248600 0.040000 0.100000
0 0.670994 0.248600 0.040000 0.100000
0 0.751851 0.270312 0.100000 0.040000
0 0.750253 0.291283 0.100000 0.040000
0 0.750653 0.311655 0.100000 0.040000
0 0.749172 0.352448 0.100000 0.040000
0 0.748672 0.371588 0.100000 0.040000
0 0.750270 0.423184 0.100000 0.040000
0 0.749871 0.440559 0.100000 0.040000
0 0.750869 0.455139 0.100000 0.040000
0 0.750697 0.529113 0.100000 0.040000
0 0.751297 0.543692 0.100000 0.040000
0 0.750697 0.578644 0.100000 0.040000
0 0.750697 0.595421 0.100000 0.040000
0 0.750697 0.614594 0.100000 0.040000
0 0.750697 0.634367 0.100000 0.040000
0 0.749441 0.693443 0.100000 0.040000
0 0.748331 0.710364 0.100000 0.040000
0 0.749718 0.732417 0.100000 0.040000
0 0.690328 0.750864 0.040000 0.100000
0 0.664631 0.751130 0.040000 0.100000
0 0.643460 0.752528 0.040000 0.100000
0 0.626883 0.750930 0.040000 0.100000
0 0.614300 0.751929 0.040000 0.100000
0 0.595806 0.750970 0.040000 0.100000
0 0.580947 0.750491 0.040000 0.100000
0 0.527021 0.751449 0.040000 0.100000
0 0.496835 0.752172 0.040000 0.100000
0 0.468275 0.752971 0.040000 0.100000
0 0.451898 0.752772 0.040000 0.100000
0 0.391501 0.751933 0.040000 0.100000
0 0.365665 0.752700 0.040000 0.100000
0 0.344095 0.752987 0.040000 0.100000
0 0.314472 0.749824 0.040000 0.100000
0 0.298366 0.750399 0.040000 0.100000
0 0.250883 0.723037 0.100000 0.040000
0 0.249733 0.701466 0.100000 0.040000
0 0.249239 0.632322 0.100000 0.040000
0 0.248520 0.610273 0.100000 0.040000
0 0.249239 0.589661 0.100000 0.040000
0 0.249958 0.570488 0.100000 0.040000
0 0.249239 0.527108 0.100000 0.040000
0 0.249958 0.497869 0.100000 0.040000
0 0.250977 0.470207 0.100000 0.040000
0 0.250378 0.445242 0.100000 0.040000
0 0.249529 0.425852 0.100000 0.040000
0 0.249196 0.406712 0.100000 0.040000
0 0.249695 0.379416 0.100000 0.040000
0 0.248996 0.363106 0.100000 0.040000
0 0.247998 0.345929 0.100000 0.040000
0 0.249995 0.329352 0.100000 0.040000
0 0.247638 0.297836 0.100000 0.040000
0 0.248357 0.273630 0.100000 0.040000
