0 0.234747 0.181545 0.040000 0.100000
0 0.269259 0.182120 0.040000 0.100000
0 0.300607 0.181832 0.040000 0.100000
0 0.333393 0.182983 0.040000 0.100000
0 0.359853 0.183846 0.040000 0.100000
0 0.389288 0.182228 0.040000 0.100000
0 0.427538 0.182515 0.040000 0.100000
0 0.444219 0.181365 0.040000 0.100000
0 0.468953 0.182515 0.040000 0.100000
0 0.521310 0.181092 0.040000 0.100000
0 0.543839 0.181571 0.040000 0.100000
0 0.569243 0.182530 0.040000 0.100000
0 0.593689 0.182290 0.040000 0.100000
0 0.618375 0.182530 0.040000 0.100000
0 0.668992 0.181667 0.040000 0.100000
0 0.701204 0.181667 0.040000 0.100000
0 0.730539 0.181667 0.040000 0.100000
0 0.819373 0.239480 0.100000 0.040000
0 0.817775 0.268639 0.100000 0.040000
0 0.817775 0.302193 0.100000 0.040000
0 0.817655 0.345812 0.100000 0.040000
0 0.817372 0.373781 0.100000 0.040000
0 0.816963 0.422803 0.100000 0.040000
0 0.817795 0.446436 0.100000 0.040000
0 0.818294 0.468073 0.100000 0.040000
0 0.817562 0.528522 0.100000 0.040000
0 0.818161 0.543701 0.100000 0.040000
0 0.819218 0.631803 0.100000 0.040000
0 0.818524 0.602677 0.100000 0.040000
0 0.820744 0.576741 0.100000 0.040000
0 0.818524 0.660652 0.100000 0.040000
0 0.818038 0.713372 0.100000 0.040000
0 0.818997 0.743809 0.100000 0.040000
0 0.817779 0.778182 0.100000 0.040000
0 0.741405 0.817766 0.040000 0.100000
0 0.708044 0.818006 0.040000 0.100000
0 0.678133 0.820307 0.040000 0.100000
0 0.649949 0.818869 0.040000 0.100000
0 0.623777 0.816856 0.040000 0.100000
0 0.597677 0.818509 0.040000 0.100000
0 0.569397 0.819228 0.040000 0.100000
0 0.523621 0.821146 0.040000 0.100000
0 0.485961 0.819779 0.040000 0.100000
0 0.452224 0.818913 0.040000 0.100000
0 0.425756 0.818450 0.040000 0.100000
0 0.371526 0.816763 0.040000 0.100000
0 0.338239 0.817456 0.040000 0.100000
0 0.303987 0.816924 0.040000 0.100000
0 0.269235 0.817123 0.040000 0.100000
0 0.239756 0.819041 0.040000 0.100000
0 0.181517 0.778058 0.100000 0.040000
0 0.182092 0.744696 0.100000 0.040000
0 0.182092 0.684300 0.100000 0.040000
0 0.180221 0.651748 0.100000 0.040000
0 0.183217 0.618627 0.100000 0.040000
0 0.181719 0.589335 0.100000 0.040000
0 0.181253 0.544497 0.100000 0.040000
0 0.181013 0.512262 0.100000 0.040000
0 0.180054 0.478709 0.100000 0.040000
0 0.181732 0.447792 0.100000 0.040000
0 0.180294 0.419943 0.100000 0.040000
0 0.179719 0.391758 0.100000 0.040000
0 0.181732 0.354082 0.100000 0.040000
0 0.181962 0.316292 0.100000 0.040000
0 0.180582 0.265559 0.100000 0.040000
0 0.180927 0.234844 0.100000 0.040000
0 0.389309 0.195867 0.040000 0.100000
0 0.361987 0.196586 0.040000 0.100000
0 0.336103 0.195628 0.040000 0.100000
0 0.306384 0.195148 0.040000 0.100000
0 0.277864 0.198024 0.040000 0.100000
0 0.425978 0.198024 0.040000 0.100000
0 0.445870 0.196586 0.040000 0.100000
0 0.467248 0.196251 0.040000 0.100000
0 0.521604 0.197114 0.040000 0.100000
0 0.542599 0.196826 0.040000 0.100000
0 0.567012 0.196284 0.040000 0.100000
0 0.589301 0.194846 0.040000 0.100000
0 0.610870 0.196524 0.040000 0.100000
0 0.662207 0.197578 0.040000 0.100000
0 0.690104 0.197291 0.040000 0.100000
0 0.714262 0.197578 0.040000 0.100000
0 0.802119 0.249092 0.100000 0.040000
0 0.801640 0.275216 0.100000 0.040000
0 0.801640 0.307092 0.100000 0.040000
0 0.801113 0.349800 0.100000 0.040000
0 0.800538 0.374534 0.100000 0.040000
0 0.802637 0.424950 0.100000 0.040000
0 0.802062 0.447095 0.100000 0.040000
0 0.801487 0.472404 0.100000 0.040000
0 0.802134 0.530906 0.100000 0.040000
0 0.801415 0.544567 0.100000 0.040000
0 0.802716 0.654910 0.100000 0.040000
0 0.801884 0.628281 0.100000 0.040000
0 0.801884 0.601817 0.100000 0.040000
0 0.801951 0.577518 0.100000 0.040000
0 0.802446 0.708951 0.100000 0.040000
0 0.801296 0.738574 0.100000 0.040000
0 0.801583 0.770497 0.100000 0.040000
0 0.727908 0.800845 0.040000 0.100000
0 0.696452 0.801843 0.040000 0.100000
0 0.669489 0.802509 0.040000 0.100000
0 0.644524 0.801843 0.040000 0.100000
0 0.621935 0.800847 0.040000 0.100000
0 0.596370 0.801446 0.040000 0.100000
0 0.572404 0.801646 0.040000 0.100000
0 0.523442 0.801942 0.040000 0.100000
0 0.489989 0.802775 0.040000 0.100000
0 0.454871 0.803107 0.040000 0.100000
0 0.432402 0.801610 0.040000 0.100000
0 0.375714 0.803174 0.040000 0.100000
0 0.345357 0.803454 0.040000 0.100000
0 0.313960 0.802974 0.040000 0.100000
0 0.278700 0.801446 0.040000 0.100000
0 0.252070 0.802445 0.040000 0.100000
0 0.197879 0.764431 0.100000 0.040000
0 0.197479 0.737269 0.100000 0.040000
0 0.198358 0.673278 0.100000 0.040000
0 0.197689 0.643310 0.100000 0.040000
0 0.198022 0.614350 0.100000 0.040000
0 0.198812 0.586958 0.100000 0.040000
0 0.197731 0.540606 0.100000 0.040000
0 0.197831 0.509150 0.100000 0.040000
0 0.197191 0.477554 0.100000 0.040000
0 0.197211 0.448015 0.100000 0.040000
0 0.197211 0.422251 0.100000 0.040000
0 0.195813 0.396487 0.100000 0.040000
0 0.197571 0.361376 0.100000 0.040000
0 0.197235 0.323652 0.100000 0.040000
0 0.198333 0.311300 0.100000 0.040000
0 0.196703 0.346962 0.100000 0.040000
0 0.197854 0.273624 0.100000 0.040000
0 0.196703 0.246302 0.100000 0.040000
0 0.248184 0.198273 0.040000 0.100000
0 0.261152 0.213254 0.040000 0.100000
0 0.288762 0.213829 0.040000 0.100000
0 0.316946 0.214979 0.040000 0.100000
0 0.363538 0.213254 0.040000 0.100000
0 0.341105 0.213829 0.040000 0.100000
0 0.386919 0.215468 0.040000 0.100000
0 0.426608 0.214318 0.040000 0.100000
0 0.446165 0.215756 0.040000 0.100000
0 0.468022 0.214318 0.040000 0.100000
0 0.524464 0.213374 0.040000 0.100000
0 0.541720 0.214812 0.040000 0.100000
0 0.562091 0.213613 0.040000 0.100000
0 0.581265 0.214572 0.040000 0.100000
0 0.599959 0.214093 0.040000 0.100000
0 0.653979 0.214716 0.040000 0.100000
0 0.677850 0.213853 0.040000 0.100000
0 0.696832 0.214716 0.040000 0.100000
0 0.786188 0.256136 0.100000 0.040000
0 0.787187 0.280901 0.100000 0.040000
0 0.786188 0.309861 0.100000 0.040000
0 0.785709 0.350924 0.100000 0.040000
0 0.785469 0.373213 0.100000 0.040000
0 0.785020 0.469788 0.100000 0.040000
0 0.786851 0.530537 0.100000 0.040000
0 0.785612 0.424684 0.100000 0.040000
0 0.786571 0.444816 0.100000 0.040000
0 0.784809 0.544442 0.100000 0.040000
0 0.786407 0.577795 0.100000 0.040000
0 0.784210 0.600563 0.100000 0.040000
0 0.782812 0.622732 0.100000 0.040000
0 0.784450 0.648377 0.100000 0.040000
0 0.785648 0.704938 0.100000 0.040000
0 0.785648 0.730103 0.100000 0.040000
0 0.785936 0.760157 0.100000 0.040000
0 0.660411 0.787259 0.040000 0.100000
0 0.686774 0.785662 0.040000 0.100000
0 0.639440 0.787259 0.040000 0.100000
0 0.619268 0.787659 0.040000 0.100000
0 0.598097 0.785861 0.040000 0.100000
0 0.576328 0.786460 0.040000 0.100000
0 0.717259 0.786349 0.040000 0.100000
0 0.518239 0.786217 0.040000 0.100000
0 0.493440 0.786550 0.040000 0.100000
0 0.460819 0.785384 0.040000 0.100000
0 0.438716 0.786982 0.040000 0.100000
0 0.381805 0.784196 0.040000 0.100000
0 0.352846 0.784695 0.040000 0.100000
0 0.323387 0.786027 0.040000 0.100000
0 0.267531 0.784629 0.040000 0.100000
0 0.289501 0.785028 0.040000 0.100000
0 0.213886 0.753073 0.100000 0.040000
0 0.215084 0.726230 0.100000 0.040000
0 0.214042 0.662443 0.100000 0.040000
0 0.214241 0.634282 0.100000 0.040000
0 0.212244 0.608318 0.100000 0.040000
0 0.213043 0.580957 0.100000 0.040000
0 0.213522 0.535180 0.100000 0.040000
0 0.212564 0.504982 0.100000 0.040000
0 0.212947 0.476702 0.100000 0.040000
0 0.213522 0.448517 0.100000 0.040000
0 0.213522 0.424646 0.100000 0.040000
0 0.213810 0.401696 0.100000 0.040000
0 0.213810 0.367184 0.100000 0.040000
0 0.214845 0.352344 0.100000 0.040000
0 0.213810 0.329911 0.100000 0.040000
0 0.214845 0.310239 0.100000 0.040000
0 0.212982 0.254261 0.100000 0.040000
0 0.275755 0.229989 0.040000 0.100000
0 0.301351 0.229126 0.040000 0.100000
0 0.323209 0.229989 0.040000 0.100000
0 0.346792 0.229701 0.040000 0.100000
0 0.366334 0.230885 0.040000 0.100000
0 0.388144 0.231125 0.040000 0.100000
0 0.428168 0.231125 0.040000 0.100000
0 0.446622 0.230646 0.040000 0.100000
0 0.461002 0.230406 0.040000 0.100000
0 0.526287 0.231413 0.040000 0.100000
0 0.544406 0.231413 0.040000 0.100000
0 0.560593 0.232434 0.040000 0.100000
0 0.576411 0.233153 0.040000 0.100000
0 0.592708 0.232913 0.040000 0.100000
0 0.649509 0.229078 0.040000 0.100000
0 0.669641 0.228791 0.040000 0.100000
0 0.687185 0.228791 0.040000 0.100000
0 0.769371 0.263047 0.100000 0.040000
0 0.768206 0.286680 0.100000 0.040000
0 0.769204 0.311479 0.100000 0.040000
0 0.770169 0.353188 0.100000 0.040000
0 0.770369 0.373559 0.100000 0.040000
0 0.770369 0.424209 0.100000 0.040000
0 0.769411 0.444101 0.100000 0.040000
0 0.769171 0.458721 0.100000 0.040000
0 0.769940 0.530744 0.100000 0.040000
0 0.770439 0.544891 0.100000 0.040000
0 0.770472 0.579742 0.100000 0.040000
0 0.770073 0.599914 0.100000 0.040000
0 0.769873 0.619886 0.100000 0.040000
0 0.769034 0.640737 0.100000 0.040000
0 0.769753 0.699935 0.100000 0.040000
0 0.770277 0.724105 0.100000 0.040000
0 0.769478 0.748072 0.100000 0.040000
0 0.704568 0.770241 0.040000 0.100000
0 0.676863 0.770184 0.040000 0.100000
0 0.653230 0.770684 0.040000 0.100000
0 0.635754 0.770184 0.040000 0.100000
0 0.618445 0.769352 0.040000 0.100000
0 0.598919 0.770237 0.040000 0.100000
0 0.580889 0.770376 0.040000 0.100000
0 0.527546 0.770459 0.040000 0.100000
0 0.496090 0.770958 0.040000 0.100000
0 0.465438 0.768994 0.040000 0.100000
0 0.447863 0.770392 0.040000 0.100000
0 0.386229 0.768595 0.040000 0.100000
0 0.359146 0.769793 0.040000 0.100000
0 0.334700 0.769074 0.040000 0.100000
0 0.304263 0.766486 0.040000 0.100000
0 0.282118 0.767924 0.040000 0.100000
0 0.231528 0.741676 0.100000 0.040000
0 0.231129 0.718109 0.100000 0.040000
0 0.231049 0.648846 0.100000 0.040000
0 0.230330 0.623441 0.100000 0.040000
0 0.230617 0.599570 0.100000 0.040000
0 0.228604 0.578575 0.100000 0.040000
0 0.230664 0.534779 0.100000 0.040000
0 0.229499 0.502158 0.100000 0.040000
0 0.228168 0.473864 0.100000 0.040000
0 0.232495 0.445737 0.100000 0.040000
0 0.229765 0.424133 0.100000 0.040000
0 0.228567 0.404161 0.100000 0.040000
0 0.228807 0.370808 0.100000 0.040000
0 0.229046 0.337015 0.100000 0.040000
0 0.230484 0.322155 0.100000 0.040000
0 0.230916 0.287212 0.100000 0.040000
0 0.229765 0.262479 0.100000 0.040000
0 0.291084 0.246055 0.040000 0.100000
0 0.311256 0.245456 0.040000 0.100000
0 0.331828 0.244657 0.040000 0.100000
0 0.352599 0.245456 0.040000 0.100000
0 0.368576 0.246255 0.040000 0.100000
0 0.388349 0.245856 0.040000 0.100000
0 0.430490 0.246455 0.040000 0.100000
0 0.447267 0.244537 0.040000 0.100000
0 0.468837 0.244537 0.040000 0.100000
0 0.529712 0.244825 0.040000 0.100000
0 0.543220 0.244521 0.040000 0.100000
0 0.558000 0.244920 0.040000 0.100000
0 0.572380 0.244521 0.040000 0.100000
0 0.587958 0.243921 0.040000 0.100000
0 0.642606 0.245459 0.040000 0.100000
0 0.660781 0.246258 0.040000 0.100000
0 0.675161 0.246658 0.040000 0.100000
0 0.755768 0.270265 0.100000 0.040000
0 0.755289 0.288959 0.100000 0.040000
0 0.753803 0.312254 0.100000 0.040000
0 0.753746 0.354014 0.100000 0.040000
0 0.754091 0.370234 0.100000 0.040000
0 0.753472 0.423943 0.100000 0.040000
0 0.751795 0.440241 0.100000 0.040000
0 0.751315 0.452943 0.100000 0.040000
0 0.753852 0.529097 0.100000 0.040000
0 0.754451 0.545274 0.100000 0.040000
0 0.753852 0.581224 0.100000 0.040000
0 0.753852 0.596563 0.100000 0.040000
0 0.752414 0.614538 0.100000 0.040000
0 0.750976 0.632992 0.100000 0.040000
0 0.753727 0.693530 0.100000 0.040000
0 0.752201 0.713086 0.100000 0.040000
0 0.753692 0.736629 0.100000 0.040000
0 0.694844 0.754701 0.040000 0.100000
0 0.668713 0.755700 0.040000 0.100000
0 0.647243 0.756033 0.040000 0.100000
0 0.616752 0.754602 0.040000 0.100000
0 0.631732 0.755201 0.040000 0.100000
0 0.599366 0.754896 0.040000 0.100000
0 0.582376 0.755243 0.040000 0.100000
0 0.500260 0.753964 0.040000 0.100000
0 0.519673 0.756361 0.040000 0.100000
0 0.469084 0.755701 0.040000 0.100000
0 0.454304 0.753904 0.040000 0.100000
0 0.393269 0.753584 0.040000 0.100000
0 0.367625 0.755262 0.040000 0.100000
0 0.346582 0.751763 0.040000 0.100000
0 0.314083 0.752626 0.040000 0.100000
0 0.294814 0.753489 0.040000 0.100000
0 0.247188 0.728813 0.100000 0.040000
0 0.244427 0.709141 0.100000 0.040000
0 0.245211 0.637390 0.100000 0.040000
0 0.244611 0.615421 0.100000 0.040000
0 0.245211 0.592653 0.100000 0.040000
0 0.248206 0.570683 0.100000 0.040000
0 0.245194 0.526794 0.100000 0.040000
0 0.244695 0.513313 0.100000 0.040000
0 0.246359 0.497169 0.100000 0.040000
0 0.246012 0.470997 0.100000 0.040000
0 0.247261 0.444922 0.100000 0.040000
0 0.246093 0.460325 0.100000 0.040000
0 0.245424 0.424937 0.100000 0.040000
0 0.245591 0.406130 0.100000 0.040000
0 0.246589 0.376172 0.100000 0.040000
0 0.246589 0.360694 0.100000 0.040000
0 0.244725 0.342619 0.100000 0.040000
0 0.246515 0.326250 0.100000 0.040000
0 0.246227 0.291738 0.100000 0.040000
0 0.245652 0.270168 0.100000 0.040000
