0 0.226282 0.175071 0.040000 0.100000
0 0.263095 0.176797 0.040000 0.100000
0 0.295306 0.177085 0.040000 0.100000
0 0.326941 0.175647 0.040000 0.100000
0 0.355701 0.176797 0.040000 0.100000
0 0.387164 0.176279 0.040000 0.100000
0 0.423402 0.176624 0.040000 0.100000
0 0.441003 0.176279 0.040000 0.100000
0 0.465851 0.177315 0.040000 0.100000
0 0.518861 0.176970 0.040000 0.100000
0 0.542881 0.174899 0.040000 0.100000
0 0.568558 0.176141 0.040000 0.100000
0 0.595063 0.176141 0.040000 0.100000
0 0.622059 0.176327 0.040000 0.100000
0 0.672677 0.176614 0.040000 0.100000
0 0.701436 0.178340 0.040000 0.100000
0 0.734223 0.177765 0.040000 0.100000
0 0.824418 0.231387 0.100000 0.040000
0 0.824897 0.262544 0.100000 0.040000
0 0.822021 0.298254 0.100000 0.040000
0 0.822501 0.341393 0.100000 0.040000
0 0.823168 0.371795 0.100000 0.040000
0 0.823368 0.419129 0.100000 0.040000
0 0.822952 0.443944 0.100000 0.040000
0 0.821454 0.467411 0.100000 0.040000
0 0.822552 0.528093 0.100000 0.040000
0 0.822552 0.542073 0.100000 0.040000
0 0.822472 0.603696 0.100000 0.040000
0 0.823026 0.576234 0.100000 0.040000
0 0.822860 0.631657 0.100000 0.040000
0 0.822527 0.662447 0.100000 0.040000
0 0.823359 0.715606 0.100000 0.040000
0 0.822880 0.745484 0.100000 0.040000
0 0.821921 0.781434 0.100000 0.040000
0 0.708644 0.823683 0.040000 0.100000
0 0.742396 0.822285 0.040000 0.100000
0 0.677487 0.822884 0.040000 0.100000
0 0.650125 0.824082 0.040000 0.100000
0 0.623363 0.822285 0.040000 0.100000
0 0.594004 0.822884 0.040000 0.100000
0 0.567880 0.823842 0.040000 0.100000
0 0.522164 0.822369 0.040000 0.100000
0 0.482620 0.823167 0.040000 0.100000
0 0.449466 0.822369 0.040000 0.100000
0 0.423652 0.821520 0.040000 0.100000
0 0.369982 0.821636 0.040000 0.100000
0 0.338063 0.820472 0.040000 0.100000
0 0.304083 0.822691 0.040000 0.100000
0 0.264860 0.821637 0.040000 0.100000
0 0.236599 0.822236 0.040000 0.100000
0 0.178421 0.773005 0.100000 0.040000
0 0.176623 0.741449 0.100000 0.040000
0 0.178305 0.678896 0.100000 0.040000
0 0.177958 0.648614 0.100000 0.040000
0 0.175124 0.618499 0.100000 0.040000
0 0.177121 0.588041 0.100000 0.040000
0 0.176489 0.544862 0.100000 0.040000
0 0.176920 0.508800 0.100000 0.040000
0 0.175466 0.477294 0.100000 0.040000
0 0.176864 0.447336 0.100000 0.040000
0 0.176465 0.417178 0.100000 0.040000
0 0.175946 0.388898 0.100000 0.040000
0 0.177384 0.353667 0.100000 0.040000
0 0.176632 0.315115 0.100000 0.040000
0 0.176715 0.266877 0.100000 0.040000
0 0.177381 0.233756 0.100000 0.040000
0 0.302720 0.193987 0.040000 0.100000
0 0.272900 0.194958 0.040000 0.100000
0 0.239752 0.194126 0.040000 0.100000
0 0.358411 0.193558 0.040000 0.100000
0 0.331808 0.192839 0.040000 0.100000
0 0.384294 0.192839 0.040000 0.100000
0 0.424394 0.193690 0.040000 0.100000
0 0.440771 0.193890 0.040000 0.100000
0 0.465337 0.193890 0.040000 0.100000
0 0.520460 0.193091 0.040000 0.100000
0 0.541630 0.193290 0.040000 0.100000
0 0.566176 0.193350 0.040000 0.100000
0 0.589743 0.192751 0.040000 0.100000
0 0.612112 0.193949 0.040000 0.100000
0 0.664319 0.192991 0.040000 0.100000
0 0.691471 0.192422 0.040000 0.100000
0 0.717435 0.193753 0.040000 0.100000
0 0.806227 0.243054 0.100000 0.040000
0 0.806726 0.271015 0.100000 0.040000
0 0.805742 0.301459 0.100000 0.040000
0 0.807018 0.345730 0.100000 0.040000
0 0.806685 0.372359 0.100000 0.040000
0 0.806771 0.420785 0.100000 0.040000
0 0.806771 0.443553 0.100000 0.040000
0 0.806292 0.471834 0.100000 0.040000
0 0.806963 0.543206 0.100000 0.040000
0 0.806676 0.530839 0.100000 0.040000
0 0.806999 0.602607 0.100000 0.040000
0 0.806400 0.578041 0.100000 0.040000
0 0.807399 0.627772 0.100000 0.040000
0 0.806400 0.657730 0.100000 0.040000
0 0.807282 0.712370 0.100000 0.040000
0 0.806250 0.740131 0.100000 0.040000
0 0.805851 0.772087 0.100000 0.040000
0 0.729617 0.806938 0.040000 0.100000
0 0.698860 0.808136 0.040000 0.100000
0 0.669218 0.806788 0.040000 0.100000
0 0.643920 0.807620 0.040000 0.100000
0 0.621119 0.807787 0.040000 0.100000
0 0.594589 0.806422 0.040000 0.100000
0 0.571022 0.806622 0.040000 0.100000
0 0.522131 0.807421 0.040000 0.100000
0 0.485941 0.806222 0.040000 0.100000
0 0.429093 0.806270 0.040000 0.100000
0 0.451813 0.806270 0.040000 0.100000
0 0.373630 0.804860 0.040000 0.100000
0 0.345070 0.805859 0.040000 0.100000
0 0.309320 0.807057 0.040000 0.100000
0 0.273370 0.807057 0.040000 0.100000
0 0.251321 0.804581 0.040000 0.100000
0 0.193742 0.762340 0.100000 0.040000
0 0.193143 0.732981 0.100000 0.040000
0 0.193302 0.668271 0.100000 0.040000
0 0.193762 0.641009 0.100000 0.040000
0 0.192963 0.612649 0.100000 0.040000
0 0.192880 0.584338 0.100000 0.040000
0 0.193337 0.541246 0.100000 0.040000
0 0.193293 0.475488 0.100000 0.040000
0 0.193093 0.505646 0.100000 0.040000
0 0.192894 0.528813 0.100000 0.040000
0 0.192894 0.446728 0.100000 0.040000
0 0.192135 0.419247 0.100000 0.040000
0 0.194751 0.394261 0.100000 0.040000
0 0.194352 0.360708 0.100000 0.040000
0 0.192953 0.346928 0.100000 0.040000
0 0.191755 0.322362 0.100000 0.040000
0 0.192724 0.275011 0.100000 0.040000
0 0.192724 0.244188 0.100000 0.040000
0 0.384236 0.211852 0.040000 0.100000
0 0.360269 0.210454 0.040000 0.100000
0 0.337701 0.211053 0.040000 0.100000
0 0.423381 0.211653 0.040000 0.100000
0 0.442554 0.211653 0.040000 0.100000
0 0.464723 0.209855 0.040000 0.100000
0 0.521684 0.208137 0.040000 0.100000
0 0.541336 0.209096 0.040000 0.100000
0 0.562666 0.209096 0.040000 0.100000
0 0.583024 0.209549 0.040000 0.100000
0 0.602197 0.209309 0.040000 0.100000
0 0.656517 0.209817 0.040000 0.100000
0 0.679885 0.209218 0.040000 0.100000
0 0.702453 0.209218 0.040000 0.100000
0 0.790422 0.249925 0.100000 0.040000
0 0.789623 0.276088 0.100000 0.040000
0 0.789024 0.304249 0.100000 0.040000
0 0.789823 0.347388 0.100000 0.040000
0 0.790223 0.371195 0.100000 0.040000
0 0.789983 0.421525 0.100000 0.040000
0 0.789312 0.442903 0.100000 0.040000
0 0.789779 0.469294 0.100000 0.040000
0 0.790977 0.528811 0.100000 0.040000
0 0.791377 0.544189 0.100000 0.040000
0 0.788381 0.578741 0.100000 0.040000
0 0.788849 0.601274 0.100000 0.040000
0 0.789958 0.624298 0.100000 0.040000
0 0.789958 0.651343 0.100000 0.040000
0 0.789875 0.707154 0.100000 0.040000
0 0.790341 0.733584 0.100000 0.040000
0 0.789942 0.762743 0.100000 0.040000
0 0.686117 0.790960 0.040000 0.100000
0 0.716408 0.790461 0.040000 0.100000
0 0.659987 0.790128 0.040000 0.100000
0 0.640680 0.790461 0.040000 0.100000
0 0.618378 0.791293 0.040000 0.100000
0 0.594944 0.790228 0.040000 0.100000
0 0.574573 0.789229 0.040000 0.100000
0 0.523484 0.790108 0.040000 0.100000
0 0.489691 0.789869 0.040000 0.100000
0 0.455419 0.789150 0.040000 0.100000
0 0.436490 0.790679 0.040000 0.100000
0 0.377972 0.789281 0.040000 0.100000
0 0.320615 0.791135 0.040000 0.100000
0 0.348743 0.790636 0.040000 0.100000
0 0.284610 0.791878 0.040000 0.100000
0 0.262418 0.789682 0.040000 0.100000
0 0.209451 0.751458 0.100000 0.040000
0 0.207786 0.724135 0.100000 0.040000
0 0.209312 0.655869 0.100000 0.040000
0 0.209245 0.630305 0.100000 0.040000
0 0.209445 0.606339 0.100000 0.040000
0 0.209245 0.579376 0.100000 0.040000
0 0.208606 0.536396 0.100000 0.040000
0 0.209469 0.522879 0.100000 0.040000
0 0.209757 0.502739 0.100000 0.040000
0 0.209341 0.472919 0.100000 0.040000
0 0.208370 0.444625 0.100000 0.040000
0 0.210590 0.422573 0.100000 0.040000
0 0.209397 0.398828 0.100000 0.040000
0 0.209497 0.365808 0.100000 0.040000
0 0.208897 0.329259 0.100000 0.040000
0 0.207779 0.280008 0.100000 0.040000
0 0.209217 0.253884 0.100000 0.040000
0 0.252788 0.209546 0.040000 0.100000
0 0.209936 0.315958 0.100000 0.040000
0 0.310176 0.210573 0.040000 0.100000
0 0.499711 0.201026 0.040000 0.100000
0 0.284012 0.209414 0.040000 0.100000
0 0.267272 0.227028 0.040000 0.100000
0 0.294019 0.225015 0.040000 0.100000
0 0.317890 0.225015 0.040000 0.100000
0 0.341473 0.223289 0.040000 0.100000
0 0.364193 0.226453 0.040000 0.100000
0 0.383548 0.225504 0.040000 0.100000
0 0.424962 0.225504 0.040000 0.100000
0 0.443369 0.227229 0.040000 0.100000
0 0.465801 0.227229 0.040000 0.100000
0 0.523321 0.224583 0.040000 0.100000
0 0.540577 0.224928 0.040000 0.100000
0 0.558868 0.226999 0.040000 0.100000
0 0.576124 0.226309 0.040000 0.100000
0 0.594760 0.224928 0.040000 0.100000
0 0.648322 0.225273 0.040000 0.100000
0 0.670272 0.226102 0.040000 0.100000
0 0.688080 0.225273 0.040000 0.100000
0 0.773724 0.258570 0.100000 0.040000
0 0.773227 0.282425 0.100000 0.040000
0 0.771991 0.307429 0.100000 0.040000
0 0.772710 0.349610 0.100000 0.040000
0 0.773620 0.371372 0.100000 0.040000
0 0.772757 0.423139 0.100000 0.040000
0 0.773029 0.440903 0.100000 0.040000
0 0.772629 0.465070 0.100000 0.040000
0 0.774387 0.529140 0.100000 0.040000
0 0.772949 0.545677 0.100000 0.040000
0 0.774643 0.600797 0.100000 0.040000
0 0.773978 0.578827 0.100000 0.040000
0 0.773811 0.621101 0.100000 0.040000
0 0.773478 0.645401 0.100000 0.040000
0 0.775789 0.702574 0.100000 0.040000
0 0.773709 0.725597 0.100000 0.040000
0 0.772322 0.751810 0.100000 0.040000
0 0.705554 0.773696 0.040000 0.100000
0 0.674764 0.774429 0.040000 0.100000
0 0.653993 0.774029 0.040000 0.100000
0 0.635618 0.773830 0.040000 0.100000
0 0.616165 0.774589 0.040000 0.100000
0 0.595075 0.774589 0.040000 0.100000
0 0.577100 0.773630 0.040000 0.100000
0 0.525141 0.773342 0.040000 0.100000
0 0.493217 0.773055 0.040000 0.100000
0 0.460431 0.774205 0.040000 0.100000
0 0.444613 0.772192 0.040000 0.100000
0 0.381917 0.773342 0.040000 0.100000
0 0.358104 0.772997 0.040000 0.100000
0 0.329804 0.772307 0.040000 0.100000
0 0.296856 0.773540 0.040000 0.100000
0 0.279281 0.772741 0.040000 0.100000
0 0.225236 0.740347 0.100000 0.040000
0 0.224517 0.714463 0.100000 0.040000
0 0.224086 0.645104 0.100000 0.040000
0 0.224661 0.621233 0.100000 0.040000
0 0.225840 0.598427 0.100000 0.040000
0 0.226703 0.575994 0.100000 0.040000
0 0.226128 0.533142 0.100000 0.040000
0 0.226535 0.515766 0.100000 0.040000
0 0.225577 0.499229 0.100000 0.040000
0 0.223899 0.471428 0.100000 0.040000
0 0.225960 0.443723 0.100000 0.040000
0 0.224810 0.423591 0.100000 0.040000
0 0.224810 0.399721 0.100000 0.040000
0 0.225960 0.370961 0.100000 0.040000
0 0.224815 0.356116 0.100000 0.040000
0 0.226253 0.336224 0.100000 0.040000
0 0.226253 0.320406 0.100000 0.040000
0 0.222658 0.286134 0.100000 0.040000
0 0.224096 0.260250 0.100000 0.040000
0 0.346710 0.243944 0.040000 0.100000
0 0.327728 0.243368 0.040000 0.100000
0 0.307309 0.242506 0.040000 0.100000
0 0.365116 0.241930 0.040000 0.100000
0 0.384098 0.241068 0.040000 0.100000
0 0.425512 0.240205 0.040000 0.100000
0 0.443918 0.239342 0.040000 0.100000
0 0.464625 0.240780 0.040000 0.100000
0 0.525883 0.241470 0.040000 0.100000
0 0.539688 0.239745 0.040000 0.100000
0 0.555564 0.239400 0.040000 0.100000
0 0.571913 0.241686 0.040000 0.100000
0 0.587012 0.240967 0.040000 0.100000
0 0.641752 0.243124 0.040000 0.100000
0 0.658720 0.243699 0.040000 0.100000
0 0.673963 0.243124 0.040000 0.100000
0 0.758862 0.265154 0.100000 0.040000
0 0.760343 0.285262 0.100000 0.040000
0 0.756269 0.309947 0.100000 0.040000
0 0.755310 0.350211 0.100000 0.040000
0 0.756508 0.370343 0.100000 0.040000
0 0.759172 0.421236 0.100000 0.040000
0 0.757774 0.439610 0.100000 0.040000
0 0.756576 0.461380 0.100000 0.040000
0 0.757645 0.529721 0.100000 0.040000
0 0.757478 0.545698 0.100000 0.040000
0 0.757378 0.580450 0.100000 0.040000
0 0.758776 0.598624 0.100000 0.040000
0 0.758177 0.617198 0.100000 0.040000
0 0.757658 0.638329 0.100000 0.040000
0 0.757446 0.697059 0.100000 0.040000
0 0.757846 0.717830 0.100000 0.040000
0 0.758844 0.739999 0.100000 0.040000
0 0.693136 0.758173 0.040000 0.100000
0 0.666693 0.757854 0.040000 0.100000
0 0.645123 0.759292 0.040000 0.100000
0 0.630264 0.758093 0.040000 0.100000
0 0.614206 0.757854 0.040000 0.100000
0 0.596232 0.758812 0.040000 0.100000
0 0.581133 0.757758 0.040000 0.100000
0 0.526653 0.757746 0.040000 0.100000
0 0.496295 0.758345 0.040000 0.100000
0 0.465139 0.758745 0.040000 0.100000
0 0.449960 0.758545 0.040000 0.100000
0 0.386089 0.759224 0.040000 0.100000
0 0.363561 0.758745 0.040000 0.100000
0 0.340074 0.758265 0.040000 0.100000
0 0.308965 0.757211 0.040000 0.100000
0 0.292285 0.757498 0.040000 0.100000
0 0.243968 0.727300 0.100000 0.040000
0 0.242242 0.704005 0.100000 0.040000
0 0.239309 0.634406 0.100000 0.040000
0 0.242851 0.609628 0.100000 0.040000
0 0.241413 0.590935 0.100000 0.040000
0 0.242851 0.568885 0.100000 0.040000
0 0.242132 0.527184 0.100000 0.040000
0 0.242132 0.511366 0.100000 0.040000
0 0.242132 0.494589 0.100000 0.040000
0 0.242807 0.458922 0.100000 0.040000
0 0.241642 0.441946 0.100000 0.040000
0 0.240810 0.422640 0.100000 0.040000
0 0.240977 0.402668 0.100000 0.040000
0 0.241769 0.376311 0.100000 0.040000
0 0.240371 0.359335 0.100000 0.040000
0 0.240371 0.341560 0.100000 0.040000
0 0.241170 0.325382 0.100000 0.040000
0 0.241769 0.291869 0.100000 0.040000
0 0.241050 0.270299 0.100000 0.040000
0 0.284909 0.244416 0.040000 0.100000
