0 0.825391 0.230247 0.100000 0.040000
0 0.826272 0.263269 0.100000 0.040000
0 0.826712 0.295851 0.100000 0.040000
0 0.825832 0.338560 0.100000 0.040000
0 0.826272 0.370261 0.100000 0.040000
0 0.824509 0.418238 0.100000 0.040000
0 0.825390 0.445536 0.100000 0.040000
0 0.825390 0.467111 0.100000 0.040000
0 0.824509 0.528752 0.100000 0.040000
0 0.825830 0.542401 0.100000 0.040000
0 0.826270 0.575864 0.100000 0.040000
0 0.825275 0.633763 0.100000 0.040000
0 0.825275 0.603823 0.100000 0.040000
0 0.824835 0.664143 0.100000 0.040000
0 0.824835 0.717419 0.100000 0.040000
0 0.825715 0.750441 0.100000 0.040000
0 0.825275 0.785665 0.100000 0.040000
0 0.745141 0.825292 0.040000 0.100000
0 0.710788 0.825797 0.040000 0.100000
0 0.678646 0.825356 0.040000 0.100000
0 0.651348 0.826677 0.040000 0.100000
0 0.624490 0.827558 0.040000 0.100000
0 0.596751 0.826677 0.040000 0.100000
0 0.568132 0.824476 0.040000 0.100000
0 0.483484 0.825837 0.040000 0.100000
0 0.448700 0.825837 0.040000 0.100000
0 0.421402 0.826278 0.040000 0.100000
0 0.365925 0.827598 0.040000 0.100000
0 0.335201 0.827340 0.040000 0.100000
0 0.299537 0.826019 0.040000 0.100000
0 0.261671 0.826459 0.040000 0.100000
0 0.233492 0.826019 0.040000 0.100000
0 0.174052 0.775385 0.100000 0.040000
0 0.173612 0.744123 0.100000 0.040000
0 0.173612 0.682922 0.100000 0.040000
0 0.175373 0.650340 0.100000 0.040000
0 0.174385 0.618689 0.100000 0.040000
0 0.173064 0.590070 0.100000 0.040000
0 0.173064 0.511697 0.100000 0.040000
0 0.175883 0.545256 0.100000 0.040000
0 0.174099 0.477479 0.100000 0.040000
0 0.173589 0.446393 0.100000 0.040000
0 0.174165 0.389906 0.100000 0.040000
0 0.173656 0.418698 0.100000 0.040000
0 0.174165 0.352195 0.100000 0.040000
0 0.174165 0.314230 0.100000 0.040000
0 0.175695 0.264086 0.100000 0.040000
0 0.173402 0.230962 0.100000 0.040000
0 0.225978 0.173447 0.040000 0.100000
0 0.260885 0.173447 0.040000 0.100000
0 0.294519 0.173957 0.040000 0.100000
0 0.326879 0.173702 0.040000 0.100000
0 0.356945 0.173447 0.040000 0.100000
0 0.385785 0.173227 0.040000 0.100000
0 0.423650 0.173667 0.040000 0.100000
0 0.439501 0.172346 0.040000 0.100000
0 0.432456 0.173227 0.040000 0.100000
0 0.457553 0.172787 0.040000 0.100000
0 0.467240 0.173227 0.040000 0.100000
0 0.736467 0.173426 0.040000 0.100000
0 0.707848 0.172545 0.040000 0.100000
0 0.673945 0.173426 0.040000 0.100000
0 0.621550 0.174747 0.040000 0.100000
0 0.594692 0.173866 0.040000 0.100000
0 0.570916 0.174306 0.040000 0.100000
0 0.544498 0.174306 0.040000 0.100000
0 0.519401 0.174306 0.040000 0.100000
0 0.810389 0.240518 0.100000 0.040000
0 0.808866 0.270215 0.100000 0.040000
0 0.808866 0.300673 0.100000 0.040000
0 0.808105 0.343314 0.100000 0.040000
0 0.810389 0.370727 0.100000 0.040000
0 0.809535 0.420521 0.100000 0.040000
0 0.809280 0.444747 0.100000 0.040000
0 0.808636 0.463565 0.100000 0.040000
0 0.808891 0.543638 0.100000 0.040000
0 0.807871 0.471726 0.100000 0.040000
0 0.808636 0.529868 0.100000 0.040000
0 0.809702 0.603365 0.100000 0.040000
0 0.809702 0.578120 0.100000 0.040000
0 0.809192 0.629886 0.100000 0.040000
0 0.809192 0.658447 0.100000 0.040000
0 0.809447 0.713529 0.100000 0.040000
0 0.809370 0.743613 0.100000 0.040000
0 0.809115 0.775234 0.100000 0.040000
0 0.730610 0.808291 0.040000 0.100000
0 0.697561 0.808291 0.040000 0.100000
0 0.669800 0.808291 0.040000 0.100000
0 0.646004 0.809613 0.040000 0.100000
0 0.621328 0.809613 0.040000 0.100000
0 0.596651 0.808291 0.040000 0.100000
0 0.571093 0.809172 0.040000 0.100000
0 0.518231 0.809661 0.040000 0.100000
0 0.486100 0.810171 0.040000 0.100000
0 0.453459 0.810171 0.040000 0.100000
0 0.427855 0.808956 0.040000 0.100000
0 0.371498 0.810231 0.040000 0.100000
0 0.340132 0.809976 0.040000 0.100000
0 0.308439 0.808725 0.040000 0.100000
0 0.273247 0.809745 0.040000 0.100000
0 0.248766 0.808980 0.040000 0.100000
0 0.191623 0.765082 0.100000 0.040000
0 0.190093 0.734736 0.100000 0.040000
0 0.189994 0.670844 0.100000 0.040000
0 0.191014 0.642793 0.100000 0.040000
0 0.189739 0.613212 0.100000 0.040000
0 0.191193 0.584956 0.100000 0.040000
0 0.192213 0.542115 0.100000 0.040000
0 0.191958 0.507689 0.100000 0.040000
0 0.189918 0.476833 0.100000 0.040000
0 0.190683 0.446742 0.100000 0.040000
0 0.190410 0.420369 0.100000 0.040000
0 0.189390 0.394613 0.100000 0.040000
0 0.190426 0.243736 0.100000 0.040000
0 0.189916 0.270512 0.100000 0.040000
0 0.190681 0.321514 0.100000 0.040000
0 0.190171 0.359000 0.100000 0.040000
0 0.238268 0.190736 0.040000 0.100000
0 0.271675 0.190736 0.040000 0.100000
0 0.301256 0.189716 0.040000 0.100000
0 0.331347 0.189716 0.040000 0.100000
0 0.358123 0.189716 0.040000 0.100000
0 0.467303 0.190971 0.040000 0.100000
0 0.441292 0.190971 0.040000 0.100000
0 0.423697 0.190971 0.040000 0.100000
0 0.520600 0.190971 0.040000 0.100000
0 0.543551 0.189441 0.040000 0.100000
0 0.567012 0.190716 0.040000 0.100000
0 0.588687 0.190461 0.040000 0.100000
0 0.612300 0.189389 0.040000 0.100000
0 0.664832 0.190409 0.040000 0.100000
0 0.693903 0.189389 0.040000 0.100000
0 0.718639 0.190664 0.040000 0.100000
0 0.792459 0.249044 0.100000 0.040000
0 0.793478 0.275288 0.100000 0.040000
0 0.793988 0.303062 0.100000 0.040000
0 0.792714 0.346123 0.100000 0.040000
0 0.792714 0.370329 0.100000 0.040000
0 0.705489 0.205600 0.040000 0.100000
0 0.682302 0.206619 0.040000 0.100000
0 0.658096 0.205855 0.040000 0.100000
0 0.604591 0.205787 0.040000 0.100000
0 0.582168 0.207570 0.040000 0.100000
0 0.563057 0.205323 0.040000 0.100000
0 0.542418 0.206087 0.040000 0.100000
0 0.521779 0.205578 0.040000 0.100000
0 0.466997 0.206597 0.040000 0.100000
0 0.457060 0.206597 0.040000 0.100000
0 0.441337 0.206459 0.040000 0.100000
0 0.432928 0.207224 0.040000 0.100000
0 0.424010 0.208243 0.040000 0.100000
0 0.385025 0.206204 0.040000 0.100000
0 0.359545 0.206969 0.040000 0.100000
0 0.334996 0.205439 0.040000 0.100000
0 0.308751 0.206713 0.040000 0.100000
0 0.282507 0.207223 0.040000 0.100000
0 0.252695 0.207477 0.040000 0.100000
0 0.206422 0.251147 0.100000 0.040000
0 0.205148 0.275608 0.100000 0.040000
0 0.206167 0.312300 0.100000 0.040000
0 0.206074 0.327627 0.100000 0.040000
0 0.208368 0.352853 0.100000 0.040000
0 0.205820 0.365083 0.100000 0.040000
0 0.205820 0.398462 0.100000 0.040000
0 0.208877 0.422668 0.100000 0.040000
0 0.209387 0.445855 0.100000 0.040000
0 0.205565 0.467004 0.100000 0.040000
0 0.205886 0.475680 0.100000 0.040000
0 0.205886 0.499122 0.100000 0.040000
0 0.207415 0.524602 0.100000 0.040000
0 0.208689 0.536323 0.100000 0.040000
0 0.208943 0.580658 0.100000 0.040000
0 0.205585 0.606366 0.100000 0.040000
0 0.207114 0.632865 0.100000 0.040000
0 0.206604 0.659364 0.100000 0.040000
0 0.206225 0.726871 0.100000 0.040000
0 0.208142 0.751496 0.100000 0.040000
0 0.262553 0.793373 0.040000 0.100000
0 0.284109 0.792388 0.040000 0.100000
0 0.318507 0.792897 0.040000 0.100000
0 0.348829 0.793662 0.040000 0.100000
0 0.376375 0.791553 0.040000 0.100000
0 0.434470 0.793337 0.040000 0.100000
0 0.457147 0.793082 0.040000 0.100000
0 0.489252 0.793337 0.040000 0.100000
0 0.596889 0.792922 0.040000 0.100000
0 0.573957 0.794196 0.040000 0.100000
0 0.524780 0.793431 0.040000 0.100000
0 0.619566 0.792667 0.040000 0.100000
0 0.641224 0.793431 0.040000 0.100000
0 0.662118 0.793431 0.040000 0.100000
0 0.719305 0.792501 0.040000 0.100000
0 0.687964 0.793520 0.040000 0.100000
0 0.794726 0.766766 0.100000 0.040000
0 0.794981 0.738228 0.100000 0.040000
0 0.794981 0.709436 0.100000 0.040000
0 0.792999 0.653459 0.100000 0.040000
0 0.792999 0.626160 0.100000 0.040000
0 0.793880 0.601944 0.100000 0.040000
0 0.793880 0.579049 0.100000 0.040000
0 0.793265 0.544388 0.100000 0.040000
0 0.792756 0.529865 0.100000 0.040000
0 0.793012 0.420905 0.100000 0.040000
0 0.791992 0.443327 0.100000 0.040000
0 0.792757 0.461163 0.100000 0.040000
0 0.793776 0.469826 0.100000 0.040000
0 0.777274 0.257789 0.100000 0.040000
0 0.776513 0.279854 0.100000 0.040000
0 0.778035 0.305722 0.100000 0.040000
0 0.775752 0.349089 0.100000 0.040000
0 0.775752 0.371154 0.100000 0.040000
0 0.690415 0.223486 0.040000 0.100000
0 0.671814 0.222212 0.040000 0.100000
0 0.650156 0.223231 0.040000 0.100000
0 0.595947 0.224084 0.040000 0.100000
0 0.577602 0.223065 0.040000 0.100000
0 0.559766 0.222810 0.040000 0.100000
0 0.542184 0.222555 0.040000 0.100000
0 0.523329 0.222046 0.040000 0.100000
0 0.466501 0.223390 0.040000 0.100000
0 0.456054 0.222371 0.040000 0.100000
0 0.442550 0.222371 0.040000 0.100000
0 0.434142 0.222880 0.040000 0.100000
0 0.425223 0.223135 0.040000 0.100000
0 0.384200 0.223135 0.040000 0.100000
0 0.362542 0.223135 0.040000 0.100000
0 0.315943 0.222737 0.040000 0.100000
0 0.339895 0.221972 0.040000 0.100000
0 0.292502 0.222482 0.040000 0.100000
0 0.264983 0.221208 0.040000 0.100000
0 0.220902 0.258409 0.100000 0.040000
0 0.221412 0.281850 0.100000 0.040000
0 0.222697 0.318694 0.100000 0.040000
0 0.222952 0.335001 0.100000 0.040000
0 0.221678 0.356404 0.100000 0.040000
0 0.223207 0.370673 0.100000 0.040000
0 0.222952 0.401759 0.100000 0.040000
0 0.222952 0.422398 0.100000 0.040000
0 0.222293 0.444126 0.100000 0.040000
0 0.223057 0.464256 0.100000 0.040000
0 0.223821 0.532542 0.100000 0.040000
0 0.223567 0.499673 0.100000 0.040000
0 0.221829 0.576634 0.100000 0.040000
0 0.222084 0.600331 0.100000 0.040000
0 0.227180 0.621479 0.100000 0.040000
0 0.220114 0.649910 0.100000 0.040000
0 0.223936 0.715394 0.100000 0.040000
0 0.229032 0.737562 0.100000 0.040000
0 0.285343 0.769412 0.040000 0.100000
0 0.300121 0.771195 0.040000 0.100000
0 0.333234 0.771790 0.040000 0.100000
0 0.357440 0.775357 0.040000 0.100000
0 0.381646 0.775866 0.040000 0.100000
0 0.445601 0.772299 0.040000 0.100000
0 0.462418 0.774338 0.040000 0.100000
0 0.598076 0.775804 0.040000 0.100000
0 0.579220 0.775040 0.040000 0.100000
0 0.525967 0.777333 0.040000 0.100000
0 0.618205 0.774785 0.040000 0.100000
0 0.636041 0.775804 0.040000 0.100000
0 0.653367 0.775295 0.040000 0.100000
0 0.493919 0.776489 0.040000 0.100000
0 0.678836 0.778374 0.040000 0.100000
0 0.707119 0.776080 0.040000 0.100000
0 0.777954 0.756461 0.100000 0.040000
0 0.776935 0.728178 0.100000 0.040000
0 0.775916 0.704226 0.100000 0.040000
0 0.777028 0.647338 0.100000 0.040000
0 0.776263 0.622622 0.100000 0.040000
0 0.776518 0.600709 0.100000 0.040000
0 0.775877 0.580650 0.100000 0.040000
0 0.776641 0.545742 0.100000 0.040000
0 0.776132 0.530454 0.100000 0.040000
0 0.776543 0.421090 0.100000 0.040000
0 0.776543 0.441984 0.100000 0.040000
0 0.775269 0.466700 0.100000 0.040000
0 0.779345 0.458801 0.100000 0.040000
0 0.324871 0.239282 0.040000 0.100000
0 0.303296 0.239282 0.040000 0.100000
0 0.280841 0.238841 0.040000 0.100000
0 0.344684 0.238401 0.040000 0.100000
0 0.363617 0.238401 0.040000 0.100000
0 0.383430 0.238401 0.040000 0.100000
0 0.425258 0.237961 0.040000 0.100000
0 0.434945 0.239282 0.040000 0.100000
0 0.444191 0.237080 0.040000 0.100000
0 0.456519 0.237080 0.040000 0.100000
0 0.465765 0.238841 0.040000 0.100000
0 0.525942 0.237817 0.040000 0.100000
0 0.541739 0.237562 0.040000 0.100000
0 0.557028 0.237307 0.040000 0.100000
0 0.572825 0.237562 0.040000 0.100000
0 0.589642 0.237307 0.040000 0.100000
0 0.644170 0.238836 0.040000 0.100000
0 0.662515 0.237562 0.040000 0.100000
0 0.679587 0.239091 0.040000 0.100000
0 0.760419 0.263897 0.100000 0.040000
0 0.760674 0.283517 0.100000 0.040000
0 0.761259 0.307216 0.100000 0.040000
0 0.760819 0.349484 0.100000 0.040000
0 0.761259 0.369738 0.100000 0.040000
0 0.759153 0.421993 0.100000 0.040000
0 0.760915 0.440486 0.100000 0.040000
0 0.760474 0.454135 0.100000 0.040000
0 0.760474 0.462941 0.100000 0.040000
0 0.760034 0.529866 0.100000 0.040000
0 0.760474 0.538232 0.100000 0.040000
0 0.760034 0.546157 0.100000 0.040000
0 0.761255 0.581208 0.100000 0.040000
0 0.760374 0.598820 0.100000 0.040000
0 0.760815 0.618193 0.100000 0.040000
0 0.760815 0.640208 0.100000 0.040000
0 0.760374 0.698768 0.100000 0.040000
0 0.760815 0.720782 0.100000 0.040000
0 0.761377 0.745117 0.100000 0.040000
0 0.696184 0.760611 0.040000 0.100000
0 0.668886 0.761492 0.040000 0.100000
0 0.647311 0.760611 0.040000 0.100000
0 0.632341 0.759730 0.040000 0.100000
0 0.615610 0.762813 0.040000 0.100000
0 0.597998 0.762813 0.040000 0.100000
0 0.581707 0.762372 0.040000 0.100000
0 0.466390 0.762367 0.040000 0.100000
0 0.496330 0.763688 0.040000 0.100000
0 0.527591 0.762807 0.040000 0.100000
0 0.449659 0.763248 0.040000 0.100000
0 0.386233 0.763228 0.040000 0.100000
0 0.364320 0.761190 0.040000 0.100000
0 0.338076 0.761190 0.040000 0.100000
0 0.307241 0.761410 0.040000 0.100000
0 0.291390 0.760969 0.040000 0.100000
0 0.239875 0.729268 0.100000 0.040000
0 0.238995 0.706373 0.100000 0.040000
0 0.239875 0.634164 0.100000 0.040000
0 0.238555 0.614791 0.100000 0.040000
0 0.239728 0.590148 0.100000 0.040000
0 0.238963 0.571293 0.100000 0.040000
0 0.239099 0.527651 0.100000 0.040000
0 0.238079 0.489431 0.100000 0.040000
0 0.239099 0.469047 0.100000 0.040000
0 0.238334 0.442548 0.100000 0.040000
0 0.238334 0.424202 0.100000 0.040000
0 0.237756 0.404114 0.100000 0.040000
0 0.238521 0.375322 0.100000 0.040000
0 0.239285 0.360543 0.100000 0.040000
0 0.238521 0.341179 0.100000 0.040000
0 0.238776 0.324107 0.100000 0.040000
0 0.238776 0.288689 0.100000 0.040000
0 0.238996 0.267190 0.100000 0.040000
0 0.261092 0.278482 0.100000 0.040000
0 0.259330 0.296093 0.100000 0.040000
0 0.258890 0.329996 0.100000 0.040000
0 0.257129 0.348489 0.100000 0.040000
0 0.257569 0.363459 0.100000 0.040000
0 0.257569 0.380630 0.100000 0.040000
0 0.256248 0.407489 0.100000 0.040000
0 0.256248 0.424220 0.100000 0.040000
0 0.255368 0.440951 0.100000 0.040000
0 0.256903 0.455399 0.100000 0.040000
0 0.258177 0.466356 0.100000 0.040000
0 0.258687 0.482918 0.100000 0.040000
0 0.258177 0.504831 0.100000 0.040000
0 0.258687 0.520883 0.100000 0.040000
0 0.258687 0.564454 0.100000 0.040000
0 0.259197 0.583055 0.100000 0.040000
0 0.260216 0.600381 0.100000 0.040000
0 0.261048 0.618642 0.100000 0.040000
0 0.262832 0.691770 0.100000 0.040000
0 0.262858 0.713872 0.100000 0.040000
0 0.732814 0.275582 0.100000 0.040000
0 0.733324 0.291889 0.100000 0.040000
0 0.734852 0.308451 0.100000 0.040000
0 0.736126 0.349984 0.100000 0.040000
0 0.736636 0.366291 0.100000 0.040000
0 0.736921 0.529133 0.100000 0.040000
0 0.736040 0.537939 0.100000 0.040000
0 0.736480 0.547185 0.100000 0.040000
0 0.737801 0.457364 0.100000 0.040000
0 0.737361 0.448999 0.100000 0.040000
0 0.738241 0.437111 0.100000 0.040000
0 0.736480 0.582408 0.100000 0.040000
0 0.737361 0.597819 0.100000 0.040000
0 0.736921 0.612789 0.100000 0.040000
0 0.736040 0.628640 0.100000 0.040000
0 0.734279 0.689841 0.100000 0.040000
0 0.732958 0.705692 0.100000 0.040000
0 0.732077 0.721542 0.100000 0.040000
0 0.736640 0.420515 0.100000 0.040000
