0 0.425835 0.174556 0.040000 0.100000
0 0.388149 0.177041 0.040000 0.100000
0 0.359987 0.174556 0.040000 0.100000
0 0.329341 0.174142 0.040000 0.100000
0 0.297127 0.175414 0.040000 0.100000
0 0.264773 0.176133 0.040000 0.100000
0 0.232418 0.176133 0.040000 0.100000
0 0.175330 0.230105 0.100000 0.040000
0 0.178326 0.262771 0.100000 0.040000
0 0.174531 0.312102 0.100000 0.040000
0 0.175730 0.299320 0.100000 0.040000
0 0.175131 0.338465 0.100000 0.040000
0 0.173533 0.352246 0.100000 0.040000
0 0.175690 0.385798 0.100000 0.040000
0 0.174731 0.415277 0.100000 0.040000
0 0.175929 0.444995 0.100000 0.040000
0 0.175703 0.469499 0.100000 0.040000
0 0.175304 0.504450 0.100000 0.040000
0 0.174904 0.534408 0.100000 0.040000
0 0.175304 0.545992 0.100000 0.040000
0 0.176023 0.589211 0.100000 0.040000
0 0.176023 0.618211 0.100000 0.040000
0 0.175352 0.651812 0.100000 0.040000
0 0.177653 0.684310 0.100000 0.040000
0 0.175449 0.745903 0.100000 0.040000
0 0.175648 0.779855 0.100000 0.040000
0 0.240098 0.824133 0.040000 0.100000
0 0.266860 0.824932 0.040000 0.100000
0 0.304008 0.825331 0.040000 0.100000
0 0.339199 0.823654 0.040000 0.100000
0 0.371074 0.825092 0.040000 0.100000
0 0.426580 0.823462 0.040000 0.100000
0 0.451026 0.824037 0.040000 0.100000
0 0.486400 0.824325 0.040000 0.100000
0 0.519623 0.823926 0.040000 0.100000
0 0.570552 0.824725 0.040000 0.100000
0 0.598313 0.823726 0.040000 0.100000
0 0.627072 0.823926 0.040000 0.100000
0 0.654873 0.823726 0.040000 0.100000
0 0.682674 0.824685 0.040000 0.100000
0 0.711434 0.822528 0.040000 0.100000
0 0.749421 0.824277 0.040000 0.100000
0 0.825494 0.786830 0.100000 0.040000
0 0.825334 0.750321 0.100000 0.040000
0 0.824745 0.718895 0.100000 0.040000
0 0.825743 0.664805 0.100000 0.040000
0 0.826117 0.633300 0.100000 0.040000
0 0.824780 0.604990 0.100000 0.040000
0 0.825379 0.579626 0.100000 0.040000
0 0.823582 0.542877 0.100000 0.040000
0 0.826827 0.474057 0.100000 0.040000
0 0.826002 0.420348 0.100000 0.040000
0 0.824962 0.446584 0.100000 0.040000
0 0.824559 0.371763 0.100000 0.040000
0 0.824143 0.342221 0.100000 0.040000
0 0.825225 0.299559 0.100000 0.040000
0 0.825263 0.267618 0.100000 0.040000
0 0.824916 0.235141 0.100000 0.040000
0 0.739059 0.175364 0.040000 0.100000
0 0.706882 0.174116 0.040000 0.100000
0 0.675815 0.176113 0.040000 0.100000
0 0.624087 0.175714 0.040000 0.100000
0 0.597525 0.176512 0.040000 0.100000
0 0.571365 0.176782 0.040000 0.100000
0 0.547565 0.176616 0.040000 0.100000
0 0.520603 0.175451 0.040000 0.100000
0 0.469375 0.174252 0.040000 0.100000
0 0.441813 0.175051 0.040000 0.100000
0 0.335062 0.192874 0.040000 0.100000
0 0.360826 0.192675 0.040000 0.100000
0 0.387189 0.192675 0.040000 0.100000
0 0.425895 0.193274 0.040000 0.100000
0 0.441952 0.193274 0.040000 0.100000
0 0.468795 0.191836 0.040000 0.100000
0 0.522863 0.190781 0.040000 0.100000
0 0.545583 0.191644 0.040000 0.100000
0 0.566865 0.193082 0.040000 0.100000
0 0.590203 0.192905 0.040000 0.100000
0 0.613451 0.191706 0.040000 0.100000
0 0.668334 0.191467 0.040000 0.100000
0 0.693978 0.192665 0.040000 0.100000
0 0.720820 0.194391 0.040000 0.100000
0 0.807847 0.245180 0.100000 0.040000
0 0.806327 0.273245 0.100000 0.040000
0 0.807286 0.302244 0.100000 0.040000
0 0.807286 0.346582 0.100000 0.040000
0 0.806437 0.422985 0.100000 0.040000
0 0.806936 0.374053 0.100000 0.040000
0 0.806271 0.447617 0.100000 0.040000
0 0.807569 0.471017 0.100000 0.040000
0 0.808191 0.580893 0.100000 0.040000
0 0.807359 0.603528 0.100000 0.040000
0 0.808524 0.543446 0.100000 0.040000
0 0.807958 0.629691 0.100000 0.040000
0 0.807559 0.657253 0.100000 0.040000
0 0.807958 0.714293 0.100000 0.040000
0 0.806830 0.775736 0.100000 0.040000
0 0.807662 0.742117 0.100000 0.040000
0 0.736429 0.809189 0.040000 0.100000
0 0.702277 0.808590 0.040000 0.100000
0 0.673317 0.808790 0.040000 0.100000
0 0.649391 0.808271 0.040000 0.100000
0 0.624466 0.808750 0.040000 0.100000
0 0.598822 0.808271 0.040000 0.100000
0 0.575095 0.807552 0.040000 0.100000
0 0.524059 0.808323 0.040000 0.100000
0 0.490506 0.808522 0.040000 0.100000
0 0.455755 0.808522 0.040000 0.100000
0 0.434145 0.807963 0.040000 0.100000
0 0.374708 0.808442 0.040000 0.100000
0 0.345313 0.808133 0.040000 0.100000
0 0.313358 0.807634 0.040000 0.100000
0 0.278365 0.808297 0.040000 0.100000
0 0.253816 0.806632 0.040000 0.100000
0 0.194316 0.766300 0.100000 0.040000
0 0.190622 0.737673 0.100000 0.040000
0 0.192539 0.675081 0.100000 0.040000
0 0.191341 0.643446 0.100000 0.040000
0 0.190718 0.612817 0.100000 0.040000
0 0.193433 0.584526 0.100000 0.040000
0 0.191556 0.542772 0.100000 0.040000
0 0.191889 0.503993 0.100000 0.040000
0 0.191356 0.473036 0.100000 0.040000
0 0.191755 0.445874 0.100000 0.040000
0 0.191264 0.419695 0.100000 0.040000
0 0.191098 0.391568 0.100000 0.040000
0 0.190765 0.358115 0.100000 0.040000
0 0.192629 0.318770 0.100000 0.040000
0 0.191631 0.344334 0.100000 0.040000
0 0.192246 0.268923 0.100000 0.040000
0 0.191694 0.240989 0.100000 0.040000
0 0.243940 0.190660 0.040000 0.100000
0 0.274255 0.191821 0.040000 0.100000
0 0.304545 0.191655 0.040000 0.100000
0 0.312475 0.209867 0.040000 0.100000
0 0.284913 0.208429 0.040000 0.100000
0 0.257352 0.208429 0.040000 0.100000
0 0.337879 0.209388 0.040000 0.100000
0 0.362325 0.208909 0.040000 0.100000
0 0.386531 0.208429 0.040000 0.100000
0 0.426794 0.209819 0.040000 0.100000
0 0.443763 0.209532 0.040000 0.100000
0 0.459868 0.207231 0.040000 0.100000
0 0.525349 0.207600 0.040000 0.100000
0 0.545001 0.207121 0.040000 0.100000
0 0.563935 0.208559 0.040000 0.100000
0 0.585025 0.209278 0.040000 0.100000
0 0.605396 0.207360 0.040000 0.100000
0 0.659656 0.209230 0.040000 0.100000
0 0.681514 0.208367 0.040000 0.100000
0 0.705672 0.209230 0.040000 0.100000
0 0.791006 0.253265 0.100000 0.040000
0 0.790527 0.280347 0.100000 0.040000
0 0.791246 0.303595 0.100000 0.040000
0 0.790767 0.349131 0.100000 0.040000
0 0.790527 0.372282 0.100000 0.040000
0 0.788801 0.424050 0.100000 0.040000
0 0.790355 0.444699 0.100000 0.040000
0 0.790877 0.464596 0.100000 0.040000
0 0.791836 0.532181 0.100000 0.040000
0 0.791356 0.545363 0.100000 0.040000
0 0.791416 0.580613 0.100000 0.040000
0 0.792415 0.603182 0.100000 0.040000
0 0.790767 0.626233 0.100000 0.040000
0 0.790268 0.650033 0.100000 0.040000
0 0.791025 0.709541 0.100000 0.040000
0 0.791744 0.735424 0.100000 0.040000
0 0.791744 0.763465 0.100000 0.040000
0 0.722721 0.791745 0.040000 0.100000
0 0.643036 0.792934 0.040000 0.100000
0 0.665172 0.790770 0.040000 0.100000
0 0.691135 0.792201 0.040000 0.100000
0 0.622661 0.792704 0.040000 0.100000
0 0.599694 0.791872 0.040000 0.100000
0 0.578224 0.790873 0.040000 0.100000
0 0.526372 0.791930 0.040000 0.100000
0 0.492808 0.792069 0.040000 0.100000
0 0.459687 0.791680 0.040000 0.100000
0 0.439216 0.791847 0.040000 0.100000
0 0.378834 0.792047 0.040000 0.100000
0 0.352471 0.791048 0.040000 0.100000
0 0.322829 0.791797 0.040000 0.100000
0 0.287712 0.792130 0.040000 0.100000
0 0.267421 0.790923 0.040000 0.100000
0 0.208649 0.756492 0.100000 0.040000
0 0.208511 0.728199 0.100000 0.040000
0 0.208028 0.661759 0.100000 0.040000
0 0.208627 0.634397 0.100000 0.040000
0 0.208667 0.607954 0.100000 0.040000
0 0.208907 0.580153 0.100000 0.040000
0 0.209003 0.536822 0.100000 0.040000
0 0.209673 0.523190 0.100000 0.040000
0 0.209340 0.501553 0.100000 0.040000
0 0.207842 0.472927 0.100000 0.040000
0 0.209340 0.444467 0.100000 0.040000
0 0.209124 0.421150 0.100000 0.040000
0 0.209124 0.395685 0.100000 0.040000
0 0.209423 0.363568 0.100000 0.040000
0 0.207592 0.348922 0.100000 0.040000
0 0.207925 0.324955 0.100000 0.040000
0 0.207559 0.276523 0.100000 0.040000
0 0.207958 0.249761 0.100000 0.040000
0 0.271490 0.223876 0.040000 0.100000
0 0.296108 0.222142 0.040000 0.100000
0 0.319016 0.225055 0.040000 0.100000
0 0.343981 0.224639 0.040000 0.100000
0 0.364535 0.223557 0.040000 0.100000
0 0.386338 0.223557 0.040000 0.100000
0 0.426815 0.225154 0.040000 0.100000
0 0.445189 0.224755 0.040000 0.100000
0 0.468796 0.225953 0.040000 0.100000
0 0.526411 0.224947 0.040000 0.100000
0 0.543954 0.224659 0.040000 0.100000
0 0.563511 0.224372 0.040000 0.100000
0 0.581629 0.224659 0.040000 0.100000
0 0.597706 0.225436 0.040000 0.100000
0 0.653288 0.225272 0.040000 0.100000
0 0.671862 0.224673 0.040000 0.100000
0 0.693032 0.227469 0.040000 0.100000
0 0.776863 0.259334 0.100000 0.040000
0 0.777140 0.284160 0.100000 0.040000
0 0.774782 0.307183 0.100000 0.040000
0 0.775781 0.348930 0.100000 0.040000
0 0.775448 0.372197 0.100000 0.040000
0 0.774050 0.422527 0.100000 0.040000
0 0.774729 0.442539 0.100000 0.040000
0 0.775568 0.460240 0.100000 0.040000
0 0.775716 0.532415 0.100000 0.040000
0 0.775316 0.544798 0.100000 0.040000
0 0.773918 0.581746 0.100000 0.040000
0 0.773519 0.600919 0.100000 0.040000
0 0.774917 0.622688 0.100000 0.040000
0 0.776155 0.646495 0.100000 0.040000
0 0.774957 0.704014 0.100000 0.040000
0 0.775609 0.725843 0.100000 0.040000
0 0.774573 0.754142 0.100000 0.040000
0 0.709140 0.775726 0.040000 0.100000
0 0.682298 0.777164 0.040000 0.100000
0 0.658332 0.777404 0.040000 0.100000
0 0.638440 0.775247 0.040000 0.100000
0 0.619746 0.775726 0.040000 0.100000
0 0.600333 0.775007 0.040000 0.100000
0 0.580421 0.774987 0.040000 0.100000
0 0.528843 0.775370 0.040000 0.100000
0 0.496888 0.775370 0.040000 0.100000
0 0.464808 0.774080 0.040000 0.100000
0 0.446085 0.775745 0.040000 0.100000
0 0.384504 0.775329 0.040000 0.100000
0 0.359173 0.775362 0.040000 0.100000
0 0.332411 0.775562 0.040000 0.100000
0 0.298059 0.776760 0.040000 0.100000
0 0.280604 0.776081 0.040000 0.100000
0 0.226440 0.743966 0.100000 0.040000
0 0.226440 0.717603 0.100000 0.040000
0 0.225493 0.649753 0.100000 0.040000
0 0.225693 0.624389 0.100000 0.040000
0 0.223895 0.599024 0.100000 0.040000
0 0.223935 0.576935 0.100000 0.040000
0 0.223652 0.532834 0.100000 0.040000
0 0.225816 0.515691 0.100000 0.040000
0 0.224817 0.497883 0.100000 0.040000
0 0.225383 0.470322 0.100000 0.040000
0 0.225183 0.443559 0.100000 0.040000
0 0.224384 0.421390 0.100000 0.040000
0 0.223765 0.398562 0.100000 0.040000
0 0.223765 0.368804 0.100000 0.040000
0 0.223526 0.330019 0.100000 0.040000
0 0.224964 0.316358 0.100000 0.040000
0 0.225443 0.283045 0.100000 0.040000
0 0.224484 0.258839 0.100000 0.040000
0 0.286214 0.239660 0.040000 0.100000
0 0.309406 0.242559 0.040000 0.100000
0 0.327628 0.242559 0.040000 0.100000
0 0.349577 0.241731 0.040000 0.100000
0 0.368627 0.241317 0.040000 0.100000
0 0.386850 0.239660 0.040000 0.100000
0 0.428263 0.241317 0.040000 0.100000
0 0.447148 0.240323 0.040000 0.100000
0 0.467524 0.238832 0.040000 0.100000
0 0.529469 0.240007 0.040000 0.100000
0 0.558114 0.242077 0.040000 0.100000
0 0.543619 0.242077 0.040000 0.100000
0 0.574679 0.242077 0.040000 0.100000
0 0.589519 0.241732 0.040000 0.100000
0 0.647499 0.241387 0.040000 0.100000
0 0.680216 0.241387 0.040000 0.100000
0 0.760745 0.266022 0.100000 0.040000
0 0.761435 0.287764 0.100000 0.040000
0 0.756604 0.308126 0.100000 0.040000
0 0.757294 0.350230 0.100000 0.040000
0 0.757639 0.369556 0.100000 0.040000
0 0.757941 0.422814 0.100000 0.040000
0 0.757222 0.440070 0.100000 0.040000
0 0.758420 0.462599 0.100000 0.040000
0 0.759782 0.531282 0.100000 0.040000
0 0.758984 0.545862 0.100000 0.040000
0 0.759982 0.582011 0.100000 0.040000
0 0.758784 0.597989 0.100000 0.040000
0 0.758724 0.617621 0.100000 0.040000
0 0.757326 0.637593 0.100000 0.040000
0 0.758641 0.697692 0.100000 0.040000
0 0.758807 0.717165 0.100000 0.040000
0 0.758807 0.740931 0.100000 0.040000
0 0.699091 0.759305 0.040000 0.100000
0 0.670068 0.759117 0.040000 0.100000
0 0.649763 0.758618 0.040000 0.100000
0 0.632122 0.758618 0.040000 0.100000
0 0.616810 0.759616 0.040000 0.100000
0 0.599334 0.759783 0.040000 0.100000
0 0.583923 0.759517 0.040000 0.100000
0 0.529459 0.759976 0.040000 0.100000
0 0.500500 0.758977 0.040000 0.100000
0 0.467929 0.759759 0.040000 0.100000
0 0.450287 0.759926 0.040000 0.100000
0 0.390071 0.759859 0.040000 0.100000
0 0.365705 0.759859 0.040000 0.100000
0 0.342059 0.760818 0.040000 0.100000
0 0.310519 0.757898 0.040000 0.100000
0 0.292905 0.758592 0.040000 0.100000
0 0.241865 0.732351 0.100000 0.040000
0 0.241865 0.708218 0.100000 0.040000
0 0.241089 0.637586 0.100000 0.040000
0 0.241688 0.614019 0.100000 0.040000
0 0.241888 0.589454 0.100000 0.040000
0 0.241289 0.570281 0.100000 0.040000
0 0.241169 0.526422 0.100000 0.040000
0 0.243086 0.509886 0.100000 0.040000
0 0.242367 0.493349 0.100000 0.040000
0 0.241956 0.466783 0.100000 0.040000
0 0.240791 0.440986 0.100000 0.040000
0 0.240126 0.422012 0.100000 0.040000
0 0.239959 0.401874 0.100000 0.040000
0 0.239327 0.373680 0.100000 0.040000
0 0.239726 0.357303 0.100000 0.040000
0 0.239327 0.337331 0.100000 0.040000
0 0.240525 0.322152 0.100000 0.040000
0 0.240608 0.288017 0.100000 0.040000
0 0.241773 0.266714 0.100000 0.040000
