0 0.236270 0.186821 0.040000 0.100000
0 0.270722 0.186821 0.040000 0.100000
0 0.300847 0.185989 0.040000 0.100000
0 0.332271 0.186388 0.040000 0.100000
0 0.362030 0.186388 0.040000 0.100000
0 0.388743 0.186252 0.040000 0.100000
0 0.427290 0.186252 0.040000 0.100000
0 0.441870 0.186052 0.040000 0.100000
0 0.460844 0.185652 0.040000 0.100000
0 0.514350 0.186272 0.040000 0.100000
0 0.538317 0.186272 0.040000 0.100000
0 0.563682 0.186272 0.040000 0.100000
0 0.587940 0.185981 0.040000 0.100000
0 0.611740 0.186480 0.040000 0.100000
0 0.662384 0.186372 0.040000 0.100000
0 0.693037 0.186233 0.040000 0.100000
0 0.717864 0.186649 0.040000 0.100000
0 0.813162 0.241404 0.100000 0.040000
0 0.813162 0.272057 0.100000 0.040000
0 0.813139 0.304912 0.100000 0.040000
0 0.813772 0.348052 0.100000 0.040000
0 0.814518 0.376960 0.100000 0.040000
0 0.813686 0.423562 0.100000 0.040000
0 0.813686 0.447002 0.100000 0.040000
0 0.813691 0.470969 0.100000 0.040000
0 0.812812 0.541370 0.100000 0.040000
0 0.813089 0.529441 0.100000 0.040000
0 0.813727 0.574907 0.100000 0.040000
0 0.813658 0.600191 0.100000 0.040000
0 0.814351 0.630011 0.100000 0.040000
0 0.814213 0.659387 0.100000 0.040000
0 0.813613 0.710950 0.100000 0.040000
0 0.812815 0.741508 0.100000 0.040000
0 0.813296 0.778571 0.100000 0.040000
0 0.732239 0.813905 0.040000 0.100000
0 0.702303 0.814829 0.040000 0.100000
0 0.667049 0.814416 0.040000 0.100000
0 0.640095 0.814046 0.040000 0.100000
0 0.614991 0.815017 0.040000 0.100000
0 0.586488 0.814060 0.040000 0.100000
0 0.560136 0.815031 0.040000 0.100000
0 0.516333 0.814940 0.040000 0.100000
0 0.477382 0.814362 0.040000 0.100000
0 0.444889 0.813401 0.040000 0.100000
0 0.418925 0.814067 0.040000 0.100000
0 0.366983 0.813664 0.040000 0.100000
0 0.333119 0.813767 0.040000 0.100000
0 0.299889 0.813606 0.040000 0.100000
0 0.263545 0.813356 0.040000 0.100000
0 0.236638 0.814049 0.040000 0.100000
0 0.186603 0.765762 0.100000 0.040000
0 0.186679 0.736527 0.100000 0.040000
0 0.186679 0.683012 0.100000 0.040000
0 0.186342 0.648014 0.100000 0.040000
0 0.185648 0.619026 0.100000 0.040000
0 0.185371 0.590732 0.100000 0.040000
0 0.186871 0.545829 0.100000 0.040000
0 0.186640 0.513581 0.100000 0.040000
0 0.186788 0.481256 0.100000 0.040000
0 0.185505 0.449884 0.100000 0.040000
0 0.186637 0.422237 0.100000 0.040000
0 0.186637 0.392917 0.100000 0.040000
0 0.185447 0.357260 0.100000 0.040000
0 0.186140 0.345817 0.100000 0.040000
0 0.186048 0.320274 0.100000 0.040000
0 0.186603 0.309455 0.100000 0.040000
0 0.186268 0.273775 0.100000 0.040000
0 0.186187 0.239667 0.100000 0.040000
0 0.248399 0.202111 0.040000 0.100000
0 0.280092 0.202625 0.040000 0.100000
0 0.307832 0.202070 0.040000 0.100000
0 0.336584 0.201529 0.040000 0.100000
0 0.363768 0.202084 0.040000 0.100000
0 0.388179 0.201668 0.040000 0.100000
0 0.427805 0.202713 0.040000 0.100000
0 0.442923 0.202575 0.040000 0.100000
0 0.460815 0.201881 0.040000 0.100000
0 0.516528 0.202752 0.040000 0.100000
0 0.537448 0.202521 0.040000 0.100000
0 0.560408 0.202203 0.040000 0.100000
0 0.580443 0.202588 0.040000 0.100000
0 0.603674 0.202434 0.040000 0.100000
0 0.654253 0.202665 0.040000 0.100000
0 0.681304 0.201217 0.040000 0.100000
0 0.703474 0.201816 0.040000 0.100000
0 0.797348 0.250386 0.100000 0.040000
0 0.798014 0.278847 0.100000 0.040000
0 0.796949 0.309538 0.100000 0.040000
0 0.797445 0.351389 0.100000 0.040000
0 0.797722 0.376770 0.100000 0.040000
0 0.797440 0.424732 0.100000 0.040000
0 0.797440 0.446202 0.100000 0.040000
0 0.797273 0.468172 0.100000 0.040000
0 0.798513 0.530157 0.100000 0.040000
0 0.797819 0.542640 0.100000 0.040000
0 0.797126 0.575927 0.100000 0.040000
0 0.797172 0.599575 0.100000 0.040000
0 0.798087 0.626787 0.100000 0.040000
0 0.799200 0.654585 0.100000 0.040000
0 0.798495 0.707487 0.100000 0.040000
0 0.798263 0.735227 0.100000 0.040000
0 0.798460 0.770722 0.100000 0.040000
0 0.718949 0.798826 0.040000 0.100000
0 0.690516 0.799104 0.040000 0.100000
0 0.658358 0.798503 0.040000 0.100000
0 0.634548 0.799543 0.040000 0.100000
0 0.611524 0.798942 0.040000 0.100000
0 0.586281 0.798526 0.040000 0.100000
0 0.561281 0.798547 0.040000 0.100000
0 0.517013 0.797738 0.040000 0.100000
0 0.479338 0.797941 0.040000 0.100000
0 0.448214 0.799106 0.040000 0.100000
0 0.424247 0.799106 0.040000 0.100000
0 0.369703 0.798626 0.040000 0.100000
0 0.337664 0.797933 0.040000 0.100000
0 0.305472 0.799167 0.040000 0.100000
0 0.271214 0.798751 0.040000 0.100000
0 0.249438 0.797669 0.040000 0.100000
0 0.202070 0.754757 0.100000 0.040000
0 0.201839 0.728636 0.100000 0.040000
0 0.201925 0.672834 0.100000 0.040000
0 0.201060 0.641605 0.100000 0.040000
0 0.201531 0.613116 0.100000 0.040000
0 0.202197 0.586653 0.100000 0.040000
0 0.202569 0.541641 0.100000 0.040000
0 0.202107 0.532164 0.100000 0.040000
0 0.203311 0.509808 0.100000 0.040000
0 0.202637 0.480142 0.100000 0.040000
0 0.202504 0.449122 0.100000 0.040000
0 0.202427 0.423586 0.100000 0.040000
0 0.202427 0.397372 0.100000 0.040000
0 0.201635 0.363640 0.100000 0.040000
0 0.202309 0.351600 0.100000 0.040000
0 0.202444 0.327582 0.100000 0.040000
0 0.202721 0.315100 0.100000 0.040000
0 0.202721 0.281396 0.100000 0.040000
0 0.202432 0.250724 0.100000 0.040000
0 0.262051 0.218137 0.040000 0.100000
0 0.290844 0.217638 0.040000 0.100000
0 0.315810 0.218303 0.040000 0.100000
0 0.341608 0.217305 0.040000 0.100000
0 0.365575 0.218137 0.040000 0.100000
0 0.387844 0.217238 0.040000 0.100000
0 0.428065 0.218143 0.040000 0.100000
0 0.444154 0.217866 0.040000 0.100000
0 0.459688 0.217866 0.040000 0.100000
0 0.518868 0.217979 0.040000 0.100000
0 0.537361 0.218095 0.040000 0.100000
0 0.557588 0.217401 0.040000 0.100000
0 0.575965 0.217863 0.040000 0.100000
0 0.594965 0.217603 0.040000 0.100000
0 0.647878 0.217034 0.040000 0.100000
0 0.670625 0.217589 0.040000 0.100000
0 0.690264 0.218144 0.040000 0.100000
0 0.783062 0.258065 0.100000 0.040000
0 0.783502 0.283639 0.100000 0.040000
0 0.782531 0.311563 0.100000 0.040000
0 0.782786 0.353151 0.100000 0.040000
0 0.782208 0.376499 0.100000 0.040000
0 0.782420 0.425080 0.100000 0.040000
0 0.782087 0.444886 0.100000 0.040000
0 0.781397 0.464456 0.100000 0.040000
0 0.782368 0.530338 0.100000 0.040000
0 0.782229 0.543236 0.100000 0.040000
0 0.782194 0.576552 0.100000 0.040000
0 0.782541 0.599091 0.100000 0.040000
0 0.782356 0.623386 0.100000 0.040000
0 0.783269 0.648830 0.100000 0.040000
0 0.782560 0.703706 0.100000 0.040000
0 0.783392 0.727793 0.100000 0.040000
0 0.782143 0.761496 0.100000 0.040000
0 0.707516 0.782659 0.040000 0.100000
0 0.680470 0.782936 0.040000 0.100000
0 0.650261 0.781910 0.040000 0.100000
0 0.628832 0.782229 0.040000 0.100000
0 0.609969 0.782506 0.040000 0.100000
0 0.586946 0.782506 0.040000 0.100000
0 0.564698 0.781841 0.040000 0.100000
0 0.518052 0.782245 0.040000 0.100000
0 0.482892 0.782153 0.040000 0.100000
0 0.452240 0.781737 0.040000 0.100000
0 0.431516 0.782812 0.040000 0.100000
0 0.373900 0.782189 0.040000 0.100000
0 0.343849 0.782767 0.040000 0.100000
0 0.315299 0.783432 0.040000 0.100000
0 0.282148 0.782496 0.040000 0.100000
0 0.262384 0.781802 0.040000 0.100000
0 0.216997 0.743144 0.100000 0.040000
0 0.217783 0.719113 0.100000 0.040000
0 0.218364 0.660091 0.100000 0.040000
0 0.217304 0.631967 0.100000 0.040000
0 0.217200 0.606153 0.100000 0.040000
0 0.218033 0.581881 0.100000 0.040000
0 0.218160 0.537463 0.100000 0.040000
0 0.217351 0.506487 0.100000 0.040000
0 0.217778 0.477835 0.100000 0.040000
0 0.217686 0.448385 0.100000 0.040000
0 0.218992 0.424170 0.100000 0.040000
0 0.217952 0.400707 0.100000 0.040000
0 0.218019 0.368841 0.100000 0.040000
0 0.218481 0.355781 0.100000 0.040000
0 0.217002 0.333450 0.100000 0.040000
0 0.217499 0.319153 0.100000 0.040000
0 0.217464 0.286062 0.100000 0.040000
0 0.217325 0.258322 0.100000 0.040000
0 0.276214 0.233843 0.040000 0.100000
0 0.302449 0.233427 0.040000 0.100000
0 0.325479 0.233952 0.040000 0.100000
0 0.347162 0.233623 0.040000 0.100000
0 0.368168 0.233995 0.040000 0.100000
0 0.387586 0.234110 0.040000 0.100000
0 0.428809 0.232772 0.040000 0.100000
0 0.444528 0.233350 0.040000 0.100000
0 0.459508 0.233119 0.040000 0.100000
0 0.521823 0.234136 0.040000 0.100000
0 0.538101 0.233943 0.040000 0.100000
0 0.555149 0.234425 0.040000 0.100000
0 0.572040 0.233997 0.040000 0.100000
0 0.589100 0.233997 0.040000 0.100000
0 0.641313 0.232991 0.040000 0.100000
0 0.660384 0.233762 0.040000 0.100000
0 0.677721 0.233955 0.040000 0.100000
0 0.765243 0.265178 0.100000 0.040000
0 0.766809 0.287899 0.100000 0.040000
0 0.765943 0.313520 0.100000 0.040000
0 0.766505 0.354405 0.100000 0.040000
0 0.766644 0.374932 0.100000 0.040000
0 0.766982 0.424957 0.100000 0.040000
0 0.766483 0.442433 0.100000 0.040000
0 0.766171 0.460887 0.100000 0.040000
0 0.767310 0.529948 0.100000 0.040000
0 0.767310 0.543047 0.100000 0.040000
0 0.766424 0.576990 0.100000 0.040000
0 0.766098 0.596756 0.100000 0.040000
0 0.766561 0.618717 0.100000 0.040000
0 0.764827 0.640331 0.100000 0.040000
0 0.767026 0.698358 0.100000 0.040000
0 0.766693 0.719662 0.100000 0.040000
0 0.766193 0.749621 0.100000 0.040000
0 0.696471 0.765707 0.040000 0.100000
0 0.670831 0.766523 0.040000 0.100000
0 0.645034 0.767356 0.040000 0.100000
0 0.626448 0.767772 0.040000 0.100000
0 0.608182 0.767425 0.040000 0.100000
0 0.588348 0.767147 0.040000 0.100000
0 0.569069 0.767702 0.040000 0.100000
0 0.519792 0.766646 0.040000 0.100000
0 0.487248 0.766606 0.040000 0.100000
0 0.457081 0.766105 0.040000 0.100000
0 0.439212 0.766590 0.040000 0.100000
0 0.352254 0.766276 0.040000 0.100000
0 0.379512 0.766469 0.040000 0.100000
0 0.325398 0.766861 0.040000 0.100000
0 0.293775 0.766861 0.040000 0.100000
0 0.276160 0.766306 0.040000 0.100000
0 0.233463 0.730836 0.100000 0.040000
0 0.233944 0.708298 0.100000 0.040000
0 0.233975 0.646712 0.100000 0.040000
0 0.233657 0.620616 0.100000 0.040000
0 0.234042 0.596922 0.100000 0.040000
0 0.233907 0.575790 0.100000 0.040000
0 0.234552 0.530706 0.100000 0.040000
0 0.233108 0.518763 0.100000 0.040000
0 0.233761 0.494481 0.100000 0.040000
0 0.233447 0.474531 0.100000 0.040000
0 0.233332 0.463435 0.100000 0.040000
0 0.233101 0.445520 0.100000 0.040000
0 0.233054 0.423791 0.100000 0.040000
0 0.232650 0.402720 0.100000 0.040000
0 0.233172 0.372995 0.100000 0.040000
0 0.234135 0.358740 0.100000 0.040000
0 0.233653 0.339091 0.100000 0.040000
0 0.233846 0.325125 0.100000 0.040000
0 0.234147 0.290681 0.100000 0.040000
0 0.233969 0.266392 0.100000 0.040000
0 0.294890 0.249574 0.040000 0.100000
0 0.315029 0.249075 0.040000 0.100000
0 0.334649 0.248839 0.040000 0.100000
0 0.352403 0.249394 0.040000 0.100000
0 0.370850 0.250087 0.040000 0.100000
0 0.387355 0.250365 0.040000 0.100000
0 0.428093 0.249261 0.040000 0.100000
0 0.445269 0.248661 0.040000 0.100000
0 0.459050 0.248462 0.040000 0.100000
0 0.524553 0.249944 0.040000 0.100000
0 0.539200 0.250277 0.040000 0.100000
0 0.552515 0.250111 0.040000 0.100000
0 0.567161 0.249778 0.040000 0.100000
0 0.580809 0.249778 0.040000 0.100000
0 0.635534 0.248879 0.040000 0.100000
0 0.651512 0.249079 0.040000 0.100000
0 0.665692 0.249878 0.040000 0.100000
0 0.750900 0.271543 0.100000 0.040000
0 0.750500 0.290317 0.100000 0.040000
0 0.750700 0.314284 0.100000 0.040000
0 0.750565 0.354183 0.100000 0.040000
0 0.750731 0.372824 0.100000 0.040000
0 0.750778 0.424079 0.100000 0.040000
0 0.751056 0.439197 0.100000 0.040000
0 0.750640 0.455979 0.100000 0.040000
0 0.750199 0.528848 0.100000 0.040000
0 0.750199 0.542579 0.100000 0.040000
0 0.750550 0.576074 0.100000 0.040000
0 0.750716 0.594216 0.100000 0.040000
0 0.750051 0.614022 0.100000 0.040000
0 0.751049 0.633495 0.100000 0.040000
0 0.750773 0.691545 0.100000 0.040000
0 0.750440 0.711185 0.100000 0.040000
0 0.750440 0.737648 0.100000 0.040000
0 0.688023 0.751970 0.040000 0.100000
0 0.662364 0.751693 0.040000 0.100000
0 0.638897 0.751942 0.040000 0.100000
0 0.622586 0.750278 0.040000 0.100000
0 0.607552 0.751751 0.040000 0.100000
0 0.589175 0.751405 0.040000 0.100000
0 0.573340 0.751520 0.040000 0.100000
0 0.522704 0.752295 0.040000 0.100000
0 0.490965 0.752133 0.040000 0.100000
0 0.462116 0.750885 0.040000 0.100000
0 0.446582 0.751661 0.040000 0.100000
0 0.385308 0.751548 0.040000 0.100000
0 0.359510 0.751131 0.040000 0.100000
0 0.336153 0.750521 0.040000 0.100000
0 0.304905 0.752166 0.040000 0.100000
0 0.289509 0.751889 0.040000 0.100000
0 0.249852 0.719388 0.100000 0.040000
0 0.249852 0.697332 0.100000 0.040000
0 0.250365 0.631777 0.100000 0.040000
0 0.249884 0.608853 0.100000 0.040000
0 0.250327 0.587297 0.100000 0.040000
0 0.249518 0.569613 0.100000 0.040000
0 0.250294 0.524993 0.100000 0.040000
0 0.250005 0.510449 0.100000 0.040000
0 0.249235 0.488681 0.100000 0.040000
0 0.249408 0.470130 0.100000 0.040000
0 0.249223 0.442576 0.100000 0.040000
0 0.249741 0.423718 0.100000 0.040000
0 0.249549 0.404744 0.100000 0.040000
0 0.250297 0.376659 0.100000 0.040000
0 0.250759 0.361518 0.100000 0.040000
0 0.249950 0.344181 0.100000 0.040000
0 0.248447 0.328230 0.100000 0.040000
0 0.249169 0.294924 0.100000 0.040000
0 0.249834 0.273287 0.100000 0.040000
