0 0.230641 0.180496 0.040000 0.100000
0 0.296210 0.179328 0.040000 0.100000
0 0.329011 0.179282 0.040000 0.100000
0 0.265627 0.180253 0.040000 0.100000
0 0.358954 0.179004 0.040000 0.100000
0 0.386083 0.179337 0.040000 0.100000
0 0.423531 0.180002 0.040000 0.100000
0 0.440008 0.180002 0.040000 0.100000
0 0.458174 0.180477 0.040000 0.100000
0 0.518978 0.179756 0.040000 0.100000
0 0.542112 0.179256 0.040000 0.100000
0 0.567950 0.180027 0.040000 0.100000
0 0.592499 0.179333 0.040000 0.100000
0 0.618130 0.180110 0.040000 0.100000
0 0.671062 0.179602 0.040000 0.100000
0 0.701783 0.179371 0.040000 0.100000
0 0.729258 0.177970 0.040000 0.100000
0 0.820899 0.231509 0.100000 0.040000
0 0.820733 0.263797 0.100000 0.040000
0 0.820386 0.298002 0.100000 0.040000
0 0.820663 0.341136 0.100000 0.040000
0 0.821315 0.369832 0.100000 0.040000
0 0.820996 0.418029 0.100000 0.040000
0 0.820857 0.442439 0.100000 0.040000
0 0.821232 0.466642 0.100000 0.040000
0 0.821301 0.526283 0.100000 0.040000
0 0.820691 0.573384 0.100000 0.040000
0 0.821024 0.540264 0.100000 0.040000
0 0.820358 0.600180 0.100000 0.040000
0 0.821007 0.660845 0.100000 0.040000
0 0.820841 0.628058 0.100000 0.040000
0 0.821043 0.713391 0.100000 0.040000
0 0.820766 0.744875 0.100000 0.040000
0 0.821015 0.780797 0.100000 0.040000
0 0.743381 0.820873 0.040000 0.100000
0 0.708447 0.821576 0.040000 0.100000
0 0.676798 0.821711 0.040000 0.100000
0 0.647972 0.821318 0.040000 0.100000
0 0.621481 0.821873 0.040000 0.100000
0 0.594394 0.820972 0.040000 0.100000
0 0.566378 0.820001 0.040000 0.100000
0 0.521135 0.820722 0.040000 0.100000
0 0.481880 0.821351 0.040000 0.100000
0 0.448940 0.821004 0.040000 0.100000
0 0.422426 0.820889 0.040000 0.100000
0 0.369084 0.820639 0.040000 0.100000
0 0.335672 0.820998 0.040000 0.100000
0 0.302501 0.820767 0.040000 0.100000
0 0.264129 0.820605 0.040000 0.100000
0 0.235502 0.820522 0.040000 0.100000
0 0.178787 0.769964 0.100000 0.040000
0 0.179134 0.739335 0.100000 0.040000
0 0.179633 0.677144 0.100000 0.040000
0 0.179356 0.648296 0.100000 0.040000
0 0.178690 0.616007 0.100000 0.040000
0 0.178757 0.586082 0.100000 0.040000
0 0.179266 0.542092 0.100000 0.040000
0 0.179266 0.508944 0.100000 0.040000
0 0.179128 0.474686 0.100000 0.040000
0 0.179699 0.444874 0.100000 0.040000
0 0.179930 0.417482 0.100000 0.040000
0 0.178924 0.388205 0.100000 0.040000
0 0.178855 0.353925 0.100000 0.040000
0 0.178855 0.340332 0.100000 0.040000
0 0.179449 0.314811 0.100000 0.040000
0 0.180316 0.303542 0.100000 0.040000
0 0.178005 0.265767 0.100000 0.040000
0 0.179646 0.234052 0.100000 0.040000
0 0.242710 0.195415 0.040000 0.100000
0 0.276329 0.195249 0.040000 0.100000
0 0.302959 0.195415 0.040000 0.100000
0 0.333100 0.195132 0.040000 0.100000
0 0.359729 0.195465 0.040000 0.100000
0 0.384245 0.195881 0.040000 0.100000
0 0.423191 0.195715 0.040000 0.100000
0 0.440431 0.195368 0.040000 0.100000
0 0.457074 0.196061 0.040000 0.100000
0 0.520717 0.195450 0.040000 0.100000
0 0.541522 0.195616 0.040000 0.100000
0 0.563657 0.195117 0.040000 0.100000
0 0.585923 0.195669 0.040000 0.100000
0 0.609502 0.195392 0.040000 0.100000
0 0.661401 0.195613 0.040000 0.100000
0 0.689512 0.194838 0.040000 0.100000
0 0.713312 0.194671 0.040000 0.100000
0 0.804880 0.240540 0.100000 0.040000
0 0.804880 0.270498 0.100000 0.040000
0 0.804380 0.301788 0.100000 0.040000
0 0.804507 0.344769 0.100000 0.040000
0 0.804622 0.370428 0.100000 0.040000
0 0.805177 0.419914 0.100000 0.040000
0 0.805039 0.441689 0.100000 0.040000
0 0.803790 0.464574 0.100000 0.040000
0 0.803616 0.527384 0.100000 0.040000
0 0.804586 0.541530 0.100000 0.040000
0 0.804725 0.574623 0.100000 0.040000
0 0.804892 0.599588 0.100000 0.040000
0 0.804495 0.626015 0.100000 0.040000
0 0.804495 0.655141 0.100000 0.040000
0 0.804797 0.709363 0.100000 0.040000
0 0.805075 0.737657 0.100000 0.040000
0 0.804966 0.771611 0.100000 0.040000
0 0.726859 0.804392 0.040000 0.100000
0 0.695355 0.805564 0.040000 0.100000
0 0.666728 0.804731 0.040000 0.100000
0 0.640631 0.804598 0.040000 0.100000
0 0.618862 0.804598 0.040000 0.100000
0 0.593497 0.804399 0.040000 0.100000
0 0.568341 0.804350 0.040000 0.100000
0 0.521532 0.804350 0.040000 0.100000
0 0.484666 0.804521 0.040000 0.100000
0 0.451879 0.804188 0.040000 0.100000
0 0.427912 0.805020 0.040000 0.100000
0 0.372293 0.803526 0.040000 0.100000
0 0.340537 0.804725 0.040000 0.100000
0 0.309523 0.805847 0.040000 0.100000
0 0.273174 0.804648 0.040000 0.100000
0 0.247832 0.804598 0.040000 0.100000
0 0.195614 0.758164 0.100000 0.040000
0 0.194898 0.730231 0.100000 0.040000
0 0.195980 0.665651 0.100000 0.040000
0 0.194981 0.638688 0.100000 0.040000
0 0.194415 0.608863 0.100000 0.040000
0 0.195394 0.582241 0.100000 0.040000
0 0.195837 0.537782 0.100000 0.040000
0 0.195143 0.504957 0.100000 0.040000
0 0.195421 0.473127 0.100000 0.040000
0 0.195781 0.444500 0.100000 0.040000
0 0.195527 0.419175 0.100000 0.040000
0 0.196220 0.393748 0.100000 0.040000
0 0.196220 0.360669 0.100000 0.040000
0 0.194699 0.345005 0.100000 0.040000
0 0.194800 0.321185 0.100000 0.040000
0 0.195262 0.308818 0.100000 0.040000
0 0.195198 0.273063 0.100000 0.040000
0 0.195697 0.244603 0.100000 0.040000
0 0.256964 0.212482 0.040000 0.100000
0 0.286756 0.212150 0.040000 0.100000
0 0.311056 0.211983 0.040000 0.100000
0 0.338048 0.211808 0.040000 0.100000
0 0.361349 0.211392 0.040000 0.100000
0 0.383679 0.211670 0.040000 0.100000
0 0.424192 0.212072 0.040000 0.100000
0 0.440558 0.212211 0.040000 0.100000
0 0.456649 0.211969 0.040000 0.100000
0 0.521867 0.211439 0.040000 0.100000
0 0.540313 0.211439 0.040000 0.100000
0 0.560979 0.211162 0.040000 0.100000
0 0.580307 0.210973 0.040000 0.100000
0 0.600679 0.210973 0.040000 0.100000
0 0.653807 0.211054 0.040000 0.100000
0 0.677108 0.211054 0.040000 0.100000
0 0.697774 0.211331 0.040000 0.100000
0 0.787520 0.248950 0.100000 0.040000
0 0.787751 0.276111 0.100000 0.040000
0 0.788311 0.304712 0.100000 0.040000
0 0.788253 0.346533 0.100000 0.040000
0 0.788493 0.369834 0.100000 0.040000
0 0.787894 0.420363 0.100000 0.040000
0 0.787495 0.440935 0.100000 0.040000
0 0.787894 0.460907 0.100000 0.040000
0 0.788264 0.527171 0.100000 0.040000
0 0.788929 0.542483 0.100000 0.040000
0 0.787265 0.576103 0.100000 0.040000
0 0.788384 0.598580 0.100000 0.040000
0 0.788245 0.621881 0.100000 0.040000
0 0.787829 0.649620 0.100000 0.040000
0 0.788395 0.704687 0.100000 0.040000
0 0.788195 0.731250 0.100000 0.040000
0 0.787996 0.761208 0.100000 0.040000
0 0.716071 0.788496 0.040000 0.100000
0 0.683392 0.788563 0.040000 0.100000
0 0.658080 0.788331 0.040000 0.100000
0 0.635404 0.787430 0.040000 0.100000
0 0.615570 0.788262 0.040000 0.100000
0 0.593518 0.788789 0.040000 0.100000
0 0.571548 0.788456 0.040000 0.100000
0 0.522573 0.788483 0.040000 0.100000
0 0.486859 0.788137 0.040000 0.100000
0 0.455768 0.788946 0.040000 0.100000
0 0.435528 0.788955 0.040000 0.100000
0 0.377276 0.788289 0.040000 0.100000
0 0.349102 0.788088 0.040000 0.100000
0 0.319899 0.788204 0.040000 0.100000
0 0.283652 0.788254 0.040000 0.100000
0 0.261283 0.787654 0.040000 0.100000
0 0.211767 0.746470 0.100000 0.040000
0 0.211792 0.720139 0.100000 0.040000
0 0.212713 0.652237 0.100000 0.040000
0 0.211673 0.629815 0.100000 0.040000
0 0.211326 0.601105 0.100000 0.040000
0 0.211853 0.577749 0.100000 0.040000
0 0.211906 0.533032 0.100000 0.040000
0 0.212405 0.520549 0.100000 0.040000
0 0.212239 0.501576 0.100000 0.040000
0 0.212139 0.471236 0.100000 0.040000
0 0.212833 0.443382 0.100000 0.040000
0 0.211793 0.421306 0.100000 0.040000
0 0.211150 0.396456 0.100000 0.040000
0 0.211745 0.365699 0.100000 0.040000
0 0.212034 0.348651 0.100000 0.040000
0 0.210902 0.328008 0.100000 0.040000
0 0.211734 0.315387 0.100000 0.040000
0 0.211553 0.279562 0.100000 0.040000
0 0.212247 0.253904 0.100000 0.040000
0 0.270870 0.227612 0.040000 0.100000
0 0.296833 0.227113 0.040000 0.100000
0 0.319302 0.228111 0.040000 0.100000
0 0.342955 0.228872 0.040000 0.100000
0 0.363621 0.228317 0.040000 0.100000
0 0.383315 0.228595 0.040000 0.100000
0 0.424260 0.228786 0.040000 0.100000
0 0.441828 0.229595 0.040000 0.100000
0 0.456507 0.229595 0.040000 0.100000
0 0.523820 0.229046 0.040000 0.100000
0 0.539770 0.228699 0.040000 0.100000
0 0.557454 0.228583 0.040000 0.100000
0 0.574523 0.228462 0.040000 0.100000
0 0.592631 0.227884 0.040000 0.100000
0 0.646205 0.229155 0.040000 0.100000
0 0.665854 0.228115 0.040000 0.100000
0 0.684254 0.228393 0.040000 0.100000
0 0.771923 0.257865 0.100000 0.040000
0 0.771646 0.281027 0.100000 0.040000
0 0.772869 0.306531 0.100000 0.040000
0 0.772175 0.348140 0.100000 0.040000
0 0.772719 0.370088 0.100000 0.040000
0 0.771782 0.420539 0.100000 0.040000
0 0.773081 0.439438 0.100000 0.040000
0 0.771695 0.464264 0.100000 0.040000
0 0.772681 0.526944 0.100000 0.040000
0 0.772970 0.543318 0.100000 0.040000
0 0.771849 0.577333 0.100000 0.040000
0 0.771849 0.597305 0.100000 0.040000
0 0.772667 0.643394 0.100000 0.040000
0 0.771557 0.619122 0.100000 0.040000
0 0.772552 0.700239 0.100000 0.040000
0 0.772552 0.723872 0.100000 0.040000
0 0.771553 0.750668 0.100000 0.040000
0 0.703095 0.772094 0.040000 0.100000
0 0.673692 0.772788 0.040000 0.100000
0 0.651362 0.772094 0.040000 0.100000
0 0.631212 0.771773 0.040000 0.100000
0 0.614236 0.771972 0.040000 0.100000
0 0.593665 0.771972 0.040000 0.100000
0 0.574891 0.771573 0.040000 0.100000
0 0.522934 0.772432 0.040000 0.100000
0 0.491127 0.772479 0.040000 0.100000
0 0.460143 0.772479 0.040000 0.100000
0 0.441835 0.773477 0.040000 0.100000
0 0.380573 0.772681 0.040000 0.100000
0 0.355885 0.772404 0.040000 0.100000
0 0.329117 0.772404 0.040000 0.100000
0 0.294998 0.771988 0.040000 0.100000
0 0.277023 0.770490 0.040000 0.100000
0 0.227950 0.734826 0.100000 0.040000
0 0.226702 0.712357 0.100000 0.040000
0 0.228103 0.640971 0.100000 0.040000
0 0.228173 0.619001 0.100000 0.040000
0 0.228288 0.593804 0.100000 0.040000
0 0.228566 0.571891 0.100000 0.040000
0 0.228822 0.528037 0.100000 0.040000
0 0.228937 0.514399 0.100000 0.040000
0 0.228475 0.496369 0.100000 0.040000
0 0.228902 0.468479 0.100000 0.040000
0 0.228070 0.441965 0.100000 0.040000
0 0.228625 0.420884 0.100000 0.040000
0 0.228632 0.399828 0.100000 0.040000
0 0.228748 0.371048 0.100000 0.040000
0 0.227939 0.353365 0.100000 0.040000
0 0.226921 0.334641 0.100000 0.040000
0 0.227754 0.320217 0.100000 0.040000
0 0.228142 0.285265 0.100000 0.040000
0 0.227676 0.262064 0.100000 0.040000
0 0.287014 0.245037 0.040000 0.100000
0 0.309649 0.243705 0.040000 0.100000
0 0.327291 0.242540 0.040000 0.100000
0 0.347982 0.244823 0.040000 0.100000
0 0.366012 0.244269 0.040000 0.100000
0 0.382517 0.243436 0.040000 0.100000
0 0.425074 0.243242 0.040000 0.100000
0 0.442383 0.243242 0.040000 0.100000
0 0.463520 0.243242 0.040000 0.100000
0 0.524779 0.243690 0.040000 0.100000
0 0.540174 0.243829 0.040000 0.100000
0 0.554598 0.243135 0.040000 0.100000
0 0.569993 0.243274 0.040000 0.100000
0 0.583863 0.244245 0.040000 0.100000
0 0.639916 0.243437 0.040000 0.100000
0 0.655973 0.243437 0.040000 0.100000
0 0.671552 0.242958 0.040000 0.100000
0 0.756317 0.264172 0.100000 0.040000
0 0.756733 0.284837 0.100000 0.040000
0 0.756178 0.307722 0.100000 0.040000
0 0.755332 0.349622 0.100000 0.040000
0 0.756303 0.367652 0.100000 0.040000
0 0.756273 0.420719 0.100000 0.040000
0 0.756967 0.437247 0.100000 0.040000
0 0.755695 0.453313 0.100000 0.040000
0 0.756320 0.527359 0.100000 0.040000
0 0.757091 0.543058 0.100000 0.040000
0 0.756528 0.577320 0.100000 0.040000
0 0.756112 0.595073 0.100000 0.040000
0 0.756112 0.614490 0.100000 0.040000
0 0.755480 0.635893 0.100000 0.040000
0 0.755823 0.694365 0.100000 0.040000
0 0.756055 0.716094 0.100000 0.040000
0 0.755199 0.739233 0.100000 0.040000
0 0.690720 0.755973 0.040000 0.100000
0 0.664923 0.757083 0.040000 0.100000
0 0.644701 0.757693 0.040000 0.100000
0 0.628057 0.756695 0.040000 0.100000
0 0.611580 0.756362 0.040000 0.100000
0 0.593772 0.756528 0.040000 0.100000
0 0.577767 0.756879 0.040000 0.100000
0 0.524023 0.756948 0.040000 0.100000
0 0.494897 0.755617 0.040000 0.100000
0 0.464439 0.754951 0.040000 0.100000
0 0.448195 0.756216 0.040000 0.100000
0 0.384620 0.756036 0.040000 0.100000
0 0.361755 0.756627 0.040000 0.100000
0 0.337067 0.757459 0.040000 0.100000
0 0.305678 0.755783 0.040000 0.100000
0 0.289500 0.755983 0.040000 0.100000
0 0.244563 0.722829 0.100000 0.040000
0 0.243365 0.701659 0.100000 0.040000
0 0.244839 0.627666 0.100000 0.040000
0 0.243508 0.609358 0.100000 0.040000
0 0.244174 0.586390 0.100000 0.040000
0 0.244506 0.566085 0.100000 0.040000
0 0.244631 0.523769 0.100000 0.040000
0 0.244770 0.491176 0.100000 0.040000
0 0.244631 0.466211 0.100000 0.040000
0 0.244493 0.508513 0.100000 0.040000
0 0.244550 0.440393 0.100000 0.040000
0 0.244666 0.421553 0.100000 0.040000
0 0.244088 0.402182 0.100000 0.040000
0 0.243949 0.375136 0.100000 0.040000
0 0.244229 0.357603 0.100000 0.040000
0 0.243536 0.340266 0.100000 0.040000
0 0.244113 0.324779 0.100000 0.040000
0 0.244340 0.290712 0.100000 0.040000
0 0.243786 0.269353 0.100000 0.040000
