0 0.225955 0.172288 0.040000 0.100000
0 0.260121 0.174014 0.040000 0.100000
0 0.291527 0.173323 0.040000 0.100000
0 0.322933 0.172633 0.040000 0.100000
0 0.351490 0.172564 0.040000 0.100000
0 0.380050 0.172364 0.040000 0.100000
0 0.422850 0.172464 0.040000 0.100000
0 0.439028 0.173063 0.040000 0.100000
0 0.463993 0.173462 0.040000 0.100000
0 0.520137 0.173220 0.040000 0.100000
0 0.545102 0.173220 0.040000 0.100000
0 0.571232 0.173552 0.040000 0.100000
0 0.596555 0.173561 0.040000 0.100000
0 0.623185 0.173145 0.040000 0.100000
0 0.677858 0.173172 0.040000 0.100000
0 0.709017 0.171583 0.040000 0.100000
0 0.733289 0.173247 0.040000 0.100000
0 0.828314 0.206492 0.100000 0.040000
0 0.827898 0.240889 0.100000 0.040000
0 0.826607 0.273475 0.100000 0.040000
0 0.826986 0.317011 0.100000 0.040000
0 0.827153 0.347635 0.100000 0.040000
0 0.828210 0.395737 0.100000 0.040000
0 0.827100 0.421395 0.100000 0.040000
0 0.826268 0.448996 0.100000 0.040000
0 0.827086 0.513281 0.100000 0.040000
0 0.827225 0.554834 0.100000 0.040000
0 0.827158 0.581896 0.100000 0.040000
0 0.827757 0.610056 0.100000 0.040000
0 0.827732 0.642724 0.100000 0.040000
0 0.827166 0.694451 0.100000 0.040000
0 0.827338 0.728567 0.100000 0.040000
0 0.826938 0.759524 0.100000 0.040000
0 0.743421 0.826465 0.040000 0.100000
0 0.707083 0.827158 0.040000 0.100000
0 0.673464 0.826132 0.040000 0.100000
0 0.644171 0.827131 0.040000 0.100000
0 0.619065 0.827749 0.040000 0.100000
0 0.591048 0.827749 0.040000 0.100000
0 0.562339 0.827056 0.040000 0.100000
0 0.520148 0.826806 0.040000 0.100000
0 0.479338 0.826573 0.040000 0.100000
0 0.419996 0.826975 0.040000 0.100000
0 0.445877 0.826698 0.040000 0.100000
0 0.366446 0.826850 0.040000 0.100000
0 0.332050 0.826850 0.040000 0.100000
0 0.297709 0.825907 0.040000 0.100000
0 0.258115 0.826576 0.040000 0.100000
0 0.225161 0.826743 0.040000 0.100000
0 0.172632 0.759094 0.100000 0.040000
0 0.171708 0.726270 0.100000 0.040000
0 0.172632 0.662137 0.100000 0.040000
0 0.173556 0.627279 0.100000 0.040000
0 0.172308 0.598708 0.100000 0.040000
0 0.172447 0.567224 0.100000 0.040000
0 0.172666 0.529101 0.100000 0.040000
0 0.172088 0.515906 0.100000 0.040000
0 0.172647 0.494678 0.100000 0.040000
0 0.172531 0.457069 0.100000 0.040000
0 0.172531 0.421757 0.100000 0.040000
0 0.172800 0.394787 0.100000 0.040000
0 0.172245 0.365799 0.100000 0.040000
0 0.172356 0.336951 0.100000 0.040000
0 0.171857 0.321306 0.100000 0.040000
0 0.172275 0.297069 0.100000 0.040000
0 0.172391 0.281466 0.100000 0.040000
0 0.171929 0.242909 0.100000 0.040000
0 0.172578 0.215497 0.100000 0.040000
0 0.240292 0.189284 0.040000 0.100000
0 0.269557 0.188868 0.040000 0.100000
0 0.298849 0.189367 0.040000 0.100000
0 0.327309 0.189200 0.040000 0.100000
0 0.353390 0.188518 0.040000 0.100000
0 0.379686 0.188685 0.040000 0.100000
0 0.423109 0.189367 0.040000 0.100000
0 0.440085 0.189200 0.040000 0.100000
0 0.456728 0.188535 0.040000 0.100000
0 0.521720 0.189583 0.040000 0.100000
0 0.543856 0.189750 0.040000 0.100000
0 0.566949 0.188820 0.040000 0.100000
0 0.590804 0.189098 0.040000 0.100000
0 0.612579 0.189237 0.040000 0.100000
0 0.669816 0.188648 0.040000 0.100000
0 0.694781 0.188848 0.040000 0.100000
0 0.717749 0.189248 0.040000 0.100000
0 0.810722 0.214735 0.100000 0.040000
0 0.811387 0.246524 0.100000 0.040000
0 0.811326 0.275944 0.100000 0.040000
0 0.810258 0.319536 0.100000 0.040000
0 0.811645 0.347275 0.100000 0.040000
0 0.810671 0.396087 0.100000 0.040000
0 0.810255 0.420081 0.100000 0.040000
0 0.810671 0.446156 0.100000 0.040000
0 0.810644 0.512855 0.100000 0.040000
0 0.811386 0.524045 0.100000 0.040000
0 0.811685 0.555563 0.100000 0.040000
0 0.811477 0.579765 0.100000 0.040000
0 0.811394 0.605756 0.100000 0.040000
0 0.809896 0.634882 0.100000 0.040000
0 0.810802 0.689284 0.100000 0.040000
0 0.811496 0.720375 0.100000 0.040000
0 0.810271 0.747120 0.100000 0.040000
0 0.729425 0.809956 0.040000 0.100000
0 0.696139 0.811343 0.040000 0.100000
0 0.666319 0.811690 0.040000 0.100000
0 0.639112 0.811066 0.040000 0.100000
0 0.616810 0.811315 0.040000 0.100000
0 0.591013 0.811648 0.040000 0.100000
0 0.565315 0.810317 0.040000 0.100000
0 0.520518 0.810434 0.040000 0.100000
0 0.482608 0.811706 0.040000 0.100000
0 0.449460 0.811197 0.040000 0.100000
0 0.426132 0.810476 0.040000 0.100000
0 0.369744 0.810476 0.040000 0.100000
0 0.338262 0.811709 0.040000 0.100000
0 0.304975 0.811431 0.040000 0.100000
0 0.266945 0.810710 0.040000 0.100000
0 0.236987 0.810211 0.040000 0.100000
0 0.189184 0.747722 0.100000 0.040000
0 0.188851 0.715766 0.100000 0.040000
0 0.188652 0.649652 0.100000 0.040000
0 0.188053 0.618097 0.100000 0.040000
0 0.188846 0.562348 0.100000 0.040000
0 0.189013 0.591248 0.100000 0.040000
0 0.188930 0.523352 0.100000 0.040000
0 0.188698 0.509829 0.100000 0.040000
0 0.188930 0.490181 0.100000 0.040000
0 0.189346 0.454467 0.100000 0.040000
0 0.189928 0.420154 0.100000 0.040000
0 0.189029 0.395389 0.100000 0.040000
0 0.188887 0.369410 0.100000 0.040000
0 0.189303 0.342781 0.100000 0.040000
0 0.189164 0.326415 0.100000 0.040000
0 0.190008 0.304471 0.100000 0.040000
0 0.189661 0.287365 0.100000 0.040000
0 0.189650 0.250576 0.100000 0.040000
0 0.190112 0.226189 0.100000 0.040000
0 0.255734 0.206740 0.040000 0.100000
0 0.281618 0.205360 0.040000 0.100000
0 0.306811 0.204669 0.040000 0.100000
0 0.332350 0.205015 0.040000 0.100000
0 0.423253 0.204501 0.040000 0.100000
0 0.441228 0.204701 0.040000 0.100000
0 0.463996 0.204301 0.040000 0.100000
0 0.379315 0.205140 0.040000 0.100000
0 0.523042 0.205619 0.040000 0.100000
0 0.543014 0.205785 0.040000 0.100000
0 0.563652 0.205619 0.040000 0.100000
0 0.582792 0.205785 0.040000 0.100000
0 0.602930 0.205785 0.040000 0.100000
0 0.661011 0.204458 0.040000 0.100000
0 0.684012 0.205961 0.040000 0.100000
0 0.701348 0.205614 0.040000 0.100000
0 0.795385 0.223412 0.100000 0.040000
0 0.794276 0.252676 0.100000 0.040000
0 0.793943 0.279305 0.100000 0.040000
0 0.794195 0.321915 0.100000 0.040000
0 0.794611 0.347712 0.100000 0.040000
0 0.794198 0.398167 0.100000 0.040000
0 0.794753 0.419942 0.100000 0.040000
0 0.793921 0.443770 0.100000 0.040000
0 0.794628 0.513519 0.100000 0.040000
0 0.795321 0.525169 0.100000 0.040000
0 0.795044 0.556930 0.100000 0.040000
0 0.795460 0.579538 0.100000 0.040000
0 0.795072 0.604087 0.100000 0.040000
0 0.793907 0.629884 0.100000 0.040000
0 0.795122 0.685256 0.100000 0.040000
0 0.794622 0.712718 0.100000 0.040000
0 0.795288 0.737616 0.100000 0.040000
0 0.717347 0.794114 0.040000 0.100000
0 0.685891 0.794613 0.040000 0.100000
0 0.658596 0.794280 0.040000 0.100000
0 0.634463 0.793781 0.040000 0.100000
0 0.615124 0.794047 0.040000 0.100000
0 0.591357 0.794846 0.040000 0.100000
0 0.567790 0.794047 0.040000 0.100000
0 0.521352 0.794590 0.040000 0.100000
0 0.485902 0.794923 0.040000 0.100000
0 0.453281 0.794756 0.040000 0.100000
0 0.433150 0.795214 0.040000 0.100000
0 0.374316 0.794326 0.040000 0.100000
0 0.343959 0.795824 0.040000 0.100000
0 0.313601 0.795225 0.040000 0.100000
0 0.277236 0.794290 0.040000 0.100000
0 0.249627 0.795153 0.040000 0.100000
0 0.205900 0.735441 0.100000 0.040000
0 0.205900 0.706282 0.100000 0.040000
0 0.205101 0.638377 0.100000 0.040000
0 0.205085 0.609780 0.100000 0.040000
0 0.205750 0.585314 0.100000 0.040000
0 0.205085 0.558352 0.100000 0.040000
0 0.204419 0.518874 0.100000 0.040000
0 0.205857 0.504694 0.100000 0.040000
0 0.205377 0.485761 0.100000 0.040000
0 0.205154 0.453030 0.100000 0.040000
0 0.204822 0.420409 0.100000 0.040000
0 0.205654 0.397774 0.100000 0.040000
0 0.205480 0.373259 0.100000 0.040000
0 0.205018 0.348641 0.100000 0.040000
0 0.205365 0.331767 0.100000 0.040000
0 0.205434 0.311171 0.100000 0.040000
0 0.205850 0.293140 0.100000 0.040000
0 0.205734 0.257873 0.100000 0.040000
0 0.205933 0.234506 0.100000 0.040000
0 0.270354 0.221866 0.040000 0.100000
0 0.294919 0.221666 0.040000 0.100000
0 0.315690 0.220867 0.040000 0.100000
0 0.337859 0.221466 0.040000 0.100000
0 0.359629 0.220867 0.040000 0.100000
0 0.379976 0.220987 0.040000 0.100000
0 0.425200 0.222355 0.040000 0.100000
0 0.442675 0.222687 0.040000 0.100000
0 0.464811 0.222687 0.040000 0.100000
0 0.525526 0.221536 0.040000 0.100000
0 0.542782 0.221536 0.040000 0.100000
0 0.561715 0.221296 0.040000 0.100000
0 0.578971 0.220817 0.040000 0.100000
0 0.594789 0.221775 0.040000 0.100000
0 0.652419 0.221958 0.040000 0.100000
0 0.671698 0.222235 0.040000 0.100000
0 0.688341 0.222096 0.040000 0.100000
0 0.779244 0.232213 0.100000 0.040000
0 0.778689 0.259258 0.100000 0.040000
0 0.778689 0.283058 0.100000 0.040000
0 0.778160 0.326121 0.100000 0.040000
0 0.778327 0.349089 0.100000 0.040000
0 0.777831 0.400354 0.100000 0.040000
0 0.777831 0.420492 0.100000 0.040000
0 0.778163 0.441796 0.100000 0.040000
0 0.778498 0.514286 0.100000 0.040000
0 0.778165 0.528599 0.100000 0.040000
0 0.778998 0.559223 0.100000 0.040000
0 0.778458 0.601903 0.100000 0.040000
0 0.778219 0.579854 0.100000 0.040000
0 0.778458 0.625869 0.100000 0.040000
0 0.778431 0.682714 0.100000 0.040000
0 0.778264 0.707180 0.100000 0.040000
0 0.778597 0.729149 0.100000 0.040000
0 0.707378 0.778732 0.040000 0.100000
0 0.677420 0.778177 0.040000 0.100000
0 0.652316 0.778871 0.040000 0.100000
0 0.631623 0.778455 0.040000 0.100000
0 0.614313 0.778788 0.040000 0.100000
0 0.593676 0.778288 0.040000 0.100000
0 0.572745 0.777603 0.040000 0.100000
0 0.522279 0.778392 0.040000 0.100000
0 0.489159 0.778724 0.040000 0.100000
0 0.458728 0.777207 0.040000 0.100000
0 0.439555 0.777446 0.040000 0.100000
0 0.379399 0.777446 0.040000 0.100000
0 0.351974 0.779646 0.040000 0.100000
0 0.323847 0.778814 0.040000 0.100000
0 0.289229 0.777982 0.040000 0.100000
0 0.264876 0.778581 0.040000 0.100000
0 0.221234 0.726258 0.100000 0.040000
0 0.221567 0.698796 0.100000 0.040000
0 0.221277 0.628665 0.100000 0.040000
0 0.221444 0.602368 0.100000 0.040000
0 0.221277 0.579900 0.100000 0.040000
0 0.221610 0.555101 0.100000 0.040000
0 0.220868 0.515466 0.100000 0.040000
0 0.221534 0.501153 0.100000 0.040000
0 0.220868 0.483844 0.100000 0.040000
0 0.220921 0.452779 0.100000 0.040000
0 0.221431 0.421813 0.100000 0.040000
0 0.221597 0.401009 0.100000 0.040000
0 0.222097 0.378707 0.100000 0.040000
0 0.221589 0.355397 0.100000 0.040000
0 0.221589 0.336812 0.100000 0.040000
0 0.221312 0.318643 0.100000 0.040000
0 0.221589 0.300336 0.100000 0.040000
0 0.221617 0.264580 0.100000 0.040000
0 0.222349 0.243343 0.100000 0.040000
0 0.287439 0.238744 0.040000 0.100000
0 0.307244 0.238245 0.040000 0.100000
0 0.324886 0.236747 0.040000 0.100000
0 0.345025 0.238744 0.040000 0.100000
0 0.363199 0.238345 0.040000 0.100000
0 0.380775 0.238744 0.040000 0.100000
0 0.425972 0.237206 0.040000 0.100000
0 0.443747 0.237206 0.040000 0.100000
0 0.464717 0.237206 0.040000 0.100000
0 0.527817 0.236803 0.040000 0.100000
0 0.542396 0.236004 0.040000 0.100000
0 0.558574 0.237003 0.040000 0.100000
0 0.572554 0.236803 0.040000 0.100000
0 0.587134 0.237003 0.040000 0.100000
0 0.646410 0.237406 0.040000 0.100000
0 0.661389 0.237738 0.040000 0.100000
0 0.675869 0.237572 0.040000 0.100000
0 0.762175 0.243078 0.100000 0.040000
0 0.763133 0.266325 0.100000 0.040000
0 0.762414 0.287895 0.100000 0.040000
0 0.761839 0.330156 0.100000 0.040000
0 0.762238 0.349928 0.100000 0.040000
0 0.761640 0.403502 0.100000 0.040000
0 0.761871 0.421301 0.100000 0.040000
0 0.761223 0.439979 0.100000 0.040000
0 0.761418 0.516538 0.100000 0.040000
0 0.761085 0.532183 0.100000 0.040000
0 0.761185 0.562906 0.100000 0.040000
0 0.761235 0.582163 0.100000 0.040000
0 0.762732 0.600470 0.100000 0.040000
0 0.763080 0.622764 0.100000 0.040000
0 0.761955 0.680644 0.100000 0.040000
0 0.762435 0.701735 0.100000 0.040000
0 0.761716 0.720429 0.100000 0.040000
0 0.696719 0.761603 0.040000 0.100000
0 0.667671 0.761603 0.040000 0.100000
0 0.645799 0.761774 0.040000 0.100000
0 0.627990 0.761940 0.040000 0.100000
0 0.612345 0.762273 0.040000 0.100000
0 0.594870 0.761608 0.040000 0.100000
0 0.576729 0.761940 0.040000 0.100000
0 0.525201 0.762606 0.040000 0.100000
0 0.493965 0.761008 0.040000 0.100000
0 0.463288 0.762446 0.040000 0.100000
0 0.447709 0.762446 0.040000 0.100000
0 0.383187 0.763077 0.040000 0.100000
0 0.358555 0.763743 0.040000 0.100000
0 0.333623 0.762578 0.040000 0.100000
0 0.300070 0.762777 0.040000 0.100000
0 0.280098 0.761978 0.040000 0.100000
0 0.239096 0.715583 0.100000 0.040000
0 0.237548 0.690901 0.100000 0.040000
0 0.239376 0.617124 0.100000 0.040000
0 0.237795 0.595072 0.100000 0.040000
0 0.238627 0.574600 0.100000 0.040000
0 0.237761 0.553230 0.100000 0.040000
0 0.237988 0.512763 0.100000 0.040000
0 0.237988 0.497091 0.100000 0.040000
0 0.239098 0.473235 0.100000 0.040000
0 0.239474 0.452365 0.100000 0.040000
0 0.238275 0.422607 0.100000 0.040000
0 0.238078 0.405432 0.100000 0.040000
0 0.238495 0.385738 0.100000 0.040000
0 0.238217 0.362160 0.100000 0.040000
0 0.237635 0.342604 0.100000 0.040000
0 0.237626 0.326723 0.100000 0.040000
0 0.238042 0.307583 0.100000 0.040000
0 0.238348 0.272383 0.100000 0.040000
0 0.238181 0.252577 0.100000 0.040000
