0 0.217712 0.170704 0.040000 0.100000
0 0.251745 0.172503 0.040000 0.100000
0 0.284030 0.172542 0.040000 0.100000
0 0.314196 0.171386 0.040000 0.100000
0 0.344158 0.171284 0.040000 0.100000
0 0.373423 0.171839 0.040000 0.100000
0 0.417136 0.172361 0.040000 0.100000
0 0.433086 0.171552 0.040000 0.100000
0 0.454191 0.171853 0.040000 0.100000
0 0.517571 0.171482 0.040000 0.100000
0 0.541422 0.171917 0.040000 0.100000
0 0.566965 0.172380 0.040000 0.100000
0 0.592469 0.171975 0.040000 0.100000
0 0.618723 0.170617 0.040000 0.100000
0 0.673863 0.171035 0.040000 0.100000
0 0.704935 0.172095 0.040000 0.100000
0 0.728698 0.171193 0.040000 0.100000
0 0.828999 0.203534 0.100000 0.040000
0 0.829624 0.237417 0.100000 0.040000
0 0.828940 0.269786 0.100000 0.040000
0 0.828472 0.314035 0.100000 0.040000
0 0.828926 0.343750 0.100000 0.040000
0 0.828297 0.393861 0.100000 0.040000
0 0.828297 0.421184 0.100000 0.040000
0 0.829269 0.450569 0.100000 0.040000
0 0.828883 0.512507 0.100000 0.040000
0 0.829435 0.555578 0.100000 0.040000
0 0.828671 0.583839 0.100000 0.040000
0 0.829017 0.611752 0.100000 0.040000
0 0.829143 0.645458 0.100000 0.040000
0 0.828154 0.696926 0.100000 0.040000
0 0.829851 0.731483 0.100000 0.040000
0 0.828464 0.757002 0.100000 0.040000
0 0.738055 0.829465 0.040000 0.100000
0 0.703381 0.829604 0.040000 0.100000
0 0.668624 0.830158 0.040000 0.100000
0 0.641496 0.830158 0.040000 0.100000
0 0.616707 0.828677 0.040000 0.100000
0 0.587581 0.828511 0.040000 0.100000
0 0.560482 0.829225 0.040000 0.100000
0 0.514492 0.829369 0.040000 0.100000
0 0.476439 0.829188 0.040000 0.100000
0 0.443430 0.829188 0.040000 0.100000
0 0.416246 0.828217 0.040000 0.100000
0 0.361545 0.827668 0.040000 0.100000
0 0.328990 0.828867 0.040000 0.100000
0 0.294009 0.828592 0.040000 0.100000
0 0.253926 0.828592 0.040000 0.100000
0 0.219962 0.828377 0.040000 0.100000
0 0.172347 0.756302 0.100000 0.040000
0 0.171191 0.723073 0.100000 0.040000
0 0.171803 0.656823 0.100000 0.040000
0 0.170839 0.626965 0.100000 0.040000
0 0.171200 0.595344 0.100000 0.040000
0 0.171681 0.562212 0.100000 0.040000
0 0.171157 0.524282 0.100000 0.040000
0 0.171157 0.511384 0.100000 0.040000
0 0.171932 0.488173 0.100000 0.040000
0 0.171469 0.451419 0.100000 0.040000
0 0.173050 0.416769 0.100000 0.040000
0 0.170440 0.389055 0.100000 0.040000
0 0.170440 0.358196 0.100000 0.040000
0 0.170698 0.331825 0.100000 0.040000
0 0.172030 0.317013 0.100000 0.040000
0 0.171031 0.291715 0.100000 0.040000
0 0.172363 0.275571 0.100000 0.040000
0 0.171162 0.237899 0.100000 0.040000
0 0.171971 0.213743 0.100000 0.040000
0 0.230112 0.187273 0.040000 0.100000
0 0.259816 0.186002 0.040000 0.100000
0 0.289848 0.187097 0.040000 0.100000
0 0.318308 0.187930 0.040000 0.100000
0 0.345603 0.187763 0.040000 0.100000
0 0.372781 0.186315 0.040000 0.100000
0 0.416886 0.187480 0.040000 0.100000
0 0.433696 0.187314 0.040000 0.100000
0 0.457164 0.186540 0.040000 0.100000
0 0.518299 0.187705 0.040000 0.100000
0 0.540629 0.186873 0.040000 0.100000
0 0.563430 0.186679 0.040000 0.100000
0 0.585899 0.187012 0.040000 0.100000
0 0.608867 0.187511 0.040000 0.100000
0 0.665291 0.186695 0.040000 0.100000
0 0.693349 0.186643 0.040000 0.100000
0 0.712350 0.187198 0.040000 0.100000
0 0.812601 0.210110 0.100000 0.040000
0 0.812236 0.242449 0.100000 0.040000
0 0.812731 0.272369 0.100000 0.040000
0 0.812454 0.316196 0.100000 0.040000
0 0.812814 0.343097 0.100000 0.040000
0 0.812139 0.394314 0.100000 0.040000
0 0.811792 0.419510 0.100000 0.040000
0 0.812481 0.447300 0.100000 0.040000
0 0.812318 0.512259 0.100000 0.040000
0 0.812984 0.556530 0.100000 0.040000
0 0.813007 0.582658 0.100000 0.040000
0 0.812661 0.608317 0.100000 0.040000
0 0.812661 0.638367 0.100000 0.040000
0 0.813363 0.691492 0.100000 0.040000
0 0.812822 0.723278 0.100000 0.040000
0 0.811990 0.746579 0.100000 0.040000
0 0.723236 0.812608 0.040000 0.100000
0 0.691614 0.812469 0.040000 0.100000
0 0.660408 0.813163 0.040000 0.100000
0 0.635970 0.812608 0.040000 0.100000
0 0.614500 0.812275 0.040000 0.100000
0 0.587438 0.811842 0.040000 0.100000
0 0.563671 0.811643 0.040000 0.100000
0 0.515418 0.811922 0.040000 0.100000
0 0.478750 0.812401 0.040000 0.100000
0 0.447521 0.812186 0.040000 0.100000
0 0.422596 0.811946 0.040000 0.100000
0 0.366275 0.810987 0.040000 0.100000
0 0.334352 0.811802 0.040000 0.100000
0 0.301854 0.811802 0.040000 0.100000
0 0.262740 0.812378 0.040000 0.100000
0 0.232178 0.811240 0.040000 0.100000
0 0.187602 0.744931 0.100000 0.040000
0 0.187842 0.713535 0.100000 0.040000
0 0.187602 0.644752 0.100000 0.040000
0 0.188082 0.616471 0.100000 0.040000
0 0.187363 0.587951 0.100000 0.040000
0 0.187818 0.557471 0.100000 0.040000
0 0.188058 0.518645 0.100000 0.040000
0 0.187578 0.506183 0.100000 0.040000
0 0.187389 0.484263 0.100000 0.040000
0 0.187389 0.450144 0.100000 0.040000
0 0.186889 0.416192 0.100000 0.040000
0 0.187056 0.390428 0.100000 0.040000
0 0.187256 0.361868 0.100000 0.040000
0 0.185981 0.335799 0.100000 0.040000
0 0.187146 0.321152 0.100000 0.040000
0 0.186683 0.296301 0.100000 0.040000
0 0.188069 0.281045 0.100000 0.040000
0 0.188624 0.244845 0.100000 0.040000
0 0.187515 0.223903 0.100000 0.040000
0 0.244915 0.203515 0.040000 0.100000
0 0.271877 0.203315 0.040000 0.100000
0 0.298640 0.204114 0.040000 0.100000
0 0.324004 0.204314 0.040000 0.100000
0 0.347771 0.204713 0.040000 0.100000
0 0.372912 0.203179 0.040000 0.100000
0 0.418348 0.203012 0.040000 0.100000
0 0.434825 0.203179 0.040000 0.100000
0 0.454298 0.203512 0.040000 0.100000
0 0.519643 0.203095 0.040000 0.100000
0 0.540281 0.204926 0.040000 0.100000
0 0.560752 0.203928 0.040000 0.100000
0 0.580059 0.203095 0.040000 0.100000
0 0.600696 0.203262 0.040000 0.100000
0 0.657221 0.203106 0.040000 0.100000
0 0.681840 0.203337 0.040000 0.100000
0 0.698830 0.203453 0.040000 0.100000
0 0.796731 0.218186 0.100000 0.040000
0 0.796485 0.248475 0.100000 0.040000
0 0.796346 0.274966 0.100000 0.040000
0 0.796329 0.318932 0.100000 0.040000
0 0.796329 0.343697 0.100000 0.040000
0 0.796865 0.396273 0.100000 0.040000
0 0.796699 0.419741 0.100000 0.040000
0 0.795867 0.445038 0.100000 0.040000
0 0.795709 0.512427 0.100000 0.040000
0 0.795203 0.526195 0.100000 0.040000
0 0.795369 0.557817 0.100000 0.040000
0 0.795036 0.581784 0.100000 0.040000
0 0.795536 0.604585 0.100000 0.040000
0 0.796135 0.632745 0.100000 0.040000
0 0.796982 0.687101 0.100000 0.040000
0 0.796448 0.716392 0.100000 0.040000
0 0.795893 0.737474 0.100000 0.040000
0 0.711209 0.795548 0.040000 0.100000
0 0.681584 0.795881 0.040000 0.100000
0 0.653124 0.796214 0.040000 0.100000
0 0.631987 0.795382 0.040000 0.100000
0 0.612747 0.796114 0.040000 0.100000
0 0.588980 0.796314 0.040000 0.100000
0 0.567411 0.795914 0.040000 0.100000
0 0.516901 0.795583 0.040000 0.100000
0 0.482550 0.795782 0.040000 0.100000
0 0.451589 0.796154 0.040000 0.100000
0 0.429420 0.796354 0.040000 0.100000
0 0.370324 0.797626 0.040000 0.100000
0 0.341568 0.796840 0.040000 0.100000
0 0.309413 0.797728 0.040000 0.100000
0 0.273263 0.795132 0.040000 0.100000
0 0.245103 0.795331 0.040000 0.100000
0 0.203711 0.734540 0.100000 0.040000
0 0.203378 0.705081 0.100000 0.040000
0 0.204307 0.632745 0.100000 0.040000
0 0.204091 0.607830 0.100000 0.040000
0 0.203300 0.583018 0.100000 0.040000
0 0.203522 0.554807 0.100000 0.040000
0 0.204418 0.515110 0.100000 0.040000
0 0.204418 0.502073 0.100000 0.040000
0 0.204418 0.480852 0.100000 0.040000
0 0.204141 0.449646 0.100000 0.040000
0 0.202906 0.417788 0.100000 0.040000
0 0.203045 0.393794 0.100000 0.040000
0 0.203813 0.367960 0.100000 0.040000
0 0.203772 0.342538 0.100000 0.040000
0 0.203911 0.327143 0.100000 0.040000
0 0.202682 0.304042 0.100000 0.040000
0 0.203491 0.287283 0.100000 0.040000
0 0.203940 0.251689 0.100000 0.040000
0 0.203940 0.232550 0.100000 0.040000
0 0.262350 0.220226 0.040000 0.100000
0 0.285318 0.220559 0.040000 0.100000
0 0.308619 0.219560 0.040000 0.100000
0 0.331753 0.220559 0.040000 0.100000
0 0.352391 0.220392 0.040000 0.100000
0 0.373661 0.219527 0.040000 0.100000
0 0.419996 0.219327 0.040000 0.100000
0 0.437435 0.219444 0.040000 0.100000
0 0.459238 0.220276 0.040000 0.100000
0 0.523065 0.220412 0.040000 0.100000
0 0.539875 0.220412 0.040000 0.100000
0 0.557351 0.219747 0.040000 0.100000
0 0.575325 0.220079 0.040000 0.100000
0 0.591636 0.220912 0.040000 0.100000
0 0.650345 0.219516 0.040000 0.100000
0 0.671843 0.219794 0.040000 0.100000
0 0.685712 0.220210 0.040000 0.100000
0 0.779675 0.229602 0.100000 0.040000
0 0.780075 0.254567 0.100000 0.040000
0 0.780674 0.277735 0.100000 0.040000
0 0.779290 0.322878 0.100000 0.040000
0 0.779623 0.344847 0.100000 0.040000
0 0.779962 0.398665 0.100000 0.040000
0 0.779939 0.420018 0.100000 0.040000
0 0.779506 0.443286 0.100000 0.040000
0 0.779550 0.514347 0.100000 0.040000
0 0.780105 0.528355 0.100000 0.040000
0 0.779550 0.561087 0.100000 0.040000
0 0.780205 0.582489 0.100000 0.040000
0 0.780475 0.603369 0.100000 0.040000
0 0.779897 0.628912 0.100000 0.040000
0 0.779405 0.685045 0.100000 0.040000
0 0.779123 0.710971 0.100000 0.040000
0 0.779456 0.729945 0.100000 0.040000
0 0.673667 0.780174 0.040000 0.100000
0 0.701151 0.778976 0.040000 0.100000
0 0.629132 0.778302 0.040000 0.100000
0 0.647995 0.779411 0.040000 0.100000
0 0.612489 0.780521 0.040000 0.100000
0 0.590853 0.780105 0.040000 0.100000
0 0.570048 0.780937 0.040000 0.100000
0 0.487533 0.779902 0.040000 0.100000
0 0.520127 0.779625 0.040000 0.100000
0 0.456707 0.779372 0.040000 0.100000
0 0.437290 0.779511 0.040000 0.100000
0 0.374967 0.780446 0.040000 0.100000
0 0.349632 0.780412 0.040000 0.100000
0 0.320618 0.779663 0.040000 0.100000
0 0.283153 0.780678 0.040000 0.100000
0 0.260518 0.779846 0.040000 0.100000
0 0.220633 0.724554 0.100000 0.040000
0 0.220332 0.697278 0.100000 0.040000
0 0.220473 0.624243 0.100000 0.040000
0 0.219877 0.600938 0.100000 0.040000
0 0.219183 0.577499 0.100000 0.040000
0 0.219877 0.552811 0.100000 0.040000
0 0.220277 0.498528 0.100000 0.040000
0 0.220374 0.513264 0.100000 0.040000
0 0.221433 0.480517 0.100000 0.040000
0 0.220218 0.449876 0.100000 0.040000
0 0.220351 0.397995 0.100000 0.040000
0 0.220100 0.419015 0.100000 0.040000
0 0.220100 0.373800 0.100000 0.040000
0 0.220028 0.350227 0.100000 0.040000
0 0.219691 0.333208 0.100000 0.040000
0 0.220558 0.314330 0.100000 0.040000
0 0.220384 0.295337 0.100000 0.040000
0 0.219691 0.260515 0.100000 0.040000
0 0.220356 0.242707 0.100000 0.040000
0 0.280089 0.237805 0.040000 0.100000
0 0.299160 0.236880 0.040000 0.100000
0 0.319155 0.236649 0.040000 0.100000
0 0.338341 0.236071 0.040000 0.100000
0 0.356122 0.236723 0.040000 0.100000
0 0.376094 0.236556 0.040000 0.100000
0 0.421810 0.235125 0.040000 0.100000
0 0.439984 0.236523 0.040000 0.100000
0 0.460955 0.235125 0.040000 0.100000
0 0.525836 0.236327 0.040000 0.100000
0 0.540815 0.236327 0.040000 0.100000
0 0.556193 0.236128 0.040000 0.100000
0 0.570573 0.236727 0.040000 0.100000
0 0.584953 0.236327 0.040000 0.100000
0 0.643279 0.235944 0.040000 0.100000
0 0.661686 0.235944 0.040000 0.100000
0 0.674340 0.237094 0.040000 0.100000
0 0.763563 0.238704 0.100000 0.040000
0 0.763962 0.262271 0.100000 0.040000
0 0.763962 0.285039 0.100000 0.040000
0 0.763164 0.328378 0.100000 0.040000
0 0.762964 0.347551 0.100000 0.040000
0 0.764365 0.401899 0.100000 0.040000
0 0.763533 0.421371 0.100000 0.040000
0 0.763956 0.442565 0.100000 0.040000
0 0.764012 0.516052 0.100000 0.040000
0 0.764012 0.531530 0.100000 0.040000
0 0.762847 0.564318 0.100000 0.040000
0 0.763014 0.584123 0.100000 0.040000
0 0.763546 0.602997 0.100000 0.040000
0 0.763746 0.625166 0.100000 0.040000
0 0.764354 0.683205 0.100000 0.040000
0 0.763245 0.705673 0.100000 0.040000
0 0.763522 0.723149 0.100000 0.040000
0 0.692265 0.763775 0.040000 0.100000
0 0.665802 0.764607 0.040000 0.100000
0 0.642502 0.764407 0.040000 0.100000
0 0.626724 0.764407 0.040000 0.100000
0 0.611545 0.764607 0.040000 0.100000
0 0.592372 0.764807 0.040000 0.100000
0 0.576135 0.764667 0.040000 0.100000
0 0.521611 0.764467 0.040000 0.100000
0 0.492052 0.764667 0.040000 0.100000
0 0.462151 0.765296 0.040000 0.100000
0 0.444675 0.765629 0.040000 0.100000
0 0.380365 0.765096 0.040000 0.100000
0 0.357597 0.765096 0.040000 0.100000
0 0.331474 0.763858 0.040000 0.100000
0 0.297442 0.764098 0.040000 0.100000
0 0.277070 0.764098 0.040000 0.100000
0 0.236579 0.717028 0.100000 0.040000
0 0.236117 0.690399 0.100000 0.040000
0 0.236463 0.615186 0.100000 0.040000
0 0.236463 0.594415 0.100000 0.040000
0 0.237062 0.574044 0.100000 0.040000
0 0.236063 0.551875 0.100000 0.040000
0 0.237039 0.512087 0.100000 0.040000
0 0.236539 0.495278 0.100000 0.040000
0 0.236040 0.479300 0.100000 0.040000
0 0.235707 0.450673 0.100000 0.040000
0 0.235674 0.421880 0.100000 0.040000
0 0.236383 0.402830 0.100000 0.040000
0 0.236383 0.382359 0.100000 0.040000
0 0.236882 0.357893 0.100000 0.040000
0 0.237382 0.342415 0.100000 0.040000
0 0.236330 0.323938 0.100000 0.040000
0 0.236746 0.304105 0.100000 0.040000
0 0.237434 0.269996 0.100000 0.040000
0 0.236567 0.253044 0.100000 0.040000
