0 0.215435 0.170951 0.040000 0.100000
0 0.254646 0.171589 0.040000 0.100000
0 0.287702 0.170780 0.040000 0.100000
0 0.321710 0.171183 0.040000 0.100000
0 0.352778 0.171460 0.040000 0.100000
0 0.381210 0.171044 0.040000 0.100000
0 0.419462 0.170545 0.040000 0.100000
0 0.436461 0.170850 0.040000 0.100000
0 0.463718 0.170369 0.040000 0.100000
0 0.514985 0.170145 0.040000 0.100000
0 0.541046 0.170076 0.040000 0.100000
0 0.567211 0.170494 0.040000 0.100000
0 0.594814 0.170486 0.040000 0.100000
0 0.620795 0.170686 0.040000 0.100000
0 0.675726 0.170304 0.040000 0.100000
0 0.706702 0.170882 0.040000 0.100000
0 0.735221 0.170117 0.040000 0.100000
0 0.830010 0.234427 0.100000 0.040000
0 0.830241 0.269332 0.100000 0.040000
0 0.829987 0.302087 0.100000 0.040000
0 0.829335 0.348530 0.100000 0.040000
0 0.829890 0.377517 0.100000 0.040000
0 0.829732 0.427661 0.100000 0.040000
0 0.829870 0.454429 0.100000 0.040000
0 0.830841 0.476065 0.100000 0.040000
0 0.830141 0.538643 0.100000 0.040000
0 0.830333 0.552031 0.100000 0.040000
0 0.830719 0.587957 0.100000 0.040000
0 0.829684 0.614450 0.100000 0.040000
0 0.829781 0.644693 0.100000 0.040000
0 0.830031 0.675206 0.100000 0.040000
0 0.829515 0.730181 0.100000 0.040000
0 0.830714 0.762136 0.100000 0.040000
0 0.830514 0.800882 0.100000 0.040000
0 0.735122 0.829944 0.040000 0.100000
0 0.699006 0.829778 0.040000 0.100000
0 0.670227 0.830430 0.040000 0.100000
0 0.645955 0.830984 0.040000 0.100000
0 0.616996 0.830263 0.040000 0.100000
0 0.590699 0.830097 0.040000 0.100000
0 0.565776 0.830776 0.040000 0.100000
0 0.518412 0.829692 0.040000 0.100000
0 0.476179 0.830566 0.040000 0.100000
0 0.445666 0.830566 0.040000 0.100000
0 0.418654 0.829561 0.040000 0.100000
0 0.357897 0.829853 0.040000 0.100000
0 0.326969 0.830685 0.040000 0.100000
0 0.292988 0.831240 0.040000 0.100000
0 0.254681 0.830685 0.040000 0.100000
0 0.226990 0.831261 0.040000 0.100000
0 0.171442 0.786476 0.100000 0.040000
0 0.170940 0.755484 0.100000 0.040000
0 0.170824 0.694369 0.100000 0.040000
0 0.170361 0.661082 0.100000 0.040000
0 0.170188 0.630396 0.100000 0.040000
0 0.169841 0.600230 0.100000 0.040000
0 0.171120 0.555475 0.100000 0.040000
0 0.169964 0.521264 0.100000 0.040000
0 0.171478 0.486163 0.100000 0.040000
0 0.169398 0.454841 0.100000 0.040000
0 0.170403 0.425241 0.100000 0.040000
0 0.169941 0.395768 0.100000 0.040000
0 0.169594 0.358806 0.100000 0.040000
0 0.169394 0.320284 0.100000 0.040000
0 0.171128 0.306530 0.100000 0.040000
0 0.169681 0.267899 0.100000 0.040000
0 0.170213 0.235910 0.100000 0.040000
0 0.226664 0.187387 0.040000 0.100000
0 0.262147 0.185653 0.040000 0.100000
0 0.294336 0.187431 0.040000 0.100000
0 0.325196 0.187431 0.040000 0.100000
0 0.354113 0.187570 0.040000 0.100000
0 0.379827 0.186599 0.040000 0.100000
0 0.419670 0.187080 0.040000 0.100000
0 0.436868 0.187357 0.040000 0.100000
0 0.463220 0.186386 0.040000 0.100000
0 0.516478 0.186096 0.040000 0.100000
0 0.539710 0.186905 0.040000 0.100000
0 0.563057 0.186212 0.040000 0.100000
0 0.588634 0.185936 0.040000 0.100000
0 0.611403 0.186977 0.040000 0.100000
0 0.667949 0.185377 0.040000 0.100000
0 0.696395 0.185030 0.040000 0.100000
0 0.720029 0.185363 0.040000 0.100000
0 0.814399 0.244261 0.100000 0.040000
0 0.813474 0.275814 0.100000 0.040000
0 0.813647 0.307147 0.100000 0.040000
0 0.812815 0.352602 0.100000 0.040000
0 0.813912 0.378496 0.100000 0.040000
0 0.813424 0.430134 0.100000 0.040000
0 0.813540 0.454752 0.100000 0.040000
0 0.814141 0.474100 0.100000 0.040000
0 0.813106 0.539650 0.100000 0.040000
0 0.811997 0.553936 0.100000 0.040000
0 0.813523 0.590274 0.100000 0.040000
0 0.814701 0.615280 0.100000 0.040000
0 0.813592 0.642742 0.100000 0.040000
0 0.813562 0.671131 0.100000 0.040000
0 0.813931 0.728197 0.100000 0.040000
0 0.814412 0.757092 0.100000 0.040000
0 0.813757 0.793191 0.100000 0.040000
0 0.722713 0.813827 0.040000 0.100000
0 0.688469 0.813880 0.040000 0.100000
0 0.661308 0.814361 0.040000 0.100000
0 0.640388 0.813706 0.040000 0.100000
0 0.613204 0.813221 0.040000 0.100000
0 0.591013 0.813082 0.040000 0.100000
0 0.568045 0.813637 0.040000 0.100000
0 0.519193 0.813905 0.040000 0.100000
0 0.479087 0.814368 0.040000 0.100000
0 0.449475 0.813328 0.040000 0.100000
0 0.426050 0.814174 0.040000 0.100000
0 0.361933 0.814264 0.040000 0.100000
0 0.333848 0.813223 0.040000 0.100000
0 0.301934 0.813422 0.040000 0.100000
0 0.265818 0.813256 0.040000 0.100000
0 0.243389 0.813052 0.040000 0.100000
0 0.186809 0.775693 0.100000 0.040000
0 0.186462 0.747222 0.100000 0.040000
0 0.186853 0.684326 0.100000 0.040000
0 0.186604 0.653249 0.100000 0.040000
0 0.186188 0.624678 0.100000 0.040000
0 0.186537 0.597589 0.100000 0.040000
0 0.187783 0.551767 0.100000 0.040000
0 0.186882 0.518634 0.100000 0.040000
0 0.186015 0.484924 0.100000 0.040000
0 0.186535 0.454785 0.100000 0.040000
0 0.185564 0.427323 0.100000 0.040000
0 0.186893 0.401106 0.100000 0.040000
0 0.185973 0.365907 0.100000 0.040000
0 0.186666 0.352962 0.100000 0.040000
0 0.185120 0.328785 0.100000 0.040000
0 0.186950 0.312797 0.100000 0.040000
0 0.186988 0.276274 0.100000 0.040000
0 0.186493 0.245668 0.100000 0.040000
0 0.238284 0.202125 0.040000 0.100000
0 0.272796 0.202604 0.040000 0.100000
0 0.302275 0.202844 0.040000 0.100000
0 0.329117 0.201885 0.040000 0.100000
0 0.355720 0.202844 0.040000 0.100000
0 0.379662 0.202963 0.040000 0.100000
0 0.421124 0.203922 0.040000 0.100000
0 0.437641 0.204022 0.040000 0.100000
0 0.463006 0.203623 0.040000 0.100000
0 0.518052 0.202215 0.040000 0.100000
0 0.538856 0.201549 0.040000 0.100000
0 0.559660 0.202215 0.040000 0.100000
0 0.582628 0.202215 0.040000 0.100000
0 0.603932 0.203380 0.040000 0.100000
0 0.660436 0.203263 0.040000 0.100000
0 0.684735 0.202431 0.040000 0.100000
0 0.704874 0.202597 0.040000 0.100000
0 0.798205 0.252391 0.100000 0.040000
0 0.798436 0.280824 0.100000 0.040000
0 0.796737 0.310932 0.100000 0.040000
0 0.796991 0.355222 0.100000 0.040000
0 0.798387 0.430924 0.100000 0.040000
0 0.797172 0.379147 0.100000 0.040000
0 0.797908 0.453541 0.100000 0.040000
0 0.796382 0.479754 0.100000 0.040000
0 0.797822 0.540339 0.100000 0.040000
0 0.798377 0.555040 0.100000 0.040000
0 0.797414 0.592030 0.100000 0.040000
0 0.797580 0.615165 0.100000 0.040000
0 0.797081 0.639464 0.100000 0.040000
0 0.796582 0.665261 0.100000 0.040000
0 0.797508 0.723634 0.100000 0.040000
0 0.797646 0.750264 0.100000 0.040000
0 0.798162 0.784821 0.100000 0.040000
0 0.709905 0.796538 0.040000 0.100000
0 0.678121 0.798041 0.040000 0.100000
0 0.655144 0.797255 0.040000 0.100000
0 0.635033 0.797116 0.040000 0.100000
0 0.611982 0.797893 0.040000 0.100000
0 0.591510 0.797560 0.040000 0.100000
0 0.572204 0.797727 0.040000 0.100000
0 0.520562 0.796936 0.040000 0.100000
0 0.482976 0.796797 0.040000 0.100000
0 0.454544 0.797213 0.040000 0.100000
0 0.433462 0.797657 0.040000 0.100000
0 0.367787 0.797191 0.040000 0.100000
0 0.342223 0.796992 0.040000 0.100000
0 0.311560 0.797355 0.040000 0.100000
0 0.276970 0.796995 0.040000 0.100000
0 0.258662 0.795996 0.040000 0.100000
0 0.201975 0.765505 0.100000 0.040000
0 0.201958 0.739092 0.100000 0.040000
0 0.202599 0.672028 0.100000 0.040000
0 0.201767 0.645121 0.100000 0.040000
0 0.202516 0.617992 0.100000 0.040000
0 0.202516 0.593194 0.100000 0.040000
0 0.203506 0.547871 0.100000 0.040000
0 0.202813 0.532892 0.100000 0.040000
0 0.202396 0.515416 0.100000 0.040000
0 0.202396 0.483517 0.100000 0.040000
0 0.203645 0.453642 0.100000 0.040000
0 0.202704 0.428795 0.100000 0.040000
0 0.202473 0.404754 0.100000 0.040000
0 0.202773 0.371629 0.100000 0.040000
0 0.202891 0.356999 0.100000 0.040000
0 0.202660 0.335617 0.100000 0.040000
0 0.203122 0.319552 0.100000 0.040000
0 0.203076 0.282220 0.100000 0.040000
0 0.202674 0.255105 0.100000 0.040000
0 0.253605 0.219205 0.040000 0.100000
0 0.283896 0.218372 0.040000 0.100000
0 0.310026 0.218539 0.040000 0.100000
0 0.335187 0.219628 0.040000 0.100000
0 0.358881 0.219628 0.040000 0.100000
0 0.379917 0.219281 0.040000 0.100000
0 0.421861 0.218634 0.040000 0.100000
0 0.439336 0.218495 0.040000 0.100000
0 0.463192 0.219604 0.040000 0.100000
0 0.520279 0.219353 0.040000 0.100000
0 0.539696 0.219492 0.040000 0.100000
0 0.558559 0.220047 0.040000 0.100000
0 0.577144 0.219908 0.040000 0.100000
0 0.596977 0.218798 0.040000 0.100000
0 0.652850 0.219202 0.040000 0.100000
0 0.674764 0.219479 0.040000 0.100000
0 0.693072 0.220172 0.040000 0.100000
0 0.781778 0.260918 0.100000 0.040000
0 0.781586 0.286944 0.100000 0.040000
0 0.781078 0.312788 0.100000 0.040000
0 0.781509 0.356614 0.100000 0.040000
0 0.781509 0.378478 0.100000 0.040000
0 0.781008 0.431539 0.100000 0.040000
0 0.781817 0.451650 0.100000 0.040000
0 0.781193 0.477355 0.100000 0.040000
0 0.779903 0.540852 0.100000 0.040000
0 0.780597 0.556663 0.100000 0.040000
0 0.781013 0.592585 0.100000 0.040000
0 0.781046 0.613289 0.100000 0.040000
0 0.782045 0.636457 0.100000 0.040000
0 0.781446 0.659425 0.100000 0.040000
0 0.780594 0.719231 0.100000 0.040000
0 0.781593 0.743031 0.100000 0.040000
0 0.781593 0.774154 0.100000 0.040000
0 0.699442 0.781678 0.040000 0.100000
0 0.669507 0.781910 0.040000 0.100000
0 0.647385 0.781124 0.040000 0.100000
0 0.631712 0.781678 0.040000 0.100000
0 0.611851 0.781068 0.040000 0.100000
0 0.593710 0.781568 0.040000 0.100000
0 0.575902 0.781734 0.040000 0.100000
0 0.522344 0.782288 0.040000 0.100000
0 0.487906 0.781942 0.040000 0.100000
0 0.458226 0.781248 0.040000 0.100000
0 0.441555 0.780776 0.040000 0.100000
0 0.374717 0.780656 0.040000 0.100000
0 0.351138 0.780656 0.040000 0.100000
0 0.323261 0.780933 0.040000 0.100000
0 0.288199 0.781849 0.040000 0.100000
0 0.272367 0.782092 0.040000 0.100000
0 0.218727 0.752654 0.100000 0.040000
0 0.217894 0.728382 0.100000 0.040000
0 0.219491 0.658588 0.100000 0.040000
0 0.219661 0.633363 0.100000 0.040000
0 0.219523 0.609091 0.100000 0.040000
0 0.219384 0.586623 0.100000 0.040000
0 0.218752 0.542450 0.100000 0.040000
0 0.219561 0.526385 0.100000 0.040000
0 0.219902 0.509142 0.100000 0.040000
0 0.219671 0.479785 0.100000 0.040000
0 0.219555 0.451699 0.100000 0.040000
0 0.219457 0.429225 0.100000 0.040000
0 0.219457 0.407650 0.100000 0.040000
0 0.218760 0.376629 0.100000 0.040000
0 0.218760 0.361026 0.100000 0.040000
0 0.219840 0.342458 0.100000 0.040000
0 0.220804 0.324447 0.100000 0.040000
0 0.218192 0.286822 0.100000 0.040000
0 0.218746 0.262412 0.100000 0.040000
0 0.270180 0.236265 0.040000 0.100000
0 0.296416 0.234994 0.040000 0.100000
0 0.317914 0.234185 0.040000 0.100000
0 0.340937 0.235415 0.040000 0.100000
0 0.361603 0.235831 0.040000 0.100000
0 0.380326 0.235553 0.040000 0.100000
0 0.422587 0.235656 0.040000 0.100000
0 0.441172 0.235379 0.040000 0.100000
0 0.464750 0.234685 0.040000 0.100000
0 0.523487 0.235531 0.040000 0.100000
0 0.540408 0.235254 0.040000 0.100000
0 0.556968 0.235087 0.040000 0.100000
0 0.574444 0.235087 0.040000 0.100000
0 0.590255 0.235087 0.040000 0.100000
0 0.647618 0.234425 0.040000 0.100000
0 0.665260 0.234425 0.040000 0.100000
0 0.680572 0.236589 0.040000 0.100000
0 0.764457 0.267531 0.100000 0.040000
0 0.765694 0.290839 0.100000 0.040000
0 0.765578 0.314070 0.100000 0.040000
0 0.765259 0.357648 0.100000 0.040000
0 0.765426 0.376622 0.100000 0.040000
0 0.765635 0.430803 0.100000 0.040000
0 0.765136 0.448611 0.100000 0.040000
0 0.765136 0.464422 0.100000 0.040000
0 0.764694 0.540643 0.100000 0.040000
0 0.764972 0.556038 0.100000 0.040000
0 0.765388 0.592514 0.100000 0.040000
0 0.765804 0.610739 0.100000 0.040000
0 0.765471 0.631044 0.100000 0.040000
0 0.764972 0.652347 0.100000 0.040000
0 0.765938 0.714126 0.100000 0.040000
0 0.766215 0.734930 0.100000 0.040000
0 0.765660 0.763917 0.100000 0.040000
0 0.686954 0.765571 0.040000 0.100000
0 0.660824 0.765571 0.040000 0.100000
0 0.641531 0.766167 0.040000 0.100000
0 0.628078 0.766722 0.040000 0.100000
0 0.611573 0.766306 0.040000 0.100000
0 0.595124 0.767055 0.040000 0.100000
0 0.580478 0.766722 0.040000 0.100000
0 0.524623 0.765623 0.040000 0.100000
0 0.492408 0.766522 0.040000 0.100000
0 0.463448 0.766722 0.040000 0.100000
0 0.449788 0.766847 0.040000 0.100000
0 0.380070 0.766536 0.040000 0.100000
0 0.355624 0.767015 0.040000 0.100000
0 0.332939 0.767265 0.040000 0.100000
0 0.301982 0.766266 0.040000 0.100000
0 0.288002 0.764602 0.040000 0.100000
0 0.237337 0.740294 0.100000 0.040000
0 0.236088 0.715884 0.100000 0.040000
0 0.235582 0.643861 0.100000 0.040000
0 0.235224 0.622067 0.100000 0.040000
0 0.235779 0.601540 0.100000 0.040000
0 0.236195 0.579765 0.100000 0.040000
0 0.233382 0.537507 0.100000 0.040000
0 0.235427 0.519896 0.100000 0.040000
0 0.235704 0.495901 0.100000 0.040000
0 0.235461 0.476866 0.100000 0.040000
0 0.236270 0.448664 0.100000 0.040000
0 0.235924 0.428091 0.100000 0.040000
0 0.235022 0.409298 0.100000 0.040000
0 0.235797 0.380688 0.100000 0.040000
0 0.235484 0.364043 0.100000 0.040000
0 0.234954 0.347075 0.100000 0.040000
0 0.236075 0.328363 0.100000 0.040000
0 0.235041 0.292250 0.100000 0.040000
0 0.235241 0.270177 0.100000 0.040000
