0 0.814885 0.220387 0.100000 0.040000
0 0.815325 0.252114 0.100000 0.040000
0 0.815766 0.282960 0.100000 0.040000
0 0.816206 0.327025 0.100000 0.040000
0 0.815325 0.354786 0.100000 0.040000
0 0.815325 0.403258 0.100000 0.040000
0 0.814190 0.427238 0.100000 0.040000
0 0.814631 0.453237 0.100000 0.040000
0 0.814631 0.518013 0.100000 0.040000
0 0.813750 0.558113 0.100000 0.040000
0 0.813750 0.583671 0.100000 0.040000
0 0.814076 0.612149 0.100000 0.040000
0 0.814517 0.641673 0.100000 0.040000
0 0.813195 0.694111 0.100000 0.040000
0 0.813635 0.725398 0.100000 0.040000
0 0.814076 0.756684 0.100000 0.040000
0 0.738724 0.814851 0.040000 0.100000
0 0.702149 0.815732 0.040000 0.100000
0 0.670863 0.815732 0.040000 0.100000
0 0.644443 0.814116 0.040000 0.100000
0 0.619326 0.815878 0.040000 0.100000
0 0.592005 0.815878 0.040000 0.100000
0 0.566006 0.814997 0.040000 0.100000
0 0.523263 0.815878 0.040000 0.100000
0 0.484485 0.814997 0.040000 0.100000
0 0.452758 0.815878 0.040000 0.100000
0 0.426759 0.814997 0.040000 0.100000
0 0.372250 0.815647 0.040000 0.100000
0 0.341404 0.816088 0.040000 0.100000
0 0.308796 0.816088 0.040000 0.100000
0 0.269578 0.815207 0.040000 0.100000
0 0.239613 0.813885 0.040000 0.100000
0 0.185853 0.752634 0.100000 0.040000
0 0.184972 0.720025 0.100000 0.040000
0 0.185412 0.657893 0.100000 0.040000
0 0.184972 0.626606 0.100000 0.040000
0 0.185853 0.597523 0.100000 0.040000
0 0.186119 0.567451 0.100000 0.040000
0 0.184797 0.518098 0.100000 0.040000
0 0.185238 0.491658 0.100000 0.040000
0 0.185679 0.461253 0.100000 0.040000
0 0.185679 0.427763 0.100000 0.040000
0 0.184357 0.401765 0.100000 0.040000
0 0.185776 0.373543 0.100000 0.040000
0 0.185335 0.329918 0.100000 0.040000
0 0.184454 0.289819 0.100000 0.040000
0 0.185776 0.251041 0.100000 0.040000
0 0.186216 0.222398 0.100000 0.040000
0 0.184894 0.303038 0.100000 0.040000
0 0.241187 0.186872 0.040000 0.100000
0 0.270270 0.186431 0.040000 0.100000
0 0.298913 0.186872 0.040000 0.100000
0 0.331521 0.185550 0.040000 0.100000
0 0.358842 0.185109 0.040000 0.100000
0 0.521696 0.184187 0.040000 0.100000
0 0.467936 0.185509 0.040000 0.100000
0 0.443259 0.185069 0.040000 0.100000
0 0.426073 0.185069 0.040000 0.100000
0 0.384652 0.185509 0.040000 0.100000
0 0.545932 0.185069 0.040000 0.100000
0 0.570608 0.185509 0.040000 0.100000
0 0.596607 0.184628 0.040000 0.100000
0 0.620843 0.186390 0.040000 0.100000
0 0.726045 0.187672 0.040000 0.100000
0 0.703572 0.184587 0.040000 0.100000
0 0.674488 0.184147 0.040000 0.100000
0 0.798693 0.228519 0.100000 0.040000
0 0.798252 0.258460 0.100000 0.040000
0 0.798252 0.285759 0.100000 0.040000
0 0.798252 0.328469 0.100000 0.040000
0 0.798693 0.354888 0.100000 0.040000
0 0.797372 0.404642 0.100000 0.040000
0 0.797969 0.427086 0.100000 0.040000
0 0.798849 0.450422 0.100000 0.040000
0 0.798849 0.458347 0.100000 0.040000
0 0.798409 0.519110 0.100000 0.040000
0 0.797969 0.558738 0.100000 0.040000
0 0.798409 0.583835 0.100000 0.040000
0 0.799168 0.609128 0.100000 0.040000
0 0.797847 0.635106 0.100000 0.040000
0 0.797847 0.688383 0.100000 0.040000
0 0.799168 0.717444 0.100000 0.040000
0 0.798288 0.746064 0.100000 0.040000
0 0.725688 0.799783 0.040000 0.100000
0 0.691344 0.798462 0.040000 0.100000
0 0.662284 0.798462 0.040000 0.100000
0 0.639388 0.798462 0.040000 0.100000
0 0.616051 0.798022 0.040000 0.100000
0 0.591835 0.798462 0.040000 0.100000
0 0.569379 0.798462 0.040000 0.100000
0 0.524114 0.800574 0.040000 0.100000
0 0.487128 0.797932 0.040000 0.100000
0 0.455866 0.800133 0.040000 0.100000
0 0.432970 0.799253 0.040000 0.100000
0 0.377051 0.799693 0.040000 0.100000
0 0.347991 0.799253 0.040000 0.100000
0 0.280854 0.798500 0.040000 0.100000
0 0.316527 0.800283 0.040000 0.100000
0 0.251805 0.797735 0.040000 0.100000
0 0.201605 0.740659 0.100000 0.040000
0 0.200586 0.710847 0.100000 0.040000
0 0.201174 0.644773 0.100000 0.040000
0 0.200155 0.617509 0.100000 0.040000
0 0.200410 0.591009 0.100000 0.040000
0 0.201174 0.562216 0.100000 0.040000
0 0.201279 0.512376 0.100000 0.040000
0 0.201788 0.486131 0.100000 0.040000
0 0.200514 0.459631 0.100000 0.040000
0 0.201533 0.451986 0.100000 0.040000
0 0.201324 0.426965 0.100000 0.040000
0 0.200815 0.401739 0.100000 0.040000
0 0.201579 0.377023 0.100000 0.040000
0 0.200305 0.347975 0.100000 0.040000
0 0.202089 0.333451 0.100000 0.040000
0 0.200261 0.255728 0.100000 0.040000
0 0.202300 0.230247 0.100000 0.040000
0 0.202555 0.295478 0.100000 0.040000
0 0.201535 0.305415 0.100000 0.040000
0 0.255227 0.202873 0.040000 0.100000
0 0.279689 0.200835 0.040000 0.100000
0 0.305425 0.199816 0.040000 0.100000
0 0.335492 0.200580 0.040000 0.100000
0 0.384810 0.199893 0.040000 0.100000
0 0.359074 0.199383 0.040000 0.100000
0 0.426853 0.200402 0.040000 0.100000
0 0.443670 0.200402 0.040000 0.100000
0 0.460997 0.199638 0.040000 0.100000
0 0.610595 0.202817 0.040000 0.100000
0 0.589446 0.200269 0.040000 0.100000
0 0.567023 0.200779 0.040000 0.100000
0 0.545364 0.200524 0.040000 0.100000
0 0.523451 0.201033 0.040000 0.100000
0 0.665888 0.201033 0.040000 0.100000
0 0.692133 0.200779 0.040000 0.100000
0 0.714132 0.200104 0.040000 0.100000
0 0.467411 0.199763 0.040000 0.100000
0 0.785060 0.235768 0.100000 0.040000
0 0.783122 0.264079 0.100000 0.040000
0 0.783886 0.289305 0.100000 0.040000
0 0.783886 0.333131 0.100000 0.040000
0 0.783749 0.357080 0.100000 0.040000
0 0.783494 0.405239 0.100000 0.040000
0 0.783239 0.426643 0.100000 0.040000
0 0.782984 0.448047 0.100000 0.040000
0 0.782220 0.456965 0.100000 0.040000
0 0.783424 0.529121 0.100000 0.040000
0 0.782914 0.561227 0.100000 0.040000
0 0.782569 0.583119 0.100000 0.040000
0 0.782059 0.606307 0.100000 0.040000
0 0.783333 0.629749 0.100000 0.040000
0 0.784610 0.686460 0.100000 0.040000
0 0.783081 0.711686 0.100000 0.040000
0 0.783336 0.737167 0.100000 0.040000
0 0.714037 0.784509 0.040000 0.100000
0 0.681454 0.783629 0.040000 0.100000
0 0.654595 0.784069 0.040000 0.100000
0 0.635222 0.782748 0.040000 0.100000
0 0.614527 0.784950 0.040000 0.100000
0 0.592512 0.782748 0.040000 0.100000
0 0.571818 0.784069 0.040000 0.100000
0 0.525585 0.782748 0.040000 0.100000
0 0.517219 0.782748 0.040000 0.100000
0 0.491241 0.782748 0.040000 0.100000
0 0.459979 0.783188 0.040000 0.100000
0 0.439725 0.783188 0.040000 0.100000
0 0.381251 0.783757 0.040000 0.100000
0 0.354392 0.783317 0.040000 0.100000
0 0.325772 0.782877 0.040000 0.100000
0 0.289667 0.784197 0.040000 0.100000
0 0.263689 0.783317 0.040000 0.100000
0 0.217740 0.730859 0.100000 0.040000
0 0.217300 0.703560 0.100000 0.040000
0 0.217300 0.633991 0.100000 0.040000
0 0.216419 0.608893 0.100000 0.040000
0 0.217300 0.584677 0.100000 0.040000
0 0.216924 0.557182 0.100000 0.040000
0 0.217365 0.520636 0.100000 0.040000
0 0.216484 0.507868 0.100000 0.040000
0 0.216924 0.483210 0.100000 0.040000
0 0.216044 0.457673 0.100000 0.040000
0 0.216044 0.450628 0.100000 0.040000
0 0.216484 0.426411 0.100000 0.040000
0 0.216924 0.403515 0.100000 0.040000
0 0.216044 0.380178 0.100000 0.040000
0 0.215915 0.237823 0.100000 0.040000
0 0.215035 0.262481 0.100000 0.040000
0 0.216796 0.301668 0.100000 0.040000
0 0.216796 0.317079 0.100000 0.040000
0 0.216356 0.337773 0.100000 0.040000
0 0.215915 0.354505 0.100000 0.040000
0 0.268312 0.217129 0.040000 0.100000
0 0.289006 0.216248 0.040000 0.100000
0 0.314984 0.216248 0.040000 0.100000
0 0.341843 0.216689 0.040000 0.100000
0 0.362538 0.217569 0.040000 0.100000
0 0.699501 0.218242 0.040000 0.100000
0 0.682329 0.216041 0.040000 0.100000
0 0.658553 0.216041 0.040000 0.100000
0 0.602734 0.217941 0.040000 0.100000
0 0.583361 0.216620 0.040000 0.100000
0 0.563987 0.217060 0.040000 0.100000
0 0.544613 0.217060 0.040000 0.100000
0 0.525680 0.215299 0.040000 0.100000
0 0.467424 0.216537 0.040000 0.100000
0 0.444968 0.217418 0.040000 0.100000
0 0.427356 0.216537 0.040000 0.100000
0 0.385967 0.216097 0.040000 0.100000
0 0.688374 0.232919 0.040000 0.100000
0 0.669001 0.233800 0.040000 0.100000
0 0.650508 0.233800 0.040000 0.100000
0 0.596350 0.233800 0.040000 0.100000
0 0.578297 0.232919 0.040000 0.100000
0 0.561125 0.232479 0.040000 0.100000
0 0.544834 0.231598 0.040000 0.100000
0 0.528543 0.232039 0.040000 0.100000
0 0.468220 0.232039 0.040000 0.100000
0 0.460735 0.232479 0.040000 0.100000
0 0.766549 0.245674 0.100000 0.040000
0 0.768587 0.270645 0.100000 0.040000
0 0.766804 0.294597 0.100000 0.040000
0 0.767823 0.337150 0.100000 0.040000
0 0.767059 0.358044 0.100000 0.040000
0 0.768075 0.409094 0.100000 0.040000
0 0.767565 0.427695 0.100000 0.040000
0 0.767310 0.447315 0.100000 0.040000
0 0.767056 0.454960 0.100000 0.040000
0 0.766739 0.521478 0.100000 0.040000
0 0.766484 0.530905 0.100000 0.040000
0 0.767503 0.564030 0.100000 0.040000
0 0.767503 0.583905 0.100000 0.040000
0 0.766993 0.604545 0.100000 0.040000
0 0.767125 0.626302 0.100000 0.040000
0 0.767125 0.683634 0.100000 0.040000
0 0.766106 0.705548 0.100000 0.040000
0 0.766106 0.727716 0.100000 0.040000
0 0.701902 0.767529 0.040000 0.100000
0 0.671961 0.768850 0.040000 0.100000
0 0.648185 0.767969 0.040000 0.100000
0 0.630572 0.769290 0.040000 0.100000
0 0.612960 0.768850 0.040000 0.100000
0 0.231929 0.722024 0.100000 0.040000
0 0.232809 0.694284 0.100000 0.040000
0 0.232369 0.624276 0.100000 0.040000
0 0.231488 0.602260 0.100000 0.040000
0 0.231929 0.580245 0.100000 0.040000
0 0.232809 0.556028 0.100000 0.040000
0 0.232809 0.518602 0.100000 0.040000
0 0.234130 0.503631 0.100000 0.040000
0 0.233596 0.487476 0.100000 0.040000
0 0.233156 0.457535 0.100000 0.040000
0 0.232275 0.426713 0.100000 0.040000
0 0.231835 0.406899 0.100000 0.040000
0 0.231835 0.449169 0.100000 0.040000
0 0.231835 0.385324 0.100000 0.040000
0 0.231835 0.361107 0.100000 0.040000
0 0.232707 0.324110 0.100000 0.040000
0 0.231687 0.341947 0.100000 0.040000
0 0.233981 0.308312 0.100000 0.040000
0 0.231188 0.269645 0.100000 0.040000
0 0.232509 0.247629 0.100000 0.040000
0 0.284905 0.234420 0.040000 0.100000
0 0.301637 0.232659 0.040000 0.100000
0 0.324973 0.233099 0.040000 0.100000
0 0.347212 0.232650 0.040000 0.100000
0 0.366146 0.232210 0.040000 0.100000
0 0.385519 0.232650 0.040000 0.100000
0 0.429110 0.232650 0.040000 0.100000
0 0.439677 0.232210 0.040000 0.100000
0 0.447162 0.233531 0.040000 0.100000
0 0.493014 0.768045 0.040000 0.100000
0 0.525182 0.767163 0.040000 0.100000
0 0.518132 0.767163 0.040000 0.100000
0 0.574536 0.767163 0.040000 0.100000
0 0.593043 0.767163 0.040000 0.100000
0 0.463931 0.768045 0.040000 0.100000
0 0.447186 0.766723 0.040000 0.100000
0 0.386376 0.767163 0.040000 0.100000
0 0.360377 0.767163 0.040000 0.100000
0 0.336141 0.767163 0.040000 0.100000
0 0.279580 0.765755 0.040000 0.100000
0 0.300291 0.767077 0.040000 0.100000
0 0.660596 0.247729 0.040000 0.100000
0 0.643864 0.247729 0.040000 0.100000
0 0.674686 0.249049 0.040000 0.100000
0 0.588826 0.249049 0.040000 0.100000
0 0.572094 0.248609 0.040000 0.100000
0 0.558005 0.248609 0.040000 0.100000
0 0.544795 0.246848 0.040000 0.100000
0 0.528944 0.247729 0.040000 0.100000
0 0.430553 0.247040 0.040000 0.100000
0 0.440240 0.247040 0.040000 0.100000
0 0.448606 0.247480 0.040000 0.100000
0 0.460934 0.247040 0.040000 0.100000
0 0.469300 0.247480 0.040000 0.100000
0 0.386963 0.248361 0.040000 0.100000
0 0.370231 0.247040 0.040000 0.100000
0 0.351738 0.247040 0.040000 0.100000
0 0.331924 0.246159 0.040000 0.100000
0 0.313872 0.247921 0.040000 0.100000
0 0.298901 0.249682 0.040000 0.100000
0 0.247211 0.259134 0.100000 0.040000
0 0.246330 0.277627 0.100000 0.040000
0 0.247651 0.314173 0.100000 0.040000
0 0.248972 0.331785 0.100000 0.040000
0 0.249412 0.350718 0.100000 0.040000
0 0.248091 0.367010 0.100000 0.040000
0 0.248047 0.391373 0.100000 0.040000
0 0.248488 0.409866 0.100000 0.040000
0 0.248488 0.428799 0.100000 0.040000
0 0.247607 0.448172 0.100000 0.040000
0 0.248488 0.457859 0.100000 0.040000
0 0.248488 0.478994 0.100000 0.040000
0 0.248047 0.500569 0.100000 0.040000
0 0.248447 0.594726 0.100000 0.040000
0 0.249328 0.614540 0.100000 0.040000
0 0.248447 0.686750 0.100000 0.040000
0 0.248007 0.712728 0.100000 0.040000
0 0.273104 0.699079 0.100000 0.040000
0 0.272224 0.677064 0.100000 0.040000
0 0.270463 0.603092 0.100000 0.040000
0 0.270463 0.585920 0.100000 0.040000
0 0.269582 0.568748 0.100000 0.040000
0 0.269582 0.552457 0.100000 0.040000
0 0.247126 0.552457 0.100000 0.040000
0 0.248888 0.574472 0.100000 0.040000
0 0.248322 0.509972 0.100000 0.040000
0 0.269471 0.505640 0.100000 0.040000
0 0.268197 0.496467 0.100000 0.040000
0 0.266413 0.483472 0.100000 0.040000
0 0.268197 0.475573 0.100000 0.040000
0 0.267687 0.458756 0.100000 0.040000
0 0.267178 0.448309 0.100000 0.040000
0 0.268875 0.430860 0.100000 0.040000
0 0.264798 0.413788 0.100000 0.040000
0 0.269384 0.399009 0.100000 0.040000
0 0.267346 0.375057 0.100000 0.040000
0 0.267855 0.357985 0.100000 0.040000
0 0.267346 0.342697 0.100000 0.040000
0 0.269639 0.325880 0.100000 0.040000
0 0.270738 0.290176 0.100000 0.040000
0 0.274260 0.277407 0.100000 0.040000
0 0.751625 0.257134 0.100000 0.040000
0 0.750744 0.280488 0.100000 0.040000
0 0.752507 0.299437 0.100000 0.040000
0 0.730914 0.273438 0.100000 0.040000
0 0.727389 0.292827 0.100000 0.040000
0 0.726508 0.307368 0.100000 0.040000
0 0.733118 0.346587 0.100000 0.040000
0 0.728711 0.364654 0.100000 0.040000
0 0.752507 0.341299 0.100000 0.040000
0 0.751625 0.360688 0.100000 0.040000
0 0.751461 0.411167 0.100000 0.040000
0 0.751902 0.429234 0.100000 0.040000
0 0.751461 0.445979 0.100000 0.040000
0 0.752783 0.454352 0.100000 0.040000
0 0.732954 0.453470 0.100000 0.040000
0 0.731632 0.444657 0.100000 0.040000
0 0.733835 0.430997 0.100000 0.040000
0 0.733835 0.415133 0.100000 0.040000
0 0.751902 0.523094 0.100000 0.040000
0 0.732954 0.524416 0.100000 0.040000
0 0.732954 0.538957 0.100000 0.040000
0 0.751021 0.535873 0.100000 0.040000
0 0.751386 0.567351 0.100000 0.040000
0 0.750504 0.585418 0.100000 0.040000
0 0.731997 0.588062 0.100000 0.040000
0 0.731556 0.572639 0.100000 0.040000
0 0.750504 0.604367 0.100000 0.040000
0 0.750945 0.621552 0.100000 0.040000
0 0.729793 0.618027 0.100000 0.040000
0 0.729793 0.603485 0.100000 0.040000
0 0.729353 0.678397 0.100000 0.040000
0 0.728031 0.695582 0.100000 0.040000
0 0.728031 0.709242 0.100000 0.040000
0 0.750504 0.701751 0.100000 0.040000
0 0.750945 0.680600 0.100000 0.040000
0 0.750945 0.720700 0.100000 0.040000
0 0.691169 0.752816 0.040000 0.100000
0 0.662967 0.752816 0.040000 0.100000
0 0.641375 0.751054 0.040000 0.100000
0 0.625511 0.751935 0.040000 0.100000
0 0.611411 0.751054 0.040000 0.100000
0 0.594225 0.751935 0.040000 0.100000
0 0.578361 0.752376 0.040000 0.100000
0 0.526845 0.752180 0.040000 0.100000
0 0.518473 0.752180 0.040000 0.100000
0 0.496881 0.752180 0.040000 0.100000
0 0.467797 0.753061 0.040000 0.100000
0 0.451934 0.752180 0.040000 0.100000
0 0.390242 0.753061 0.040000 0.100000
0 0.368209 0.752180 0.040000 0.100000
0 0.343952 0.751311 0.040000 0.100000
0 0.313096 0.750546 0.040000 0.100000
0 0.293715 0.750546 0.040000 0.100000
