0 0.819110 0.218621 0.100000 0.040000
0 0.817349 0.254286 0.100000 0.040000
0 0.817349 0.285548 0.100000 0.040000
0 0.818670 0.327377 0.100000 0.040000
0 0.816908 0.357318 0.100000 0.040000
0 0.817993 0.404891 0.100000 0.040000
0 0.816672 0.430429 0.100000 0.040000
0 0.817993 0.455527 0.100000 0.040000
0 0.819754 0.464773 0.100000 0.040000
0 0.819754 0.519371 0.100000 0.040000
0 0.819754 0.561200 0.100000 0.040000
0 0.819754 0.587618 0.100000 0.040000
0 0.819754 0.614917 0.100000 0.040000
0 0.817836 0.644138 0.100000 0.040000
0 0.817836 0.696534 0.100000 0.040000
0 0.818717 0.731318 0.100000 0.040000
0 0.818277 0.760819 0.100000 0.040000
0 0.737058 0.818124 0.040000 0.100000
0 0.702274 0.819004 0.040000 0.100000
0 0.671893 0.820765 0.040000 0.100000
0 0.644898 0.820690 0.040000 0.100000
0 0.616279 0.820249 0.040000 0.100000
0 0.593383 0.820249 0.040000 0.100000
0 0.566524 0.819809 0.040000 0.100000
0 0.522934 0.818048 0.040000 0.100000
0 0.482866 0.819369 0.040000 0.100000
0 0.451604 0.819809 0.040000 0.100000
0 0.424745 0.818929 0.040000 0.100000
0 0.340755 0.820279 0.040000 0.100000
0 0.371136 0.818518 0.040000 0.100000
0 0.307291 0.819399 0.040000 0.100000
0 0.268104 0.818958 0.040000 0.100000
0 0.235962 0.818958 0.040000 0.100000
0 0.182685 0.756435 0.100000 0.040000
0 0.180483 0.724293 0.100000 0.040000
0 0.182243 0.657706 0.100000 0.040000
0 0.180041 0.629527 0.100000 0.040000
0 0.184004 0.598705 0.100000 0.040000
0 0.180041 0.568324 0.100000 0.040000
0 0.183123 0.519010 0.100000 0.040000
0 0.183564 0.493032 0.100000 0.040000
0 0.180922 0.456046 0.100000 0.040000
0 0.184004 0.429628 0.100000 0.040000
0 0.181797 0.402609 0.100000 0.040000
0 0.180036 0.374429 0.100000 0.040000
0 0.180036 0.350212 0.100000 0.040000
0 0.181357 0.333041 0.100000 0.040000
0 0.180916 0.307503 0.100000 0.040000
0 0.181797 0.293853 0.100000 0.040000
0 0.180916 0.462931 0.100000 0.040000
0 0.181753 0.254738 0.100000 0.040000
0 0.182193 0.226999 0.100000 0.040000
0 0.232388 0.181207 0.040000 0.100000
0 0.264090 0.181207 0.040000 0.100000
0 0.293591 0.180327 0.040000 0.100000
0 0.327494 0.181207 0.040000 0.100000
0 0.357754 0.179638 0.040000 0.100000
0 0.387254 0.180519 0.040000 0.100000
0 0.426001 0.181399 0.040000 0.100000
0 0.434807 0.182280 0.040000 0.100000
0 0.456382 0.180959 0.040000 0.100000
0 0.466509 0.181399 0.040000 0.100000
0 0.519786 0.182280 0.040000 0.100000
0 0.544003 0.182720 0.040000 0.100000
0 0.569541 0.182280 0.040000 0.100000
0 0.593668 0.182799 0.040000 0.100000
0 0.620527 0.181919 0.040000 0.100000
0 0.675565 0.182799 0.040000 0.100000
0 0.705946 0.181038 0.040000 0.100000
0 0.729722 0.181478 0.040000 0.100000
0 0.542785 0.197330 0.040000 0.100000
0 0.566121 0.196889 0.040000 0.100000
0 0.587256 0.197770 0.040000 0.100000
0 0.611032 0.198210 0.040000 0.100000
0 0.669153 0.196889 0.040000 0.100000
0 0.693370 0.197770 0.040000 0.100000
0 0.714622 0.197300 0.040000 0.100000
0 0.803564 0.227240 0.100000 0.040000
0 0.803564 0.259823 0.100000 0.040000
0 0.803564 0.287122 0.100000 0.040000
0 0.425836 0.196177 0.040000 0.100000
0 0.440298 0.195735 0.040000 0.100000
0 0.455793 0.196325 0.040000 0.100000
0 0.466271 0.195882 0.040000 0.100000
0 0.521495 0.196090 0.040000 0.100000
0 0.385811 0.195924 0.040000 0.100000
0 0.358015 0.195669 0.040000 0.100000
0 0.330474 0.195924 0.040000 0.100000
0 0.272533 0.197363 0.040000 0.100000
0 0.301349 0.197618 0.040000 0.100000
0 0.244482 0.197873 0.040000 0.100000
0 0.195775 0.233829 0.100000 0.040000
0 0.197172 0.261192 0.100000 0.040000
0 0.196917 0.298678 0.100000 0.040000
0 0.195642 0.313213 0.100000 0.040000
0 0.197876 0.337189 0.100000 0.040000
0 0.197111 0.353255 0.100000 0.040000
0 0.196601 0.377991 0.100000 0.040000
0 0.198131 0.404002 0.100000 0.040000
0 0.195326 0.428738 0.100000 0.040000
0 0.198896 0.453473 0.100000 0.040000
0 0.196639 0.461347 0.100000 0.040000
0 0.197404 0.488378 0.100000 0.040000
0 0.197914 0.495008 0.100000 0.040000
0 0.198424 0.513624 0.100000 0.040000
0 0.197911 0.563721 0.100000 0.040000
0 0.197656 0.591517 0.100000 0.040000
0 0.197656 0.619058 0.100000 0.040000
0 0.197337 0.646437 0.100000 0.040000
0 0.197337 0.715289 0.100000 0.040000
0 0.197847 0.743850 0.100000 0.040000
0 0.247857 0.803273 0.040000 0.100000
0 0.277183 0.803273 0.040000 0.100000
0 0.314670 0.803018 0.040000 0.100000
0 0.346546 0.802253 0.040000 0.100000
0 0.374420 0.801922 0.040000 0.100000
0 0.431032 0.802942 0.040000 0.100000
0 0.455768 0.801412 0.040000 0.100000
0 0.485094 0.802687 0.040000 0.100000
0 0.568185 0.802113 0.040000 0.100000
0 0.522538 0.802878 0.040000 0.100000
0 0.515081 0.803454 0.040000 0.100000
0 0.592859 0.803199 0.040000 0.100000
0 0.614279 0.802689 0.040000 0.100000
0 0.639525 0.803199 0.040000 0.100000
0 0.722816 0.801482 0.040000 0.100000
0 0.691450 0.803522 0.040000 0.100000
0 0.662889 0.803012 0.040000 0.100000
0 0.802178 0.751196 0.100000 0.040000
0 0.800648 0.723655 0.100000 0.040000
0 0.803963 0.693819 0.100000 0.040000
0 0.803089 0.639790 0.100000 0.040000
0 0.802834 0.611739 0.100000 0.040000
0 0.804109 0.587769 0.100000 0.040000
0 0.803089 0.562523 0.100000 0.040000
0 0.801814 0.520956 0.100000 0.040000
0 0.801523 0.462885 0.100000 0.040000
0 0.801778 0.454469 0.100000 0.040000
0 0.803563 0.429479 0.100000 0.040000
0 0.803563 0.407548 0.100000 0.040000
0 0.802232 0.329847 0.100000 0.040000
0 0.802487 0.357388 0.100000 0.040000
0 0.702362 0.212365 0.040000 0.100000
0 0.682742 0.213130 0.040000 0.100000
0 0.787468 0.235552 0.100000 0.040000
0 0.787977 0.264600 0.100000 0.040000
0 0.786703 0.291355 0.100000 0.040000
0 0.787330 0.333405 0.100000 0.040000
0 0.786821 0.358376 0.100000 0.040000
0 0.786566 0.409083 0.100000 0.040000
0 0.786868 0.430798 0.100000 0.040000
0 0.785849 0.451946 0.100000 0.040000
0 0.786868 0.461120 0.100000 0.040000
0 0.786868 0.522018 0.100000 0.040000
0 0.786868 0.533994 0.100000 0.040000
0 0.787053 0.565946 0.100000 0.040000
0 0.786798 0.587350 0.100000 0.040000
0 0.786798 0.610282 0.100000 0.040000
0 0.787817 0.634999 0.100000 0.040000
0 0.786310 0.691057 0.100000 0.040000
0 0.786565 0.717557 0.100000 0.040000
0 0.786820 0.742783 0.100000 0.040000
0 0.711587 0.786643 0.040000 0.100000
0 0.679482 0.786643 0.040000 0.100000
0 0.655785 0.787917 0.040000 0.100000
0 0.634126 0.786898 0.040000 0.100000
0 0.592531 0.786505 0.040000 0.100000
0 0.611641 0.786251 0.040000 0.100000
0 0.572146 0.786251 0.040000 0.100000
0 0.524053 0.786055 0.040000 0.100000
0 0.515233 0.785836 0.040000 0.100000
0 0.488479 0.785581 0.040000 0.100000
0 0.459176 0.785836 0.040000 0.100000
0 0.437517 0.787110 0.040000 0.100000
0 0.378593 0.786204 0.040000 0.100000
0 0.352093 0.785694 0.040000 0.100000
0 0.323810 0.786459 0.040000 0.100000
0 0.287882 0.785439 0.040000 0.100000
0 0.263675 0.783146 0.040000 0.100000
0 0.212686 0.735009 0.100000 0.040000
0 0.214215 0.706216 0.100000 0.040000
0 0.212950 0.636369 0.100000 0.040000
0 0.209893 0.612927 0.100000 0.040000
0 0.212441 0.587192 0.100000 0.040000
0 0.212970 0.561013 0.100000 0.040000
0 0.214499 0.509542 0.100000 0.040000
0 0.213233 0.486842 0.100000 0.040000
0 0.212792 0.452938 0.100000 0.040000
0 0.212792 0.429162 0.100000 0.040000
0 0.212792 0.406266 0.100000 0.040000
0 0.213673 0.382049 0.100000 0.040000
0 0.213233 0.358713 0.100000 0.040000
0 0.212352 0.342422 0.100000 0.040000
0 0.211912 0.321287 0.100000 0.040000
0 0.213233 0.305876 0.100000 0.040000
0 0.258223 0.213777 0.040000 0.100000
0 0.212872 0.244598 0.100000 0.040000
0 0.212431 0.267494 0.100000 0.040000
0 0.283761 0.212896 0.040000 0.100000
0 0.309299 0.212896 0.040000 0.100000
0 0.336157 0.212896 0.040000 0.100000
0 0.427006 0.212169 0.040000 0.100000
0 0.385177 0.214370 0.040000 0.100000
0 0.360520 0.213049 0.040000 0.100000
0 0.435813 0.212609 0.040000 0.100000
0 0.456507 0.212609 0.040000 0.100000
0 0.466194 0.212169 0.040000 0.100000
0 0.523874 0.213049 0.040000 0.100000
0 0.543247 0.212169 0.040000 0.100000
0 0.563501 0.213049 0.040000 0.100000
0 0.581113 0.213930 0.040000 0.100000
0 0.603966 0.213181 0.040000 0.100000
0 0.660325 0.213181 0.040000 0.100000
0 0.770943 0.246504 0.100000 0.040000
0 0.689927 0.227570 0.040000 0.100000
0 0.673195 0.228011 0.040000 0.100000
0 0.652501 0.227130 0.040000 0.100000
0 0.769622 0.272922 0.100000 0.040000
0 0.770062 0.297139 0.100000 0.040000
0 0.770503 0.337647 0.100000 0.040000
0 0.770943 0.360543 0.100000 0.040000
0 0.770943 0.412939 0.100000 0.040000
0 0.770786 0.431758 0.100000 0.040000
0 0.769906 0.451572 0.100000 0.040000
0 0.771667 0.459497 0.100000 0.040000
0 0.771667 0.522901 0.100000 0.040000
0 0.772107 0.568253 0.100000 0.040000
0 0.771667 0.588507 0.100000 0.040000
0 0.769946 0.610073 0.100000 0.040000
0 0.769065 0.632088 0.100000 0.040000
0 0.772148 0.688447 0.100000 0.040000
0 0.770827 0.713104 0.100000 0.040000
0 0.769065 0.735120 0.100000 0.040000
0 0.700344 0.770797 0.040000 0.100000
0 0.669523 0.771677 0.040000 0.100000
0 0.648388 0.772998 0.040000 0.100000
0 0.593186 0.771644 0.040000 0.100000
0 0.611239 0.771644 0.040000 0.100000
0 0.575574 0.771644 0.040000 0.100000
0 0.525379 0.772525 0.040000 0.100000
0 0.491035 0.772525 0.040000 0.100000
0 0.463736 0.770763 0.040000 0.100000
0 0.444803 0.773405 0.040000 0.100000
0 0.384922 0.770323 0.040000 0.100000
0 0.358944 0.771204 0.040000 0.100000
0 0.332525 0.772525 0.040000 0.100000
0 0.516406 0.771762 0.040000 0.100000
0 0.630399 0.771579 0.040000 0.100000
0 0.298442 0.772123 0.040000 0.100000
0 0.275106 0.771242 0.040000 0.100000
0 0.228874 0.724130 0.100000 0.040000
0 0.229754 0.699032 0.100000 0.040000
0 0.228992 0.627469 0.100000 0.040000
0 0.228992 0.605013 0.100000 0.040000
0 0.230313 0.582998 0.100000 0.040000
0 0.229872 0.558781 0.100000 0.040000
0 0.228992 0.506384 0.100000 0.040000
0 0.231193 0.516952 0.100000 0.040000
0 0.231634 0.490093 0.100000 0.040000
0 0.225910 0.484369 0.100000 0.040000
0 0.229872 0.460152 0.100000 0.040000
0 0.228551 0.451787 0.100000 0.040000
0 0.228078 0.430287 0.100000 0.040000
0 0.228518 0.410474 0.100000 0.040000
0 0.228958 0.389339 0.100000 0.040000
0 0.228958 0.365562 0.100000 0.040000
0 0.228078 0.357197 0.100000 0.040000
0 0.228518 0.348390 0.100000 0.040000
0 0.226757 0.327696 0.100000 0.040000
0 0.231600 0.321532 0.100000 0.040000
0 0.230279 0.311845 0.100000 0.040000
0 0.228518 0.275740 0.100000 0.040000
0 0.228518 0.255486 0.100000 0.040000
0 0.273429 0.229068 0.040000 0.100000
0 0.295004 0.229508 0.040000 0.100000
0 0.317460 0.229068 0.040000 0.100000
0 0.340796 0.230388 0.040000 0.100000
0 0.364132 0.229948 0.040000 0.100000
0 0.386147 0.228627 0.040000 0.100000
0 0.427536 0.228627 0.040000 0.100000
0 0.442896 0.229182 0.040000 0.100000
0 0.456986 0.230063 0.040000 0.100000
0 0.466232 0.229622 0.040000 0.100000
0 0.435851 0.229622 0.040000 0.100000
0 0.525673 0.231824 0.040000 0.100000
0 0.543285 0.230063 0.040000 0.100000
0 0.560457 0.227861 0.040000 0.100000
0 0.578070 0.228742 0.040000 0.100000
0 0.595682 0.229182 0.040000 0.100000
0 0.287860 0.244774 0.040000 0.100000
0 0.307990 0.244519 0.040000 0.100000
0 0.327100 0.243755 0.040000 0.100000
0 0.347060 0.243410 0.040000 0.100000
0 0.366935 0.243155 0.040000 0.100000
0 0.385281 0.243410 0.040000 0.100000
0 0.428598 0.243664 0.040000 0.100000
0 0.437771 0.243919 0.040000 0.100000
0 0.444906 0.243919 0.040000 0.100000
0 0.456983 0.242989 0.040000 0.100000
0 0.467175 0.243498 0.040000 0.100000
0 0.526545 0.244008 0.040000 0.100000
0 0.543362 0.243753 0.040000 0.100000
0 0.558141 0.244517 0.040000 0.100000
0 0.573939 0.244008 0.040000 0.100000
0 0.588718 0.244517 0.040000 0.100000
0 0.644107 0.245633 0.040000 0.100000
0 0.663218 0.245379 0.040000 0.100000
0 0.677232 0.246653 0.040000 0.100000
0 0.756222 0.256590 0.100000 0.040000
0 0.757496 0.279523 0.100000 0.040000
0 0.754184 0.301436 0.100000 0.040000
0 0.754401 0.342640 0.100000 0.040000
0 0.754656 0.362006 0.100000 0.040000
0 0.754151 0.415159 0.100000 0.040000
0 0.754661 0.432231 0.100000 0.040000
0 0.754661 0.450323 0.100000 0.040000
0 0.754151 0.458731 0.100000 0.040000
0 0.754151 0.524726 0.100000 0.040000
0 0.754661 0.534664 0.100000 0.040000
0 0.754707 0.571952 0.100000 0.040000
0 0.755216 0.589279 0.100000 0.040000
0 0.754962 0.608389 0.100000 0.040000
0 0.752923 0.627500 0.100000 0.040000
0 0.755034 0.686850 0.100000 0.040000
0 0.755034 0.708509 0.100000 0.040000
0 0.754269 0.725581 0.100000 0.040000
0 0.688573 0.755182 0.040000 0.100000
0 0.659780 0.755692 0.040000 0.100000
0 0.640924 0.755692 0.040000 0.100000
0 0.625126 0.757221 0.040000 0.100000
0 0.609328 0.756966 0.040000 0.100000
0 0.595059 0.756966 0.040000 0.100000
0 0.578497 0.756966 0.040000 0.100000
0 0.526399 0.757049 0.040000 0.100000
0 0.494803 0.756794 0.040000 0.100000
0 0.466265 0.758323 0.040000 0.100000
0 0.451231 0.757558 0.040000 0.100000
0 0.388297 0.757429 0.040000 0.100000
0 0.365619 0.756155 0.040000 0.100000
0 0.343196 0.755900 0.040000 0.100000
0 0.309562 0.755645 0.040000 0.100000
0 0.292999 0.754116 0.040000 0.100000
0 0.243975 0.717005 0.100000 0.040000
0 0.245504 0.691015 0.100000 0.040000
0 0.245666 0.617257 0.100000 0.040000
0 0.244392 0.598656 0.100000 0.040000
0 0.244902 0.579036 0.100000 0.040000
0 0.245666 0.556867 0.100000 0.040000
0 0.244726 0.518842 0.100000 0.040000
0 0.243841 0.503359 0.100000 0.040000
0 0.243988 0.481830 0.100000 0.040000
0 0.244726 0.460449 0.100000 0.040000
0 0.244578 0.451454 0.100000 0.040000
0 0.245640 0.432196 0.100000 0.040000
0 0.245935 0.413469 0.100000 0.040000
0 0.244640 0.393609 0.100000 0.040000
0 0.243756 0.371785 0.100000 0.040000
0 0.244640 0.363232 0.100000 0.040000
0 0.244640 0.353648 0.100000 0.040000
0 0.244788 0.337280 0.100000 0.040000
0 0.245230 0.329022 0.100000 0.040000
0 0.246262 0.320765 0.100000 0.040000
0 0.245144 0.284426 0.100000 0.040000
0 0.245587 0.265109 0.100000 0.040000
0 0.728583 0.434075 0.100000 0.040000
0 0.732154 0.420304 0.100000 0.040000
0 0.733429 0.448610 0.100000 0.040000
0 0.733939 0.457025 0.100000 0.040000
0 0.732919 0.528428 0.100000 0.040000
0 0.733429 0.545259 0.100000 0.040000
0 0.732117 0.578671 0.100000 0.040000
0 0.732117 0.593212 0.100000 0.040000
0 0.731676 0.607754 0.100000 0.040000
0 0.731676 0.622296 0.100000 0.040000
0 0.730795 0.683987 0.100000 0.040000
0 0.729313 0.701414 0.100000 0.040000
0 0.729313 0.715956 0.100000 0.040000
0 0.730909 0.309104 0.100000 0.040000
0 0.728869 0.293549 0.100000 0.040000
0 0.726829 0.277738 0.100000 0.040000
0 0.730909 0.349906 0.100000 0.040000
0 0.730909 0.365461 0.100000 0.040000
0 0.269124 0.279864 0.100000 0.040000
0 0.267849 0.295165 0.100000 0.040000
0 0.265809 0.329336 0.100000 0.040000
0 0.264534 0.338516 0.100000 0.040000
0 0.264534 0.347441 0.100000 0.040000
0 0.265299 0.361722 0.100000 0.040000
0 0.265554 0.372687 0.100000 0.040000
0 0.265044 0.381358 0.100000 0.040000
0 0.263725 0.401751 0.100000 0.040000
0 0.264235 0.419347 0.100000 0.040000
0 0.264235 0.435412 0.100000 0.040000
0 0.262960 0.451223 0.100000 0.040000
0 0.263470 0.461423 0.100000 0.040000
0 0.263725 0.478764 0.100000 0.040000
0 0.264054 0.500161 0.100000 0.040000
0 0.263289 0.510106 0.100000 0.040000
0 0.264309 0.554733 0.100000 0.040000
0 0.264564 0.572584 0.100000 0.040000
0 0.267880 0.589159 0.100000 0.040000
0 0.267301 0.607403 0.100000 0.040000
0 0.267301 0.682885 0.100000 0.040000
0 0.267811 0.704561 0.100000 0.040000
