0 0.821511 0.216369 0.100000 0.040000
0 0.821046 0.250087 0.100000 0.040000
0 0.821341 0.281200 0.100000 0.040000
0 0.820951 0.325965 0.100000 0.040000
0 0.821688 0.353982 0.100000 0.040000
0 0.821354 0.402840 0.100000 0.040000
0 0.821649 0.430120 0.100000 0.040000
0 0.821059 0.456220 0.100000 0.040000
0 0.820508 0.518735 0.100000 0.040000
0 0.821098 0.528762 0.100000 0.040000
0 0.821023 0.558121 0.100000 0.040000
0 0.820876 0.583778 0.100000 0.040000
0 0.820048 0.612746 0.100000 0.040000
0 0.821670 0.644154 0.100000 0.040000
0 0.820697 0.695633 0.100000 0.040000
0 0.820531 0.727823 0.100000 0.040000
0 0.820764 0.758691 0.100000 0.040000
0 0.735042 0.820840 0.040000 0.100000
0 0.701153 0.821605 0.040000 0.100000
0 0.668043 0.821557 0.040000 0.100000
0 0.640652 0.821684 0.040000 0.100000
0 0.615936 0.821684 0.040000 0.100000
0 0.591219 0.821684 0.040000 0.100000
0 0.563701 0.821426 0.040000 0.100000
0 0.519111 0.821681 0.040000 0.100000
0 0.480380 0.821426 0.040000 0.100000
0 0.449039 0.821172 0.040000 0.100000
0 0.422285 0.820662 0.040000 0.100000
0 0.368034 0.821521 0.040000 0.100000
0 0.336184 0.820757 0.040000 0.100000
0 0.303314 0.819483 0.040000 0.100000
0 0.262730 0.821353 0.040000 0.100000
0 0.232408 0.821098 0.040000 0.100000
0 0.178644 0.756123 0.100000 0.040000
0 0.178007 0.723567 0.100000 0.040000
0 0.179402 0.657551 0.100000 0.040000
0 0.177928 0.630419 0.100000 0.040000
0 0.178949 0.598063 0.100000 0.040000
0 0.179244 0.566655 0.100000 0.040000
0 0.179585 0.517097 0.100000 0.040000
0 0.179143 0.490849 0.100000 0.040000
0 0.179662 0.453420 0.100000 0.040000
0 0.178483 0.425845 0.100000 0.040000
0 0.178483 0.397091 0.100000 0.040000
0 0.178926 0.368136 0.100000 0.040000
0 0.178313 0.329197 0.100000 0.040000
0 0.178755 0.303540 0.100000 0.040000
0 0.181557 0.291006 0.100000 0.040000
0 0.179471 0.251486 0.100000 0.040000
0 0.178847 0.225878 0.100000 0.040000
0 0.225531 0.178660 0.040000 0.100000
0 0.258266 0.178071 0.040000 0.100000
0 0.289969 0.176743 0.040000 0.100000
0 0.323949 0.177682 0.040000 0.100000
0 0.352703 0.177534 0.040000 0.100000
0 0.383388 0.178171 0.040000 0.100000
0 0.422118 0.177662 0.040000 0.100000
0 0.433075 0.178171 0.040000 0.100000
0 0.457433 0.178098 0.040000 0.100000
0 0.517792 0.178781 0.040000 0.100000
0 0.544039 0.178044 0.040000 0.100000
0 0.570876 0.178781 0.040000 0.100000
0 0.595541 0.178512 0.040000 0.100000
0 0.622526 0.179102 0.040000 0.100000
0 0.675300 0.179645 0.040000 0.100000
0 0.706896 0.177607 0.040000 0.100000
0 0.734295 0.178445 0.040000 0.100000
0 0.805007 0.225054 0.100000 0.040000
0 0.806026 0.255630 0.100000 0.040000
0 0.805007 0.285188 0.100000 0.040000
0 0.805771 0.328250 0.100000 0.040000
0 0.806281 0.353475 0.100000 0.040000
0 0.717053 0.194623 0.040000 0.100000
0 0.692337 0.194623 0.040000 0.100000
0 0.667111 0.193603 0.040000 0.100000
0 0.612484 0.194503 0.040000 0.100000
0 0.588533 0.193994 0.040000 0.100000
0 0.566619 0.193994 0.040000 0.100000
0 0.542922 0.193994 0.040000 0.100000
0 0.518461 0.195013 0.040000 0.100000
0 0.462187 0.195779 0.040000 0.100000
0 0.439000 0.195779 0.040000 0.100000
0 0.422947 0.195269 0.040000 0.100000
0 0.353704 0.193437 0.040000 0.100000
0 0.381733 0.193692 0.040000 0.100000
0 0.327969 0.194966 0.040000 0.100000
0 0.296118 0.194457 0.040000 0.100000
0 0.267835 0.193947 0.040000 0.100000
0 0.237504 0.192187 0.040000 0.100000
0 0.193422 0.233975 0.100000 0.040000
0 0.193422 0.257417 0.100000 0.040000
0 0.195229 0.294738 0.100000 0.040000
0 0.194720 0.309262 0.100000 0.040000
0 0.194210 0.332959 0.100000 0.040000
0 0.194465 0.345444 0.100000 0.040000
0 0.194210 0.370925 0.100000 0.040000
0 0.195229 0.397679 0.100000 0.040000
0 0.194974 0.424545 0.100000 0.040000
0 0.193954 0.450280 0.100000 0.040000
0 0.194209 0.458689 0.100000 0.040000
0 0.194974 0.486717 0.100000 0.040000
0 0.194789 0.512301 0.100000 0.040000
0 0.195044 0.563262 0.100000 0.040000
0 0.194789 0.591545 0.100000 0.040000
0 0.195044 0.619574 0.100000 0.040000
0 0.195412 0.644564 0.100000 0.040000
0 0.195134 0.713756 0.100000 0.040000
0 0.195388 0.743058 0.100000 0.040000
0 0.242432 0.804208 0.040000 0.100000
0 0.271492 0.805529 0.040000 0.100000
0 0.308037 0.805088 0.040000 0.100000
0 0.341500 0.805969 0.040000 0.100000
0 0.371881 0.805529 0.040000 0.100000
0 0.427366 0.804345 0.040000 0.100000
0 0.452463 0.806987 0.040000 0.100000
0 0.484165 0.804785 0.040000 0.100000
0 0.513666 0.805226 0.040000 0.100000
0 0.565621 0.806547 0.040000 0.100000
0 0.591159 0.805226 0.040000 0.100000
0 0.613174 0.805226 0.040000 0.100000
0 0.635005 0.805952 0.040000 0.100000
0 0.659976 0.806972 0.040000 0.100000
0 0.690807 0.805443 0.040000 0.100000
0 0.721916 0.806358 0.040000 0.100000
0 0.804741 0.749446 0.100000 0.040000
0 0.804486 0.721927 0.100000 0.040000
0 0.804728 0.690950 0.100000 0.040000
0 0.806256 0.637950 0.100000 0.040000
0 0.806511 0.609157 0.100000 0.040000
0 0.801160 0.583167 0.100000 0.040000
0 0.806002 0.559215 0.100000 0.040000
0 0.805379 0.518429 0.100000 0.040000
0 0.805634 0.459314 0.100000 0.040000
0 0.805634 0.428738 0.100000 0.040000
0 0.805634 0.403767 0.100000 0.040000
0 0.789082 0.232924 0.100000 0.040000
0 0.789082 0.261717 0.100000 0.040000
0 0.702904 0.211423 0.040000 0.100000
0 0.681330 0.210102 0.040000 0.100000
0 0.659314 0.209221 0.040000 0.100000
0 0.787883 0.288476 0.100000 0.040000
0 0.790965 0.330745 0.100000 0.040000
0 0.788323 0.354081 0.100000 0.040000
0 0.787883 0.406037 0.100000 0.040000
0 0.790209 0.429366 0.100000 0.040000
0 0.789328 0.451381 0.100000 0.040000
0 0.788008 0.457986 0.100000 0.040000
0 0.788008 0.520509 0.100000 0.040000
0 0.788008 0.532837 0.100000 0.040000
0 0.788888 0.561897 0.100000 0.040000
0 0.790209 0.583472 0.100000 0.040000
0 0.788008 0.607689 0.100000 0.040000
0 0.790649 0.632786 0.100000 0.040000
0 0.789328 0.686944 0.100000 0.040000
0 0.789246 0.715530 0.100000 0.040000
0 0.788805 0.739747 0.100000 0.040000
0 0.710769 0.789552 0.040000 0.100000
0 0.680393 0.790437 0.040000 0.100000
0 0.651210 0.789530 0.040000 0.100000
0 0.631156 0.789088 0.040000 0.100000
0 0.612282 0.789973 0.040000 0.100000
0 0.591458 0.789054 0.040000 0.100000
0 0.570055 0.789563 0.040000 0.100000
0 0.513442 0.788009 0.040000 0.100000
0 0.486688 0.789283 0.040000 0.100000
0 0.455856 0.788264 0.040000 0.100000
0 0.434452 0.789028 0.040000 0.100000
0 0.377185 0.788868 0.040000 0.100000
0 0.349157 0.788613 0.040000 0.100000
0 0.318835 0.789378 0.040000 0.100000
0 0.282841 0.789466 0.040000 0.100000
0 0.257106 0.788702 0.040000 0.100000
0 0.211189 0.732723 0.100000 0.040000
0 0.210170 0.706224 0.100000 0.040000
0 0.211597 0.634233 0.100000 0.040000
0 0.210833 0.611300 0.100000 0.040000
0 0.211088 0.585310 0.100000 0.040000
0 0.211088 0.559575 0.100000 0.040000
0 0.211600 0.522914 0.100000 0.040000
0 0.211091 0.507371 0.100000 0.040000
0 0.210581 0.489790 0.100000 0.040000
0 0.211855 0.457429 0.100000 0.040000
0 0.210260 0.425038 0.100000 0.040000
0 0.210260 0.400821 0.100000 0.040000
0 0.210260 0.376164 0.100000 0.040000
0 0.211141 0.352388 0.100000 0.040000
0 0.211141 0.339619 0.100000 0.040000
0 0.210260 0.316283 0.100000 0.040000
0 0.210701 0.301753 0.100000 0.040000
0 0.210701 0.264767 0.100000 0.040000
0 0.210701 0.244513 0.100000 0.040000
0 0.255171 0.212811 0.040000 0.100000
0 0.278507 0.210610 0.040000 0.100000
0 0.304045 0.209289 0.040000 0.100000
0 0.332665 0.211490 0.040000 0.100000
0 0.355560 0.209729 0.040000 0.100000
0 0.423179 0.208325 0.040000 0.100000
0 0.381350 0.210527 0.040000 0.100000
0 0.433306 0.209646 0.040000 0.100000
0 0.455761 0.210087 0.040000 0.100000
0 0.462366 0.209646 0.040000 0.100000
0 0.520486 0.209646 0.040000 0.100000
0 0.542061 0.209646 0.040000 0.100000
0 0.563636 0.210527 0.040000 0.100000
0 0.582569 0.210527 0.040000 0.100000
0 0.604584 0.210527 0.040000 0.100000
0 0.652645 0.225807 0.040000 0.100000
0 0.672520 0.225552 0.040000 0.100000
0 0.688573 0.227845 0.040000 0.100000
0 0.595314 0.226826 0.040000 0.100000
0 0.578242 0.226062 0.040000 0.100000
0 0.560661 0.226826 0.040000 0.100000
0 0.541041 0.227336 0.040000 0.100000
0 0.523419 0.227616 0.040000 0.100000
0 0.464050 0.226597 0.040000 0.100000
0 0.455641 0.226087 0.040000 0.100000
0 0.423806 0.224924 0.040000 0.100000
0 0.433743 0.225179 0.040000 0.100000
0 0.441642 0.225179 0.040000 0.100000
0 0.382272 0.225943 0.040000 0.100000
0 0.359340 0.225943 0.040000 0.100000
0 0.337936 0.226708 0.040000 0.100000
0 0.313475 0.228746 0.040000 0.100000
0 0.267538 0.227335 0.040000 0.100000
0 0.290980 0.226570 0.040000 0.100000
0 0.226769 0.253580 0.100000 0.040000
0 0.226004 0.272690 0.100000 0.040000
0 0.226450 0.307430 0.100000 0.040000
0 0.225940 0.324502 0.100000 0.040000
0 0.226450 0.344377 0.100000 0.040000
0 0.226705 0.357882 0.100000 0.040000
0 0.223902 0.380814 0.100000 0.040000
0 0.227751 0.405301 0.100000 0.040000
0 0.226223 0.426195 0.100000 0.040000
0 0.228006 0.448363 0.100000 0.040000
0 0.226987 0.458300 0.100000 0.040000
0 0.228006 0.480723 0.100000 0.040000
0 0.227701 0.503842 0.100000 0.040000
0 0.227701 0.520150 0.100000 0.040000
0 0.225918 0.556077 0.100000 0.040000
0 0.227447 0.580539 0.100000 0.040000
0 0.227051 0.605083 0.100000 0.040000
0 0.228144 0.625394 0.100000 0.040000
0 0.227125 0.696995 0.100000 0.040000
0 0.226374 0.724751 0.100000 0.040000
0 0.272166 0.772744 0.040000 0.100000
0 0.293042 0.773546 0.040000 0.100000
0 0.328715 0.773291 0.040000 0.100000
0 0.355215 0.774311 0.040000 0.100000
0 0.380695 0.773291 0.040000 0.100000
0 0.439090 0.772893 0.040000 0.100000
0 0.461003 0.773148 0.040000 0.100000
0 0.489796 0.772893 0.040000 0.100000
0 0.514257 0.772893 0.040000 0.100000
0 0.522156 0.772383 0.040000 0.100000
0 0.573372 0.772638 0.040000 0.100000
0 0.697738 0.772458 0.040000 0.100000
0 0.670729 0.774496 0.040000 0.100000
0 0.646268 0.773477 0.040000 0.100000
0 0.626648 0.773222 0.040000 0.100000
0 0.610340 0.774241 0.040000 0.100000
0 0.592485 0.773257 0.040000 0.100000
0 0.773048 0.732460 0.100000 0.040000
0 0.772284 0.710802 0.100000 0.040000
0 0.772539 0.685321 0.100000 0.040000
0 0.773783 0.629948 0.100000 0.040000
0 0.774293 0.605487 0.100000 0.040000
0 0.774038 0.584593 0.100000 0.040000
0 0.774038 0.564718 0.100000 0.040000
0 0.773686 0.521227 0.100000 0.040000
0 0.774196 0.457016 0.100000 0.040000
0 0.774196 0.429242 0.100000 0.040000
0 0.774196 0.408348 0.100000 0.040000
0 0.773384 0.356530 0.100000 0.040000
0 0.773824 0.335836 0.100000 0.040000
0 0.773384 0.293566 0.100000 0.040000
0 0.772943 0.269350 0.100000 0.040000
0 0.773384 0.242931 0.100000 0.040000
0 0.757790 0.252577 0.100000 0.040000
0 0.758045 0.275764 0.100000 0.040000
0 0.757026 0.295894 0.100000 0.040000
0 0.758045 0.338956 0.100000 0.040000
0 0.760129 0.358151 0.100000 0.040000
0 0.756562 0.411405 0.100000 0.040000
0 0.755982 0.431002 0.100000 0.040000
0 0.756237 0.449093 0.100000 0.040000
0 0.757256 0.522987 0.100000 0.040000
0 0.756747 0.537510 0.100000 0.040000
0 0.758177 0.568118 0.100000 0.040000
0 0.756555 0.585960 0.100000 0.040000
0 0.757735 0.605277 0.100000 0.040000
0 0.758715 0.626779 0.100000 0.040000
0 0.757938 0.683692 0.100000 0.040000
0 0.759212 0.707134 0.100000 0.040000
0 0.755645 0.724206 0.100000 0.040000
0 0.687474 0.757465 0.040000 0.100000
0 0.660974 0.757465 0.040000 0.100000
0 0.639571 0.756955 0.040000 0.100000
0 0.623518 0.757465 0.040000 0.100000
0 0.609759 0.757465 0.040000 0.100000
0 0.593706 0.758229 0.040000 0.100000
0 0.576955 0.758921 0.040000 0.100000
0 0.523446 0.758921 0.040000 0.100000
0 0.516056 0.757137 0.040000 0.100000
0 0.494143 0.758157 0.040000 0.100000
0 0.464331 0.757647 0.040000 0.100000
0 0.449297 0.757392 0.040000 0.100000
0 0.384937 0.758408 0.040000 0.100000
0 0.364043 0.756880 0.040000 0.100000
0 0.337288 0.758408 0.040000 0.100000
0 0.304462 0.758067 0.040000 0.100000
0 0.285606 0.759341 0.040000 0.100000
0 0.242290 0.716279 0.100000 0.040000
0 0.240506 0.692582 0.100000 0.040000
0 0.244156 0.616082 0.100000 0.040000
0 0.241862 0.598246 0.100000 0.040000
0 0.241862 0.576842 0.100000 0.040000
0 0.241098 0.555693 0.100000 0.040000
0 0.243985 0.517497 0.100000 0.040000
0 0.242456 0.500680 0.100000 0.040000
0 0.242456 0.485901 0.100000 0.040000
0 0.241436 0.457363 0.100000 0.040000
0 0.241946 0.448700 0.100000 0.040000
0 0.242456 0.428570 0.100000 0.040000
0 0.243502 0.409795 0.100000 0.040000
0 0.242483 0.389920 0.100000 0.040000
0 0.244012 0.366223 0.100000 0.040000
0 0.241974 0.350171 0.100000 0.040000
0 0.241209 0.332589 0.100000 0.040000
0 0.244776 0.316791 0.100000 0.040000
0 0.244039 0.282111 0.100000 0.040000
0 0.244293 0.265039 0.100000 0.040000
0 0.284043 0.243126 0.040000 0.100000
0 0.301370 0.241342 0.040000 0.100000
0 0.321754 0.240833 0.040000 0.100000
0 0.344432 0.242107 0.040000 0.100000
0 0.382050 0.241794 0.040000 0.100000
0 0.425877 0.241029 0.040000 0.100000
0 0.434795 0.240520 0.040000 0.100000
0 0.442949 0.241284 0.040000 0.100000
0 0.456453 0.240265 0.040000 0.100000
0 0.464607 0.240520 0.040000 0.100000
0 0.525535 0.241891 0.040000 0.100000
0 0.540569 0.241381 0.040000 0.100000
0 0.557386 0.241636 0.040000 0.100000
0 0.571910 0.242145 0.040000 0.100000
0 0.587962 0.242145 0.040000 0.100000
0 0.645040 0.241376 0.040000 0.100000
0 0.661093 0.241885 0.040000 0.100000
0 0.677910 0.242395 0.040000 0.100000
0 0.263692 0.277920 0.100000 0.040000
0 0.261488 0.291140 0.100000 0.040000
0 0.261488 0.324630 0.100000 0.040000
0 0.259285 0.343137 0.100000 0.040000
0 0.257522 0.373983 0.100000 0.040000
0 0.260607 0.397338 0.100000 0.040000
0 0.260883 0.358552 0.100000 0.040000
0 0.260373 0.414399 0.100000 0.040000
0 0.259863 0.431230 0.100000 0.040000
0 0.259353 0.458260 0.100000 0.040000
0 0.259719 0.508986 0.100000 0.040000
0 0.260229 0.553612 0.100000 0.040000
0 0.259464 0.572228 0.100000 0.040000
0 0.260994 0.590589 0.100000 0.040000
0 0.263643 0.606735 0.100000 0.040000
0 0.263133 0.682472 0.100000 0.040000
0 0.265428 0.704658 0.100000 0.040000
0 0.730889 0.272072 0.100000 0.040000
0 0.727064 0.292218 0.100000 0.040000
0 0.734715 0.304713 0.100000 0.040000
0 0.733439 0.346534 0.100000 0.040000
0 0.736501 0.362597 0.100000 0.040000
0 0.737521 0.415894 0.100000 0.040000
0 0.731655 0.431194 0.100000 0.040000
0 0.738286 0.448025 0.100000 0.040000
0 0.736365 0.525816 0.100000 0.040000
0 0.736875 0.542647 0.100000 0.040000
0 0.736688 0.574628 0.100000 0.040000
0 0.738728 0.589163 0.100000 0.040000
0 0.737453 0.605994 0.100000 0.040000
0 0.736433 0.623334 0.100000 0.040000
0 0.734211 0.682081 0.100000 0.040000
0 0.734211 0.700187 0.100000 0.040000
0 0.733190 0.715232 0.100000 0.040000
