0 0.192771 0.128514 0.032129 0.080321
0 0.234538 0.128514 0.032129 0.080321
0 0.274699 0.128514 0.032129 0.080321
0 0.315663 0.128514 0.032129 0.080321
0 0.353414 0.128514 0.032129 0.080321
0 0.389558 0.128514 0.032129 0.080321
0 0.422490 0.128514 0.032129 0.080321
0 0.458635 0.128514 0.032129 0.080321
0 0.514859 0.128514 0.032129 0.080321
0 0.547791 0.128514 0.032129 0.080321
0 0.579920 0.128514 0.032129 0.080321
0 0.614458 0.128514 0.032129 0.080321
0 0.649799 0.128514 0.032129 0.080321
0 0.701205 0.128514 0.032129 0.080321
0 0.742972 0.128514 0.032129 0.080321
0 0.784739 0.128514 0.032129 0.080321
0 0.871486 0.198394 0.080321 0.032129
0 0.871486 0.240964 0.080321 0.032129
0 0.871486 0.281928 0.080321 0.032129
0 0.871486 0.328514 0.080321 0.032129
0 0.871486 0.366265 0.080321 0.032129
0 0.871486 0.411245 0.080321 0.032129
0 0.871486 0.474699 0.080321 0.032129
0 0.871486 0.528514 0.080321 0.032129
0 0.871486 0.570281 0.080321 0.032129
0 0.871486 0.604016 0.080321 0.032129
0 0.871486 0.678715 0.080321 0.032129
0 0.871486 0.726908 0.080321 0.032129
0 0.871486 0.767068 0.080321 0.032129
0 0.871486 0.811245 0.080321 0.032129
0 0.790361 0.871486 0.032129 0.080321
0 0.702811 0.871486 0.032129 0.080321
0 0.664257 0.871486 0.032129 0.080321
0 0.628112 0.871486 0.032129 0.080321
0 0.591165 0.871486 0.032129 0.080321
0 0.556627 0.871486 0.032129 0.080321
0 0.518072 0.871486 0.032129 0.080321
0 0.472289 0.871486 0.032129 0.080321
0 0.437751 0.871486 0.032129 0.080321
0 0.402410 0.871486 0.032129 0.080321
0 0.354217 0.871486 0.032129 0.080321
0 0.316466 0.871486 0.032129 0.080321
0 0.275502 0.871486 0.032129 0.080321
0 0.233735 0.871486 0.032129 0.080321
0 0.191968 0.871486 0.032129 0.080321
0 0.128514 0.810442 0.080321 0.032129
0 0.128514 0.767871 0.080321 0.032129
0 0.128514 0.675502 0.080321 0.032129
0 0.128514 0.636948 0.080321 0.032129
0 0.128514 0.600803 0.080321 0.032129
0 0.128514 0.559036 0.080321 0.032129
0 0.128514 0.522088 0.080321 0.032129
0 0.128514 0.481124 0.080321 0.032129
0 0.128514 0.446586 0.080321 0.032129
0 0.128514 0.412851 0.080321 0.032129
0 0.128514 0.375904 0.080321 0.032129
0 0.128514 0.336546 0.080321 0.032129
0 0.128514 0.293173 0.080321 0.032129
0 0.128514 0.242570 0.080321 0.032129
0 0.128514 0.200803 0.080321 0.032129
0 0.197590 0.138153 0.032129 0.080321
0 0.237751 0.138153 0.032129 0.080321
0 0.277108 0.138153 0.032129 0.080321
0 0.315663 0.138153 0.032129 0.080321
0 0.351807 0.138153 0.032129 0.080321
0 0.387149 0.138153 0.032129 0.080321
0 0.420080 0.138153 0.032129 0.080321
0 0.456225 0.138153 0.032129 0.080321
0 0.514056 0.138153 0.032129 0.080321
0 0.544578 0.138153 0.032129 0.080321
0 0.575100 0.138153 0.032129 0.080321
0 0.607229 0.138153 0.032129 0.080321
0 0.640161 0.138153 0.032129 0.080321
0 0.692369 0.138153 0.032129 0.080321
0 0.731727 0.138153 0.032129 0.080321
0 0.771084 0.138153 0.032129 0.080321
0 0.861847 0.207229 0.080321 0.032129
0 0.861847 0.248193 0.080321 0.032129
0 0.861847 0.287550 0.080321 0.032129
0 0.861847 0.333333 0.080321 0.032129
0 0.861847 0.370281 0.080321 0.032129
0 0.861847 0.415261 0.080321 0.032129
0 0.861847 0.474699 0.080321 0.032129
0 0.861847 0.528514 0.080321 0.032129
0 0.861847 0.573494 0.080321 0.032129
0 0.861847 0.605622 0.080321 0.032129
0 0.861847 0.641767 0.080321 0.032129
0 0.861847 0.677108 0.080321 0.032129
0 0.861847 0.765462 0.080321 0.032129
0 0.861847 0.808032 0.080321 0.032129
0 0.776707 0.861847 0.032129 0.080321
0 0.734137 0.861847 0.032129 0.080321
0 0.693173 0.861847 0.032129 0.080321
0 0.657028 0.861847 0.032129 0.080321
0 0.624096 0.861847 0.032129 0.080321
0 0.588755 0.861847 0.032129 0.080321
0 0.555823 0.861847 0.032129 0.080321
0 0.515663 0.861847 0.032129 0.080321
0 0.471486 0.861847 0.032129 0.080321
0 0.437751 0.861847 0.032129 0.080321
0 0.403213 0.861847 0.032129 0.080321
0 0.353414 0.861847 0.032129 0.080321
0 0.317269 0.861847 0.032129 0.080321
0 0.277912 0.861847 0.032129 0.080321
0 0.235341 0.861847 0.032129 0.080321
0 0.196787 0.861847 0.032129 0.080321
0 0.138153 0.805622 0.080321 0.032129
0 0.138153 0.766265 0.080321 0.032129
0 0.138153 0.714056 0.080321 0.032129
0 0.138153 0.673092 0.080321 0.032129
0 0.138153 0.635341 0.080321 0.032129
0 0.138153 0.601606 0.080321 0.032129
0 0.138153 0.559036 0.080321 0.032129
0 0.138153 0.522088 0.080321 0.032129
0 0.138153 0.482731 0.080321 0.032129
0 0.138153 0.448996 0.080321 0.032129
0 0.138153 0.416867 0.080321 0.032129
0 0.138153 0.381526 0.080321 0.032129
0 0.138153 0.342972 0.080321 0.032129
0 0.138153 0.299598 0.080321 0.032129
0 0.138153 0.249799 0.080321 0.032129
0 0.138153 0.209639 0.080321 0.032129
0 0.200000 0.142972 0.032129 0.080321
0 0.239357 0.142972 0.032129 0.080321
0 0.277912 0.142972 0.032129 0.080321
0 0.315663 0.142972 0.032129 0.080321
0 0.351807 0.142972 0.032129 0.080321
0 0.385542 0.142972 0.032129 0.080321
0 0.419277 0.142972 0.032129 0.080321
0 0.454618 0.142972 0.032129 0.080321
0 0.513253 0.142972 0.032129 0.080321
0 0.543775 0.142972 0.032129 0.080321
0 0.572691 0.142972 0.032129 0.080321
0 0.603213 0.142972 0.032129 0.080321
0 0.635341 0.142972 0.032129 0.080321
0 0.687550 0.142972 0.032129 0.080321
0 0.726908 0.142972 0.032129 0.080321
0 0.763855 0.142972 0.032129 0.080321
0 0.857028 0.251406 0.080321 0.032129
0 0.857028 0.289960 0.080321 0.032129
0 0.857028 0.335743 0.080321 0.032129
0 0.857028 0.371888 0.080321 0.032129
0 0.857028 0.417671 0.080321 0.032129
0 0.857028 0.475502 0.080321 0.032129
0 0.857028 0.529317 0.080321 0.032129
0 0.857028 0.575100 0.080321 0.032129
0 0.857028 0.606426 0.080321 0.032129
0 0.857028 0.641767 0.080321 0.032129
0 0.857028 0.676305 0.080321 0.032129
0 0.857028 0.763855 0.080321 0.032129
0 0.857028 0.807229 0.080321 0.032129
0 0.770281 0.857028 0.032129 0.080321
0 0.728514 0.857028 0.032129 0.080321
0 0.688353 0.857028 0.032129 0.080321
0 0.654618 0.857028 0.032129 0.080321
0 0.621687 0.857028 0.032129 0.080321
0 0.587952 0.857028 0.032129 0.080321
0 0.555823 0.857028 0.032129 0.080321
0 0.515663 0.857028 0.032129 0.080321
0 0.471486 0.857028 0.032129 0.080321
0 0.437751 0.857028 0.032129 0.080321
0 0.404016 0.857028 0.032129 0.080321
0 0.353414 0.857028 0.032129 0.080321
0 0.317269 0.857028 0.032129 0.080321
0 0.278715 0.857028 0.032129 0.080321
0 0.236948 0.857028 0.032129 0.080321
0 0.199197 0.857028 0.032129 0.080321
0 0.142972 0.803213 0.080321 0.032129
0 0.142972 0.764659 0.080321 0.032129
0 0.142972 0.711647 0.080321 0.032129
0 0.142972 0.671486 0.080321 0.032129
0 0.142972 0.601606 0.080321 0.032129
0 0.142972 0.551807 0.080321 0.032129
0 0.142972 0.522088 0.080321 0.032129
0 0.142972 0.482731 0.080321 0.032129
0 0.142972 0.449799 0.080321 0.032129
0 0.142972 0.418474 0.080321 0.032129
0 0.142972 0.384739 0.080321 0.032129
0 0.142972 0.345382 0.080321 0.032129
0 0.142972 0.302811 0.080321 0.032129
0 0.142972 0.254618 0.080321 0.032129
0 0.142972 0.214458 0.080321 0.032129
0 0.201606 0.147791 0.032129 0.080321
0 0.240964 0.147791 0.032129 0.080321
0 0.278715 0.147791 0.032129 0.080321
0 0.316466 0.147791 0.032129 0.080321
0 0.351004 0.147791 0.032129 0.080321
0 0.384739 0.147791 0.032129 0.080321
0 0.417671 0.147791 0.032129 0.080321
0 0.453815 0.147791 0.032129 0.080321
0 0.512450 0.147791 0.032129 0.080321
0 0.541365 0.147791 0.032129 0.080321
0 0.570281 0.147791 0.032129 0.080321
0 0.600000 0.147791 0.032129 0.080321
0 0.630522 0.147791 0.032129 0.080321
0 0.721285 0.147791 0.032129 0.080321
0 0.757430 0.147791 0.032129 0.080321
0 0.852209 0.293173 0.080321 0.032129
0 0.852209 0.338153 0.080321 0.032129
0 0.852209 0.372691 0.080321 0.032129
0 0.852209 0.419277 0.080321 0.032129
0 0.852209 0.449799 0.080321 0.032129
0 0.852209 0.475502 0.080321 0.032129
0 0.852209 0.530924 0.080321 0.032129
0 0.852209 0.576707 0.080321 0.032129
0 0.852209 0.607229 0.080321 0.032129
0 0.852209 0.641767 0.080321 0.032129
0 0.852209 0.726104 0.080321 0.032129
0 0.852209 0.763052 0.080321 0.032129
0 0.763855 0.852209 0.032129 0.080321
0 0.723695 0.852209 0.032129 0.080321
0 0.684337 0.852209 0.032129 0.080321
0 0.651406 0.852209 0.032129 0.080321
0 0.620080 0.852209 0.032129 0.080321
0 0.587149 0.852209 0.032129 0.080321
0 0.555823 0.852209 0.032129 0.080321
0 0.514056 0.852209 0.032129 0.080321
0 0.471486 0.852209 0.032129 0.080321
0 0.437751 0.852209 0.032129 0.080321
0 0.404819 0.852209 0.032129 0.080321
0 0.353414 0.852209 0.032129 0.080321
0 0.318072 0.852209 0.032129 0.080321
0 0.279518 0.852209 0.032129 0.080321
0 0.238554 0.852209 0.032129 0.080321
0 0.201606 0.852209 0.032129 0.080321
0 0.147791 0.710040 0.080321 0.032129
0 0.147791 0.633735 0.080321 0.032129
0 0.147791 0.601606 0.080321 0.032129
0 0.147791 0.558233 0.080321 0.032129
0 0.147791 0.522088 0.080321 0.032129
0 0.147791 0.483534 0.080321 0.032129
0 0.147791 0.419277 0.080321 0.032129
0 0.147791 0.342169 0.080321 0.032129
0 0.147791 0.306827 0.080321 0.032129
0 0.147791 0.257831 0.080321 0.032129
0 0.147791 0.219277 0.080321 0.032129
0 0.204819 0.152610 0.032129 0.080321
0 0.242570 0.152610 0.032129 0.080321
0 0.279518 0.152610 0.032129 0.080321
0 0.316466 0.152610 0.032129 0.080321
0 0.351004 0.152610 0.032129 0.080321
0 0.383133 0.152610 0.032129 0.080321
0 0.417671 0.152610 0.032129 0.080321
0 0.452209 0.152610 0.032129 0.080321
0 0.511647 0.152610 0.032129 0.080321
0 0.539759 0.152610 0.032129 0.080321
0 0.567068 0.152610 0.032129 0.080321
0 0.596787 0.152610 0.032129 0.080321
0 0.626506 0.152610 0.032129 0.080321
0 0.679518 0.152610 0.032129 0.080321
0 0.715663 0.152610 0.032129 0.080321
0 0.750201 0.152610 0.032129 0.080321
0 0.847390 0.220080 0.080321 0.032129
0 0.847390 0.257831 0.080321 0.032129
0 0.847390 0.294779 0.080321 0.032129
0 0.847390 0.339759 0.080321 0.032129
0 0.847390 0.374297 0.080321 0.032129
0 0.847390 0.420884 0.080321 0.032129
0 0.847390 0.451406 0.080321 0.032129
0 0.847390 0.481928 0.080321 0.032129
0 0.847390 0.532530 0.080321 0.032129
0 0.847390 0.608032 0.080321 0.032129
0 0.847390 0.641767 0.080321 0.032129
0 0.847390 0.726908 0.080321 0.032129
0 0.757430 0.847390 0.032129 0.080321
0 0.718072 0.847390 0.032129 0.080321
0 0.679518 0.847390 0.032129 0.080321
0 0.648996 0.847390 0.032129 0.080321
0 0.618474 0.847390 0.032129 0.080321
0 0.586345 0.847390 0.032129 0.080321
0 0.555020 0.847390 0.032129 0.080321
0 0.514056 0.847390 0.032129 0.080321
0 0.470683 0.847390 0.032129 0.080321
0 0.437751 0.847390 0.032129 0.080321
0 0.406426 0.847390 0.032129 0.080321
0 0.352610 0.847390 0.032129 0.080321
0 0.318876 0.847390 0.032129 0.080321
0 0.281124 0.847390 0.032129 0.080321
0 0.240161 0.847390 0.032129 0.080321
0 0.204016 0.847390 0.032129 0.080321
0 0.152610 0.797590 0.080321 0.032129
0 0.152610 0.762249 0.080321 0.032129
0 0.152610 0.707631 0.080321 0.032129
0 0.152610 0.669076 0.080321 0.032129
0 0.152610 0.601606 0.080321 0.032129
0 0.152610 0.557430 0.080321 0.032129
0 0.152610 0.484337 0.080321 0.032129
0 0.152610 0.420884 0.080321 0.032129
0 0.152610 0.345382 0.080321 0.032129
0 0.152610 0.310040 0.080321 0.032129
0 0.152610 0.261847 0.080321 0.032129
0 0.152610 0.224096 0.080321 0.032129
0 0.195181 0.133333 0.032129 0.080321
0 0.236145 0.133333 0.032129 0.080321
0 0.275502 0.133333 0.032129 0.080321
0 0.315663 0.133333 0.032129 0.080321
0 0.353414 0.133333 0.032129 0.080321
0 0.387952 0.133333 0.032129 0.080321
0 0.420884 0.133333 0.032129 0.080321
0 0.457028 0.133333 0.032129 0.080321
0 0.514056 0.133333 0.032129 0.080321
0 0.546185 0.133333 0.032129 0.080321
0 0.577510 0.133333 0.032129 0.080321
0 0.611245 0.133333 0.032129 0.080321
0 0.644980 0.133333 0.032129 0.080321
0 0.737349 0.133333 0.032129 0.080321
0 0.778313 0.133333 0.032129 0.080321
0 0.866667 0.203213 0.080321 0.032129
0 0.866667 0.244177 0.080321 0.032129
0 0.866667 0.285141 0.080321 0.032129
0 0.866667 0.330924 0.080321 0.032129
0 0.866667 0.368675 0.080321 0.032129
0 0.866667 0.413655 0.080321 0.032129
0 0.866667 0.447390 0.080321 0.032129
0 0.866667 0.474699 0.080321 0.032129
0 0.866667 0.526908 0.080321 0.032129
0 0.866667 0.571888 0.080321 0.032129
0 0.866667 0.604819 0.080321 0.032129
0 0.866667 0.640964 0.080321 0.032129
0 0.866667 0.677912 0.080321 0.032129
0 0.866667 0.726908 0.080321 0.032129
0 0.866667 0.809639 0.080321 0.032129
0 0.783133 0.866667 0.032129 0.080321
0 0.740562 0.866667 0.032129 0.080321
0 0.697992 0.866667 0.032129 0.080321
0 0.661044 0.866667 0.032129 0.080321
0 0.625703 0.866667 0.032129 0.080321
0 0.590361 0.866667 0.032129 0.080321
0 0.556627 0.866667 0.032129 0.080321
0 0.517269 0.866667 0.032129 0.080321
0 0.472289 0.866667 0.032129 0.080321
0 0.437751 0.866667 0.032129 0.080321
0 0.403213 0.866667 0.032129 0.080321
0 0.354217 0.866667 0.032129 0.080321
0 0.316466 0.866667 0.032129 0.080321
0 0.277108 0.866667 0.032129 0.080321
0 0.234538 0.866667 0.032129 0.080321
0 0.193574 0.866667 0.032129 0.080321
0 0.133333 0.808032 0.080321 0.032129
0 0.133333 0.767068 0.080321 0.032129
0 0.133333 0.715663 0.080321 0.032129
0 0.133333 0.674699 0.080321 0.032129
0 0.133333 0.636145 0.080321 0.032129
0 0.133333 0.600803 0.080321 0.032129
0 0.133333 0.559036 0.080321 0.032129
0 0.133333 0.522088 0.080321 0.032129
0 0.133333 0.481928 0.080321 0.032129
0 0.133333 0.447390 0.080321 0.032129
0 0.133333 0.414458 0.080321 0.032129
0 0.133333 0.379116 0.080321 0.032129
0 0.133333 0.339759 0.080321 0.032129
0 0.133333 0.295582 0.080321 0.032129
0 0.133333 0.246586 0.080321 0.032129
0 0.133333 0.204819 0.080321 0.032129
