0 0.239357 0.128514 0.032129 0.080321
0 0.279518 0.128514 0.032129 0.080321
0 0.322088 0.128514 0.032129 0.080321
0 0.358233 0.128514 0.032129 0.080321
0 0.428916 0.128514 0.032129 0.080321
0 0.465060 0.128514 0.032129 0.080321
0 0.519679 0.128514 0.032129 0.080321
0 0.585542 0.128514 0.032129 0.080321
0 0.657028 0.128514 0.032129 0.080321
0 0.749398 0.128514 0.032129 0.080321
0 0.790361 0.128514 0.032129 0.080321
0 0.871486 0.198394 0.080321 0.032129
0 0.871486 0.239357 0.080321 0.032129
0 0.871486 0.281124 0.080321 0.032129
0 0.871486 0.365462 0.080321 0.032129
0 0.871486 0.409639 0.080321 0.032129
0 0.871486 0.444177 0.080321 0.032129
0 0.871486 0.473092 0.080321 0.032129
0 0.871486 0.523695 0.080321 0.032129
0 0.871486 0.567871 0.080321 0.032129
0 0.871486 0.600803 0.080321 0.032129
0 0.871486 0.637751 0.080321 0.032129
0 0.871486 0.675502 0.080321 0.032129
0 0.871486 0.724498 0.080321 0.032129
0 0.871486 0.764659 0.080321 0.032129
0 0.871486 0.807229 0.080321 0.032129
0 0.796787 0.871486 0.032129 0.080321
0 0.752610 0.871486 0.032129 0.080321
0 0.672289 0.871486 0.032129 0.080321
0 0.635341 0.871486 0.032129 0.080321
0 0.598394 0.871486 0.032129 0.080321
0 0.524498 0.871486 0.032129 0.080321
0 0.480321 0.871486 0.032129 0.080321
0 0.444177 0.871486 0.032129 0.080321
0 0.408835 0.871486 0.032129 0.080321
0 0.360643 0.871486 0.032129 0.080321
0 0.323695 0.871486 0.032129 0.080321
0 0.282731 0.871486 0.032129 0.080321
0 0.240161 0.871486 0.032129 0.080321
0 0.198394 0.871486 0.032129 0.080321
0 0.128514 0.805622 0.080321 0.032129
0 0.128514 0.763855 0.080321 0.032129
0 0.128514 0.713253 0.080321 0.032129
0 0.128514 0.671486 0.080321 0.032129
0 0.128514 0.632129 0.080321 0.032129
0 0.128514 0.595181 0.080321 0.032129
0 0.128514 0.554217 0.080321 0.032129
0 0.128514 0.518072 0.080321 0.032129
0 0.128514 0.477108 0.080321 0.032129
0 0.128514 0.442570 0.080321 0.032129
0 0.128514 0.408032 0.080321 0.032129
0 0.128514 0.371084 0.080321 0.032129
0 0.128514 0.332530 0.080321 0.032129
0 0.128514 0.289157 0.080321 0.032129
0 0.128514 0.238554 0.080321 0.032129
0 0.128514 0.197590 0.080321 0.032129
0 0.204016 0.138153 0.032129 0.080321
0 0.245783 0.138153 0.032129 0.080321
0 0.428112 0.138153 0.032129 0.080321
0 0.463454 0.138153 0.032129 0.080321
0 0.519679 0.138153 0.032129 0.080321
0 0.550201 0.138153 0.032129 0.080321
0 0.614458 0.138153 0.032129 0.080321
0 0.699598 0.138153 0.032129 0.080321
0 0.738956 0.138153 0.032129 0.080321
0 0.777510 0.138153 0.032129 0.080321
0 0.861847 0.206426 0.080321 0.032129
0 0.861847 0.285944 0.080321 0.032129
0 0.861847 0.330120 0.080321 0.032129
0 0.861847 0.367871 0.080321 0.032129
0 0.861847 0.412851 0.080321 0.032129
0 0.861847 0.444980 0.080321 0.032129
0 0.861847 0.473092 0.080321 0.032129
0 0.861847 0.524498 0.080321 0.032129
0 0.861847 0.570281 0.080321 0.032129
0 0.861847 0.602410 0.080321 0.032129
0 0.861847 0.637751 0.080321 0.032129
0 0.861847 0.673092 0.080321 0.032129
0 0.861847 0.722892 0.080321 0.032129
0 0.861847 0.761446 0.080321 0.032129
0 0.861847 0.802410 0.080321 0.032129
0 0.786345 0.861847 0.032129 0.080321
0 0.742169 0.861847 0.032129 0.080321
0 0.702811 0.861847 0.032129 0.080321
0 0.666667 0.861847 0.032129 0.080321
0 0.595984 0.861847 0.032129 0.080321
0 0.563052 0.861847 0.032129 0.080321
0 0.522892 0.861847 0.032129 0.080321
0 0.480321 0.861847 0.032129 0.080321
0 0.443373 0.861847 0.032129 0.080321
0 0.411245 0.861847 0.032129 0.080321
0 0.361446 0.861847 0.032129 0.080321
0 0.326104 0.861847 0.032129 0.080321
0 0.285944 0.861847 0.032129 0.080321
0 0.243373 0.861847 0.032129 0.080321
0 0.205622 0.861847 0.032129 0.080321
0 0.138153 0.798394 0.080321 0.032129
0 0.138153 0.759036 0.080321 0.032129
0 0.138153 0.707631 0.080321 0.032129
0 0.138153 0.667470 0.080321 0.032129
0 0.138153 0.629719 0.080321 0.032129
0 0.138153 0.594378 0.080321 0.032129
0 0.138153 0.552610 0.080321 0.032129
0 0.138153 0.517269 0.080321 0.032129
0 0.138153 0.477108 0.080321 0.032129
0 0.138153 0.443373 0.080321 0.032129
0 0.138153 0.409639 0.080321 0.032129
0 0.138153 0.374297 0.080321 0.032129
0 0.138153 0.336546 0.080321 0.032129
0 0.138153 0.293976 0.080321 0.032129
0 0.138153 0.244177 0.080321 0.032129
0 0.138153 0.205622 0.080321 0.032129
0 0.206426 0.142972 0.032129 0.080321
0 0.284337 0.142972 0.032129 0.080321
0 0.323695 0.142972 0.032129 0.080321
0 0.359036 0.142972 0.032129 0.080321
0 0.392771 0.142972 0.032129 0.080321
0 0.427309 0.142972 0.032129 0.080321
0 0.462651 0.142972 0.032129 0.080321
0 0.548594 0.142972 0.032129 0.080321
0 0.611245 0.142972 0.032129 0.080321
0 0.644980 0.142972 0.032129 0.080321
0 0.695582 0.142972 0.032129 0.080321
0 0.771084 0.142972 0.032129 0.080321
0 0.857028 0.248193 0.080321 0.032129
0 0.857028 0.287550 0.080321 0.032129
0 0.857028 0.332530 0.080321 0.032129
0 0.857028 0.368675 0.080321 0.032129
0 0.857028 0.414458 0.080321 0.032129
0 0.857028 0.445783 0.080321 0.032129
0 0.857028 0.472289 0.080321 0.032129
0 0.857028 0.526104 0.080321 0.032129
0 0.857028 0.571888 0.080321 0.032129
0 0.857028 0.602410 0.080321 0.032129
0 0.857028 0.636948 0.080321 0.032129
0 0.857028 0.672289 0.080321 0.032129
0 0.857028 0.722088 0.080321 0.032129
0 0.857028 0.759839 0.080321 0.032129
0 0.857028 0.800803 0.080321 0.032129
0 0.780723 0.857028 0.032129 0.080321
0 0.737349 0.857028 0.032129 0.080321
0 0.698795 0.857028 0.032129 0.080321
0 0.662651 0.857028 0.032129 0.080321
0 0.630522 0.857028 0.032129 0.080321
0 0.522892 0.857028 0.032129 0.080321
0 0.479518 0.857028 0.032129 0.080321
0 0.444177 0.857028 0.032129 0.080321
0 0.412048 0.857028 0.032129 0.080321
0 0.361446 0.857028 0.032129 0.080321
0 0.326104 0.857028 0.032129 0.080321
0 0.287550 0.857028 0.032129 0.080321
0 0.244980 0.857028 0.032129 0.080321
0 0.208835 0.857028 0.032129 0.080321
0 0.142972 0.795181 0.080321 0.032129
0 0.142972 0.757430 0.080321 0.032129
0 0.142972 0.704418 0.080321 0.032129
0 0.142972 0.628112 0.080321 0.032129
0 0.142972 0.593574 0.080321 0.032129
0 0.142972 0.551807 0.080321 0.032129
0 0.142972 0.517269 0.080321 0.032129
0 0.142972 0.477108 0.080321 0.032129
0 0.142972 0.444980 0.080321 0.032129
0 0.142972 0.411245 0.080321 0.032129
0 0.142972 0.376707 0.080321 0.032129
0 0.142972 0.338153 0.080321 0.032129
0 0.142972 0.296386 0.080321 0.032129
0 0.142972 0.247390 0.080321 0.032129
0 0.142972 0.208835 0.080321 0.032129
0 0.209639 0.147791 0.032129 0.080321
0 0.248996 0.147791 0.032129 0.080321
0 0.285141 0.147791 0.032129 0.080321
0 0.391968 0.147791 0.032129 0.080321
0 0.427309 0.147791 0.032129 0.080321
0 0.462651 0.147791 0.032129 0.080321
0 0.547791 0.147791 0.032129 0.080321
0 0.577510 0.147791 0.032129 0.080321
0 0.609639 0.147791 0.032129 0.080321
0 0.730120 0.147791 0.032129 0.080321
0 0.766265 0.147791 0.032129 0.080321
0 0.852209 0.214458 0.080321 0.032129
0 0.852209 0.252209 0.080321 0.032129
0 0.852209 0.289960 0.080321 0.032129
0 0.852209 0.370281 0.080321 0.032129
0 0.852209 0.416064 0.080321 0.032129
0 0.852209 0.446586 0.080321 0.032129
0 0.852209 0.472289 0.080321 0.032129
0 0.852209 0.526908 0.080321 0.032129
0 0.852209 0.572691 0.080321 0.032129
0 0.852209 0.603213 0.080321 0.032129
0 0.852209 0.636145 0.080321 0.032129
0 0.852209 0.670683 0.080321 0.032129
0 0.852209 0.721285 0.080321 0.032129
0 0.852209 0.759036 0.080321 0.032129
0 0.852209 0.798394 0.080321 0.032129
0 0.774297 0.852209 0.032129 0.080321
0 0.733333 0.852209 0.032129 0.080321
0 0.660241 0.852209 0.032129 0.080321
0 0.628112 0.852209 0.032129 0.080321
0 0.594378 0.852209 0.032129 0.080321
0 0.563855 0.852209 0.032129 0.080321
0 0.517269 0.852209 0.032129 0.080321
0 0.444177 0.852209 0.032129 0.080321
0 0.361446 0.852209 0.032129 0.080321
0 0.326908 0.852209 0.032129 0.080321
0 0.288353 0.852209 0.032129 0.080321
0 0.247390 0.852209 0.032129 0.080321
0 0.212048 0.852209 0.032129 0.080321
0 0.147791 0.791968 0.080321 0.032129
0 0.147791 0.755020 0.080321 0.032129
0 0.147791 0.701205 0.080321 0.032129
0 0.147791 0.664257 0.080321 0.032129
0 0.147791 0.626506 0.080321 0.032129
0 0.147791 0.592771 0.080321 0.032129
0 0.147791 0.551004 0.080321 0.032129
0 0.147791 0.515663 0.080321 0.032129
0 0.147791 0.477108 0.080321 0.032129
0 0.147791 0.444980 0.080321 0.032129
0 0.147791 0.412851 0.080321 0.032129
0 0.147791 0.378313 0.080321 0.032129
0 0.147791 0.340562 0.080321 0.032129
0 0.147791 0.298795 0.080321 0.032129
0 0.147791 0.250602 0.080321 0.032129
0 0.147791 0.212851 0.080321 0.032129
0 0.212851 0.152610 0.032129 0.080321
0 0.251406 0.152610 0.032129 0.080321
0 0.359036 0.152610 0.032129 0.080321
0 0.518876 0.152610 0.032129 0.080321
0 0.546988 0.152610 0.032129 0.080321
0 0.575904 0.152610 0.032129 0.080321
0 0.638554 0.152610 0.032129 0.080321
0 0.724498 0.152610 0.032129 0.080321
0 0.759036 0.152610 0.032129 0.080321
0 0.847390 0.217671 0.080321 0.032129
0 0.847390 0.292369 0.080321 0.032129
0 0.847390 0.336546 0.080321 0.032129
0 0.847390 0.371084 0.080321 0.032129
0 0.847390 0.417671 0.080321 0.032129
0 0.847390 0.447390 0.080321 0.032129
0 0.847390 0.473092 0.080321 0.032129
0 0.847390 0.527711 0.080321 0.032129
0 0.847390 0.604016 0.080321 0.032129
0 0.847390 0.636145 0.080321 0.032129
0 0.847390 0.669880 0.080321 0.032129
0 0.847390 0.720482 0.080321 0.032129
0 0.847390 0.757430 0.080321 0.032129
0 0.847390 0.795984 0.080321 0.032129
0 0.769478 0.847390 0.032129 0.080321
0 0.727711 0.847390 0.032129 0.080321
0 0.691566 0.847390 0.032129 0.080321
0 0.658635 0.847390 0.032129 0.080321
0 0.626506 0.847390 0.032129 0.080321
0 0.594378 0.847390 0.032129 0.080321
0 0.517269 0.847390 0.032129 0.080321
0 0.479518 0.847390 0.032129 0.080321
0 0.413655 0.847390 0.032129 0.080321
0 0.360643 0.847390 0.032129 0.080321
0 0.289960 0.847390 0.032129 0.080321
0 0.248996 0.847390 0.032129 0.080321
0 0.216064 0.847390 0.032129 0.080321
0 0.152610 0.789558 0.080321 0.032129
0 0.152610 0.753414 0.080321 0.032129
0 0.152610 0.661847 0.080321 0.032129
0 0.152610 0.625703 0.080321 0.032129
0 0.152610 0.550201 0.080321 0.032129
0 0.152610 0.515663 0.080321 0.032129
0 0.152610 0.477108 0.080321 0.032129
0 0.152610 0.445783 0.080321 0.032129
0 0.152610 0.413655 0.080321 0.032129
0 0.152610 0.380723 0.080321 0.032129
0 0.152610 0.342169 0.080321 0.032129
0 0.152610 0.301205 0.080321 0.032129
0 0.152610 0.253012 0.080321 0.032129
0 0.152610 0.216064 0.080321 0.032129
0 0.359036 0.157430 0.032129 0.080321
0 0.389558 0.157430 0.032129 0.080321
0 0.435341 0.157430 0.032129 0.080321
0 0.546185 0.157430 0.032129 0.080321
0 0.573494 0.157430 0.032129 0.080321
0 0.604016 0.157430 0.032129 0.080321
0 0.720482 0.157430 0.032129 0.080321
0 0.842570 0.221687 0.080321 0.032129
0 0.842570 0.257028 0.080321 0.032129
0 0.842570 0.293976 0.080321 0.032129
0 0.842570 0.338153 0.080321 0.032129
0 0.842570 0.371888 0.080321 0.032129
0 0.842570 0.419277 0.080321 0.032129
0 0.842570 0.448193 0.080321 0.032129
0 0.842570 0.473092 0.080321 0.032129
0 0.842570 0.528514 0.080321 0.032129
0 0.842570 0.574297 0.080321 0.032129
0 0.842570 0.604016 0.080321 0.032129
0 0.842570 0.636145 0.080321 0.032129
0 0.842570 0.669076 0.080321 0.032129
0 0.842570 0.720482 0.080321 0.032129
0 0.842570 0.755823 0.080321 0.032129
0 0.763855 0.842570 0.032129 0.080321
0 0.723695 0.842570 0.032129 0.080321
0 0.688353 0.842570 0.032129 0.080321
0 0.655422 0.842570 0.032129 0.080321
0 0.625703 0.842570 0.032129 0.080321
0 0.592771 0.842570 0.032129 0.080321
0 0.522088 0.842570 0.032129 0.080321
0 0.479518 0.842570 0.032129 0.080321
0 0.444980 0.842570 0.032129 0.080321
0 0.361446 0.842570 0.032129 0.080321
0 0.330120 0.842570 0.032129 0.080321
0 0.291566 0.842570 0.032129 0.080321
0 0.250602 0.842570 0.032129 0.080321
0 0.157430 0.786345 0.080321 0.032129
0 0.157430 0.751004 0.080321 0.032129
0 0.157430 0.695582 0.080321 0.032129
0 0.157430 0.660241 0.080321 0.032129
0 0.157430 0.624096 0.080321 0.032129
0 0.157430 0.591968 0.080321 0.032129
0 0.157430 0.549398 0.080321 0.032129
0 0.157430 0.514859 0.080321 0.032129
0 0.157430 0.477108 0.080321 0.032129
0 0.157430 0.445783 0.080321 0.032129
0 0.157430 0.382329 0.080321 0.032129
0 0.157430 0.343775 0.080321 0.032129
0 0.157430 0.303614 0.080321 0.032129
0 0.157430 0.255422 0.080321 0.032129
0 0.157430 0.220080 0.080321 0.032129
0 0.241767 0.133333 0.032129 0.080321
0 0.281124 0.133333 0.032129 0.080321
0 0.322088 0.133333 0.032129 0.080321
0 0.359036 0.133333 0.032129 0.080321
0 0.393574 0.133333 0.032129 0.080321
0 0.436145 0.133333 0.032129 0.080321
0 0.464257 0.133333 0.032129 0.080321
0 0.519679 0.133333 0.032129 0.080321
0 0.617671 0.133333 0.032129 0.080321
0 0.744578 0.133333 0.032129 0.080321
0 0.784739 0.133333 0.032129 0.080321
0 0.866667 0.201606 0.080321 0.032129
0 0.866667 0.242570 0.080321 0.032129
0 0.866667 0.283534 0.080321 0.032129
0 0.866667 0.328514 0.080321 0.032129
0 0.866667 0.366265 0.080321 0.032129
0 0.866667 0.411245 0.080321 0.032129
0 0.866667 0.444980 0.080321 0.032129
0 0.866667 0.472289 0.080321 0.032129
0 0.866667 0.524498 0.080321 0.032129
0 0.866667 0.569478 0.080321 0.032129
0 0.866667 0.601606 0.080321 0.032129
0 0.866667 0.637751 0.080321 0.032129
0 0.866667 0.673896 0.080321 0.032129
0 0.866667 0.723695 0.080321 0.032129
0 0.866667 0.763052 0.080321 0.032129
0 0.866667 0.804819 0.080321 0.032129
0 0.746988 0.866667 0.032129 0.080321
0 0.706827 0.866667 0.032129 0.080321
0 0.668273 0.866667 0.032129 0.080321
0 0.632129 0.866667 0.032129 0.080321
0 0.563052 0.866667 0.032129 0.080321
0 0.523695 0.866667 0.032129 0.080321
0 0.478715 0.866667 0.032129 0.080321
0 0.444980 0.866667 0.032129 0.080321
0 0.410442 0.866667 0.032129 0.080321
0 0.361446 0.866667 0.032129 0.080321
0 0.325301 0.866667 0.032129 0.080321
0 0.283534 0.866667 0.032129 0.080321
0 0.240964 0.866667 0.032129 0.080321
0 0.202410 0.866667 0.032129 0.080321
0 0.133333 0.801606 0.080321 0.032129
0 0.133333 0.761446 0.080321 0.032129
0 0.133333 0.710040 0.080321 0.032129
0 0.133333 0.669880 0.080321 0.032129
0 0.133333 0.630522 0.080321 0.032129
0 0.133333 0.594378 0.080321 0.032129
0 0.133333 0.554217 0.080321 0.032129
0 0.133333 0.518072 0.080321 0.032129
0 0.133333 0.476305 0.080321 0.032129
0 0.133333 0.443373 0.080321 0.032129
0 0.133333 0.408835 0.080321 0.032129
0 0.133333 0.372691 0.080321 0.032129
0 0.133333 0.334137 0.080321 0.032129
0 0.133333 0.290763 0.080321 0.032129
0 0.133333 0.241767 0.080321 0.032129
0 0.133333 0.200803 0.080321 0.032129
