0 0.197610 0.129880 0.031873 0.079681
0 0.239841 0.129880 0.031873 0.079681
0 0.279681 0.129880 0.031873 0.079681
0 0.321116 0.129880 0.031873 0.079681
0 0.358566 0.129880 0.031873 0.079681
0 0.395219 0.129880 0.031873 0.079681
0 0.428685 0.129880 0.031873 0.079681
0 0.464542 0.129880 0.031873 0.079681
0 0.519522 0.129880 0.031873 0.079681
0 0.551394 0.129880 0.031873 0.079681
0 0.585657 0.129880 0.031873 0.079681
0 0.620717 0.129880 0.031873 0.079681
0 0.657371 0.129880 0.031873 0.079681
0 0.706773 0.129880 0.031873 0.079681
0 0.748207 0.129880 0.031873 0.079681
0 0.870120 0.198406 0.079681 0.031873
0 0.870120 0.241434 0.079681 0.031873
0 0.870120 0.282072 0.079681 0.031873
0 0.870120 0.326693 0.079681 0.031873
0 0.870120 0.364940 0.079681 0.031873
0 0.870120 0.409562 0.079681 0.031873
0 0.870120 0.443028 0.079681 0.031873
0 0.870120 0.472510 0.079681 0.031873
0 0.870120 0.522709 0.079681 0.031873
0 0.870120 0.600000 0.079681 0.031873
0 0.870120 0.636653 0.079681 0.031873
0 0.870120 0.674104 0.079681 0.031873
0 0.870120 0.723506 0.079681 0.031873
0 0.870120 0.762550 0.079681 0.031873
0 0.796813 0.870120 0.031873 0.079681
0 0.752191 0.870120 0.031873 0.079681
0 0.709960 0.870120 0.031873 0.079681
0 0.670916 0.870120 0.031873 0.079681
0 0.634263 0.870120 0.031873 0.079681
0 0.598406 0.870120 0.031873 0.079681
0 0.563347 0.870120 0.031873 0.079681
0 0.525100 0.870120 0.031873 0.079681
0 0.479681 0.870120 0.031873 0.079681
0 0.444622 0.870120 0.031873 0.079681
0 0.410359 0.870120 0.031873 0.079681
0 0.363347 0.870120 0.031873 0.079681
0 0.324303 0.870120 0.031873 0.079681
0 0.283665 0.870120 0.031873 0.079681
0 0.242231 0.870120 0.031873 0.079681
0 0.200797 0.870120 0.031873 0.079681
0 0.129880 0.804781 0.079681 0.031873
0 0.129880 0.763347 0.079681 0.031873
0 0.129880 0.712351 0.079681 0.031873
0 0.129880 0.670916 0.079681 0.031873
0 0.129880 0.631873 0.079681 0.031873
0 0.129880 0.595219 0.079681 0.031873
0 0.129880 0.554582 0.079681 0.031873
0 0.129880 0.518725 0.079681 0.031873
0 0.129880 0.478088 0.079681 0.031873
0 0.129880 0.443825 0.079681 0.031873
0 0.129880 0.408765 0.079681 0.031873
0 0.129880 0.371315 0.079681 0.031873
0 0.129880 0.334661 0.079681 0.031873
0 0.129880 0.290040 0.079681 0.031873
0 0.129880 0.240637 0.079681 0.031873
0 0.129880 0.198406 0.079681 0.031873
0 0.203984 0.139442 0.031873 0.079681
0 0.244622 0.139442 0.031873 0.079681
0 0.283665 0.139442 0.031873 0.079681
0 0.322709 0.139442 0.031873 0.079681
0 0.359363 0.139442 0.031873 0.079681
0 0.393625 0.139442 0.031873 0.079681
0 0.428685 0.139442 0.031873 0.079681
0 0.463745 0.139442 0.031873 0.079681
0 0.518725 0.139442 0.031873 0.079681
0 0.549004 0.139442 0.031873 0.079681
0 0.582470 0.139442 0.031873 0.079681
0 0.615139 0.139442 0.031873 0.079681
0 0.649402 0.139442 0.031873 0.079681
0 0.698805 0.139442 0.031873 0.079681
0 0.738645 0.139442 0.031873 0.079681
0 0.778486 0.139442 0.031873 0.079681
0 0.860558 0.207171 0.079681 0.031873
0 0.860558 0.247012 0.079681 0.031873
0 0.860558 0.286056 0.079681 0.031873
0 0.860558 0.331474 0.079681 0.031873
0 0.860558 0.367331 0.079681 0.031873
0 0.860558 0.411952 0.079681 0.031873
0 0.860558 0.445418 0.079681 0.031873
0 0.860558 0.472510 0.079681 0.031873
0 0.860558 0.524303 0.079681 0.031873
0 0.860558 0.568924 0.079681 0.031873
0 0.860558 0.600797 0.079681 0.031873
0 0.860558 0.672510 0.079681 0.031873
0 0.860558 0.721912 0.079681 0.031873
0 0.860558 0.759363 0.079681 0.031873
0 0.860558 0.800797 0.079681 0.031873
0 0.785657 0.860558 0.031873 0.079681
0 0.742629 0.860558 0.031873 0.079681
0 0.702789 0.860558 0.031873 0.079681
0 0.666135 0.860558 0.031873 0.079681
0 0.631076 0.860558 0.031873 0.079681
0 0.597610 0.860558 0.031873 0.079681
0 0.563347 0.860558 0.031873 0.079681
0 0.523506 0.860558 0.031873 0.079681
0 0.480478 0.860558 0.031873 0.079681
0 0.445418 0.860558 0.031873 0.079681
0 0.411952 0.860558 0.031873 0.079681
0 0.364143 0.860558 0.031873 0.079681
0 0.326693 0.860558 0.031873 0.079681
0 0.286853 0.860558 0.031873 0.079681
0 0.246215 0.860558 0.031873 0.079681
0 0.207171 0.860558 0.031873 0.079681
0 0.139442 0.798406 0.079681 0.031873
0 0.139442 0.758566 0.079681 0.031873
0 0.139442 0.707570 0.079681 0.031873
0 0.139442 0.666932 0.079681 0.031873
0 0.139442 0.629482 0.079681 0.031873
0 0.139442 0.594422 0.079681 0.031873
0 0.139442 0.552988 0.079681 0.031873
0 0.139442 0.517131 0.079681 0.031873
0 0.139442 0.478884 0.079681 0.031873
0 0.139442 0.444622 0.079681 0.031873
0 0.139442 0.411155 0.079681 0.031873
0 0.139442 0.376096 0.079681 0.031873
0 0.139442 0.338645 0.079681 0.031873
0 0.139442 0.294821 0.079681 0.031873
0 0.139442 0.246215 0.079681 0.031873
0 0.139442 0.206375 0.079681 0.031873
0 0.207171 0.144223 0.031873 0.079681
0 0.247012 0.144223 0.031873 0.079681
0 0.285259 0.144223 0.031873 0.079681
0 0.324303 0.144223 0.031873 0.079681
0 0.359363 0.144223 0.031873 0.079681
0 0.393625 0.144223 0.031873 0.079681
0 0.427888 0.144223 0.031873 0.079681
0 0.462948 0.144223 0.031873 0.079681
0 0.518725 0.144223 0.031873 0.079681
0 0.548207 0.144223 0.031873 0.079681
0 0.580080 0.144223 0.031873 0.079681
0 0.612749 0.144223 0.031873 0.079681
0 0.645418 0.144223 0.031873 0.079681
0 0.694821 0.144223 0.031873 0.079681
0 0.733865 0.144223 0.031873 0.079681
0 0.772112 0.144223 0.031873 0.079681
0 0.855777 0.211155 0.079681 0.031873
0 0.855777 0.250199 0.079681 0.031873
0 0.855777 0.288446 0.079681 0.031873
0 0.855777 0.333068 0.079681 0.031873
0 0.855777 0.368127 0.079681 0.031873
0 0.855777 0.413546 0.079681 0.031873
0 0.855777 0.445418 0.079681 0.031873
0 0.855777 0.471713 0.079681 0.031873
0 0.855777 0.525100 0.079681 0.031873
0 0.855777 0.570518 0.079681 0.031873
0 0.855777 0.600797 0.079681 0.031873
0 0.855777 0.635857 0.079681 0.031873
0 0.855777 0.670916 0.079681 0.031873
0 0.855777 0.721116 0.079681 0.031873
0 0.855777 0.758566 0.079681 0.031873
0 0.855777 0.798406 0.079681 0.031873
0 0.779283 0.855777 0.031873 0.079681
0 0.738645 0.855777 0.031873 0.079681
0 0.699602 0.855777 0.031873 0.079681
0 0.663745 0.855777 0.031873 0.079681
0 0.630279 0.855777 0.031873 0.079681
0 0.596813 0.855777 0.031873 0.079681
0 0.564143 0.855777 0.031873 0.079681
0 0.523506 0.855777 0.031873 0.079681
0 0.480478 0.855777 0.031873 0.079681
0 0.445418 0.855777 0.031873 0.079681
0 0.412749 0.855777 0.031873 0.079681
0 0.364143 0.855777 0.031873 0.079681
0 0.326693 0.855777 0.031873 0.079681
0 0.288446 0.855777 0.031873 0.079681
0 0.247809 0.855777 0.031873 0.079681
0 0.210359 0.855777 0.031873 0.079681
0 0.144223 0.794422 0.079681 0.031873
0 0.144223 0.705179 0.079681 0.031873
0 0.144223 0.665339 0.079681 0.031873
0 0.144223 0.627888 0.079681 0.031873
0 0.144223 0.594422 0.079681 0.031873
0 0.144223 0.552191 0.079681 0.031873
0 0.144223 0.516335 0.079681 0.031873
0 0.144223 0.478884 0.079681 0.031873
0 0.144223 0.445418 0.079681 0.031873
0 0.144223 0.411952 0.079681 0.031873
0 0.144223 0.377689 0.079681 0.031873
0 0.144223 0.341036 0.079681 0.031873
0 0.144223 0.298008 0.079681 0.031873
0 0.144223 0.248606 0.079681 0.031873
0 0.144223 0.209562 0.079681 0.031873
0 0.210359 0.149004 0.031873 0.079681
0 0.249402 0.149004 0.031873 0.079681
0 0.287649 0.149004 0.031873 0.079681
0 0.324303 0.149004 0.031873 0.079681
0 0.359363 0.149004 0.031873 0.079681
0 0.392829 0.149004 0.031873 0.079681
0 0.427888 0.149004 0.031873 0.079681
0 0.462151 0.149004 0.031873 0.079681
0 0.518725 0.149004 0.031873 0.079681
0 0.547410 0.149004 0.031873 0.079681
0 0.578486 0.149004 0.031873 0.079681
0 0.609562 0.149004 0.031873 0.079681
0 0.643028 0.149004 0.031873 0.079681
0 0.691633 0.149004 0.031873 0.079681
0 0.729084 0.149004 0.031873 0.079681
0 0.766534 0.149004 0.031873 0.079681
0 0.850996 0.215139 0.079681 0.031873
0 0.850996 0.253386 0.079681 0.031873
0 0.850996 0.290837 0.079681 0.031873
0 0.850996 0.334661 0.079681 0.031873
0 0.850996 0.369721 0.079681 0.031873
0 0.850996 0.414343 0.079681 0.031873
0 0.850996 0.446215 0.079681 0.031873
0 0.850996 0.471713 0.079681 0.031873
0 0.850996 0.525896 0.079681 0.031873
0 0.850996 0.571315 0.079681 0.031873
0 0.850996 0.600797 0.079681 0.031873
0 0.850996 0.635857 0.079681 0.031873
0 0.850996 0.670120 0.079681 0.031873
0 0.850996 0.720319 0.079681 0.031873
0 0.850996 0.756972 0.079681 0.031873
0 0.850996 0.796016 0.079681 0.031873
0 0.774502 0.850996 0.031873 0.079681
0 0.733865 0.850996 0.031873 0.079681
0 0.695618 0.850996 0.031873 0.079681
0 0.661355 0.850996 0.031873 0.079681
0 0.628685 0.850996 0.031873 0.079681
0 0.596016 0.850996 0.031873 0.079681
0 0.564143 0.850996 0.031873 0.079681
0 0.523506 0.850996 0.031873 0.079681
0 0.480478 0.850996 0.031873 0.079681
0 0.445418 0.850996 0.031873 0.079681
0 0.414343 0.850996 0.031873 0.079681
0 0.364940 0.850996 0.031873 0.079681
0 0.327490 0.850996 0.031873 0.079681
0 0.290040 0.850996 0.031873 0.079681
0 0.250199 0.850996 0.031873 0.079681
0 0.213546 0.850996 0.031873 0.079681
0 0.149004 0.792032 0.079681 0.031873
0 0.149004 0.754582 0.079681 0.031873
0 0.149004 0.701992 0.079681 0.031873
0 0.149004 0.627092 0.079681 0.031873
0 0.149004 0.593625 0.079681 0.031873
0 0.149004 0.551394 0.079681 0.031873
0 0.149004 0.513147 0.079681 0.031873
0 0.149004 0.474900 0.079681 0.031873
0 0.149004 0.445418 0.079681 0.031873
0 0.149004 0.412749 0.079681 0.031873
0 0.149004 0.379283 0.079681 0.031873
0 0.149004 0.337849 0.079681 0.031873
0 0.149004 0.294821 0.079681 0.031873
0 0.149004 0.251793 0.079681 0.031873
0 0.149004 0.213546 0.079681 0.031873
0 0.213546 0.153785 0.031873 0.079681
0 0.251793 0.153785 0.031873 0.079681
0 0.289243 0.153785 0.031873 0.079681
0 0.325100 0.153785 0.031873 0.079681
0 0.359363 0.153785 0.031873 0.079681
0 0.392032 0.153785 0.031873 0.079681
0 0.427888 0.153785 0.031873 0.079681
0 0.462151 0.153785 0.031873 0.079681
0 0.546614 0.153785 0.031873 0.079681
0 0.576892 0.153785 0.031873 0.079681
0 0.607968 0.153785 0.031873 0.079681
0 0.639044 0.153785 0.031873 0.079681
0 0.688446 0.153785 0.031873 0.079681
0 0.725100 0.153785 0.031873 0.079681
0 0.846215 0.218327 0.079681 0.031873
0 0.846215 0.256574 0.079681 0.031873
0 0.846215 0.292430 0.079681 0.031873
0 0.846215 0.336255 0.079681 0.031873
0 0.846215 0.370518 0.079681 0.031873
0 0.846215 0.415936 0.079681 0.031873
0 0.846215 0.446215 0.079681 0.031873
0 0.846215 0.471713 0.079681 0.031873
0 0.846215 0.526693 0.079681 0.031873
0 0.846215 0.572112 0.079681 0.031873
0 0.846215 0.601594 0.079681 0.031873
0 0.846215 0.635060 0.079681 0.031873
0 0.846215 0.668526 0.079681 0.031873
0 0.846215 0.719522 0.079681 0.031873
0 0.846215 0.755378 0.079681 0.031873
0 0.846215 0.794422 0.079681 0.031873
0 0.768924 0.846215 0.031873 0.079681
0 0.728287 0.846215 0.031873 0.079681
0 0.691633 0.846215 0.031873 0.079681
0 0.658964 0.846215 0.031873 0.079681
0 0.627092 0.846215 0.031873 0.079681
0 0.595219 0.846215 0.031873 0.079681
0 0.564143 0.846215 0.031873 0.079681
0 0.523506 0.846215 0.031873 0.079681
0 0.480478 0.846215 0.031873 0.079681
0 0.446215 0.846215 0.031873 0.079681
0 0.415139 0.846215 0.031873 0.079681
0 0.364940 0.846215 0.031873 0.079681
0 0.328287 0.846215 0.031873 0.079681
0 0.292430 0.846215 0.031873 0.079681
0 0.251793 0.846215 0.031873 0.079681
0 0.216733 0.846215 0.031873 0.079681
0 0.153785 0.788845 0.079681 0.031873
0 0.153785 0.752988 0.079681 0.031873
0 0.153785 0.698805 0.079681 0.031873
0 0.153785 0.661355 0.079681 0.031873
0 0.153785 0.626295 0.079681 0.031873
0 0.153785 0.593625 0.079681 0.031873
0 0.153785 0.550598 0.079681 0.031873
0 0.153785 0.515538 0.079681 0.031873
0 0.153785 0.478884 0.079681 0.031873
0 0.153785 0.446215 0.079681 0.031873
0 0.153785 0.414343 0.079681 0.031873
0 0.153785 0.380876 0.079681 0.031873
0 0.153785 0.345020 0.079681 0.031873
0 0.153785 0.301992 0.079681 0.031873
0 0.153785 0.254183 0.079681 0.031873
0 0.254183 0.158566 0.031873 0.079681
0 0.290837 0.158566 0.031873 0.079681
0 0.326693 0.158566 0.031873 0.079681
0 0.359363 0.158566 0.031873 0.079681
0 0.427092 0.158566 0.031873 0.079681
0 0.461355 0.158566 0.031873 0.079681
0 0.518725 0.158566 0.031873 0.079681
0 0.575299 0.158566 0.031873 0.079681
0 0.604781 0.158566 0.031873 0.079681
0 0.635060 0.158566 0.031873 0.079681
0 0.685259 0.158566 0.031873 0.079681
0 0.721116 0.158566 0.031873 0.079681
0 0.755378 0.158566 0.031873 0.079681
0 0.841434 0.222311 0.079681 0.031873
0 0.841434 0.258167 0.079681 0.031873
0 0.841434 0.294024 0.079681 0.031873
0 0.841434 0.337849 0.079681 0.031873
0 0.841434 0.416733 0.079681 0.031873
0 0.841434 0.447012 0.079681 0.031873
0 0.841434 0.476494 0.079681 0.031873
0 0.841434 0.527490 0.079681 0.031873
0 0.841434 0.572908 0.079681 0.031873
0 0.841434 0.601594 0.079681 0.031873
0 0.841434 0.634263 0.079681 0.031873
0 0.841434 0.667729 0.079681 0.031873
0 0.841434 0.718725 0.079681 0.031873
0 0.841434 0.753785 0.079681 0.031873
0 0.841434 0.792032 0.079681 0.031873
0 0.763347 0.841434 0.031873 0.079681
0 0.724303 0.841434 0.031873 0.079681
0 0.688446 0.841434 0.031873 0.079681
0 0.656574 0.841434 0.031873 0.079681
0 0.626295 0.841434 0.031873 0.079681
0 0.595219 0.841434 0.031873 0.079681
0 0.564143 0.841434 0.031873 0.079681
0 0.522709 0.841434 0.031873 0.079681
0 0.480478 0.841434 0.031873 0.079681
0 0.447012 0.841434 0.031873 0.079681
0 0.415936 0.841434 0.031873 0.079681
0 0.365737 0.841434 0.031873 0.079681
0 0.329880 0.841434 0.031873 0.079681
0 0.294024 0.841434 0.031873 0.079681
0 0.254980 0.841434 0.031873 0.079681
0 0.219920 0.841434 0.031873 0.079681
0 0.158566 0.785657 0.079681 0.031873
0 0.158566 0.751394 0.079681 0.031873
0 0.158566 0.695618 0.079681 0.031873
0 0.158566 0.592032 0.079681 0.031873
0 0.158566 0.549004 0.079681 0.031873
0 0.158566 0.513944 0.079681 0.031873
0 0.158566 0.474900 0.079681 0.031873
0 0.158566 0.447012 0.079681 0.031873
0 0.158566 0.415139 0.079681 0.031873
0 0.158566 0.382470 0.079681 0.031873
0 0.158566 0.346614 0.079681 0.031873
0 0.158566 0.305179 0.079681 0.031873
0 0.158566 0.256574 0.079681 0.031873
0 0.158566 0.220717 0.079681 0.031873
0 0.200797 0.134661 0.031873 0.079681
0 0.242231 0.134661 0.031873 0.079681
0 0.282072 0.134661 0.031873 0.079681
0 0.321912 0.134661 0.031873 0.079681
0 0.358566 0.134661 0.031873 0.079681
0 0.394422 0.134661 0.031873 0.079681
0 0.428685 0.134661 0.031873 0.079681
0 0.463745 0.134661 0.031873 0.079681
0 0.519522 0.134661 0.031873 0.079681
0 0.549801 0.134661 0.031873 0.079681
0 0.583267 0.134661 0.031873 0.079681
0 0.618327 0.134661 0.031873 0.079681
0 0.653386 0.134661 0.031873 0.079681
0 0.702789 0.134661 0.031873 0.079681
0 0.743426 0.134661 0.031873 0.079681
0 0.784064 0.134661 0.031873 0.079681
0 0.865339 0.243825 0.079681 0.031873
0 0.865339 0.284462 0.079681 0.031873
0 0.865339 0.329084 0.079681 0.031873
0 0.865339 0.366534 0.079681 0.031873
0 0.865339 0.410359 0.079681 0.031873
0 0.865339 0.443825 0.079681 0.031873
0 0.865339 0.471713 0.079681 0.031873
0 0.865339 0.523506 0.079681 0.031873
0 0.865339 0.568127 0.079681 0.031873
0 0.865339 0.600000 0.079681 0.031873
0 0.865339 0.636653 0.079681 0.031873
0 0.865339 0.673307 0.079681 0.031873
0 0.865339 0.722709 0.079681 0.031873
0 0.865339 0.761753 0.079681 0.031873
0 0.865339 0.802390 0.079681 0.031873
0 0.791235 0.865339 0.031873 0.079681
0 0.746614 0.865339 0.031873 0.079681
0 0.706773 0.865339 0.031873 0.079681
0 0.668526 0.865339 0.031873 0.079681
0 0.632669 0.865339 0.031873 0.079681
0 0.597610 0.865339 0.031873 0.079681
0 0.563347 0.865339 0.031873 0.079681
0 0.524303 0.865339 0.031873 0.079681
0 0.479681 0.865339 0.031873 0.079681
0 0.444622 0.865339 0.031873 0.079681
0 0.411155 0.865339 0.031873 0.079681
0 0.363347 0.865339 0.031873 0.079681
0 0.325100 0.865339 0.031873 0.079681
0 0.285259 0.865339 0.031873 0.079681
0 0.243825 0.865339 0.031873 0.079681
0 0.203984 0.865339 0.031873 0.079681
0 0.134661 0.801594 0.079681 0.031873
0 0.134661 0.760956 0.079681 0.031873
0 0.134661 0.710757 0.079681 0.031873
0 0.134661 0.668526 0.079681 0.031873
0 0.134661 0.631076 0.079681 0.031873
0 0.134661 0.594422 0.079681 0.031873
0 0.134661 0.554582 0.079681 0.031873
0 0.134661 0.517928 0.079681 0.031873
0 0.134661 0.478884 0.079681 0.031873
0 0.134661 0.444622 0.079681 0.031873
0 0.134661 0.409562 0.079681 0.031873
0 0.134661 0.373705 0.079681 0.031873
0 0.134661 0.336255 0.079681 0.031873
0 0.134661 0.292430 0.079681 0.031873
0 0.134661 0.243028 0.079681 0.031873
0 0.134661 0.202390 0.079681 0.031873
