0 0.197251 0.126112 0.032336 0.080841
0 0.239289 0.126112 0.032336 0.080841
0 0.280517 0.126112 0.032336 0.080841
0 0.312854 0.126112 0.032336 0.080841
0 0.358933 0.126112 0.032336 0.080841
0 0.396120 0.126112 0.032336 0.080841
0 0.429264 0.126112 0.032336 0.080841
0 0.466451 0.126112 0.032336 0.080841
0 0.522231 0.126112 0.032336 0.080841
0 0.554568 0.126112 0.032336 0.080841
0 0.588521 0.126112 0.032336 0.080841
0 0.624899 0.126112 0.032336 0.080841
0 0.660469 0.126112 0.032336 0.080841
0 0.710590 0.126112 0.032336 0.080841
0 0.751819 0.126112 0.032336 0.080841
0 0.795473 0.126112 0.032336 0.080841
0 0.873888 0.196443 0.080841 0.032336
0 0.873888 0.238480 0.080841 0.032336
0 0.873888 0.279709 0.080841 0.032336
0 0.873888 0.325788 0.080841 0.032336
0 0.873888 0.363783 0.080841 0.032336
0 0.873888 0.409054 0.080841 0.032336
0 0.873888 0.443816 0.080841 0.032336
0 0.873888 0.472918 0.080841 0.032336
0 0.873888 0.523040 0.080841 0.032336
0 0.873888 0.567502 0.080841 0.032336
0 0.873888 0.600647 0.080841 0.032336
0 0.873888 0.637833 0.080841 0.032336
0 0.873888 0.675829 0.080841 0.032336
0 0.873888 0.724333 0.080841 0.032336
0 0.873888 0.765562 0.080841 0.032336
0 0.873888 0.808407 0.080841 0.032336
0 0.801132 0.873888 0.032336 0.080841
0 0.755053 0.873888 0.032336 0.080841
0 0.713015 0.873888 0.032336 0.080841
0 0.672595 0.873888 0.032336 0.080841
0 0.635408 0.873888 0.032336 0.080841
0 0.598222 0.873888 0.032336 0.080841
0 0.562652 0.873888 0.032336 0.080841
0 0.523848 0.873888 0.032336 0.080841
0 0.478577 0.873888 0.032336 0.080841
0 0.443816 0.873888 0.032336 0.080841
0 0.409863 0.873888 0.032336 0.080841
0 0.362167 0.873888 0.032336 0.080841
0 0.322555 0.873888 0.032336 0.080841
0 0.283751 0.873888 0.032336 0.080841
0 0.238480 0.873888 0.032336 0.080841
0 0.196443 0.873888 0.032336 0.080841
0 0.126112 0.806791 0.080841 0.032336
0 0.126112 0.763945 0.080841 0.032336
0 0.126112 0.713824 0.080841 0.032336
0 0.126112 0.671787 0.080841 0.032336
0 0.126112 0.632983 0.080841 0.032336
0 0.126112 0.594988 0.080841 0.032336
0 0.126112 0.553759 0.080841 0.032336
0 0.126112 0.518189 0.080841 0.032336
0 0.126112 0.476960 0.080841 0.032336
0 0.126112 0.441390 0.080841 0.032336
0 0.126112 0.406629 0.080841 0.032336
0 0.126112 0.368634 0.080841 0.032336
0 0.126112 0.331447 0.080841 0.032336
0 0.126112 0.286176 0.080841 0.032336
0 0.126112 0.236055 0.080841 0.032336
0 0.126112 0.193209 0.080841 0.032336
0 0.202910 0.135812 0.032336 0.080841
0 0.244139 0.135812 0.032336 0.080841
0 0.283751 0.135812 0.032336 0.080841
0 0.323363 0.135812 0.032336 0.080841
0 0.358933 0.135812 0.032336 0.080841
0 0.394503 0.135812 0.032336 0.080841
0 0.428456 0.135812 0.032336 0.080841
0 0.465643 0.135812 0.032336 0.080841
0 0.522231 0.135812 0.032336 0.080841
0 0.551334 0.135812 0.032336 0.080841
0 0.584479 0.135812 0.032336 0.080841
0 0.617623 0.135812 0.032336 0.080841
0 0.652385 0.135812 0.032336 0.080841
0 0.703314 0.135812 0.032336 0.080841
0 0.742926 0.135812 0.032336 0.080841
0 0.783347 0.135812 0.032336 0.080841
0 0.864188 0.204527 0.080841 0.032336
0 0.864188 0.244139 0.080841 0.032336
0 0.864188 0.284559 0.080841 0.032336
0 0.864188 0.330639 0.080841 0.032336
0 0.864188 0.366209 0.080841 0.032336
0 0.864188 0.411479 0.080841 0.032336
0 0.864188 0.472110 0.080841 0.032336
0 0.864188 0.523848 0.080841 0.032336
0 0.864188 0.569119 0.080841 0.032336
0 0.864188 0.601455 0.080841 0.032336
0 0.864188 0.637025 0.080841 0.032336
0 0.864188 0.674212 0.080841 0.032336
0 0.864188 0.722716 0.080841 0.032336
0 0.864188 0.762328 0.080841 0.032336
0 0.864188 0.803557 0.080841 0.032336
0 0.789814 0.864188 0.032336 0.080841
0 0.745352 0.864188 0.032336 0.080841
0 0.705740 0.864188 0.032336 0.080841
0 0.666936 0.864188 0.032336 0.080841
0 0.632175 0.864188 0.032336 0.080841
0 0.597413 0.864188 0.032336 0.080841
0 0.562652 0.864188 0.032336 0.080841
0 0.523040 0.864188 0.032336 0.080841
0 0.479386 0.864188 0.032336 0.080841
0 0.443816 0.864188 0.032336 0.080841
0 0.411479 0.864188 0.032336 0.080841
0 0.362167 0.864188 0.032336 0.080841
0 0.324171 0.864188 0.032336 0.080841
0 0.283751 0.864188 0.032336 0.080841
0 0.242522 0.864188 0.032336 0.080841
0 0.202910 0.864188 0.032336 0.080841
0 0.135812 0.799515 0.080841 0.032336
0 0.135812 0.759903 0.080841 0.032336
0 0.135812 0.707357 0.080841 0.032336
0 0.135812 0.667745 0.080841 0.032336
0 0.135812 0.629749 0.080841 0.032336
0 0.135812 0.594179 0.080841 0.032336
0 0.135812 0.552142 0.080841 0.032336
0 0.135812 0.516572 0.080841 0.032336
0 0.135812 0.476960 0.080841 0.032336
0 0.135812 0.443007 0.080841 0.032336
0 0.135812 0.409054 0.080841 0.032336
0 0.135812 0.372676 0.080841 0.032336
0 0.135812 0.335489 0.080841 0.032336
0 0.135812 0.291835 0.080841 0.032336
0 0.135812 0.241714 0.080841 0.032336
0 0.135812 0.200485 0.080841 0.032336
0 0.206144 0.140663 0.032336 0.080841
0 0.246564 0.140663 0.032336 0.080841
0 0.284559 0.140663 0.032336 0.080841
0 0.324171 0.140663 0.032336 0.080841
0 0.359741 0.140663 0.032336 0.080841
0 0.393694 0.140663 0.032336 0.080841
0 0.427648 0.140663 0.032336 0.080841
0 0.464026 0.140663 0.032336 0.080841
0 0.521423 0.140663 0.032336 0.080841
0 0.550525 0.140663 0.032336 0.080841
0 0.582862 0.140663 0.032336 0.080841
0 0.615198 0.140663 0.032336 0.080841
0 0.648343 0.140663 0.032336 0.080841
0 0.698464 0.140663 0.032336 0.080841
0 0.738076 0.140663 0.032336 0.080841
0 0.777688 0.140663 0.032336 0.080841
0 0.859337 0.247373 0.080841 0.032336
0 0.859337 0.332255 0.080841 0.032336
0 0.859337 0.413096 0.080841 0.032336
0 0.859337 0.476960 0.080841 0.032336
0 0.859337 0.570736 0.080841 0.032336
0 0.859337 0.601455 0.080841 0.032336
0 0.859337 0.637025 0.080841 0.032336
0 0.859337 0.672595 0.080841 0.032336
0 0.859337 0.721908 0.080841 0.032336
0 0.859337 0.760711 0.080841 0.032336
0 0.859337 0.801940 0.080841 0.032336
0 0.784155 0.859337 0.032336 0.080841
0 0.740501 0.859337 0.032336 0.080841
0 0.701698 0.859337 0.032336 0.080841
0 0.665319 0.859337 0.032336 0.080841
0 0.630558 0.859337 0.032336 0.080841
0 0.596605 0.859337 0.032336 0.080841
0 0.563460 0.859337 0.032336 0.080841
0 0.522231 0.859337 0.032336 0.080841
0 0.479386 0.859337 0.032336 0.080841
0 0.444624 0.859337 0.032336 0.080841
0 0.412288 0.859337 0.032336 0.080841
0 0.362975 0.859337 0.032336 0.080841
0 0.324980 0.859337 0.032336 0.080841
0 0.286176 0.859337 0.032336 0.080841
0 0.244947 0.859337 0.032336 0.080841
0 0.206144 0.859337 0.032336 0.080841
0 0.140663 0.797090 0.080841 0.032336
0 0.140663 0.757478 0.080841 0.032336
0 0.140663 0.704931 0.080841 0.032336
0 0.140663 0.666128 0.080841 0.032336
0 0.140663 0.628133 0.080841 0.032336
0 0.140663 0.593371 0.080841 0.032336
0 0.140663 0.551334 0.080841 0.032336
0 0.140663 0.515764 0.080841 0.032336
0 0.140663 0.476960 0.080841 0.032336
0 0.140663 0.443007 0.080841 0.032336
0 0.140663 0.409863 0.080841 0.032336
0 0.140663 0.375101 0.080841 0.032336
0 0.140663 0.337914 0.080841 0.032336
0 0.140663 0.294260 0.080841 0.032336
0 0.140663 0.244139 0.080841 0.032336
0 0.140663 0.204527 0.080841 0.032336
0 0.209378 0.145513 0.032336 0.080841
0 0.286985 0.145513 0.032336 0.080841
0 0.324980 0.145513 0.032336 0.080841
0 0.359741 0.145513 0.032336 0.080841
0 0.392886 0.145513 0.032336 0.080841
0 0.428456 0.145513 0.032336 0.080841
0 0.464026 0.145513 0.032336 0.080841
0 0.521423 0.145513 0.032336 0.080841
0 0.549717 0.145513 0.032336 0.080841
0 0.581245 0.145513 0.032336 0.080841
0 0.612773 0.145513 0.032336 0.080841
0 0.644301 0.145513 0.032336 0.080841
0 0.695230 0.145513 0.032336 0.080841
0 0.733226 0.145513 0.032336 0.080841
0 0.772029 0.145513 0.032336 0.080841
0 0.854487 0.210994 0.080841 0.032336
0 0.854487 0.249798 0.080841 0.032336
0 0.854487 0.288601 0.080841 0.032336
0 0.854487 0.334681 0.080841 0.032336
0 0.854487 0.414713 0.080841 0.032336
0 0.854487 0.472110 0.080841 0.032336
0 0.854487 0.525465 0.080841 0.032336
0 0.854487 0.571544 0.080841 0.032336
0 0.854487 0.601455 0.080841 0.032336
0 0.854487 0.671787 0.080841 0.032336
0 0.854487 0.759095 0.080841 0.032336
0 0.776880 0.854487 0.032336 0.080841
0 0.735651 0.854487 0.032336 0.080841
0 0.697656 0.854487 0.032336 0.080841
0 0.662086 0.854487 0.032336 0.080841
0 0.628941 0.854487 0.032336 0.080841
0 0.595796 0.854487 0.032336 0.080841
0 0.563460 0.854487 0.032336 0.080841
0 0.521423 0.854487 0.032336 0.080841
0 0.478577 0.854487 0.032336 0.080841
0 0.444624 0.854487 0.032336 0.080841
0 0.413096 0.854487 0.032336 0.080841
0 0.362975 0.854487 0.032336 0.080841
0 0.326597 0.854487 0.032336 0.080841
0 0.286985 0.854487 0.032336 0.080841
0 0.246564 0.854487 0.032336 0.080841
0 0.209378 0.854487 0.032336 0.080841
0 0.145513 0.793856 0.080841 0.032336
0 0.145513 0.755861 0.080841 0.032336
0 0.145513 0.701698 0.080841 0.032336
0 0.145513 0.663703 0.080841 0.032336
0 0.145513 0.627324 0.080841 0.032336
0 0.145513 0.592563 0.080841 0.032336
0 0.145513 0.549717 0.080841 0.032336
0 0.145513 0.514956 0.080841 0.032336
0 0.145513 0.476960 0.080841 0.032336
0 0.145513 0.443816 0.080841 0.032336
0 0.145513 0.411479 0.080841 0.032336
0 0.145513 0.376718 0.080841 0.032336
0 0.145513 0.339531 0.080841 0.032336
0 0.145513 0.296686 0.080841 0.032336
0 0.145513 0.246564 0.080841 0.032336
0 0.145513 0.208569 0.080841 0.032336
0 0.212611 0.150364 0.032336 0.080841
0 0.251415 0.150364 0.032336 0.080841
0 0.288601 0.150364 0.032336 0.080841
0 0.325788 0.150364 0.032336 0.080841
0 0.359741 0.150364 0.032336 0.080841
0 0.392078 0.150364 0.032336 0.080841
0 0.427648 0.150364 0.032336 0.080841
0 0.464026 0.150364 0.032336 0.080841
0 0.521423 0.150364 0.032336 0.080841
0 0.549717 0.150364 0.032336 0.080841
0 0.579628 0.150364 0.032336 0.080841
0 0.610348 0.150364 0.032336 0.080841
0 0.640259 0.150364 0.032336 0.080841
0 0.691188 0.150364 0.032336 0.080841
0 0.728375 0.150364 0.032336 0.080841
0 0.766370 0.150364 0.032336 0.080841
0 0.849636 0.214228 0.080841 0.032336
0 0.849636 0.252223 0.080841 0.032336
0 0.849636 0.291027 0.080841 0.032336
0 0.849636 0.369442 0.080841 0.032336
0 0.849636 0.415521 0.080841 0.032336
0 0.849636 0.447049 0.080841 0.032336
0 0.849636 0.476960 0.080841 0.032336
0 0.849636 0.526273 0.080841 0.032336
0 0.849636 0.572352 0.080841 0.032336
0 0.849636 0.602264 0.080841 0.032336
0 0.849636 0.636217 0.080841 0.032336
0 0.849636 0.721099 0.080841 0.032336
0 0.849636 0.757478 0.080841 0.032336
0 0.771221 0.849636 0.032336 0.080841
0 0.729992 0.849636 0.032336 0.080841
0 0.693614 0.849636 0.032336 0.080841
0 0.659660 0.849636 0.032336 0.080841
0 0.627324 0.849636 0.032336 0.080841
0 0.594988 0.849636 0.032336 0.080841
0 0.563460 0.849636 0.032336 0.080841
0 0.520614 0.849636 0.032336 0.080841
0 0.478577 0.849636 0.032336 0.080841
0 0.445432 0.849636 0.032336 0.080841
0 0.414713 0.849636 0.032336 0.080841
0 0.364592 0.849636 0.032336 0.080841
0 0.327405 0.849636 0.032336 0.080841
0 0.289410 0.849636 0.032336 0.080841
0 0.248989 0.849636 0.032336 0.080841
0 0.212611 0.849636 0.032336 0.080841
0 0.150364 0.790622 0.080841 0.032336
0 0.150364 0.753436 0.080841 0.032336
0 0.150364 0.698464 0.080841 0.032336
0 0.150364 0.661277 0.080841 0.032336
0 0.150364 0.625707 0.080841 0.032336
0 0.150364 0.592563 0.080841 0.032336
0 0.150364 0.548909 0.080841 0.032336
0 0.150364 0.514147 0.080841 0.032336
0 0.150364 0.476960 0.080841 0.032336
0 0.150364 0.443816 0.080841 0.032336
0 0.150364 0.412288 0.080841 0.032336
0 0.150364 0.378335 0.080841 0.032336
0 0.150364 0.341956 0.080841 0.032336
0 0.150364 0.299111 0.080841 0.032336
0 0.150364 0.249798 0.080841 0.032336
0 0.150364 0.212611 0.080841 0.032336
0 0.215036 0.155214 0.032336 0.080841
0 0.253840 0.155214 0.032336 0.080841
0 0.289410 0.155214 0.032336 0.080841
0 0.326597 0.155214 0.032336 0.080841
0 0.359741 0.155214 0.032336 0.080841
0 0.392078 0.155214 0.032336 0.080841
0 0.426839 0.155214 0.032336 0.080841
0 0.463217 0.155214 0.032336 0.080841
0 0.521423 0.155214 0.032336 0.080841
0 0.548100 0.155214 0.032336 0.080841
0 0.578011 0.155214 0.032336 0.080841
0 0.607114 0.155214 0.032336 0.080841
0 0.637025 0.155214 0.032336 0.080841
0 0.687955 0.155214 0.032336 0.080841
0 0.724333 0.155214 0.032336 0.080841
0 0.844786 0.218270 0.080841 0.032336
0 0.844786 0.254648 0.080841 0.032336
0 0.844786 0.292643 0.080841 0.032336
0 0.844786 0.337106 0.080841 0.032336
0 0.844786 0.417138 0.080841 0.032336
0 0.844786 0.471302 0.080841 0.032336
0 0.844786 0.516572 0.080841 0.032336
0 0.844786 0.573969 0.080841 0.032336
0 0.844786 0.602264 0.080841 0.032336
0 0.844786 0.636217 0.080841 0.032336
0 0.844786 0.720291 0.080841 0.032336
0 0.844786 0.795473 0.080841 0.032336
0 0.765562 0.844786 0.032336 0.080841
0 0.725141 0.844786 0.032336 0.080841
0 0.690380 0.844786 0.032336 0.080841
0 0.657235 0.844786 0.032336 0.080841
0 0.625707 0.844786 0.032336 0.080841
0 0.594179 0.844786 0.032336 0.080841
0 0.563460 0.844786 0.032336 0.080841
0 0.519806 0.844786 0.032336 0.080841
0 0.478577 0.844786 0.032336 0.080841
0 0.445432 0.844786 0.032336 0.080841
0 0.415521 0.844786 0.032336 0.080841
0 0.364592 0.844786 0.032336 0.080841
0 0.328213 0.844786 0.032336 0.080841
0 0.291027 0.844786 0.032336 0.080841
0 0.250606 0.844786 0.032336 0.080841
0 0.215845 0.844786 0.032336 0.080841
0 0.155214 0.786580 0.080841 0.032336
0 0.155214 0.751011 0.080841 0.032336
0 0.155214 0.696039 0.080841 0.032336
0 0.155214 0.659660 0.080841 0.032336
0 0.155214 0.624899 0.080841 0.032336
0 0.155214 0.590946 0.080841 0.032336
0 0.155214 0.548100 0.080841 0.032336
0 0.155214 0.513339 0.080841 0.032336
0 0.155214 0.476960 0.080841 0.032336
0 0.155214 0.444624 0.080841 0.032336
0 0.155214 0.413905 0.080841 0.032336
0 0.155214 0.380760 0.080841 0.032336
0 0.155214 0.343573 0.080841 0.032336
0 0.155214 0.302344 0.080841 0.032336
0 0.155214 0.252223 0.080841 0.032336
0 0.155214 0.216653 0.080841 0.032336
0 0.199677 0.130962 0.032336 0.080841
0 0.240097 0.130962 0.032336 0.080841
0 0.281326 0.130962 0.032336 0.080841
0 0.322555 0.130962 0.032336 0.080841
0 0.358933 0.130962 0.032336 0.080841
0 0.394503 0.130962 0.032336 0.080841
0 0.429264 0.130962 0.032336 0.080841
0 0.466451 0.130962 0.032336 0.080841
0 0.522231 0.130962 0.032336 0.080841
0 0.552951 0.130962 0.032336 0.080841
0 0.586904 0.130962 0.032336 0.080841
0 0.620857 0.130962 0.032336 0.080841
0 0.657235 0.130962 0.032336 0.080841
0 0.707357 0.130962 0.032336 0.080841
0 0.747777 0.130962 0.032336 0.080841
0 0.789814 0.130962 0.032336 0.080841
0 0.869038 0.200485 0.080841 0.032336
0 0.869038 0.240905 0.080841 0.032336
0 0.869038 0.282134 0.080841 0.032336
0 0.869038 0.328213 0.080841 0.032336
0 0.869038 0.364592 0.080841 0.032336
0 0.869038 0.410671 0.080841 0.032336
0 0.869038 0.472110 0.080841 0.032336
0 0.869038 0.523040 0.080841 0.032336
0 0.869038 0.568310 0.080841 0.032336
0 0.869038 0.601455 0.080841 0.032336
0 0.869038 0.637833 0.080841 0.032336
0 0.869038 0.675020 0.080841 0.032336
0 0.869038 0.724333 0.080841 0.032336
0 0.869038 0.763945 0.080841 0.032336
0 0.869038 0.806791 0.080841 0.032336
0 0.795473 0.869038 0.032336 0.080841
0 0.749394 0.869038 0.032336 0.080841
0 0.708973 0.869038 0.032336 0.080841
0 0.670170 0.869038 0.032336 0.080841
0 0.633791 0.869038 0.032336 0.080841
0 0.598222 0.869038 0.032336 0.080841
0 0.562652 0.869038 0.032336 0.080841
0 0.523040 0.869038 0.032336 0.080841
0 0.478577 0.869038 0.032336 0.080841
0 0.443816 0.869038 0.032336 0.080841
0 0.412288 0.869038 0.032336 0.080841
0 0.362167 0.869038 0.032336 0.080841
0 0.323363 0.869038 0.032336 0.080841
0 0.282134 0.869038 0.032336 0.080841
0 0.240097 0.869038 0.032336 0.080841
0 0.199677 0.869038 0.032336 0.080841
0 0.130962 0.802749 0.080841 0.032336
0 0.130962 0.762328 0.080841 0.032336
0 0.130962 0.710590 0.080841 0.032336
0 0.130962 0.670170 0.080841 0.032336
0 0.130962 0.631366 0.080841 0.032336
0 0.130962 0.594988 0.080841 0.032336
0 0.130962 0.552951 0.080841 0.032336
0 0.130962 0.517381 0.080841 0.032336
0 0.130962 0.476960 0.080841 0.032336
0 0.130962 0.442199 0.080841 0.032336
0 0.130962 0.407437 0.080841 0.032336
0 0.130962 0.371059 0.080841 0.032336
0 0.130962 0.333872 0.080841 0.032336
0 0.130962 0.289410 0.080841 0.032336
0 0.130962 0.237672 0.080841 0.032336
0 0.130962 0.197251 0.080841 0.032336
