0 0.200791 0.134387 0.031621 0.079051
0 0.242688 0.134387 0.031621 0.079051
0 0.282213 0.134387 0.031621 0.079051
0 0.322530 0.134387 0.031621 0.079051
0 0.358893 0.134387 0.031621 0.079051
0 0.395257 0.134387 0.031621 0.079051
0 0.427668 0.134387 0.031621 0.079051
0 0.462451 0.134387 0.031621 0.079051
0 0.514625 0.134387 0.031621 0.079051
0 0.547826 0.134387 0.031621 0.079051
0 0.581028 0.134387 0.031621 0.079051
0 0.616601 0.134387 0.031621 0.079051
0 0.652964 0.134387 0.031621 0.079051
0 0.701976 0.134387 0.031621 0.079051
0 0.743083 0.134387 0.031621 0.079051
0 0.785771 0.134387 0.031621 0.079051
0 0.865613 0.204743 0.079051 0.031621
0 0.865613 0.246640 0.079051 0.031621
0 0.865613 0.286957 0.079051 0.031621
0 0.865613 0.332806 0.079051 0.031621
0 0.865613 0.370751 0.079051 0.031621
0 0.865613 0.415020 0.079051 0.031621
0 0.865613 0.448221 0.079051 0.031621
0 0.865613 0.475889 0.079051 0.031621
0 0.865613 0.524901 0.079051 0.031621
0 0.865613 0.569170 0.079051 0.031621
0 0.865613 0.601581 0.079051 0.031621
0 0.865613 0.637154 0.079051 0.031621
0 0.865613 0.674308 0.079051 0.031621
0 0.865613 0.721739 0.079051 0.031621
0 0.865613 0.761265 0.079051 0.031621
0 0.865613 0.803953 0.079051 0.031621
0 0.792095 0.865613 0.031621 0.079051
0 0.747826 0.865613 0.031621 0.079051
0 0.706719 0.865613 0.031621 0.079051
0 0.668775 0.865613 0.031621 0.079051
0 0.632411 0.865613 0.031621 0.079051
0 0.597628 0.865613 0.031621 0.079051
0 0.562055 0.865613 0.031621 0.079051
0 0.525692 0.865613 0.031621 0.079051
0 0.480632 0.865613 0.031621 0.079051
0 0.445850 0.865613 0.031621 0.079051
0 0.411858 0.865613 0.031621 0.079051
0 0.363636 0.865613 0.031621 0.079051
0 0.327273 0.865613 0.031621 0.079051
0 0.286957 0.865613 0.031621 0.079051
0 0.245850 0.865613 0.031621 0.079051
0 0.205534 0.865613 0.031621 0.079051
0 0.134387 0.802372 0.079051 0.031621
0 0.134387 0.761265 0.079051 0.031621
0 0.134387 0.711462 0.079051 0.031621
0 0.134387 0.670356 0.079051 0.031621
0 0.134387 0.631621 0.079051 0.031621
0 0.134387 0.595257 0.079051 0.031621
0 0.134387 0.554941 0.079051 0.031621
0 0.134387 0.519368 0.079051 0.031621
0 0.134387 0.478261 0.079051 0.031621
0 0.134387 0.445059 0.079051 0.031621
0 0.134387 0.410277 0.079051 0.031621
0 0.134387 0.373123 0.079051 0.031621
0 0.134387 0.336759 0.079051 0.031621
0 0.134387 0.292490 0.079051 0.031621
0 0.134387 0.241897 0.079051 0.031621
0 0.134387 0.201581 0.079051 0.031621
0 0.207115 0.143874 0.031621 0.079051
0 0.247431 0.143874 0.031621 0.079051
0 0.284585 0.143874 0.031621 0.079051
0 0.324111 0.143874 0.031621 0.079051
0 0.359684 0.143874 0.031621 0.079051
0 0.393676 0.143874 0.031621 0.079051
0 0.426877 0.143874 0.031621 0.079051
0 0.460870 0.143874 0.031621 0.079051
0 0.513834 0.143874 0.031621 0.079051
0 0.544664 0.143874 0.031621 0.079051
0 0.577075 0.143874 0.031621 0.079051
0 0.610277 0.143874 0.031621 0.079051
0 0.644269 0.143874 0.031621 0.079051
0 0.694862 0.143874 0.031621 0.079051
0 0.732806 0.143874 0.031621 0.079051
0 0.774704 0.143874 0.031621 0.079051
0 0.856126 0.213439 0.079051 0.031621
0 0.856126 0.252964 0.079051 0.031621
0 0.856126 0.292490 0.079051 0.031621
0 0.856126 0.337549 0.079051 0.031621
0 0.856126 0.373913 0.079051 0.031621
0 0.856126 0.418182 0.079051 0.031621
0 0.856126 0.449802 0.079051 0.031621
0 0.856126 0.475889 0.079051 0.031621
0 0.856126 0.527273 0.079051 0.031621
0 0.856126 0.571542 0.079051 0.031621
0 0.856126 0.602372 0.079051 0.031621
0 0.856126 0.636364 0.079051 0.031621
0 0.856126 0.672727 0.079051 0.031621
0 0.856126 0.720949 0.079051 0.031621
0 0.856126 0.758893 0.079051 0.031621
0 0.856126 0.800000 0.079051 0.031621
0 0.781028 0.856126 0.031621 0.079051
0 0.738340 0.856126 0.031621 0.079051
0 0.699605 0.856126 0.031621 0.079051
0 0.664032 0.856126 0.031621 0.079051
0 0.629249 0.856126 0.031621 0.079051
0 0.596838 0.856126 0.031621 0.079051
0 0.563636 0.856126 0.031621 0.079051
0 0.524901 0.856126 0.031621 0.079051
0 0.480632 0.856126 0.031621 0.079051
0 0.445850 0.856126 0.031621 0.079051
0 0.413439 0.856126 0.031621 0.079051
0 0.365217 0.856126 0.031621 0.079051
0 0.328854 0.856126 0.031621 0.079051
0 0.290119 0.856126 0.031621 0.079051
0 0.250593 0.856126 0.031621 0.079051
0 0.211067 0.856126 0.031621 0.079051
0 0.143874 0.796047 0.079051 0.031621
0 0.143874 0.757312 0.079051 0.031621
0 0.143874 0.705929 0.079051 0.031621
0 0.143874 0.666403 0.079051 0.031621
0 0.143874 0.629249 0.079051 0.031621
0 0.143874 0.594466 0.079051 0.031621
0 0.143874 0.552569 0.079051 0.031621
0 0.143874 0.516996 0.079051 0.031621
0 0.143874 0.477470 0.079051 0.031621
0 0.143874 0.445850 0.079051 0.031621
0 0.143874 0.411858 0.079051 0.031621
0 0.143874 0.377075 0.079051 0.031621
0 0.143874 0.341502 0.079051 0.031621
0 0.143874 0.297233 0.079051 0.031621
0 0.143874 0.247431 0.079051 0.031621
0 0.143874 0.208696 0.079051 0.031621
0 0.210277 0.148617 0.031621 0.079051
0 0.249012 0.148617 0.031621 0.079051
0 0.286166 0.148617 0.031621 0.079051
0 0.324901 0.148617 0.031621 0.079051
0 0.359684 0.148617 0.031621 0.079051
0 0.392885 0.148617 0.031621 0.079051
0 0.426877 0.148617 0.031621 0.079051
0 0.460079 0.148617 0.031621 0.079051
0 0.513043 0.148617 0.031621 0.079051
0 0.543083 0.148617 0.031621 0.079051
0 0.574704 0.148617 0.031621 0.079051
0 0.607905 0.148617 0.031621 0.079051
0 0.639526 0.148617 0.031621 0.079051
0 0.690909 0.148617 0.031621 0.079051
0 0.728063 0.148617 0.031621 0.079051
0 0.767589 0.148617 0.031621 0.079051
0 0.851383 0.217391 0.079051 0.031621
0 0.851383 0.256126 0.079051 0.031621
0 0.851383 0.294862 0.079051 0.031621
0 0.851383 0.339921 0.079051 0.031621
0 0.851383 0.419763 0.079051 0.031621
0 0.851383 0.451383 0.079051 0.031621
0 0.851383 0.476680 0.079051 0.031621
0 0.851383 0.528063 0.079051 0.031621
0 0.851383 0.573123 0.079051 0.031621
0 0.851383 0.603162 0.079051 0.031621
0 0.851383 0.636364 0.079051 0.031621
0 0.851383 0.671146 0.079051 0.031621
0 0.851383 0.720158 0.079051 0.031621
0 0.851383 0.758103 0.079051 0.031621
0 0.851383 0.797628 0.079051 0.031621
0 0.775494 0.851383 0.031621 0.079051
0 0.733597 0.851383 0.031621 0.079051
0 0.696443 0.851383 0.031621 0.079051
0 0.661660 0.851383 0.031621 0.079051
0 0.627668 0.851383 0.031621 0.079051
0 0.596047 0.851383 0.031621 0.079051
0 0.563636 0.851383 0.031621 0.079051
0 0.524111 0.851383 0.031621 0.079051
0 0.480632 0.851383 0.031621 0.079051
0 0.446640 0.851383 0.031621 0.079051
0 0.415020 0.851383 0.031621 0.079051
0 0.364427 0.851383 0.031621 0.079051
0 0.329644 0.851383 0.031621 0.079051
0 0.291700 0.851383 0.031621 0.079051
0 0.252174 0.851383 0.031621 0.079051
0 0.215020 0.851383 0.031621 0.079051
0 0.148617 0.792885 0.079051 0.031621
0 0.148617 0.755731 0.079051 0.031621
0 0.148617 0.703557 0.079051 0.031621
0 0.148617 0.664032 0.079051 0.031621
0 0.148617 0.627668 0.079051 0.031621
0 0.148617 0.593676 0.079051 0.031621
0 0.148617 0.551779 0.079051 0.031621
0 0.148617 0.516996 0.079051 0.031621
0 0.148617 0.478261 0.079051 0.031621
0 0.148617 0.446640 0.079051 0.031621
0 0.148617 0.413439 0.079051 0.031621
0 0.148617 0.379447 0.079051 0.031621
0 0.148617 0.343083 0.079051 0.031621
0 0.148617 0.299605 0.079051 0.031621
0 0.148617 0.249802 0.079051 0.031621
0 0.148617 0.212648 0.079051 0.031621
0 0.251383 0.153360 0.031621 0.079051
0 0.287747 0.153360 0.031621 0.079051
0 0.325692 0.153360 0.031621 0.079051
0 0.358893 0.153360 0.031621 0.079051
0 0.392095 0.153360 0.031621 0.079051
0 0.426087 0.153360 0.031621 0.079051
0 0.459289 0.153360 0.031621 0.079051
0 0.513043 0.153360 0.031621 0.079051
0 0.542292 0.153360 0.031621 0.079051
0 0.573123 0.153360 0.031621 0.079051
0 0.603953 0.153360 0.031621 0.079051
0 0.636364 0.153360 0.031621 0.079051
0 0.686957 0.153360 0.031621 0.079051
0 0.723320 0.153360 0.031621 0.079051
0 0.762055 0.153360 0.031621 0.079051
0 0.846640 0.221344 0.079051 0.031621
0 0.846640 0.259289 0.079051 0.031621
0 0.846640 0.297233 0.079051 0.031621
0 0.846640 0.342292 0.079051 0.031621
0 0.846640 0.421344 0.079051 0.031621
0 0.846640 0.452174 0.079051 0.031621
0 0.846640 0.476680 0.079051 0.031621
0 0.846640 0.528854 0.079051 0.031621
0 0.846640 0.574704 0.079051 0.031621
0 0.846640 0.603953 0.079051 0.031621
0 0.846640 0.636364 0.079051 0.031621
0 0.846640 0.670356 0.079051 0.031621
0 0.846640 0.720158 0.079051 0.031621
0 0.846640 0.756522 0.079051 0.031621
0 0.846640 0.795257 0.079051 0.031621
0 0.769960 0.846640 0.031621 0.079051
0 0.729644 0.846640 0.031621 0.079051
0 0.693281 0.846640 0.031621 0.079051
0 0.660079 0.846640 0.031621 0.079051
0 0.626877 0.846640 0.031621 0.079051
0 0.595257 0.846640 0.031621 0.079051
0 0.563636 0.846640 0.031621 0.079051
0 0.523320 0.846640 0.031621 0.079051
0 0.481423 0.846640 0.031621 0.079051
0 0.446640 0.846640 0.031621 0.079051
0 0.415810 0.846640 0.031621 0.079051
0 0.330435 0.846640 0.031621 0.079051
0 0.294071 0.846640 0.031621 0.079051
0 0.254545 0.846640 0.031621 0.079051
0 0.218972 0.846640 0.031621 0.079051
0 0.153360 0.789723 0.079051 0.031621
0 0.153360 0.753360 0.079051 0.031621
0 0.153360 0.701186 0.079051 0.031621
0 0.153360 0.662451 0.079051 0.031621
0 0.153360 0.626877 0.079051 0.031621
0 0.153360 0.593676 0.079051 0.031621
0 0.153360 0.550988 0.079051 0.031621
0 0.153360 0.516206 0.079051 0.031621
0 0.153360 0.478261 0.079051 0.031621
0 0.153360 0.446640 0.079051 0.031621
0 0.153360 0.415020 0.079051 0.031621
0 0.153360 0.381818 0.079051 0.031621
0 0.153360 0.345455 0.079051 0.031621
0 0.153360 0.302767 0.079051 0.031621
0 0.153360 0.252964 0.079051 0.031621
0 0.153360 0.215020 0.079051 0.031621
0 0.216601 0.158103 0.031621 0.079051
0 0.254545 0.158103 0.031621 0.079051
0 0.289328 0.158103 0.031621 0.079051
0 0.326482 0.158103 0.031621 0.079051
0 0.359684 0.158103 0.031621 0.079051
0 0.391304 0.158103 0.031621 0.079051
0 0.426087 0.158103 0.031621 0.079051
0 0.458498 0.158103 0.031621 0.079051
0 0.512253 0.158103 0.031621 0.079051
0 0.540711 0.158103 0.031621 0.079051
0 0.570751 0.158103 0.031621 0.079051
0 0.601581 0.158103 0.031621 0.079051
0 0.632411 0.158103 0.031621 0.079051
0 0.683794 0.158103 0.031621 0.079051
0 0.718577 0.158103 0.031621 0.079051
0 0.755731 0.158103 0.031621 0.079051
0 0.841897 0.225296 0.079051 0.031621
0 0.841897 0.262451 0.079051 0.031621
0 0.841897 0.299605 0.079051 0.031621
0 0.841897 0.343874 0.079051 0.031621
0 0.841897 0.378656 0.079051 0.031621
0 0.841897 0.422925 0.079051 0.031621
0 0.841897 0.452964 0.079051 0.031621
0 0.841897 0.481423 0.079051 0.031621
0 0.841897 0.530435 0.079051 0.031621
0 0.841897 0.575494 0.079051 0.031621
0 0.841897 0.604743 0.079051 0.031621
0 0.841897 0.635573 0.079051 0.031621
0 0.841897 0.669565 0.079051 0.031621
0 0.841897 0.719368 0.079051 0.031621
0 0.841897 0.754941 0.079051 0.031621
0 0.841897 0.792885 0.079051 0.031621
0 0.765217 0.841897 0.031621 0.079051
0 0.724111 0.841897 0.031621 0.079051
0 0.690119 0.841897 0.031621 0.079051
0 0.657708 0.841897 0.031621 0.079051
0 0.625296 0.841897 0.031621 0.079051
0 0.595257 0.841897 0.031621 0.079051
0 0.563636 0.841897 0.031621 0.079051
0 0.523320 0.841897 0.031621 0.079051
0 0.481423 0.841897 0.031621 0.079051
0 0.447431 0.841897 0.031621 0.079051
0 0.416601 0.841897 0.031621 0.079051
0 0.366008 0.841897 0.031621 0.079051
0 0.332016 0.841897 0.031621 0.079051
0 0.295652 0.841897 0.031621 0.079051
0 0.256917 0.841897 0.031621 0.079051
0 0.222134 0.841897 0.031621 0.079051
0 0.158103 0.787352 0.079051 0.031621
0 0.158103 0.751779 0.079051 0.031621
0 0.158103 0.698814 0.079051 0.031621
0 0.158103 0.660870 0.079051 0.031621
0 0.158103 0.625296 0.079051 0.031621
0 0.158103 0.593676 0.079051 0.031621
0 0.158103 0.550198 0.079051 0.031621
0 0.158103 0.515415 0.079051 0.031621
0 0.158103 0.478261 0.079051 0.031621
0 0.158103 0.448221 0.079051 0.031621
0 0.158103 0.415810 0.079051 0.031621
0 0.158103 0.383399 0.079051 0.031621
0 0.158103 0.347826 0.079051 0.031621
0 0.158103 0.305138 0.079051 0.031621
0 0.158103 0.256126 0.079051 0.031621
0 0.158103 0.218972 0.079051 0.031621
0 0.219763 0.162846 0.031621 0.079051
0 0.256917 0.162846 0.031621 0.079051
0 0.290909 0.162846 0.031621 0.079051
0 0.328063 0.162846 0.031621 0.079051
0 0.359684 0.162846 0.031621 0.079051
0 0.391304 0.162846 0.031621 0.079051
0 0.436364 0.162846 0.031621 0.079051
0 0.465613 0.162846 0.031621 0.079051
0 0.512253 0.162846 0.031621 0.079051
0 0.539921 0.162846 0.031621 0.079051
0 0.569170 0.162846 0.031621 0.079051
0 0.599209 0.162846 0.031621 0.079051
0 0.750198 0.162846 0.031621 0.079051
0 0.837154 0.229249 0.079051 0.031621
0 0.837154 0.265613 0.079051 0.031621
0 0.837154 0.301186 0.079051 0.031621
0 0.837154 0.346245 0.079051 0.031621
0 0.837154 0.379447 0.079051 0.031621
0 0.837154 0.453755 0.079051 0.031621
0 0.837154 0.481423 0.079051 0.031621
0 0.837154 0.530435 0.079051 0.031621
0 0.837154 0.604743 0.079051 0.031621
0 0.837154 0.635573 0.079051 0.031621
0 0.837154 0.667984 0.079051 0.031621
0 0.837154 0.718577 0.079051 0.031621
0 0.837154 0.753360 0.079051 0.031621
0 0.837154 0.790514 0.079051 0.031621
0 0.759684 0.837154 0.031621 0.079051
0 0.720158 0.837154 0.031621 0.079051
0 0.686166 0.837154 0.031621 0.079051
0 0.654545 0.837154 0.031621 0.079051
0 0.623715 0.837154 0.031621 0.079051
0 0.594466 0.837154 0.031621 0.079051
0 0.564427 0.837154 0.031621 0.079051
0 0.516996 0.837154 0.031621 0.079051
0 0.481423 0.837154 0.031621 0.079051
0 0.448221 0.837154 0.031621 0.079051
0 0.418182 0.837154 0.031621 0.079051
0 0.366008 0.837154 0.031621 0.079051
0 0.333597 0.837154 0.031621 0.079051
0 0.297233 0.837154 0.031621 0.079051
0 0.259289 0.837154 0.031621 0.079051
0 0.225296 0.837154 0.031621 0.079051
0 0.162846 0.784980 0.079051 0.031621
0 0.162846 0.749407 0.079051 0.031621
0 0.162846 0.695652 0.079051 0.031621
0 0.162846 0.658498 0.079051 0.031621
0 0.162846 0.624506 0.079051 0.031621
0 0.162846 0.592885 0.079051 0.031621
0 0.162846 0.549407 0.079051 0.031621
0 0.162846 0.515415 0.079051 0.031621
0 0.162846 0.478261 0.079051 0.031621
0 0.162846 0.448221 0.079051 0.031621
0 0.162846 0.416601 0.079051 0.031621
0 0.162846 0.384980 0.079051 0.031621
0 0.162846 0.349407 0.079051 0.031621
0 0.162846 0.307510 0.079051 0.031621
0 0.162846 0.258498 0.079051 0.031621
0 0.162846 0.222925 0.079051 0.031621
0 0.203953 0.139130 0.031621 0.079051
0 0.245059 0.139130 0.031621 0.079051
0 0.283794 0.139130 0.031621 0.079051
0 0.323320 0.139130 0.031621 0.079051
0 0.359684 0.139130 0.031621 0.079051
0 0.394466 0.139130 0.031621 0.079051
0 0.427668 0.139130 0.031621 0.079051
0 0.461660 0.139130 0.031621 0.079051
0 0.513834 0.139130 0.031621 0.079051
0 0.545455 0.139130 0.031621 0.079051
0 0.578656 0.139130 0.031621 0.079051
0 0.613439 0.139130 0.031621 0.079051
0 0.648221 0.139130 0.031621 0.079051
0 0.698024 0.139130 0.031621 0.079051
0 0.737549 0.139130 0.031621 0.079051
0 0.779447 0.139130 0.031621 0.079051
0 0.860870 0.209486 0.079051 0.031621
0 0.860870 0.249802 0.079051 0.031621
0 0.860870 0.290119 0.079051 0.031621
0 0.860870 0.335178 0.079051 0.031621
0 0.860870 0.372332 0.079051 0.031621
0 0.860870 0.416601 0.079051 0.031621
0 0.860870 0.449012 0.079051 0.031621
0 0.860870 0.476680 0.079051 0.031621
0 0.860870 0.525692 0.079051 0.031621
0 0.860870 0.570751 0.079051 0.031621
0 0.860870 0.602372 0.079051 0.031621
0 0.860870 0.637154 0.079051 0.031621
0 0.860870 0.673518 0.079051 0.031621
0 0.860870 0.720949 0.079051 0.031621
0 0.860870 0.760474 0.079051 0.031621
0 0.860870 0.801581 0.079051 0.031621
0 0.786561 0.860870 0.031621 0.079051
0 0.743083 0.860870 0.031621 0.079051
0 0.703557 0.860870 0.031621 0.079051
0 0.666403 0.860870 0.031621 0.079051
0 0.630830 0.860870 0.031621 0.079051
0 0.596838 0.860870 0.031621 0.079051
0 0.524901 0.860870 0.031621 0.079051
0 0.480632 0.860870 0.031621 0.079051
0 0.445850 0.860870 0.031621 0.079051
0 0.412648 0.860870 0.031621 0.079051
0 0.364427 0.860870 0.031621 0.079051
0 0.328063 0.860870 0.031621 0.079051
0 0.288538 0.860870 0.031621 0.079051
0 0.248221 0.860870 0.031621 0.079051
0 0.208696 0.860870 0.031621 0.079051
0 0.139130 0.798419 0.079051 0.031621
0 0.139130 0.758893 0.079051 0.031621
0 0.139130 0.709091 0.079051 0.031621
0 0.139130 0.667984 0.079051 0.031621
0 0.139130 0.630040 0.079051 0.031621
0 0.139130 0.594466 0.079051 0.031621
0 0.139130 0.553360 0.079051 0.031621
0 0.139130 0.517787 0.079051 0.031621
0 0.139130 0.478261 0.079051 0.031621
0 0.139130 0.445850 0.079051 0.031621
0 0.139130 0.411067 0.079051 0.031621
0 0.139130 0.375494 0.079051 0.031621
0 0.139130 0.339130 0.079051 0.031621
0 0.139130 0.294862 0.079051 0.031621
0 0.139130 0.245059 0.079051 0.031621
0 0.139130 0.205534 0.079051 0.031621
