0 0.242256 0.132645 0.031771 0.079428
0 0.281970 0.132645 0.031771 0.079428
0 0.322478 0.132645 0.031771 0.079428
0 0.358221 0.132645 0.031771 0.079428
0 0.393963 0.132645 0.031771 0.079428
0 0.428912 0.132645 0.031771 0.079428
0 0.467037 0.132645 0.031771 0.079428
0 0.521048 0.132645 0.031771 0.079428
0 0.552820 0.132645 0.031771 0.079428
0 0.586180 0.132645 0.031771 0.079428
0 0.621128 0.132645 0.031771 0.079428
0 0.658459 0.132645 0.031771 0.079428
0 0.707705 0.132645 0.031771 0.079428
0 0.745036 0.132645 0.031771 0.079428
0 0.786338 0.132645 0.031771 0.079428
0 0.867355 0.193805 0.079428 0.031771
0 0.867355 0.235107 0.079428 0.031771
0 0.867355 0.274821 0.079428 0.031771
0 0.867355 0.319301 0.079428 0.031771
0 0.867355 0.398729 0.079428 0.031771
0 0.867355 0.463860 0.079428 0.031771
0 0.867355 0.513900 0.079428 0.031771
0 0.867355 0.586180 0.079428 0.031771
0 0.867355 0.624305 0.079428 0.031771
0 0.867355 0.662431 0.079428 0.031771
0 0.867355 0.711676 0.079428 0.031771
0 0.867355 0.793487 0.079428 0.031771
0 0.792693 0.867355 0.031771 0.079428
0 0.746624 0.867355 0.031771 0.079428
0 0.702939 0.867355 0.031771 0.079428
0 0.664813 0.867355 0.031771 0.079428
0 0.629071 0.867355 0.031771 0.079428
0 0.592534 0.867355 0.031771 0.079428
0 0.523431 0.867355 0.031771 0.079428
0 0.478952 0.867355 0.031771 0.079428
0 0.444797 0.867355 0.031771 0.079428
0 0.411438 0.867355 0.031771 0.079428
0 0.364575 0.867355 0.031771 0.079428
0 0.326450 0.867355 0.031771 0.079428
0 0.286736 0.867355 0.031771 0.079428
0 0.243844 0.867355 0.031771 0.079428
0 0.202542 0.867355 0.031771 0.079428
0 0.132645 0.797458 0.079428 0.031771
0 0.132645 0.755361 0.079428 0.031771
0 0.132645 0.704527 0.079428 0.031771
0 0.132645 0.662431 0.079428 0.031771
0 0.132645 0.622716 0.079428 0.031771
0 0.132645 0.585385 0.079428 0.031771
0 0.132645 0.549643 0.079428 0.031771
0 0.132645 0.513900 0.079428 0.031771
0 0.132645 0.471803 0.079428 0.031771
0 0.132645 0.435266 0.079428 0.031771
0 0.132645 0.401112 0.079428 0.031771
0 0.132645 0.365369 0.079428 0.031771
0 0.132645 0.332010 0.079428 0.031771
0 0.132645 0.288324 0.079428 0.031771
0 0.132645 0.236696 0.079428 0.031771
0 0.132645 0.196187 0.079428 0.031771
0 0.208102 0.142176 0.031771 0.079428
0 0.247816 0.142176 0.031771 0.079428
0 0.285147 0.142176 0.031771 0.079428
0 0.323272 0.142176 0.031771 0.079428
0 0.357427 0.142176 0.031771 0.079428
0 0.391581 0.142176 0.031771 0.079428
0 0.428912 0.142176 0.031771 0.079428
0 0.465449 0.142176 0.031771 0.079428
0 0.521048 0.142176 0.031771 0.079428
0 0.550437 0.142176 0.031771 0.079428
0 0.583002 0.142176 0.031771 0.079428
0 0.614774 0.142176 0.031771 0.079428
0 0.650516 0.142176 0.031771 0.079428
0 0.700556 0.142176 0.031771 0.079428
0 0.737093 0.142176 0.031771 0.079428
0 0.774424 0.142176 0.031771 0.079428
0 0.857824 0.197776 0.079428 0.031771
0 0.857824 0.237490 0.079428 0.031771
0 0.857824 0.275616 0.079428 0.031771
0 0.857824 0.319301 0.079428 0.031771
0 0.857824 0.353455 0.079428 0.031771
0 0.857824 0.398729 0.079428 0.031771
0 0.857824 0.460683 0.079428 0.031771
0 0.857824 0.516283 0.079428 0.031771
0 0.857824 0.550437 0.079428 0.031771
0 0.857824 0.583002 0.079428 0.031771
0 0.857824 0.618745 0.079428 0.031771
0 0.857824 0.656871 0.079428 0.031771
0 0.857824 0.706116 0.079428 0.031771
0 0.857824 0.745036 0.079428 0.031771
0 0.779984 0.857824 0.031771 0.079428
0 0.736299 0.857824 0.031771 0.079428
0 0.694202 0.857824 0.031771 0.079428
0 0.657665 0.857824 0.031771 0.079428
0 0.623511 0.857824 0.031771 0.079428
0 0.590945 0.857824 0.031771 0.079428
0 0.555997 0.857824 0.031771 0.079428
0 0.521843 0.857824 0.031771 0.079428
0 0.478952 0.857824 0.031771 0.079428
0 0.445592 0.857824 0.031771 0.079428
0 0.365369 0.857824 0.031771 0.079428
0 0.328038 0.857824 0.031771 0.079428
0 0.289118 0.857824 0.031771 0.079428
0 0.247816 0.857824 0.031771 0.079428
0 0.208896 0.857824 0.031771 0.079428
0 0.142176 0.788721 0.079428 0.031771
0 0.142176 0.749007 0.079428 0.031771
0 0.142176 0.694996 0.079428 0.031771
0 0.142176 0.656076 0.079428 0.031771
0 0.142176 0.617156 0.079428 0.031771
0 0.142176 0.581414 0.079428 0.031771
0 0.142176 0.545671 0.079428 0.031771
0 0.142176 0.509929 0.079428 0.031771
0 0.142176 0.469420 0.079428 0.031771
0 0.142176 0.432883 0.079428 0.031771
0 0.142176 0.400318 0.079428 0.031771
0 0.142176 0.365369 0.079428 0.031771
0 0.142176 0.334392 0.079428 0.031771
0 0.142176 0.291501 0.079428 0.031771
0 0.142176 0.239873 0.079428 0.031771
0 0.142176 0.200953 0.079428 0.031771
0 0.212073 0.146942 0.031771 0.079428
0 0.250199 0.146942 0.031771 0.079428
0 0.286736 0.146942 0.031771 0.079428
0 0.324067 0.146942 0.031771 0.079428
0 0.390786 0.146942 0.031771 0.079428
0 0.428118 0.146942 0.031771 0.079428
0 0.464654 0.146942 0.031771 0.079428
0 0.520254 0.146942 0.031771 0.079428
0 0.580620 0.146942 0.031771 0.079428
0 0.613185 0.146942 0.031771 0.079428
0 0.645751 0.146942 0.031771 0.079428
0 0.696585 0.146942 0.031771 0.079428
0 0.732327 0.146942 0.031771 0.079428
0 0.767276 0.146942 0.031771 0.079428
0 0.853058 0.200159 0.079428 0.031771
0 0.853058 0.320095 0.079428 0.031771
0 0.853058 0.353455 0.079428 0.031771
0 0.853058 0.429706 0.079428 0.031771
0 0.853058 0.463860 0.079428 0.031771
0 0.853058 0.516283 0.079428 0.031771
0 0.853058 0.617156 0.079428 0.031771
0 0.853058 0.653693 0.079428 0.031771
0 0.853058 0.702939 0.079428 0.031771
0 0.853058 0.779984 0.079428 0.031771
0 0.773630 0.853058 0.031771 0.079428
0 0.731533 0.853058 0.031771 0.079428
0 0.690230 0.853058 0.031771 0.079428
0 0.654488 0.853058 0.031771 0.079428
0 0.623511 0.853058 0.031771 0.079428
0 0.589357 0.853058 0.031771 0.079428
0 0.521048 0.853058 0.031771 0.079428
0 0.479746 0.853058 0.031771 0.079428
0 0.445592 0.853058 0.031771 0.079428
0 0.413026 0.853058 0.031771 0.079428
0 0.329627 0.853058 0.031771 0.079428
0 0.290707 0.853058 0.031771 0.079428
0 0.250199 0.853058 0.031771 0.079428
0 0.212073 0.853058 0.031771 0.079428
0 0.146942 0.785544 0.079428 0.031771
0 0.146942 0.745036 0.079428 0.031771
0 0.146942 0.690230 0.079428 0.031771
0 0.146942 0.651311 0.079428 0.031771
0 0.146942 0.614774 0.079428 0.031771
0 0.146942 0.579031 0.079428 0.031771
0 0.146942 0.542494 0.079428 0.031771
0 0.146942 0.508340 0.079428 0.031771
0 0.146942 0.467832 0.079428 0.031771
0 0.146942 0.432089 0.079428 0.031771
0 0.146942 0.399523 0.079428 0.031771
0 0.146942 0.366164 0.079428 0.031771
0 0.146942 0.335187 0.079428 0.031771
0 0.146942 0.293090 0.079428 0.031771
0 0.146942 0.241461 0.079428 0.031771
0 0.146942 0.203336 0.079428 0.031771
0 0.215250 0.151708 0.031771 0.079428
0 0.251787 0.151708 0.031771 0.079428
0 0.288324 0.151708 0.031771 0.079428
0 0.324861 0.151708 0.031771 0.079428
0 0.356632 0.151708 0.031771 0.079428
0 0.389198 0.151708 0.031771 0.079428
0 0.428118 0.151708 0.031771 0.079428
0 0.464654 0.151708 0.031771 0.079428
0 0.579031 0.151708 0.031771 0.079428
0 0.610008 0.151708 0.031771 0.079428
0 0.642573 0.151708 0.031771 0.079428
0 0.693407 0.151708 0.031771 0.079428
0 0.727562 0.151708 0.031771 0.079428
0 0.761716 0.151708 0.031771 0.079428
0 0.848292 0.276410 0.079428 0.031771
0 0.848292 0.352661 0.079428 0.031771
0 0.848292 0.397935 0.079428 0.031771
0 0.848292 0.515488 0.079428 0.031771
0 0.848292 0.548848 0.079428 0.031771
0 0.848292 0.614774 0.079428 0.031771
0 0.848292 0.650516 0.079428 0.031771
0 0.848292 0.700556 0.079428 0.031771
0 0.848292 0.737887 0.079428 0.031771
0 0.768070 0.848292 0.031771 0.079428
0 0.725973 0.848292 0.031771 0.079428
0 0.686259 0.848292 0.031771 0.079428
0 0.652105 0.848292 0.031771 0.079428
0 0.621922 0.848292 0.031771 0.079428
0 0.589357 0.848292 0.031771 0.079428
0 0.555997 0.848292 0.031771 0.079428
0 0.445592 0.848292 0.031771 0.079428
0 0.415409 0.848292 0.031771 0.079428
0 0.366958 0.848292 0.031771 0.079428
0 0.293090 0.848292 0.031771 0.079428
0 0.252581 0.848292 0.031771 0.079428
0 0.215250 0.848292 0.031771 0.079428
0 0.151708 0.780778 0.079428 0.031771
0 0.151708 0.741859 0.079428 0.031771
0 0.151708 0.686259 0.079428 0.031771
0 0.151708 0.648133 0.079428 0.031771
0 0.151708 0.611597 0.079428 0.031771
0 0.151708 0.577442 0.079428 0.031771
0 0.151708 0.540905 0.079428 0.031771
0 0.151708 0.506751 0.079428 0.031771
0 0.151708 0.467037 0.079428 0.031771
0 0.151708 0.431295 0.079428 0.031771
0 0.151708 0.399523 0.079428 0.031771
0 0.151708 0.336775 0.079428 0.031771
0 0.151708 0.294678 0.079428 0.031771
0 0.151708 0.242256 0.079428 0.031771
0 0.151708 0.205719 0.079428 0.031771
0 0.219222 0.156473 0.031771 0.079428
0 0.289913 0.156473 0.031771 0.079428
0 0.324861 0.156473 0.031771 0.079428
0 0.355838 0.156473 0.031771 0.079428
0 0.389198 0.156473 0.031771 0.079428
0 0.427323 0.156473 0.031771 0.079428
0 0.578237 0.156473 0.031771 0.079428
0 0.607625 0.156473 0.031771 0.079428
0 0.639396 0.156473 0.031771 0.079428
0 0.690230 0.156473 0.031771 0.079428
0 0.755361 0.156473 0.031771 0.079428
0 0.843527 0.204130 0.079428 0.031771
0 0.843527 0.320095 0.079428 0.031771
0 0.843527 0.352661 0.079428 0.031771
0 0.843527 0.455917 0.079428 0.031771
0 0.843527 0.510723 0.079428 0.031771
0 0.843527 0.648133 0.079428 0.031771
0 0.843527 0.698173 0.079428 0.031771
0 0.843527 0.734710 0.079428 0.031771
0 0.763304 0.843527 0.031771 0.079428
0 0.619539 0.843527 0.031771 0.079428
0 0.587768 0.843527 0.031771 0.079428
0 0.520254 0.843527 0.031771 0.079428
0 0.416203 0.843527 0.031771 0.079428
0 0.366958 0.843527 0.031771 0.079428
0 0.332010 0.843527 0.031771 0.079428
0 0.254170 0.843527 0.031771 0.079428
0 0.217633 0.843527 0.031771 0.079428
0 0.156473 0.776013 0.079428 0.031771
0 0.156473 0.738681 0.079428 0.031771
0 0.156473 0.680699 0.079428 0.031771
0 0.156473 0.644956 0.079428 0.031771
0 0.156473 0.609214 0.079428 0.031771
0 0.156473 0.575060 0.079428 0.031771
0 0.156473 0.538523 0.079428 0.031771
0 0.156473 0.505163 0.079428 0.031771
0 0.156473 0.465449 0.079428 0.031771
0 0.156473 0.430500 0.079428 0.031771
0 0.156473 0.399523 0.079428 0.031771
0 0.156473 0.366958 0.079428 0.031771
0 0.156473 0.337569 0.079428 0.031771
0 0.156473 0.296267 0.079428 0.031771
0 0.156473 0.243844 0.079428 0.031771
0 0.156473 0.208102 0.079428 0.031771
0 0.221604 0.161239 0.031771 0.079428
0 0.257347 0.161239 0.031771 0.079428
0 0.292295 0.161239 0.031771 0.079428
0 0.325655 0.161239 0.031771 0.079428
0 0.356632 0.161239 0.031771 0.079428
0 0.387609 0.161239 0.031771 0.079428
0 0.427323 0.161239 0.031771 0.079428
0 0.463066 0.161239 0.031771 0.079428
0 0.520254 0.161239 0.031771 0.079428
0 0.547260 0.161239 0.031771 0.079428
0 0.576648 0.161239 0.031771 0.079428
0 0.635425 0.161239 0.031771 0.079428
0 0.749801 0.161239 0.031771 0.079428
0 0.838761 0.397935 0.079428 0.031771
0 0.838761 0.427323 0.079428 0.031771
0 0.838761 0.455123 0.079428 0.031771
0 0.838761 0.514694 0.079428 0.031771
0 0.838761 0.610802 0.079428 0.031771
0 0.838761 0.732327 0.079428 0.031771
0 0.717236 0.838761 0.031771 0.079428
0 0.679110 0.838761 0.031771 0.079428
0 0.555997 0.838761 0.031771 0.079428
0 0.519460 0.838761 0.031771 0.079428
0 0.480540 0.838761 0.031771 0.079428
0 0.417792 0.838761 0.031771 0.079428
0 0.333598 0.838761 0.031771 0.079428
0 0.296267 0.838761 0.031771 0.079428
0 0.257347 0.838761 0.031771 0.079428
0 0.220810 0.838761 0.031771 0.079428
0 0.161239 0.772041 0.079428 0.031771
0 0.161239 0.734710 0.079428 0.031771
0 0.161239 0.677522 0.079428 0.031771
0 0.161239 0.640985 0.079428 0.031771
0 0.161239 0.606831 0.079428 0.031771
0 0.161239 0.573471 0.079428 0.031771
0 0.161239 0.536934 0.079428 0.031771
0 0.161239 0.502780 0.079428 0.031771
0 0.161239 0.463860 0.079428 0.031771
0 0.161239 0.429706 0.079428 0.031771
0 0.161239 0.399523 0.079428 0.031771
0 0.161239 0.367752 0.079428 0.031771
0 0.161239 0.339158 0.079428 0.031771
0 0.161239 0.297855 0.079428 0.031771
0 0.161239 0.245433 0.079428 0.031771
0 0.161239 0.210485 0.079428 0.031771
0 0.204925 0.137411 0.031771 0.079428
0 0.245433 0.137411 0.031771 0.079428
0 0.283558 0.137411 0.031771 0.079428
0 0.322478 0.137411 0.031771 0.079428
0 0.357427 0.137411 0.031771 0.079428
0 0.392375 0.137411 0.031771 0.079428
0 0.428912 0.137411 0.031771 0.079428
0 0.466243 0.137411 0.031771 0.079428
0 0.521843 0.137411 0.031771 0.079428
0 0.552025 0.137411 0.031771 0.079428
0 0.584591 0.137411 0.031771 0.079428
0 0.617951 0.137411 0.031771 0.079428
0 0.653693 0.137411 0.031771 0.079428
0 0.703733 0.137411 0.031771 0.079428
0 0.741064 0.137411 0.031771 0.079428
0 0.780778 0.137411 0.031771 0.079428
0 0.862589 0.196187 0.079428 0.031771
0 0.862589 0.235902 0.079428 0.031771
0 0.862589 0.275616 0.079428 0.031771
0 0.862589 0.319301 0.079428 0.031771
0 0.862589 0.355044 0.079428 0.031771
0 0.862589 0.398729 0.079428 0.031771
0 0.862589 0.431295 0.079428 0.031771
0 0.862589 0.462272 0.079428 0.031771
0 0.862589 0.513900 0.079428 0.031771
0 0.862589 0.551231 0.079428 0.031771
0 0.862589 0.584591 0.079428 0.031771
0 0.862589 0.621922 0.079428 0.031771
0 0.862589 0.660048 0.079428 0.031771
0 0.862589 0.748213 0.079428 0.031771
0 0.862589 0.789515 0.079428 0.031771
0 0.785544 0.862589 0.031771 0.079428
0 0.741064 0.862589 0.031771 0.079428
0 0.698967 0.862589 0.031771 0.079428
0 0.661636 0.862589 0.031771 0.079428
0 0.626688 0.862589 0.031771 0.079428
0 0.556791 0.862589 0.031771 0.079428
0 0.521843 0.862589 0.031771 0.079428
0 0.479746 0.862589 0.031771 0.079428
0 0.445592 0.862589 0.031771 0.079428
0 0.411438 0.862589 0.031771 0.079428
0 0.365369 0.862589 0.031771 0.079428
0 0.327244 0.862589 0.031771 0.079428
0 0.287530 0.862589 0.031771 0.079428
0 0.205719 0.862589 0.031771 0.079428
0 0.137411 0.793487 0.079428 0.031771
0 0.137411 0.752184 0.079428 0.031771
0 0.137411 0.700556 0.079428 0.031771
0 0.137411 0.659253 0.079428 0.031771
0 0.137411 0.620334 0.079428 0.031771
0 0.137411 0.583797 0.079428 0.031771
0 0.137411 0.547260 0.079428 0.031771
0 0.137411 0.512311 0.079428 0.031771
0 0.137411 0.470214 0.079428 0.031771
0 0.137411 0.433678 0.079428 0.031771
0 0.137411 0.400318 0.079428 0.031771
0 0.137411 0.365369 0.079428 0.031771
0 0.137411 0.332804 0.079428 0.031771
0 0.137411 0.289913 0.079428 0.031771
0 0.137411 0.198570 0.079428 0.031771
