0 0.201747 0.135028 0.031771 0.079428
0 0.243844 0.135028 0.031771 0.079428
0 0.282764 0.135028 0.031771 0.079428
0 0.323272 0.135028 0.031771 0.079428
0 0.359809 0.135028 0.031771 0.079428
0 0.395552 0.135028 0.031771 0.079428
0 0.428912 0.135028 0.031771 0.079428
0 0.466243 0.135028 0.031771 0.079428
0 0.521048 0.135028 0.031771 0.079428
0 0.552025 0.135028 0.031771 0.079428
0 0.584591 0.135028 0.031771 0.079428
0 0.620334 0.135028 0.031771 0.079428
0 0.655282 0.135028 0.031771 0.079428
0 0.704527 0.135028 0.031771 0.079428
0 0.744241 0.135028 0.031771 0.079428
0 0.784750 0.135028 0.031771 0.079428
0 0.864972 0.196982 0.079428 0.031771
0 0.864972 0.276410 0.079428 0.031771
0 0.864972 0.320890 0.079428 0.031771
0 0.864972 0.356632 0.079428 0.031771
0 0.864972 0.400318 0.079428 0.031771
0 0.864972 0.433678 0.079428 0.031771
0 0.864972 0.464654 0.079428 0.031771
0 0.864972 0.517077 0.079428 0.031771
0 0.864972 0.557585 0.079428 0.031771
0 0.864972 0.589357 0.079428 0.031771
0 0.864972 0.625894 0.079428 0.031771
0 0.864972 0.664019 0.079428 0.031771
0 0.864972 0.712470 0.079428 0.031771
0 0.864972 0.752184 0.079428 0.031771
0 0.864972 0.792693 0.079428 0.031771
0 0.791898 0.864972 0.031771 0.079428
0 0.748213 0.864972 0.031771 0.079428
0 0.706116 0.864972 0.031771 0.079428
0 0.667990 0.864972 0.031771 0.079428
0 0.631454 0.864972 0.031771 0.079428
0 0.595711 0.864972 0.031771 0.079428
0 0.560763 0.864972 0.031771 0.079428
0 0.524226 0.864972 0.031771 0.079428
0 0.480540 0.864972 0.031771 0.079428
0 0.445592 0.864972 0.031771 0.079428
0 0.412232 0.864972 0.031771 0.079428
0 0.365369 0.864972 0.031771 0.079428
0 0.327244 0.864972 0.031771 0.079428
0 0.287530 0.864972 0.031771 0.079428
0 0.247021 0.864972 0.031771 0.079428
0 0.204130 0.864972 0.031771 0.079428
0 0.135028 0.795075 0.079428 0.031771
0 0.135028 0.753773 0.079428 0.031771
0 0.135028 0.702939 0.079428 0.031771
0 0.135028 0.660842 0.079428 0.031771
0 0.135028 0.623511 0.079428 0.031771
0 0.135028 0.584591 0.079428 0.031771
0 0.135028 0.548848 0.079428 0.031771
0 0.135028 0.513106 0.079428 0.031771
0 0.135028 0.471803 0.079428 0.031771
0 0.135028 0.435266 0.079428 0.031771
0 0.135028 0.401112 0.079428 0.031771
0 0.135028 0.366164 0.079428 0.031771
0 0.135028 0.332804 0.079428 0.031771
0 0.135028 0.289118 0.079428 0.031771
0 0.135028 0.237490 0.079428 0.031771
0 0.135028 0.196982 0.079428 0.031771
0 0.208102 0.144559 0.031771 0.079428
0 0.247816 0.144559 0.031771 0.079428
0 0.285941 0.144559 0.031771 0.079428
0 0.324861 0.144559 0.031771 0.079428
0 0.359809 0.144559 0.031771 0.079428
0 0.392375 0.144559 0.031771 0.079428
0 0.427323 0.144559 0.031771 0.079428
0 0.464654 0.144559 0.031771 0.079428
0 0.520254 0.144559 0.031771 0.079428
0 0.550437 0.144559 0.031771 0.079428
0 0.581414 0.144559 0.031771 0.079428
0 0.614774 0.144559 0.031771 0.079428
0 0.647339 0.144559 0.031771 0.079428
0 0.697379 0.144559 0.031771 0.079428
0 0.735504 0.144559 0.031771 0.079428
0 0.772041 0.144559 0.031771 0.079428
0 0.855441 0.200953 0.079428 0.031771
0 0.855441 0.239873 0.079428 0.031771
0 0.855441 0.277204 0.079428 0.031771
0 0.855441 0.320890 0.079428 0.031771
0 0.855441 0.355838 0.079428 0.031771
0 0.855441 0.400318 0.079428 0.031771
0 0.855441 0.463066 0.079428 0.031771
0 0.855441 0.516283 0.079428 0.031771
0 0.855441 0.557585 0.079428 0.031771
0 0.855441 0.587768 0.079428 0.031771
0 0.855441 0.621922 0.079428 0.031771
0 0.855441 0.659253 0.079428 0.031771
0 0.855441 0.707705 0.079428 0.031771
0 0.855441 0.745830 0.079428 0.031771
0 0.855441 0.783956 0.079428 0.031771
0 0.780778 0.855441 0.031771 0.079428
0 0.739476 0.855441 0.031771 0.079428
0 0.698967 0.855441 0.031771 0.079428
0 0.661636 0.855441 0.031771 0.079428
0 0.628276 0.855441 0.031771 0.079428
0 0.594122 0.855441 0.031771 0.079428
0 0.560763 0.855441 0.031771 0.079428
0 0.522637 0.855441 0.031771 0.079428
0 0.480540 0.855441 0.031771 0.079428
0 0.446386 0.855441 0.031771 0.079428
0 0.413820 0.855441 0.031771 0.079428
0 0.366958 0.855441 0.031771 0.079428
0 0.329627 0.855441 0.031771 0.079428
0 0.290707 0.855441 0.031771 0.079428
0 0.250993 0.855441 0.031771 0.079428
0 0.209690 0.855441 0.031771 0.079428
0 0.144559 0.787133 0.079428 0.031771
0 0.144559 0.747419 0.079428 0.031771
0 0.144559 0.693407 0.079428 0.031771
0 0.144559 0.653693 0.079428 0.031771
0 0.144559 0.617951 0.079428 0.031771
0 0.144559 0.580620 0.079428 0.031771
0 0.144559 0.544877 0.079428 0.031771
0 0.144559 0.509134 0.079428 0.031771
0 0.144559 0.469420 0.079428 0.031771
0 0.144559 0.433678 0.079428 0.031771
0 0.144559 0.400318 0.079428 0.031771
0 0.144559 0.366958 0.079428 0.031771
0 0.144559 0.334392 0.079428 0.031771
0 0.144559 0.291501 0.079428 0.031771
0 0.144559 0.239873 0.079428 0.031771
0 0.144559 0.201747 0.079428 0.031771
0 0.211279 0.149325 0.031771 0.079428
0 0.249404 0.149325 0.031771 0.079428
0 0.287530 0.149325 0.031771 0.079428
0 0.325655 0.149325 0.031771 0.079428
0 0.392375 0.149325 0.031771 0.079428
0 0.427323 0.149325 0.031771 0.079428
0 0.463860 0.149325 0.031771 0.079428
0 0.520254 0.149325 0.031771 0.079428
0 0.549643 0.149325 0.031771 0.079428
0 0.579825 0.149325 0.031771 0.079428
0 0.612391 0.149325 0.031771 0.079428
0 0.643368 0.149325 0.031771 0.079428
0 0.693407 0.149325 0.031771 0.079428
0 0.729944 0.149325 0.031771 0.079428
0 0.766481 0.149325 0.031771 0.079428
0 0.850675 0.202542 0.079428 0.031771
0 0.850675 0.241461 0.079428 0.031771
0 0.850675 0.277204 0.079428 0.031771
0 0.850675 0.320890 0.079428 0.031771
0 0.850675 0.355044 0.079428 0.031771
0 0.850675 0.400318 0.079428 0.031771
0 0.850675 0.432089 0.079428 0.031771
0 0.850675 0.461477 0.079428 0.031771
0 0.850675 0.516283 0.079428 0.031771
0 0.850675 0.556791 0.079428 0.031771
0 0.850675 0.586974 0.079428 0.031771
0 0.850675 0.620334 0.079428 0.031771
0 0.850675 0.656076 0.079428 0.031771
0 0.850675 0.705322 0.079428 0.031771
0 0.850675 0.742653 0.079428 0.031771
0 0.850675 0.779984 0.079428 0.031771
0 0.776013 0.850675 0.031771 0.079428
0 0.733916 0.850675 0.031771 0.079428
0 0.694996 0.850675 0.031771 0.079428
0 0.659253 0.850675 0.031771 0.079428
0 0.626688 0.850675 0.031771 0.079428
0 0.593328 0.850675 0.031771 0.079428
0 0.561557 0.850675 0.031771 0.079428
0 0.522637 0.850675 0.031771 0.079428
0 0.480540 0.850675 0.031771 0.079428
0 0.446386 0.850675 0.031771 0.079428
0 0.414615 0.850675 0.031771 0.079428
0 0.366958 0.850675 0.031771 0.079428
0 0.330421 0.850675 0.031771 0.079428
0 0.292295 0.850675 0.031771 0.079428
0 0.252581 0.850675 0.031771 0.079428
0 0.212867 0.850675 0.031771 0.079428
0 0.149325 0.783161 0.079428 0.031771
0 0.149325 0.743447 0.079428 0.031771
0 0.149325 0.688642 0.079428 0.031771
0 0.149325 0.650516 0.079428 0.031771
0 0.149325 0.614774 0.079428 0.031771
0 0.149325 0.579031 0.079428 0.031771
0 0.149325 0.542494 0.079428 0.031771
0 0.149325 0.507546 0.079428 0.031771
0 0.149325 0.468626 0.079428 0.031771
0 0.149325 0.432883 0.079428 0.031771
0 0.149325 0.400318 0.079428 0.031771
0 0.149325 0.366958 0.079428 0.031771
0 0.149325 0.335981 0.079428 0.031771
0 0.149325 0.293090 0.079428 0.031771
0 0.149325 0.240667 0.079428 0.031771
0 0.149325 0.204130 0.079428 0.031771
0 0.214456 0.154091 0.031771 0.079428
0 0.251787 0.154091 0.031771 0.079428
0 0.288324 0.154091 0.031771 0.079428
0 0.325655 0.154091 0.031771 0.079428
0 0.358221 0.154091 0.031771 0.079428
0 0.390786 0.154091 0.031771 0.079428
0 0.427323 0.154091 0.031771 0.079428
0 0.463066 0.154091 0.031771 0.079428
0 0.520254 0.154091 0.031771 0.079428
0 0.548848 0.154091 0.031771 0.079428
0 0.578237 0.154091 0.031771 0.079428
0 0.609214 0.154091 0.031771 0.079428
0 0.639396 0.154091 0.031771 0.079428
0 0.690230 0.154091 0.031771 0.079428
0 0.725973 0.154091 0.031771 0.079428
0 0.845909 0.204925 0.079428 0.031771
0 0.845909 0.321684 0.079428 0.031771
0 0.845909 0.355044 0.079428 0.031771
0 0.845909 0.400318 0.079428 0.031771
0 0.845909 0.431295 0.079428 0.031771
0 0.845909 0.459889 0.079428 0.031771
0 0.845909 0.515488 0.079428 0.031771
0 0.845909 0.586180 0.079428 0.031771
0 0.845909 0.618745 0.079428 0.031771
0 0.845909 0.654488 0.079428 0.031771
0 0.845909 0.739476 0.079428 0.031771
0 0.845909 0.776013 0.079428 0.031771
0 0.770453 0.845909 0.031771 0.079428
0 0.729944 0.845909 0.031771 0.079428
0 0.691819 0.845909 0.031771 0.079428
0 0.656871 0.845909 0.031771 0.079428
0 0.625099 0.845909 0.031771 0.079428
0 0.592534 0.845909 0.031771 0.079428
0 0.561557 0.845909 0.031771 0.079428
0 0.522637 0.845909 0.031771 0.079428
0 0.480540 0.845909 0.031771 0.079428
0 0.447180 0.845909 0.031771 0.079428
0 0.416203 0.845909 0.031771 0.079428
0 0.367752 0.845909 0.031771 0.079428
0 0.332010 0.845909 0.031771 0.079428
0 0.293884 0.845909 0.031771 0.079428
0 0.254964 0.845909 0.031771 0.079428
0 0.216044 0.845909 0.031771 0.079428
0 0.154091 0.778396 0.079428 0.031771
0 0.154091 0.740270 0.079428 0.031771
0 0.154091 0.684670 0.079428 0.031771
0 0.154091 0.646545 0.079428 0.031771
0 0.154091 0.612391 0.079428 0.031771
0 0.154091 0.576648 0.079428 0.031771
0 0.154091 0.540905 0.079428 0.031771
0 0.154091 0.505957 0.079428 0.031771
0 0.154091 0.467832 0.079428 0.031771
0 0.154091 0.431295 0.079428 0.031771
0 0.154091 0.399523 0.079428 0.031771
0 0.154091 0.367752 0.079428 0.031771
0 0.154091 0.336775 0.079428 0.031771
0 0.154091 0.294678 0.079428 0.031771
0 0.154091 0.242256 0.079428 0.031771
0 0.154091 0.205719 0.079428 0.031771
0 0.216839 0.158856 0.031771 0.079428
0 0.253376 0.158856 0.031771 0.079428
0 0.290707 0.158856 0.031771 0.079428
0 0.325655 0.158856 0.031771 0.079428
0 0.358221 0.158856 0.031771 0.079428
0 0.389992 0.158856 0.031771 0.079428
0 0.426529 0.158856 0.031771 0.079428
0 0.462272 0.158856 0.031771 0.079428
0 0.520254 0.158856 0.031771 0.079428
0 0.548054 0.158856 0.031771 0.079428
0 0.576648 0.158856 0.031771 0.079428
0 0.607625 0.158856 0.031771 0.079428
0 0.636219 0.158856 0.031771 0.079428
0 0.721207 0.158856 0.031771 0.079428
0 0.753773 0.158856 0.031771 0.079428
0 0.841144 0.206513 0.079428 0.031771
0 0.841144 0.243844 0.079428 0.031771
0 0.841144 0.278793 0.079428 0.031771
0 0.841144 0.321684 0.079428 0.031771
0 0.841144 0.355044 0.079428 0.031771
0 0.841144 0.400318 0.079428 0.031771
0 0.841144 0.430500 0.079428 0.031771
0 0.841144 0.459095 0.079428 0.031771
0 0.841144 0.521843 0.079428 0.031771
0 0.841144 0.585385 0.079428 0.031771
0 0.841144 0.617156 0.079428 0.031771
0 0.841144 0.652105 0.079428 0.031771
0 0.841144 0.737093 0.079428 0.031771
0 0.765687 0.841144 0.031771 0.079428
0 0.725973 0.841144 0.031771 0.079428
0 0.688642 0.841144 0.031771 0.079428
0 0.654488 0.841144 0.031771 0.079428
0 0.623511 0.841144 0.031771 0.079428
0 0.592534 0.841144 0.031771 0.079428
0 0.561557 0.841144 0.031771 0.079428
0 0.521843 0.841144 0.031771 0.079428
0 0.481334 0.841144 0.031771 0.079428
0 0.447975 0.841144 0.031771 0.079428
0 0.417792 0.841144 0.031771 0.079428
0 0.368546 0.841144 0.031771 0.079428
0 0.332804 0.841144 0.031771 0.079428
0 0.256553 0.841144 0.031771 0.079428
0 0.219222 0.841144 0.031771 0.079428
0 0.158856 0.774424 0.079428 0.031771
0 0.158856 0.737093 0.079428 0.031771
0 0.158856 0.680699 0.079428 0.031771
0 0.158856 0.643368 0.079428 0.031771
0 0.158856 0.609214 0.079428 0.031771
0 0.158856 0.575060 0.079428 0.031771
0 0.158856 0.538523 0.079428 0.031771
0 0.158856 0.503574 0.079428 0.031771
0 0.158856 0.466243 0.079428 0.031771
0 0.158856 0.430500 0.079428 0.031771
0 0.158856 0.399523 0.079428 0.031771
0 0.158856 0.368546 0.079428 0.031771
0 0.158856 0.338364 0.079428 0.031771
0 0.158856 0.296267 0.079428 0.031771
0 0.158856 0.243050 0.079428 0.031771
0 0.158856 0.208102 0.079428 0.031771
0 0.220016 0.163622 0.031771 0.079428
0 0.256553 0.163622 0.031771 0.079428
0 0.291501 0.163622 0.031771 0.079428
0 0.326450 0.163622 0.031771 0.079428
0 0.358221 0.163622 0.031771 0.079428
0 0.389198 0.163622 0.031771 0.079428
0 0.425735 0.163622 0.031771 0.079428
0 0.461477 0.163622 0.031771 0.079428
0 0.519460 0.163622 0.031771 0.079428
0 0.547260 0.163622 0.031771 0.079428
0 0.575060 0.163622 0.031771 0.079428
0 0.632248 0.163622 0.031771 0.079428
0 0.683082 0.163622 0.031771 0.079428
0 0.747419 0.163622 0.031771 0.079428
0 0.836378 0.245433 0.079428 0.031771
0 0.836378 0.322478 0.079428 0.031771
0 0.836378 0.400318 0.079428 0.031771
0 0.836378 0.458300 0.079428 0.031771
0 0.836378 0.521048 0.079428 0.031771
0 0.836378 0.556791 0.079428 0.031771
0 0.836378 0.584591 0.079428 0.031771
0 0.836378 0.615568 0.079428 0.031771
0 0.836378 0.648928 0.079428 0.031771
0 0.836378 0.698967 0.079428 0.031771
0 0.836378 0.733916 0.079428 0.031771
0 0.836378 0.768070 0.079428 0.031771
0 0.760921 0.836378 0.031771 0.079428
0 0.721207 0.836378 0.031771 0.079428
0 0.684670 0.836378 0.031771 0.079428
0 0.652105 0.836378 0.031771 0.079428
0 0.621922 0.836378 0.031771 0.079428
0 0.591739 0.836378 0.031771 0.079428
0 0.521843 0.836378 0.031771 0.079428
0 0.481334 0.836378 0.031771 0.079428
0 0.447975 0.836378 0.031771 0.079428
0 0.419380 0.836378 0.031771 0.079428
0 0.368546 0.836378 0.031771 0.079428
0 0.334392 0.836378 0.031771 0.079428
0 0.298650 0.836378 0.031771 0.079428
0 0.258936 0.836378 0.031771 0.079428
0 0.222399 0.836378 0.031771 0.079428
0 0.163622 0.769658 0.079428 0.031771
0 0.163622 0.733916 0.079428 0.031771
0 0.163622 0.675139 0.079428 0.031771
0 0.163622 0.639396 0.079428 0.031771
0 0.163622 0.606831 0.079428 0.031771
0 0.163622 0.572677 0.079428 0.031771
0 0.163622 0.536934 0.079428 0.031771
0 0.163622 0.501986 0.079428 0.031771
0 0.163622 0.465449 0.079428 0.031771
0 0.163622 0.429706 0.079428 0.031771
0 0.163622 0.399523 0.079428 0.031771
0 0.163622 0.369341 0.079428 0.031771
0 0.163622 0.339158 0.079428 0.031771
0 0.163622 0.297855 0.079428 0.031771
0 0.163622 0.244639 0.079428 0.031771
0 0.163622 0.210485 0.079428 0.031771
0 0.204925 0.139793 0.031771 0.079428
0 0.245433 0.139793 0.031771 0.079428
0 0.284353 0.139793 0.031771 0.079428
0 0.324067 0.139793 0.031771 0.079428
0 0.359809 0.139793 0.031771 0.079428
0 0.393963 0.139793 0.031771 0.079428
0 0.428118 0.139793 0.031771 0.079428
0 0.464654 0.139793 0.031771 0.079428
0 0.520254 0.139793 0.031771 0.079428
0 0.551231 0.139793 0.031771 0.079428
0 0.583002 0.139793 0.031771 0.079428
0 0.617951 0.139793 0.031771 0.079428
0 0.651311 0.139793 0.031771 0.079428
0 0.700556 0.139793 0.031771 0.079428
0 0.779190 0.139793 0.031771 0.079428
0 0.860207 0.198570 0.079428 0.031771
0 0.860207 0.238284 0.079428 0.031771
0 0.860207 0.276410 0.079428 0.031771
0 0.860207 0.320890 0.079428 0.031771
0 0.860207 0.356632 0.079428 0.031771
0 0.860207 0.400318 0.079428 0.031771
0 0.860207 0.433678 0.079428 0.031771
0 0.860207 0.463860 0.079428 0.031771
0 0.860207 0.517077 0.079428 0.031771
0 0.860207 0.557585 0.079428 0.031771
0 0.860207 0.588562 0.079428 0.031771
0 0.860207 0.623511 0.079428 0.031771
0 0.860207 0.661636 0.079428 0.031771
0 0.860207 0.709293 0.079428 0.031771
0 0.860207 0.748213 0.079428 0.031771
0 0.860207 0.787927 0.079428 0.031771
0 0.786338 0.860207 0.031771 0.079428
0 0.744241 0.860207 0.031771 0.079428
0 0.702939 0.860207 0.031771 0.079428
0 0.664813 0.860207 0.031771 0.079428
0 0.629865 0.860207 0.031771 0.079428
0 0.594917 0.860207 0.031771 0.079428
0 0.560763 0.860207 0.031771 0.079428
0 0.523431 0.860207 0.031771 0.079428
0 0.480540 0.860207 0.031771 0.079428
0 0.445592 0.860207 0.031771 0.079428
0 0.413026 0.860207 0.031771 0.079428
0 0.366164 0.860207 0.031771 0.079428
0 0.328832 0.860207 0.031771 0.079428
0 0.289118 0.860207 0.031771 0.079428
0 0.248610 0.860207 0.031771 0.079428
0 0.207307 0.860207 0.031771 0.079428
0 0.139793 0.791104 0.079428 0.031771
0 0.139793 0.750596 0.079428 0.031771
0 0.139793 0.698173 0.079428 0.031771
0 0.139793 0.657665 0.079428 0.031771
0 0.139793 0.620334 0.079428 0.031771
0 0.139793 0.583002 0.079428 0.031771
0 0.139793 0.546465 0.079428 0.031771
0 0.139793 0.511517 0.079428 0.031771
0 0.139793 0.471009 0.079428 0.031771
0 0.139793 0.434472 0.079428 0.031771
0 0.139793 0.400318 0.079428 0.031771
0 0.139793 0.366164 0.079428 0.031771
0 0.139793 0.333598 0.079428 0.031771
0 0.139793 0.289913 0.079428 0.031771
0 0.139793 0.238284 0.079428 0.031771
0 0.139793 0.199365 0.079428 0.031771
