0 0.203953 0.137549 0.031621 0.079051
0 0.245059 0.137549 0.031621 0.079051
0 0.283794 0.137549 0.031621 0.079051
0 0.324901 0.137549 0.031621 0.079051
0 0.360474 0.137549 0.031621 0.079051
0 0.395257 0.137549 0.031621 0.079051
0 0.430040 0.137549 0.031621 0.079051
0 0.465613 0.137549 0.031621 0.079051
0 0.520158 0.137549 0.031621 0.079051
0 0.551779 0.137549 0.031621 0.079051
0 0.585771 0.137549 0.031621 0.079051
0 0.620553 0.137549 0.031621 0.079051
0 0.656126 0.137549 0.031621 0.079051
0 0.704348 0.137549 0.031621 0.079051
0 0.744664 0.137549 0.031621 0.079051
0 0.784190 0.137549 0.031621 0.079051
0 0.862451 0.199209 0.079051 0.031621
0 0.862451 0.239526 0.079051 0.031621
0 0.862451 0.278261 0.079051 0.031621
0 0.862451 0.323320 0.079051 0.031621
0 0.862451 0.358103 0.079051 0.031621
0 0.862451 0.402372 0.079051 0.031621
0 0.862451 0.434783 0.079051 0.031621
0 0.862451 0.465613 0.079051 0.031621
0 0.862451 0.517787 0.079051 0.031621
0 0.862451 0.556522 0.079051 0.031621
0 0.862451 0.589723 0.079051 0.031621
0 0.862451 0.626087 0.079051 0.031621
0 0.862451 0.661660 0.079051 0.031621
0 0.862451 0.710672 0.079051 0.031621
0 0.862451 0.750988 0.079051 0.031621
0 0.862451 0.790514 0.079051 0.031621
0 0.788933 0.862451 0.031621 0.079051
0 0.744664 0.862451 0.031621 0.079051
0 0.703557 0.862451 0.031621 0.079051
0 0.665613 0.862451 0.031621 0.079051
0 0.630040 0.862451 0.031621 0.079051
0 0.594466 0.862451 0.031621 0.079051
0 0.561265 0.862451 0.031621 0.079051
0 0.522530 0.862451 0.031621 0.079051
0 0.479842 0.862451 0.031621 0.079051
0 0.446640 0.862451 0.031621 0.079051
0 0.412648 0.862451 0.031621 0.079051
0 0.366798 0.862451 0.031621 0.079051
0 0.328854 0.862451 0.031621 0.079051
0 0.288538 0.862451 0.031621 0.079051
0 0.247431 0.862451 0.031621 0.079051
0 0.207115 0.862451 0.031621 0.079051
0 0.137549 0.794466 0.079051 0.031621
0 0.137549 0.753360 0.079051 0.031621
0 0.137549 0.701976 0.079051 0.031621
0 0.137549 0.660870 0.079051 0.031621
0 0.137549 0.622925 0.079051 0.031621
0 0.137549 0.585771 0.079051 0.031621
0 0.137549 0.550198 0.079051 0.031621
0 0.137549 0.513834 0.079051 0.031621
0 0.137549 0.487747 0.079051 0.031621
0 0.137549 0.437154 0.079051 0.031621
0 0.137549 0.401581 0.079051 0.031621
0 0.137549 0.367589 0.079051 0.031621
0 0.137549 0.334387 0.079051 0.031621
0 0.137549 0.291700 0.079051 0.031621
0 0.137549 0.241107 0.079051 0.031621
0 0.137549 0.200791 0.079051 0.031621
0 0.210277 0.147036 0.031621 0.079051
0 0.249012 0.147036 0.031621 0.079051
0 0.286166 0.147036 0.031621 0.079051
0 0.325692 0.147036 0.031621 0.079051
0 0.359684 0.147036 0.031621 0.079051
0 0.393676 0.147036 0.031621 0.079051
0 0.429249 0.147036 0.031621 0.079051
0 0.464822 0.147036 0.031621 0.079051
0 0.520158 0.147036 0.031621 0.079051
0 0.550198 0.147036 0.031621 0.079051
0 0.581818 0.147036 0.031621 0.079051
0 0.615020 0.147036 0.031621 0.079051
0 0.648221 0.147036 0.031621 0.079051
0 0.698024 0.147036 0.031621 0.079051
0 0.735968 0.147036 0.031621 0.079051
0 0.772332 0.147036 0.031621 0.079051
0 0.852964 0.203953 0.079051 0.031621
0 0.852964 0.241897 0.079051 0.031621
0 0.852964 0.279051 0.079051 0.031621
0 0.852964 0.323320 0.079051 0.031621
0 0.852964 0.357312 0.079051 0.031621
0 0.852964 0.402372 0.079051 0.031621
0 0.852964 0.433202 0.079051 0.031621
0 0.852964 0.463241 0.079051 0.031621
0 0.852964 0.516996 0.079051 0.031621
0 0.852964 0.555731 0.079051 0.031621
0 0.852964 0.587352 0.079051 0.031621
0 0.852964 0.621344 0.079051 0.031621
0 0.852964 0.656126 0.079051 0.031621
0 0.852964 0.705929 0.079051 0.031621
0 0.852964 0.743874 0.079051 0.031621
0 0.852964 0.781028 0.079051 0.031621
0 0.777866 0.852964 0.031621 0.079051
0 0.735178 0.852964 0.031621 0.079051
0 0.695652 0.852964 0.031621 0.079051
0 0.660079 0.852964 0.031621 0.079051
0 0.626087 0.852964 0.031621 0.079051
0 0.593676 0.852964 0.031621 0.079051
0 0.561265 0.852964 0.031621 0.079051
0 0.521739 0.852964 0.031621 0.079051
0 0.479842 0.852964 0.031621 0.079051
0 0.447431 0.852964 0.031621 0.079051
0 0.415020 0.852964 0.031621 0.079051
0 0.367589 0.852964 0.031621 0.079051
0 0.331225 0.852964 0.031621 0.079051
0 0.292490 0.852964 0.031621 0.079051
0 0.251383 0.852964 0.031621 0.079051
0 0.211858 0.852964 0.031621 0.079051
0 0.147036 0.784980 0.079051 0.031621
0 0.147036 0.745455 0.079051 0.031621
0 0.147036 0.691700 0.079051 0.031621
0 0.147036 0.653755 0.079051 0.031621
0 0.147036 0.581818 0.079051 0.031621
0 0.147036 0.545455 0.079051 0.031621
0 0.147036 0.510672 0.079051 0.031621
0 0.147036 0.471146 0.079051 0.031621
0 0.147036 0.433992 0.079051 0.031621
0 0.147036 0.400000 0.079051 0.031621
0 0.147036 0.368379 0.079051 0.031621
0 0.147036 0.335968 0.079051 0.031621
0 0.147036 0.294071 0.079051 0.031621
0 0.147036 0.242688 0.079051 0.031621
0 0.147036 0.205534 0.079051 0.031621
0 0.214229 0.151779 0.031621 0.079051
0 0.252174 0.151779 0.031621 0.079051
0 0.287747 0.151779 0.031621 0.079051
0 0.326482 0.151779 0.031621 0.079051
0 0.359684 0.151779 0.031621 0.079051
0 0.392885 0.151779 0.031621 0.079051
0 0.428458 0.151779 0.031621 0.079051
0 0.463241 0.151779 0.031621 0.079051
0 0.581028 0.151779 0.031621 0.079051
0 0.612648 0.151779 0.031621 0.079051
0 0.644269 0.151779 0.031621 0.079051
0 0.694071 0.151779 0.031621 0.079051
0 0.731225 0.151779 0.031621 0.079051
0 0.766008 0.151779 0.031621 0.079051
0 0.848221 0.205534 0.079051 0.031621
0 0.848221 0.243478 0.079051 0.031621
0 0.848221 0.279842 0.079051 0.031621
0 0.848221 0.323320 0.079051 0.031621
0 0.848221 0.356522 0.079051 0.031621
0 0.848221 0.402372 0.079051 0.031621
0 0.848221 0.432411 0.079051 0.031621
0 0.848221 0.461660 0.079051 0.031621
0 0.848221 0.516996 0.079051 0.031621
0 0.848221 0.554941 0.079051 0.031621
0 0.848221 0.586561 0.079051 0.031621
0 0.848221 0.619763 0.079051 0.031621
0 0.848221 0.653755 0.079051 0.031621
0 0.848221 0.702767 0.079051 0.031621
0 0.848221 0.739921 0.079051 0.031621
0 0.848221 0.777075 0.079051 0.031621
0 0.771542 0.848221 0.031621 0.079051
0 0.731225 0.848221 0.031621 0.079051
0 0.691700 0.848221 0.031621 0.079051
0 0.657708 0.848221 0.031621 0.079051
0 0.624506 0.848221 0.031621 0.079051
0 0.592885 0.848221 0.031621 0.079051
0 0.561265 0.848221 0.031621 0.079051
0 0.521739 0.848221 0.031621 0.079051
0 0.479842 0.848221 0.031621 0.079051
0 0.447431 0.848221 0.031621 0.079051
0 0.415810 0.848221 0.031621 0.079051
0 0.368379 0.848221 0.031621 0.079051
0 0.332806 0.848221 0.031621 0.079051
0 0.294071 0.848221 0.031621 0.079051
0 0.253755 0.848221 0.031621 0.079051
0 0.215020 0.848221 0.031621 0.079051
0 0.151779 0.781028 0.079051 0.031621
0 0.151779 0.742292 0.079051 0.031621
0 0.151779 0.687747 0.079051 0.031621
0 0.151779 0.649802 0.079051 0.031621
0 0.151779 0.614229 0.079051 0.031621
0 0.151779 0.579447 0.079051 0.031621
0 0.151779 0.543083 0.079051 0.031621
0 0.151779 0.508300 0.079051 0.031621
0 0.151779 0.469565 0.079051 0.031621
0 0.151779 0.433202 0.079051 0.031621
0 0.151779 0.400000 0.079051 0.031621
0 0.151779 0.368379 0.079051 0.031621
0 0.151779 0.337549 0.079051 0.031621
0 0.151779 0.295652 0.079051 0.031621
0 0.151779 0.244269 0.079051 0.031621
0 0.151779 0.207905 0.079051 0.031621
0 0.217391 0.156522 0.031621 0.079051
0 0.254545 0.156522 0.031621 0.079051
0 0.289328 0.156522 0.031621 0.079051
0 0.327273 0.156522 0.031621 0.079051
0 0.359684 0.156522 0.031621 0.079051
0 0.391304 0.156522 0.031621 0.079051
0 0.428458 0.156522 0.031621 0.079051
0 0.463241 0.156522 0.031621 0.079051
0 0.578656 0.156522 0.031621 0.079051
0 0.610277 0.156522 0.031621 0.079051
0 0.641107 0.156522 0.031621 0.079051
0 0.690909 0.156522 0.031621 0.079051
0 0.726482 0.156522 0.031621 0.079051
0 0.760474 0.156522 0.031621 0.079051
0 0.843478 0.207905 0.079051 0.031621
0 0.843478 0.245059 0.079051 0.031621
0 0.843478 0.279842 0.079051 0.031621
0 0.843478 0.324111 0.079051 0.031621
0 0.843478 0.356522 0.079051 0.031621
0 0.843478 0.402372 0.079051 0.031621
0 0.843478 0.432411 0.079051 0.031621
0 0.843478 0.460079 0.079051 0.031621
0 0.843478 0.516206 0.079051 0.031621
0 0.843478 0.554941 0.079051 0.031621
0 0.843478 0.584980 0.079051 0.031621
0 0.843478 0.617391 0.079051 0.031621
0 0.843478 0.650593 0.079051 0.031621
0 0.843478 0.700395 0.079051 0.031621
0 0.843478 0.736759 0.079051 0.031621
0 0.843478 0.773123 0.079051 0.031621
0 0.766798 0.843478 0.031621 0.079051
0 0.726482 0.843478 0.031621 0.079051
0 0.687747 0.843478 0.031621 0.079051
0 0.655336 0.843478 0.031621 0.079051
0 0.623715 0.843478 0.031621 0.079051
0 0.592095 0.843478 0.031621 0.079051
0 0.560474 0.843478 0.031621 0.079051
0 0.521739 0.843478 0.031621 0.079051
0 0.479842 0.843478 0.031621 0.079051
0 0.448221 0.843478 0.031621 0.079051
0 0.417391 0.843478 0.031621 0.079051
0 0.368379 0.843478 0.031621 0.079051
0 0.333597 0.843478 0.031621 0.079051
0 0.295652 0.843478 0.031621 0.079051
0 0.256126 0.843478 0.031621 0.079051
0 0.218182 0.843478 0.031621 0.079051
0 0.156522 0.776285 0.079051 0.031621
0 0.156522 0.738340 0.079051 0.031621
0 0.156522 0.683004 0.079051 0.031621
0 0.156522 0.645850 0.079051 0.031621
0 0.156522 0.611858 0.079051 0.031621
0 0.156522 0.577866 0.079051 0.031621
0 0.156522 0.540711 0.079051 0.031621
0 0.156522 0.506719 0.079051 0.031621
0 0.156522 0.467984 0.079051 0.031621
0 0.156522 0.431621 0.079051 0.031621
0 0.156522 0.400000 0.079051 0.031621
0 0.156522 0.369170 0.079051 0.031621
0 0.156522 0.338340 0.079051 0.031621
0 0.156522 0.297233 0.079051 0.031621
0 0.156522 0.245850 0.079051 0.031621
0 0.220553 0.161265 0.031621 0.079051
0 0.256126 0.161265 0.031621 0.079051
0 0.290909 0.161265 0.031621 0.079051
0 0.358893 0.161265 0.031621 0.079051
0 0.390514 0.161265 0.031621 0.079051
0 0.428458 0.161265 0.031621 0.079051
0 0.469565 0.161265 0.031621 0.079051
0 0.520158 0.161265 0.031621 0.079051
0 0.577866 0.161265 0.031621 0.079051
0 0.637945 0.161265 0.031621 0.079051
0 0.687747 0.161265 0.031621 0.079051
0 0.722530 0.161265 0.031621 0.079051
0 0.754941 0.161265 0.031621 0.079051
0 0.838735 0.209486 0.079051 0.031621
0 0.838735 0.245850 0.079051 0.031621
0 0.838735 0.280632 0.079051 0.031621
0 0.838735 0.324111 0.079051 0.031621
0 0.838735 0.355731 0.079051 0.031621
0 0.838735 0.402372 0.079051 0.031621
0 0.838735 0.430830 0.079051 0.031621
0 0.838735 0.459289 0.079051 0.031621
0 0.838735 0.516206 0.079051 0.031621
0 0.838735 0.554150 0.079051 0.031621
0 0.838735 0.584190 0.079051 0.031621
0 0.838735 0.615810 0.079051 0.031621
0 0.838735 0.648221 0.079051 0.031621
0 0.838735 0.698814 0.079051 0.031621
0 0.838735 0.734387 0.079051 0.031621
0 0.838735 0.769170 0.079051 0.031621
0 0.761265 0.838735 0.031621 0.079051
0 0.722530 0.838735 0.031621 0.079051
0 0.684585 0.838735 0.031621 0.079051
0 0.652174 0.838735 0.031621 0.079051
0 0.622134 0.838735 0.031621 0.079051
0 0.591304 0.838735 0.031621 0.079051
0 0.561265 0.838735 0.031621 0.079051
0 0.520949 0.838735 0.031621 0.079051
0 0.480632 0.838735 0.031621 0.079051
0 0.448221 0.838735 0.031621 0.079051
0 0.418182 0.838735 0.031621 0.079051
0 0.369170 0.838735 0.031621 0.079051
0 0.334387 0.838735 0.031621 0.079051
0 0.297233 0.838735 0.031621 0.079051
0 0.258498 0.838735 0.031621 0.079051
0 0.221344 0.838735 0.031621 0.079051
0 0.161265 0.772332 0.079051 0.031621
0 0.161265 0.735178 0.079051 0.031621
0 0.161265 0.679051 0.079051 0.031621
0 0.161265 0.643478 0.079051 0.031621
0 0.161265 0.608696 0.079051 0.031621
0 0.161265 0.576285 0.079051 0.031621
0 0.161265 0.539130 0.079051 0.031621
0 0.161265 0.505138 0.079051 0.031621
0 0.161265 0.460870 0.079051 0.031621
0 0.161265 0.430830 0.079051 0.031621
0 0.161265 0.399209 0.079051 0.031621
0 0.161265 0.369170 0.079051 0.031621
0 0.161265 0.339130 0.079051 0.031621
0 0.161265 0.298814 0.079051 0.031621
0 0.161265 0.247431 0.079051 0.031621
0 0.161265 0.213439 0.079051 0.031621
0 0.223715 0.166008 0.031621 0.079051
0 0.258498 0.166008 0.031621 0.079051
0 0.291700 0.166008 0.031621 0.079051
0 0.328854 0.166008 0.031621 0.079051
0 0.358893 0.166008 0.031621 0.079051
0 0.389723 0.166008 0.031621 0.079051
0 0.428458 0.166008 0.031621 0.079051
0 0.462451 0.166008 0.031621 0.079051
0 0.519368 0.166008 0.031621 0.079051
0 0.547826 0.166008 0.031621 0.079051
0 0.576285 0.166008 0.031621 0.079051
0 0.604743 0.166008 0.031621 0.079051
0 0.633992 0.166008 0.031621 0.079051
0 0.684585 0.166008 0.031621 0.079051
0 0.717787 0.166008 0.031621 0.079051
0 0.748617 0.166008 0.031621 0.079051
0 0.833992 0.247431 0.079051 0.031621
0 0.833992 0.280632 0.079051 0.031621
0 0.833992 0.324901 0.079051 0.031621
0 0.833992 0.355731 0.079051 0.031621
0 0.833992 0.402372 0.079051 0.031621
0 0.833992 0.430830 0.079051 0.031621
0 0.833992 0.458498 0.079051 0.031621
0 0.833992 0.516206 0.079051 0.031621
0 0.833992 0.554150 0.079051 0.031621
0 0.833992 0.583399 0.079051 0.031621
0 0.833992 0.614229 0.079051 0.031621
0 0.833992 0.645059 0.079051 0.031621
0 0.833992 0.696443 0.079051 0.031621
0 0.833992 0.731225 0.079051 0.031621
0 0.833992 0.765217 0.079051 0.031621
0 0.756522 0.833992 0.031621 0.079051
0 0.717787 0.833992 0.031621 0.079051
0 0.680632 0.833992 0.031621 0.079051
0 0.649802 0.833992 0.031621 0.079051
0 0.620553 0.833992 0.031621 0.079051
0 0.590514 0.833992 0.031621 0.079051
0 0.561265 0.833992 0.031621 0.079051
0 0.520158 0.833992 0.031621 0.079051
0 0.480632 0.833992 0.031621 0.079051
0 0.449012 0.833992 0.031621 0.079051
0 0.418972 0.833992 0.031621 0.079051
0 0.370751 0.833992 0.031621 0.079051
0 0.335968 0.833992 0.031621 0.079051
0 0.299605 0.833992 0.031621 0.079051
0 0.260870 0.833992 0.031621 0.079051
0 0.224506 0.833992 0.031621 0.079051
0 0.166008 0.768379 0.079051 0.031621
0 0.166008 0.732016 0.079051 0.031621
0 0.166008 0.674308 0.079051 0.031621
0 0.166008 0.639526 0.079051 0.031621
0 0.166008 0.606324 0.079051 0.031621
0 0.166008 0.573913 0.079051 0.031621
0 0.166008 0.537549 0.079051 0.031621
0 0.166008 0.502767 0.079051 0.031621
0 0.166008 0.465613 0.079051 0.031621
0 0.166008 0.430040 0.079051 0.031621
0 0.166008 0.399209 0.079051 0.031621
0 0.166008 0.369960 0.079051 0.031621
0 0.166008 0.340711 0.079051 0.031621
0 0.166008 0.300395 0.079051 0.031621
0 0.166008 0.249012 0.079051 0.031621
0 0.166008 0.215810 0.079051 0.031621
0 0.207115 0.142292 0.031621 0.079051
0 0.246640 0.142292 0.031621 0.079051
0 0.284585 0.142292 0.031621 0.079051
0 0.325692 0.142292 0.031621 0.079051
0 0.359684 0.142292 0.031621 0.079051
0 0.394466 0.142292 0.031621 0.079051
0 0.429249 0.142292 0.031621 0.079051
0 0.464822 0.142292 0.031621 0.079051
0 0.520158 0.142292 0.031621 0.079051
0 0.550988 0.142292 0.031621 0.079051
0 0.583399 0.142292 0.031621 0.079051
0 0.617391 0.142292 0.031621 0.079051
0 0.652174 0.142292 0.031621 0.079051
0 0.701186 0.142292 0.031621 0.079051
0 0.739921 0.142292 0.031621 0.079051
0 0.777866 0.142292 0.031621 0.079051
0 0.857708 0.201581 0.079051 0.031621
0 0.857708 0.241107 0.079051 0.031621
0 0.857708 0.279051 0.079051 0.031621
0 0.857708 0.323320 0.079051 0.031621
0 0.857708 0.358103 0.079051 0.031621
0 0.857708 0.401581 0.079051 0.031621
0 0.857708 0.464032 0.079051 0.031621
0 0.857708 0.516996 0.079051 0.031621
0 0.857708 0.556522 0.079051 0.031621
0 0.857708 0.588142 0.079051 0.031621
0 0.857708 0.623715 0.079051 0.031621
0 0.857708 0.659289 0.079051 0.031621
0 0.857708 0.707510 0.079051 0.031621
0 0.857708 0.747036 0.079051 0.031621
0 0.857708 0.785771 0.079051 0.031621
0 0.783399 0.857708 0.031621 0.079051
0 0.740711 0.857708 0.031621 0.079051
0 0.699605 0.857708 0.031621 0.079051
0 0.662451 0.857708 0.031621 0.079051
0 0.628458 0.857708 0.031621 0.079051
0 0.594466 0.857708 0.031621 0.079051
0 0.561265 0.857708 0.031621 0.079051
0 0.522530 0.857708 0.031621 0.079051
0 0.479842 0.857708 0.031621 0.079051
0 0.446640 0.857708 0.031621 0.079051
0 0.413439 0.857708 0.031621 0.079051
0 0.367589 0.857708 0.031621 0.079051
0 0.329644 0.857708 0.031621 0.079051
0 0.290909 0.857708 0.031621 0.079051
0 0.249802 0.857708 0.031621 0.079051
0 0.209486 0.857708 0.031621 0.079051
0 0.142292 0.749407 0.079051 0.031621
0 0.142292 0.705929 0.079051 0.031621
0 0.142292 0.676680 0.079051 0.031621
0 0.142292 0.618972 0.079051 0.031621
0 0.142292 0.583399 0.079051 0.031621
0 0.142292 0.547036 0.079051 0.031621
0 0.142292 0.512253 0.079051 0.031621
0 0.142292 0.471937 0.079051 0.031621
0 0.142292 0.434783 0.079051 0.031621
0 0.142292 0.400791 0.079051 0.031621
0 0.142292 0.367589 0.079051 0.031621
0 0.142292 0.335178 0.079051 0.031621
0 0.142292 0.292490 0.079051 0.031621
0 0.142292 0.241107 0.079051 0.031621
0 0.142292 0.203162 0.079051 0.031621
