0 0.188880 0.125102 0.032706 0.081766
0 0.237122 0.125102 0.032706 0.081766
0 0.278005 0.125102 0.032706 0.081766
0 0.318070 0.125102 0.032706 0.081766
0 0.356500 0.125102 0.032706 0.081766
0 0.393295 0.125102 0.032706 0.081766
0 0.427637 0.125102 0.032706 0.081766
0 0.465249 0.125102 0.032706 0.081766
0 0.520850 0.125102 0.032706 0.081766
0 0.552739 0.125102 0.032706 0.081766
0 0.586263 0.125102 0.032706 0.081766
0 0.621423 0.125102 0.032706 0.081766
0 0.659035 0.125102 0.032706 0.081766
0 0.708913 0.125102 0.032706 0.081766
0 0.749796 0.125102 0.032706 0.081766
0 0.793132 0.125102 0.032706 0.081766
0 0.874898 0.192968 0.081766 0.032706
0 0.874898 0.235487 0.081766 0.032706
0 0.874898 0.277187 0.081766 0.032706
0 0.874898 0.322976 0.081766 0.032706
0 0.874898 0.361406 0.081766 0.032706
0 0.874898 0.407195 0.081766 0.032706
0 0.874898 0.439902 0.081766 0.032706
0 0.874898 0.470973 0.081766 0.032706
0 0.874898 0.522486 0.081766 0.032706
0 0.874898 0.566639 0.081766 0.032706
0 0.874898 0.600981 0.081766 0.032706
0 0.874898 0.637776 0.081766 0.032706
0 0.874898 0.676206 0.081766 0.032706
0 0.874898 0.724448 0.081766 0.032706
0 0.874898 0.765331 0.081766 0.032706
0 0.874898 0.809485 0.081766 0.032706
0 0.800491 0.874898 0.032706 0.081766
0 0.756337 0.874898 0.032706 0.081766
0 0.713001 0.874898 0.032706 0.081766
0 0.672118 0.874898 0.032706 0.081766
0 0.636141 0.874898 0.032706 0.081766
0 0.598528 0.874898 0.032706 0.081766
0 0.563369 0.874898 0.032706 0.081766
0 0.524121 0.874898 0.032706 0.081766
0 0.479150 0.874898 0.032706 0.081766
0 0.443173 0.874898 0.032706 0.081766
0 0.408013 0.874898 0.032706 0.081766
0 0.360589 0.874898 0.032706 0.081766
0 0.322159 0.874898 0.032706 0.081766
0 0.281276 0.874898 0.032706 0.081766
0 0.238757 0.874898 0.032706 0.081766
0 0.197056 0.874898 0.032706 0.081766
0 0.125102 0.807850 0.081766 0.032706
0 0.125102 0.765331 0.081766 0.032706
0 0.125102 0.714636 0.081766 0.032706
0 0.125102 0.672935 0.081766 0.032706
0 0.125102 0.632870 0.081766 0.032706
0 0.125102 0.595258 0.081766 0.032706
0 0.125102 0.554374 0.081766 0.032706
0 0.125102 0.520033 0.081766 0.032706
0 0.125102 0.476697 0.081766 0.032706
0 0.125102 0.441537 0.081766 0.032706
0 0.125102 0.406378 0.081766 0.032706
0 0.125102 0.369583 0.081766 0.032706
0 0.125102 0.331971 0.081766 0.032706
0 0.125102 0.286999 0.081766 0.032706
0 0.125102 0.238757 0.081766 0.032706
0 0.125102 0.193786 0.081766 0.032706
0 0.201145 0.134914 0.032706 0.081766
0 0.242028 0.134914 0.032706 0.081766
0 0.281276 0.134914 0.032706 0.081766
0 0.319706 0.134914 0.032706 0.081766
0 0.356500 0.134914 0.032706 0.081766
0 0.391660 0.134914 0.032706 0.081766
0 0.426819 0.134914 0.032706 0.081766
0 0.463614 0.134914 0.032706 0.081766
0 0.520033 0.134914 0.032706 0.081766
0 0.551104 0.134914 0.032706 0.081766
0 0.582175 0.134914 0.032706 0.081766
0 0.615699 0.134914 0.032706 0.081766
0 0.650041 0.134914 0.032706 0.081766
0 0.700736 0.134914 0.032706 0.081766
0 0.739984 0.134914 0.032706 0.081766
0 0.780867 0.134914 0.032706 0.081766
0 0.865086 0.200327 0.081766 0.032706
0 0.865086 0.241210 0.081766 0.032706
0 0.865086 0.281276 0.081766 0.032706
0 0.865086 0.327065 0.081766 0.032706
0 0.865086 0.363859 0.081766 0.032706
0 0.865086 0.409648 0.081766 0.032706
0 0.865086 0.440720 0.081766 0.032706
0 0.865086 0.470973 0.081766 0.032706
0 0.865086 0.523303 0.081766 0.032706
0 0.865086 0.569092 0.081766 0.032706
0 0.865086 0.600981 0.081766 0.032706
0 0.865086 0.636141 0.081766 0.032706
0 0.865086 0.673753 0.081766 0.032706
0 0.865086 0.723630 0.081766 0.032706
0 0.865086 0.762878 0.081766 0.032706
0 0.865086 0.805397 0.081766 0.032706
0 0.789043 0.865086 0.032706 0.081766
0 0.746525 0.865086 0.032706 0.081766
0 0.706460 0.865086 0.032706 0.081766
0 0.667212 0.865086 0.032706 0.081766
0 0.632870 0.865086 0.032706 0.081766
0 0.597711 0.865086 0.032706 0.081766
0 0.563369 0.865086 0.032706 0.081766
0 0.523303 0.865086 0.032706 0.081766
0 0.479150 0.865086 0.032706 0.081766
0 0.443173 0.865086 0.032706 0.081766
0 0.409648 0.865086 0.032706 0.081766
0 0.362224 0.865086 0.032706 0.081766
0 0.323794 0.865086 0.032706 0.081766
0 0.284546 0.865086 0.032706 0.081766
0 0.242845 0.865086 0.032706 0.081766
0 0.202780 0.865086 0.032706 0.081766
0 0.134914 0.801308 0.081766 0.032706
0 0.134914 0.761243 0.081766 0.032706
0 0.134914 0.708913 0.081766 0.032706
0 0.134914 0.668847 0.081766 0.032706
0 0.134914 0.630417 0.081766 0.032706
0 0.134914 0.594440 0.081766 0.032706
0 0.134914 0.552739 0.081766 0.032706
0 0.134914 0.516762 0.081766 0.032706
0 0.134914 0.476697 0.081766 0.032706
0 0.134914 0.442355 0.081766 0.032706
0 0.134914 0.408831 0.081766 0.032706
0 0.134914 0.374489 0.081766 0.032706
0 0.134914 0.336059 0.081766 0.032706
0 0.134914 0.291905 0.081766 0.032706
0 0.134914 0.242028 0.081766 0.032706
0 0.134914 0.201962 0.081766 0.032706
0 0.204415 0.139820 0.032706 0.081766
0 0.244481 0.139820 0.032706 0.081766
0 0.282911 0.139820 0.032706 0.081766
0 0.309894 0.139820 0.032706 0.081766
0 0.356500 0.139820 0.032706 0.081766
0 0.390842 0.139820 0.032706 0.081766
0 0.426819 0.139820 0.032706 0.081766
0 0.463614 0.139820 0.032706 0.081766
0 0.520033 0.139820 0.032706 0.081766
0 0.549469 0.139820 0.032706 0.081766
0 0.580540 0.139820 0.032706 0.081766
0 0.612428 0.139820 0.032706 0.081766
0 0.646770 0.139820 0.032706 0.081766
0 0.696648 0.139820 0.032706 0.081766
0 0.735078 0.139820 0.032706 0.081766
0 0.775143 0.139820 0.032706 0.081766
0 0.860180 0.204415 0.081766 0.032706
0 0.860180 0.244481 0.081766 0.032706
0 0.860180 0.283729 0.081766 0.032706
0 0.860180 0.328700 0.081766 0.032706
0 0.860180 0.364677 0.081766 0.032706
0 0.860180 0.411284 0.081766 0.032706
0 0.860180 0.441537 0.081766 0.032706
0 0.860180 0.470973 0.081766 0.032706
0 0.860180 0.524121 0.081766 0.032706
0 0.860180 0.569910 0.081766 0.032706
0 0.860180 0.601799 0.081766 0.032706
0 0.860180 0.636958 0.081766 0.032706
0 0.860180 0.672935 0.081766 0.032706
0 0.860180 0.722813 0.081766 0.032706
0 0.860180 0.761243 0.081766 0.032706
0 0.860180 0.802944 0.081766 0.032706
0 0.783320 0.860180 0.032706 0.081766
0 0.741619 0.860180 0.032706 0.081766
0 0.702371 0.860180 0.032706 0.081766
0 0.664759 0.860180 0.032706 0.081766
0 0.631235 0.860180 0.032706 0.081766
0 0.596893 0.860180 0.032706 0.081766
0 0.564186 0.860180 0.032706 0.081766
0 0.522486 0.860180 0.032706 0.081766
0 0.479967 0.860180 0.032706 0.081766
0 0.443990 0.860180 0.032706 0.081766
0 0.410466 0.860180 0.032706 0.081766
0 0.362224 0.860180 0.032706 0.081766
0 0.325429 0.860180 0.032706 0.081766
0 0.286182 0.860180 0.032706 0.081766
0 0.245298 0.860180 0.032706 0.081766
0 0.206051 0.860180 0.032706 0.081766
0 0.139820 0.798038 0.081766 0.032706
0 0.139820 0.758790 0.081766 0.032706
0 0.139820 0.705642 0.081766 0.032706
0 0.139820 0.666394 0.081766 0.032706
0 0.139820 0.628782 0.081766 0.032706
0 0.139820 0.593622 0.081766 0.032706
0 0.139820 0.551922 0.081766 0.032706
0 0.139820 0.515944 0.081766 0.032706
0 0.139820 0.476697 0.081766 0.032706
0 0.139820 0.443173 0.081766 0.032706
0 0.139820 0.409648 0.081766 0.032706
0 0.139820 0.375307 0.081766 0.032706
0 0.139820 0.337694 0.081766 0.032706
0 0.139820 0.295176 0.081766 0.032706
0 0.139820 0.244481 0.081766 0.032706
0 0.139820 0.205233 0.081766 0.032706
0 0.206868 0.144726 0.032706 0.081766
0 0.246934 0.144726 0.032706 0.081766
0 0.284546 0.144726 0.032706 0.081766
0 0.321341 0.144726 0.032706 0.081766
0 0.347506 0.144726 0.032706 0.081766
0 0.390025 0.144726 0.032706 0.081766
0 0.426002 0.144726 0.032706 0.081766
0 0.462796 0.144726 0.032706 0.081766
0 0.520033 0.144726 0.032706 0.081766
0 0.548651 0.144726 0.032706 0.081766
0 0.578087 0.144726 0.032706 0.081766
0 0.609975 0.144726 0.032706 0.081766
0 0.642682 0.144726 0.032706 0.081766
0 0.692559 0.144726 0.032706 0.081766
0 0.730989 0.144726 0.032706 0.081766
0 0.768602 0.144726 0.032706 0.081766
0 0.855274 0.207686 0.081766 0.032706
0 0.855274 0.246934 0.081766 0.032706
0 0.855274 0.285364 0.081766 0.032706
0 0.855274 0.330335 0.081766 0.032706
0 0.855274 0.365495 0.081766 0.032706
0 0.855274 0.412101 0.081766 0.032706
0 0.855274 0.441537 0.081766 0.032706
0 0.855274 0.470155 0.081766 0.032706
0 0.855274 0.524939 0.081766 0.032706
0 0.855274 0.570728 0.081766 0.032706
0 0.855274 0.601799 0.081766 0.032706
0 0.855274 0.636141 0.081766 0.032706
0 0.855274 0.671300 0.081766 0.032706
0 0.855274 0.721995 0.081766 0.032706
0 0.855274 0.759608 0.081766 0.032706
0 0.855274 0.800491 0.081766 0.032706
0 0.778414 0.855274 0.032706 0.081766
0 0.736713 0.855274 0.032706 0.081766
0 0.697465 0.855274 0.032706 0.081766
0 0.662306 0.855274 0.032706 0.081766
0 0.630417 0.855274 0.032706 0.081766
0 0.596075 0.855274 0.032706 0.081766
0 0.564186 0.855274 0.032706 0.081766
0 0.521668 0.855274 0.032706 0.081766
0 0.479967 0.855274 0.032706 0.081766
0 0.443990 0.855274 0.032706 0.081766
0 0.411284 0.855274 0.032706 0.081766
0 0.363042 0.855274 0.032706 0.081766
0 0.326247 0.855274 0.032706 0.081766
0 0.287817 0.855274 0.032706 0.081766
0 0.246934 0.855274 0.032706 0.081766
0 0.209321 0.855274 0.032706 0.081766
0 0.144726 0.793949 0.081766 0.032706
0 0.144726 0.756337 0.081766 0.032706
0 0.144726 0.702371 0.081766 0.032706
0 0.144726 0.664759 0.081766 0.032706
0 0.144726 0.627964 0.081766 0.032706
0 0.144726 0.592805 0.081766 0.032706
0 0.144726 0.550286 0.081766 0.032706
0 0.144726 0.515127 0.081766 0.032706
0 0.144726 0.476697 0.081766 0.032706
0 0.144726 0.443990 0.081766 0.032706
0 0.144726 0.411284 0.081766 0.032706
0 0.144726 0.377760 0.081766 0.032706
0 0.144726 0.340147 0.081766 0.032706
0 0.144726 0.297629 0.081766 0.032706
0 0.144726 0.247751 0.081766 0.032706
0 0.144726 0.209321 0.081766 0.032706
0 0.210139 0.149632 0.032706 0.081766
0 0.249387 0.149632 0.032706 0.081766
0 0.286182 0.149632 0.032706 0.081766
0 0.322159 0.149632 0.032706 0.081766
0 0.356500 0.149632 0.032706 0.081766
0 0.390025 0.149632 0.032706 0.081766
0 0.426002 0.149632 0.032706 0.081766
0 0.461979 0.149632 0.032706 0.081766
0 0.519215 0.149632 0.032706 0.081766
0 0.547833 0.149632 0.032706 0.081766
0 0.576451 0.149632 0.032706 0.081766
0 0.607522 0.149632 0.032706 0.081766
0 0.639411 0.149632 0.032706 0.081766
0 0.690106 0.149632 0.032706 0.081766
0 0.726083 0.149632 0.032706 0.081766
0 0.762878 0.149632 0.032706 0.081766
0 0.850368 0.211774 0.081766 0.032706
0 0.850368 0.249387 0.081766 0.032706
0 0.850368 0.287817 0.081766 0.032706
0 0.850368 0.331971 0.081766 0.032706
0 0.850368 0.366312 0.081766 0.032706
0 0.850368 0.413737 0.081766 0.032706
0 0.850368 0.442355 0.081766 0.032706
0 0.850368 0.470155 0.081766 0.032706
0 0.850368 0.525756 0.081766 0.032706
0 0.850368 0.572363 0.081766 0.032706
0 0.850368 0.601799 0.081766 0.032706
0 0.850368 0.635323 0.081766 0.032706
0 0.850368 0.670482 0.081766 0.032706
0 0.850368 0.721177 0.081766 0.032706
0 0.850368 0.757972 0.081766 0.032706
0 0.850368 0.798038 0.081766 0.032706
0 0.771872 0.850368 0.032706 0.081766
0 0.731807 0.850368 0.032706 0.081766
0 0.694195 0.850368 0.032706 0.081766
0 0.659853 0.850368 0.032706 0.081766
0 0.627964 0.850368 0.032706 0.081766
0 0.595258 0.850368 0.032706 0.081766
0 0.564186 0.850368 0.032706 0.081766
0 0.520850 0.850368 0.032706 0.081766
0 0.479150 0.850368 0.032706 0.081766
0 0.444808 0.850368 0.032706 0.081766
0 0.412919 0.850368 0.032706 0.081766
0 0.363042 0.850368 0.032706 0.081766
0 0.327065 0.850368 0.032706 0.081766
0 0.290270 0.850368 0.032706 0.081766
0 0.249387 0.850368 0.032706 0.081766
0 0.213410 0.850368 0.032706 0.081766
0 0.149632 0.791496 0.081766 0.032706
0 0.149632 0.753884 0.081766 0.032706
0 0.149632 0.699918 0.081766 0.032706
0 0.149632 0.662306 0.081766 0.032706
0 0.149632 0.626329 0.081766 0.032706
0 0.149632 0.591987 0.081766 0.032706
0 0.149632 0.549469 0.081766 0.032706
0 0.149632 0.514309 0.081766 0.032706
0 0.149632 0.476697 0.081766 0.032706
0 0.149632 0.443990 0.081766 0.032706
0 0.149632 0.412101 0.081766 0.032706
0 0.149632 0.379395 0.081766 0.032706
0 0.149632 0.341783 0.081766 0.032706
0 0.149632 0.300082 0.081766 0.032706
0 0.149632 0.250204 0.081766 0.032706
0 0.149632 0.213410 0.081766 0.032706
0 0.213410 0.154538 0.032706 0.081766
0 0.251840 0.154538 0.032706 0.081766
0 0.287817 0.154538 0.032706 0.081766
0 0.322976 0.154538 0.032706 0.081766
0 0.356500 0.154538 0.032706 0.081766
0 0.388389 0.154538 0.032706 0.081766
0 0.425184 0.154538 0.032706 0.081766
0 0.461979 0.154538 0.032706 0.081766
0 0.519215 0.154538 0.032706 0.081766
0 0.547016 0.154538 0.032706 0.081766
0 0.574816 0.154538 0.032706 0.081766
0 0.604252 0.154538 0.032706 0.081766
0 0.634505 0.154538 0.032706 0.081766
0 0.686018 0.154538 0.032706 0.081766
0 0.721995 0.154538 0.032706 0.081766
0 0.757155 0.154538 0.032706 0.081766
0 0.845462 0.215045 0.081766 0.032706
0 0.845462 0.252657 0.081766 0.032706
0 0.845462 0.289452 0.081766 0.032706
0 0.845462 0.333606 0.081766 0.032706
0 0.845462 0.367130 0.081766 0.032706
0 0.845462 0.414554 0.081766 0.032706
0 0.845462 0.442355 0.081766 0.032706
0 0.845462 0.470155 0.081766 0.032706
0 0.845462 0.525756 0.081766 0.032706
0 0.845462 0.573181 0.081766 0.032706
0 0.845462 0.601799 0.081766 0.032706
0 0.845462 0.634505 0.081766 0.032706
0 0.845462 0.669665 0.081766 0.032706
0 0.845462 0.720360 0.081766 0.032706
0 0.845462 0.756337 0.081766 0.032706
0 0.845462 0.795585 0.081766 0.032706
0 0.766966 0.845462 0.032706 0.081766
0 0.726901 0.845462 0.032706 0.081766
0 0.690924 0.845462 0.032706 0.081766
0 0.627146 0.845462 0.032706 0.081766
0 0.595258 0.845462 0.032706 0.081766
0 0.564186 0.845462 0.032706 0.081766
0 0.520850 0.845462 0.032706 0.081766
0 0.479967 0.845462 0.032706 0.081766
0 0.444808 0.845462 0.032706 0.081766
0 0.413737 0.845462 0.032706 0.081766
0 0.363859 0.845462 0.032706 0.081766
0 0.327882 0.845462 0.032706 0.081766
0 0.291905 0.845462 0.032706 0.081766
0 0.251840 0.845462 0.032706 0.081766
0 0.216680 0.845462 0.032706 0.081766
0 0.154538 0.787408 0.081766 0.032706
0 0.154538 0.751431 0.081766 0.032706
0 0.154538 0.696648 0.081766 0.032706
0 0.154538 0.660670 0.081766 0.032706
0 0.154538 0.624693 0.081766 0.032706
0 0.154538 0.591987 0.081766 0.032706
0 0.154538 0.548651 0.081766 0.032706
0 0.154538 0.513491 0.081766 0.032706
0 0.154538 0.475879 0.081766 0.032706
0 0.154538 0.444808 0.081766 0.032706
0 0.154538 0.412919 0.081766 0.032706
0 0.154538 0.381030 0.081766 0.032706
0 0.154538 0.344235 0.081766 0.032706
0 0.154538 0.302535 0.081766 0.032706
0 0.154538 0.252657 0.081766 0.032706
0 0.154538 0.216680 0.081766 0.032706
0 0.197874 0.130008 0.032706 0.081766
0 0.239575 0.130008 0.032706 0.081766
0 0.279640 0.130008 0.032706 0.081766
0 0.318888 0.130008 0.032706 0.081766
0 0.356500 0.130008 0.032706 0.081766
0 0.392478 0.130008 0.032706 0.081766
0 0.427637 0.130008 0.032706 0.081766
0 0.464432 0.130008 0.032706 0.081766
0 0.520033 0.130008 0.032706 0.081766
0 0.551104 0.130008 0.032706 0.081766
0 0.583810 0.130008 0.032706 0.081766
0 0.618152 0.130008 0.032706 0.081766
0 0.654947 0.130008 0.032706 0.081766
0 0.704824 0.130008 0.032706 0.081766
0 0.744890 0.130008 0.032706 0.081766
0 0.787408 0.130008 0.032706 0.081766
0 0.869992 0.197056 0.081766 0.032706
0 0.869992 0.238757 0.081766 0.032706
0 0.869992 0.279640 0.081766 0.032706
0 0.869992 0.324612 0.081766 0.032706
0 0.869992 0.362224 0.081766 0.032706
0 0.869992 0.408013 0.081766 0.032706
0 0.869992 0.440720 0.081766 0.032706
0 0.869992 0.470973 0.081766 0.032706
0 0.869992 0.522486 0.081766 0.032706
0 0.869992 0.568275 0.081766 0.032706
0 0.869992 0.600981 0.081766 0.032706
0 0.869992 0.636958 0.081766 0.032706
0 0.869992 0.675388 0.081766 0.032706
0 0.869992 0.724448 0.081766 0.032706
0 0.869992 0.764513 0.081766 0.032706
0 0.869992 0.807032 0.081766 0.032706
0 0.795585 0.869992 0.032706 0.081766
0 0.751431 0.869992 0.032706 0.081766
0 0.710548 0.869992 0.032706 0.081766
0 0.669665 0.869992 0.032706 0.081766
0 0.634505 0.869992 0.032706 0.081766
0 0.597711 0.869992 0.032706 0.081766
0 0.563369 0.869992 0.032706 0.081766
0 0.523303 0.869992 0.032706 0.081766
0 0.479150 0.869992 0.032706 0.081766
0 0.443173 0.869992 0.032706 0.081766
0 0.408831 0.869992 0.032706 0.081766
0 0.361406 0.869992 0.032706 0.081766
0 0.322976 0.869992 0.032706 0.081766
0 0.282911 0.869992 0.032706 0.081766
0 0.240392 0.869992 0.032706 0.081766
0 0.199509 0.869992 0.032706 0.081766
0 0.130008 0.803761 0.081766 0.032706
0 0.130008 0.762878 0.081766 0.032706
0 0.130008 0.711365 0.081766 0.032706
0 0.130008 0.670482 0.081766 0.032706
0 0.130008 0.631235 0.081766 0.032706
0 0.130008 0.595258 0.081766 0.032706
0 0.130008 0.553557 0.081766 0.032706
0 0.130008 0.517580 0.081766 0.032706
0 0.130008 0.476697 0.081766 0.032706
0 0.130008 0.447261 0.081766 0.032706
0 0.130008 0.408013 0.081766 0.032706
0 0.130008 0.371218 0.081766 0.032706
0 0.130008 0.333606 0.081766 0.032706
0 0.130008 0.289452 0.081766 0.032706
0 0.130008 0.259199 0.081766 0.032706
0 0.130008 0.197874 0.081766 0.032706
