0 0.194286 0.125714 0.032653 0.081633
0 0.237551 0.125714 0.032653 0.081633
0 0.271837 0.125714 0.032653 0.081633
0 0.317551 0.125714 0.032653 0.081633
0 0.356735 0.125714 0.032653 0.081633
0 0.393469 0.125714 0.032653 0.081633
0 0.426939 0.125714 0.032653 0.081633
0 0.465306 0.125714 0.032653 0.081633
0 0.520000 0.125714 0.032653 0.081633
0 0.552653 0.125714 0.032653 0.081633
0 0.585306 0.125714 0.032653 0.081633
0 0.621224 0.125714 0.032653 0.081633
0 0.657959 0.125714 0.032653 0.081633
0 0.707755 0.125714 0.032653 0.081633
0 0.749388 0.125714 0.032653 0.081633
0 0.791837 0.125714 0.032653 0.081633
0 0.874286 0.193469 0.081633 0.032653
0 0.874286 0.235918 0.081633 0.032653
0 0.874286 0.277551 0.081633 0.032653
0 0.874286 0.323265 0.081633 0.032653
0 0.874286 0.361633 0.081633 0.032653
0 0.874286 0.406531 0.081633 0.032653
0 0.874286 0.440000 0.081633 0.032653
0 0.874286 0.471020 0.081633 0.032653
0 0.874286 0.521633 0.081633 0.032653
0 0.874286 0.566531 0.081633 0.032653
0 0.874286 0.600000 0.081633 0.032653
0 0.874286 0.637551 0.081633 0.032653
0 0.874286 0.675102 0.081633 0.032653
0 0.874286 0.724082 0.081633 0.032653
0 0.874286 0.764898 0.081633 0.032653
0 0.874286 0.808980 0.081633 0.032653
0 0.800000 0.874286 0.032653 0.081633
0 0.755918 0.874286 0.032653 0.081633
0 0.713469 0.874286 0.032653 0.081633
0 0.671837 0.874286 0.032653 0.081633
0 0.635918 0.874286 0.032653 0.081633
0 0.598367 0.874286 0.032653 0.081633
0 0.562449 0.874286 0.032653 0.081633
0 0.524082 0.874286 0.032653 0.081633
0 0.479184 0.874286 0.032653 0.081633
0 0.443265 0.874286 0.032653 0.081633
0 0.407347 0.874286 0.032653 0.081633
0 0.360816 0.874286 0.032653 0.081633
0 0.321633 0.874286 0.032653 0.081633
0 0.280816 0.874286 0.032653 0.081633
0 0.238367 0.874286 0.032653 0.081633
0 0.196735 0.874286 0.032653 0.081633
0 0.125714 0.822857 0.081633 0.032653
0 0.125714 0.792653 0.081633 0.032653
0 0.125714 0.764898 0.081633 0.032653
0 0.125714 0.714286 0.081633 0.032653
0 0.125714 0.672653 0.081633 0.032653
0 0.125714 0.631837 0.081633 0.032653
0 0.125714 0.595102 0.081633 0.032653
0 0.125714 0.554286 0.081633 0.032653
0 0.125714 0.517551 0.081633 0.032653
0 0.125714 0.476735 0.081633 0.032653
0 0.125714 0.441633 0.081633 0.032653
0 0.125714 0.406531 0.081633 0.032653
0 0.125714 0.369796 0.081633 0.032653
0 0.125714 0.332245 0.081633 0.032653
0 0.125714 0.286531 0.081633 0.032653
0 0.125714 0.235918 0.081633 0.032653
0 0.125714 0.194286 0.081633 0.032653
0 0.201633 0.135510 0.032653 0.081633
0 0.242449 0.135510 0.032653 0.081633
0 0.281633 0.135510 0.032653 0.081633
0 0.320000 0.135510 0.032653 0.081633
0 0.356735 0.135510 0.032653 0.081633
0 0.391837 0.135510 0.032653 0.081633
0 0.426939 0.135510 0.032653 0.081633
0 0.463673 0.135510 0.032653 0.081633
0 0.519184 0.135510 0.032653 0.081633
0 0.550204 0.135510 0.032653 0.081633
0 0.582041 0.135510 0.032653 0.081633
0 0.614694 0.135510 0.032653 0.081633
0 0.649796 0.135510 0.032653 0.081633
0 0.700408 0.135510 0.032653 0.081633
0 0.738776 0.135510 0.032653 0.081633
0 0.780408 0.135510 0.032653 0.081633
0 0.864490 0.200816 0.081633 0.032653
0 0.864490 0.241633 0.081633 0.032653
0 0.864490 0.280816 0.081633 0.032653
0 0.864490 0.326531 0.081633 0.032653
0 0.864490 0.364082 0.081633 0.032653
0 0.864490 0.409796 0.081633 0.032653
0 0.864490 0.441633 0.081633 0.032653
0 0.864490 0.470204 0.081633 0.032653
0 0.864490 0.523265 0.081633 0.032653
0 0.864490 0.568980 0.081633 0.032653
0 0.864490 0.600816 0.081633 0.032653
0 0.864490 0.635918 0.081633 0.032653
0 0.864490 0.673469 0.081633 0.032653
0 0.864490 0.722449 0.081633 0.032653
0 0.864490 0.762449 0.081633 0.032653
0 0.864490 0.804082 0.081633 0.032653
0 0.788571 0.864490 0.032653 0.081633
0 0.745306 0.864490 0.032653 0.081633
0 0.706122 0.864490 0.032653 0.081633
0 0.666939 0.864490 0.032653 0.081633
0 0.632653 0.864490 0.032653 0.081633
0 0.596735 0.864490 0.032653 0.081633
0 0.563265 0.864490 0.032653 0.081633
0 0.522449 0.864490 0.032653 0.081633
0 0.479184 0.864490 0.032653 0.081633
0 0.443265 0.864490 0.032653 0.081633
0 0.409796 0.864490 0.032653 0.081633
0 0.361633 0.864490 0.032653 0.081633
0 0.324082 0.864490 0.032653 0.081633
0 0.284898 0.864490 0.032653 0.081633
0 0.242449 0.864490 0.032653 0.081633
0 0.203265 0.864490 0.032653 0.081633
0 0.135510 0.800000 0.081633 0.032653
0 0.135510 0.760000 0.081633 0.032653
0 0.135510 0.706939 0.081633 0.032653
0 0.135510 0.667755 0.081633 0.032653
0 0.135510 0.629388 0.081633 0.032653
0 0.135510 0.593469 0.081633 0.032653
0 0.135510 0.551837 0.081633 0.032653
0 0.135510 0.515918 0.081633 0.032653
0 0.135510 0.476735 0.081633 0.032653
0 0.135510 0.442449 0.081633 0.032653
0 0.135510 0.408163 0.081633 0.032653
0 0.135510 0.373878 0.081633 0.032653
0 0.135510 0.335510 0.081633 0.032653
0 0.135510 0.292245 0.081633 0.032653
0 0.135510 0.242449 0.081633 0.032653
0 0.135510 0.203265 0.081633 0.032653
0 0.204898 0.140408 0.032653 0.081633
0 0.244898 0.140408 0.032653 0.081633
0 0.283265 0.140408 0.032653 0.081633
0 0.320816 0.140408 0.032653 0.081633
0 0.356735 0.140408 0.032653 0.081633
0 0.391837 0.140408 0.032653 0.081633
0 0.426939 0.140408 0.032653 0.081633
0 0.462857 0.140408 0.032653 0.081633
0 0.519184 0.140408 0.032653 0.081633
0 0.549388 0.140408 0.032653 0.081633
0 0.580408 0.140408 0.032653 0.081633
0 0.612245 0.140408 0.032653 0.081633
0 0.645714 0.140408 0.032653 0.081633
0 0.696327 0.140408 0.032653 0.081633
0 0.734694 0.140408 0.032653 0.081633
0 0.773878 0.140408 0.032653 0.081633
0 0.859592 0.204082 0.081633 0.032653
0 0.859592 0.244082 0.081633 0.032653
0 0.859592 0.283265 0.081633 0.032653
0 0.859592 0.328980 0.081633 0.032653
0 0.859592 0.364898 0.081633 0.032653
0 0.859592 0.410612 0.081633 0.032653
0 0.859592 0.441633 0.081633 0.032653
0 0.859592 0.471020 0.081633 0.032653
0 0.859592 0.524082 0.081633 0.032653
0 0.859592 0.569796 0.081633 0.032653
0 0.859592 0.600816 0.081633 0.032653
0 0.859592 0.635918 0.081633 0.032653
0 0.859592 0.671837 0.081633 0.032653
0 0.859592 0.722449 0.081633 0.032653
0 0.859592 0.760816 0.081633 0.032653
0 0.859592 0.802449 0.081633 0.032653
0 0.783673 0.859592 0.032653 0.081633
0 0.741224 0.859592 0.032653 0.081633
0 0.702041 0.859592 0.032653 0.081633
0 0.664490 0.859592 0.032653 0.081633
0 0.630204 0.859592 0.032653 0.081633
0 0.595918 0.859592 0.032653 0.081633
0 0.563265 0.859592 0.032653 0.081633
0 0.522449 0.859592 0.032653 0.081633
0 0.479184 0.859592 0.032653 0.081633
0 0.444082 0.859592 0.032653 0.081633
0 0.410612 0.859592 0.032653 0.081633
0 0.362449 0.859592 0.032653 0.081633
0 0.324898 0.859592 0.032653 0.081633
0 0.286531 0.859592 0.032653 0.081633
0 0.244898 0.859592 0.032653 0.081633
0 0.206531 0.859592 0.032653 0.081633
0 0.140408 0.796735 0.081633 0.032653
0 0.140408 0.757551 0.081633 0.032653
0 0.140408 0.704490 0.081633 0.032653
0 0.140408 0.666122 0.081633 0.032653
0 0.140408 0.628571 0.081633 0.032653
0 0.140408 0.592653 0.081633 0.032653
0 0.140408 0.551020 0.081633 0.032653
0 0.140408 0.515102 0.081633 0.032653
0 0.140408 0.475918 0.081633 0.032653
0 0.140408 0.443265 0.081633 0.032653
0 0.140408 0.409796 0.081633 0.032653
0 0.140408 0.375510 0.081633 0.032653
0 0.140408 0.337959 0.081633 0.032653
0 0.140408 0.294694 0.081633 0.032653
0 0.140408 0.244082 0.081633 0.032653
0 0.140408 0.205714 0.081633 0.032653
0 0.207347 0.145306 0.032653 0.081633
0 0.247347 0.145306 0.032653 0.081633
0 0.284898 0.145306 0.032653 0.081633
0 0.321633 0.145306 0.032653 0.081633
0 0.356735 0.145306 0.032653 0.081633
0 0.390204 0.145306 0.032653 0.081633
0 0.426122 0.145306 0.032653 0.081633
0 0.462857 0.145306 0.032653 0.081633
0 0.519184 0.145306 0.032653 0.081633
0 0.548571 0.145306 0.032653 0.081633
0 0.577959 0.145306 0.032653 0.081633
0 0.608980 0.145306 0.032653 0.081633
0 0.641633 0.145306 0.032653 0.081633
0 0.693061 0.145306 0.032653 0.081633
0 0.729796 0.145306 0.032653 0.081633
0 0.768163 0.145306 0.032653 0.081633
0 0.854694 0.208163 0.081633 0.032653
0 0.854694 0.246531 0.081633 0.032653
0 0.854694 0.285714 0.081633 0.032653
0 0.854694 0.330612 0.081633 0.032653
0 0.854694 0.364898 0.081633 0.032653
0 0.854694 0.412245 0.081633 0.032653
0 0.854694 0.441633 0.081633 0.032653
0 0.854694 0.470204 0.081633 0.032653
0 0.854694 0.524082 0.081633 0.032653
0 0.854694 0.570612 0.081633 0.032653
0 0.854694 0.600816 0.081633 0.032653
0 0.854694 0.635102 0.081633 0.032653
0 0.854694 0.671020 0.081633 0.032653
0 0.854694 0.721633 0.081633 0.032653
0 0.854694 0.759184 0.081633 0.032653
0 0.854694 0.799184 0.081633 0.032653
0 0.776327 0.854694 0.032653 0.081633
0 0.736327 0.854694 0.032653 0.081633
0 0.662041 0.854694 0.032653 0.081633
0 0.629388 0.854694 0.032653 0.081633
0 0.595918 0.854694 0.032653 0.081633
0 0.563265 0.854694 0.032653 0.081633
0 0.521633 0.854694 0.032653 0.081633
0 0.479184 0.854694 0.032653 0.081633
0 0.444898 0.854694 0.032653 0.081633
0 0.411429 0.854694 0.032653 0.081633
0 0.362449 0.854694 0.032653 0.081633
0 0.325714 0.854694 0.032653 0.081633
0 0.288163 0.854694 0.032653 0.081633
0 0.209796 0.854694 0.032653 0.081633
0 0.145306 0.793469 0.081633 0.032653
0 0.145306 0.755918 0.081633 0.032653
0 0.145306 0.702041 0.081633 0.032653
0 0.145306 0.663673 0.081633 0.032653
0 0.145306 0.626939 0.081633 0.032653
0 0.145306 0.592653 0.081633 0.032653
0 0.145306 0.550204 0.081633 0.032653
0 0.145306 0.515102 0.081633 0.032653
0 0.145306 0.475918 0.081633 0.032653
0 0.145306 0.443265 0.081633 0.032653
0 0.145306 0.410612 0.081633 0.032653
0 0.145306 0.377143 0.081633 0.032653
0 0.145306 0.339592 0.081633 0.032653
0 0.145306 0.297143 0.081633 0.032653
0 0.145306 0.247347 0.081633 0.032653
0 0.145306 0.208980 0.081633 0.032653
0 0.210612 0.150204 0.032653 0.081633
0 0.249796 0.150204 0.032653 0.081633
0 0.286531 0.150204 0.032653 0.081633
0 0.322449 0.150204 0.032653 0.081633
0 0.356735 0.150204 0.032653 0.081633
0 0.389388 0.150204 0.032653 0.081633
0 0.425306 0.150204 0.032653 0.081633
0 0.462041 0.150204 0.032653 0.081633
0 0.519184 0.150204 0.032653 0.081633
0 0.547755 0.150204 0.032653 0.081633
0 0.577143 0.150204 0.032653 0.081633
0 0.606531 0.150204 0.032653 0.081633
0 0.638367 0.150204 0.032653 0.081633
0 0.689796 0.150204 0.032653 0.081633
0 0.725714 0.150204 0.032653 0.081633
0 0.762449 0.150204 0.032653 0.081633
0 0.849796 0.211429 0.081633 0.032653
0 0.849796 0.248980 0.081633 0.032653
0 0.849796 0.287347 0.081633 0.032653
0 0.849796 0.332245 0.081633 0.032653
0 0.849796 0.366531 0.081633 0.032653
0 0.849796 0.441633 0.081633 0.032653
0 0.849796 0.470204 0.081633 0.032653
0 0.849796 0.525714 0.081633 0.032653
0 0.849796 0.571429 0.081633 0.032653
0 0.849796 0.601633 0.081633 0.032653
0 0.849796 0.635102 0.081633 0.032653
0 0.849796 0.670204 0.081633 0.032653
0 0.849796 0.720816 0.081633 0.032653
0 0.849796 0.757551 0.081633 0.032653
0 0.849796 0.797551 0.081633 0.032653
0 0.772245 0.849796 0.032653 0.081633
0 0.732245 0.849796 0.032653 0.081633
0 0.694694 0.849796 0.032653 0.081633
0 0.659592 0.849796 0.032653 0.081633
0 0.628571 0.849796 0.032653 0.081633
0 0.595102 0.849796 0.032653 0.081633
0 0.564082 0.849796 0.032653 0.081633
0 0.520816 0.849796 0.032653 0.081633
0 0.480000 0.849796 0.032653 0.081633
0 0.444898 0.849796 0.032653 0.081633
0 0.413061 0.849796 0.032653 0.081633
0 0.363265 0.849796 0.032653 0.081633
0 0.327347 0.849796 0.032653 0.081633
0 0.289796 0.849796 0.032653 0.081633
0 0.249796 0.849796 0.032653 0.081633
0 0.212245 0.849796 0.032653 0.081633
0 0.150204 0.790204 0.081633 0.032653
0 0.150204 0.752653 0.081633 0.032653
0 0.150204 0.698776 0.081633 0.032653
0 0.150204 0.661224 0.081633 0.032653
0 0.150204 0.625306 0.081633 0.032653
0 0.150204 0.591020 0.081633 0.032653
0 0.150204 0.549388 0.081633 0.032653
0 0.150204 0.513469 0.081633 0.032653
0 0.150204 0.475918 0.081633 0.032653
0 0.150204 0.444082 0.081633 0.032653
0 0.150204 0.412245 0.081633 0.032653
0 0.150204 0.379592 0.081633 0.032653
0 0.150204 0.342041 0.081633 0.032653
0 0.150204 0.300408 0.081633 0.032653
0 0.150204 0.249796 0.081633 0.032653
0 0.150204 0.213061 0.081633 0.032653
0 0.214694 0.155102 0.032653 0.081633
0 0.252245 0.155102 0.032653 0.081633
0 0.288163 0.155102 0.032653 0.081633
0 0.323265 0.155102 0.032653 0.081633
0 0.356735 0.155102 0.032653 0.081633
0 0.389388 0.155102 0.032653 0.081633
0 0.426122 0.155102 0.032653 0.081633
0 0.461224 0.155102 0.032653 0.081633
0 0.519184 0.155102 0.032653 0.081633
0 0.546939 0.155102 0.032653 0.081633
0 0.574694 0.155102 0.032653 0.081633
0 0.604082 0.155102 0.032653 0.081633
0 0.634286 0.155102 0.032653 0.081633
0 0.684898 0.155102 0.032653 0.081633
0 0.720816 0.155102 0.032653 0.081633
0 0.756735 0.155102 0.032653 0.081633
0 0.844898 0.214694 0.081633 0.032653
0 0.844898 0.253061 0.081633 0.032653
0 0.844898 0.288980 0.081633 0.032653
0 0.844898 0.333878 0.081633 0.032653
0 0.844898 0.367347 0.081633 0.032653
0 0.844898 0.413878 0.081633 0.032653
0 0.844898 0.470204 0.081633 0.032653
0 0.844898 0.525714 0.081633 0.032653
0 0.844898 0.573061 0.081633 0.032653
0 0.844898 0.601633 0.081633 0.032653
0 0.844898 0.633469 0.081633 0.032653
0 0.844898 0.668571 0.081633 0.032653
0 0.844898 0.720000 0.081633 0.032653
0 0.844898 0.755918 0.081633 0.032653
0 0.766531 0.844898 0.032653 0.081633
0 0.691429 0.844898 0.032653 0.081633
0 0.626939 0.844898 0.032653 0.081633
0 0.594286 0.844898 0.032653 0.081633
0 0.564082 0.844898 0.032653 0.081633
0 0.520816 0.844898 0.032653 0.081633
0 0.480000 0.844898 0.032653 0.081633
0 0.445714 0.844898 0.032653 0.081633
0 0.413878 0.844898 0.032653 0.081633
0 0.363265 0.844898 0.032653 0.081633
0 0.328163 0.844898 0.032653 0.081633
0 0.251429 0.844898 0.032653 0.081633
0 0.216327 0.844898 0.032653 0.081633
0 0.155102 0.786939 0.081633 0.032653
0 0.155102 0.750204 0.081633 0.032653
0 0.155102 0.695510 0.081633 0.032653
0 0.155102 0.659592 0.081633 0.032653
0 0.155102 0.624490 0.081633 0.032653
0 0.155102 0.591020 0.081633 0.032653
0 0.155102 0.547755 0.081633 0.032653
0 0.155102 0.512653 0.081633 0.032653
0 0.155102 0.475918 0.081633 0.032653
0 0.155102 0.444082 0.081633 0.032653
0 0.155102 0.413061 0.081633 0.032653
0 0.155102 0.381224 0.081633 0.032653
0 0.155102 0.343673 0.081633 0.032653
0 0.155102 0.302857 0.081633 0.032653
0 0.155102 0.253061 0.081633 0.032653
0 0.155102 0.216327 0.081633 0.032653
0 0.198367 0.130612 0.032653 0.081633
0 0.239184 0.130612 0.032653 0.081633
0 0.280000 0.130612 0.032653 0.081633
0 0.319184 0.130612 0.032653 0.081633
0 0.356735 0.130612 0.032653 0.081633
0 0.392653 0.130612 0.032653 0.081633
0 0.426939 0.130612 0.032653 0.081633
0 0.464490 0.130612 0.032653 0.081633
0 0.520000 0.130612 0.032653 0.081633
0 0.551020 0.130612 0.032653 0.081633
0 0.583673 0.130612 0.032653 0.081633
0 0.617959 0.130612 0.032653 0.081633
0 0.653878 0.130612 0.032653 0.081633
0 0.703673 0.130612 0.032653 0.081633
0 0.743673 0.130612 0.032653 0.081633
0 0.786122 0.130612 0.032653 0.081633
0 0.869388 0.196735 0.081633 0.032653
0 0.869388 0.238367 0.081633 0.032653
0 0.869388 0.279184 0.081633 0.032653
0 0.869388 0.324898 0.081633 0.032653
0 0.869388 0.362449 0.081633 0.032653
0 0.869388 0.408163 0.081633 0.032653
0 0.869388 0.440000 0.081633 0.032653
0 0.869388 0.471020 0.081633 0.032653
0 0.869388 0.522449 0.081633 0.032653
0 0.869388 0.568163 0.081633 0.032653
0 0.869388 0.600000 0.081633 0.032653
0 0.869388 0.636735 0.081633 0.032653
0 0.869388 0.674286 0.081633 0.032653
0 0.869388 0.723265 0.081633 0.032653
0 0.869388 0.763265 0.081633 0.032653
0 0.869388 0.806531 0.081633 0.032653
0 0.794286 0.869388 0.032653 0.081633
0 0.751020 0.869388 0.032653 0.081633
0 0.709388 0.869388 0.032653 0.081633
0 0.669388 0.869388 0.032653 0.081633
0 0.634286 0.869388 0.032653 0.081633
0 0.597551 0.869388 0.032653 0.081633
0 0.563265 0.869388 0.032653 0.081633
0 0.523265 0.869388 0.032653 0.081633
0 0.480000 0.869388 0.032653 0.081633
0 0.443265 0.869388 0.032653 0.081633
0 0.408980 0.869388 0.032653 0.081633
0 0.360816 0.869388 0.032653 0.081633
0 0.323265 0.869388 0.032653 0.081633
0 0.283265 0.869388 0.032653 0.081633
0 0.240000 0.869388 0.032653 0.081633
0 0.200000 0.869388 0.032653 0.081633
0 0.130612 0.803265 0.081633 0.032653
0 0.130612 0.762449 0.081633 0.032653
0 0.130612 0.711020 0.081633 0.032653
0 0.130612 0.670204 0.081633 0.032653
0 0.130612 0.631020 0.081633 0.032653
0 0.130612 0.594286 0.081633 0.032653
0 0.130612 0.554286 0.081633 0.032653
0 0.130612 0.516735 0.081633 0.032653
0 0.130612 0.476735 0.081633 0.032653
0 0.130612 0.442449 0.081633 0.032653
0 0.130612 0.407347 0.081633 0.032653
0 0.130612 0.372245 0.081633 0.032653
0 0.130612 0.334694 0.081633 0.032653
0 0.130612 0.289796 0.081633 0.032653
0 0.130612 0.239184 0.081633 0.032653
0 0.130612 0.198367 0.081633 0.032653
