0 0.192276 0.122432 0.032868 0.082169
0 0.235004 0.122432 0.032868 0.082169
0 0.275267 0.122432 0.032868 0.082169
0 0.317173 0.122432 0.032868 0.082169
0 0.355793 0.122432 0.032868 0.082169
0 0.391947 0.122432 0.032868 0.082169
0 0.426459 0.122432 0.032868 0.082169
0 0.463435 0.122432 0.032868 0.082169
0 0.520131 0.122432 0.032868 0.082169
0 0.552177 0.122432 0.032868 0.082169
0 0.586689 0.122432 0.032868 0.082169
0 0.622021 0.122432 0.032868 0.082169
0 0.658998 0.122432 0.032868 0.082169
0 0.709942 0.122432 0.032868 0.082169
0 0.751027 0.122432 0.032868 0.082169
0 0.794577 0.122432 0.032868 0.082169
0 0.877568 0.191454 0.082169 0.032868
0 0.877568 0.234182 0.082169 0.032868
0 0.877568 0.276089 0.082169 0.032868
0 0.877568 0.322104 0.082169 0.032868
0 0.877568 0.360723 0.082169 0.032868
0 0.877568 0.407560 0.082169 0.032868
0 0.877568 0.441249 0.082169 0.032868
0 0.877568 0.471652 0.082169 0.032868
0 0.877568 0.521775 0.082169 0.032868
0 0.877568 0.566968 0.082169 0.032868
0 0.877568 0.601479 0.082169 0.032868
0 0.877568 0.638455 0.082169 0.032868
0 0.877568 0.677075 0.082169 0.032868
0 0.877568 0.726376 0.082169 0.032868
0 0.877568 0.767461 0.082169 0.032868
0 0.877568 0.811011 0.082169 0.032868
0 0.803615 0.877568 0.032868 0.082169
0 0.758422 0.877568 0.032868 0.082169
0 0.715694 0.877568 0.032868 0.082169
0 0.674610 0.877568 0.032868 0.082169
0 0.637634 0.877568 0.032868 0.082169
0 0.600657 0.877568 0.032868 0.082169
0 0.563681 0.877568 0.032868 0.082169
0 0.525062 0.877568 0.032868 0.082169
0 0.479869 0.877568 0.032868 0.082169
0 0.442892 0.877568 0.032868 0.082169
0 0.408381 0.877568 0.032868 0.082169
0 0.359901 0.877568 0.032868 0.082169
0 0.320460 0.877568 0.032868 0.082169
0 0.278554 0.877568 0.032868 0.082169
0 0.235004 0.877568 0.032868 0.082169
0 0.193919 0.877568 0.032868 0.082169
0 0.122432 0.809367 0.082169 0.032868
0 0.122432 0.770748 0.082169 0.032868
0 0.122432 0.715694 0.082169 0.032868
0 0.122432 0.672966 0.082169 0.032868
0 0.122432 0.633525 0.082169 0.032868
0 0.122432 0.596549 0.082169 0.032868
0 0.122432 0.554643 0.082169 0.032868
0 0.122432 0.516845 0.082169 0.032868
0 0.122432 0.476582 0.082169 0.032868
0 0.122432 0.440427 0.082169 0.032868
0 0.122432 0.405094 0.082169 0.032868
0 0.122432 0.367297 0.082169 0.032868
0 0.122432 0.330320 0.082169 0.032868
0 0.122432 0.285127 0.082169 0.032868
0 0.122432 0.233361 0.082169 0.032868
0 0.122432 0.191454 0.082169 0.032868
0 0.198850 0.132293 0.032868 0.082169
0 0.239934 0.132293 0.032868 0.082169
0 0.278554 0.132293 0.032868 0.082169
0 0.318817 0.132293 0.032868 0.082169
0 0.355793 0.132293 0.032868 0.082169
0 0.391126 0.132293 0.032868 0.082169
0 0.425637 0.132293 0.032868 0.082169
0 0.461791 0.132293 0.032868 0.082169
0 0.519310 0.132293 0.032868 0.082169
0 0.549712 0.132293 0.032868 0.082169
0 0.582580 0.132293 0.032868 0.082169
0 0.616270 0.132293 0.032868 0.082169
0 0.650781 0.132293 0.032868 0.082169
0 0.702547 0.132293 0.032868 0.082169
0 0.741167 0.132293 0.032868 0.082169
0 0.781430 0.132293 0.032868 0.082169
0 0.867707 0.199671 0.082169 0.032868
0 0.867707 0.239934 0.082169 0.032868
0 0.867707 0.281019 0.082169 0.032868
0 0.867707 0.326212 0.082169 0.032868
0 0.867707 0.363188 0.082169 0.032868
0 0.867707 0.410025 0.082169 0.032868
0 0.867707 0.442892 0.082169 0.032868
0 0.867707 0.470830 0.082169 0.032868
0 0.867707 0.523418 0.082169 0.032868
0 0.867707 0.568611 0.082169 0.032868
0 0.867707 0.602301 0.082169 0.032868
0 0.867707 0.637634 0.082169 0.032868
0 0.867707 0.674610 0.082169 0.032868
0 0.867707 0.724733 0.082169 0.032868
0 0.867707 0.764174 0.082169 0.032868
0 0.867707 0.806081 0.082169 0.032868
0 0.793755 0.867707 0.032868 0.082169
0 0.750205 0.867707 0.032868 0.082169
0 0.708299 0.867707 0.032868 0.082169
0 0.669680 0.867707 0.032868 0.082169
0 0.635168 0.867707 0.032868 0.082169
0 0.599836 0.867707 0.032868 0.082169
0 0.564503 0.867707 0.032868 0.082169
0 0.523418 0.867707 0.032868 0.082169
0 0.480690 0.867707 0.032868 0.082169
0 0.443714 0.867707 0.032868 0.082169
0 0.410025 0.867707 0.032868 0.082169
0 0.360723 0.867707 0.032868 0.082169
0 0.322104 0.867707 0.032868 0.082169
0 0.281841 0.867707 0.032868 0.082169
0 0.239934 0.867707 0.032868 0.082169
0 0.200493 0.867707 0.032868 0.082169
0 0.132293 0.803615 0.082169 0.032868
0 0.132293 0.763353 0.082169 0.032868
0 0.132293 0.709942 0.082169 0.032868
0 0.132293 0.668858 0.082169 0.032868
0 0.132293 0.630238 0.082169 0.032868
0 0.132293 0.595727 0.082169 0.032868
0 0.132293 0.552177 0.082169 0.032868
0 0.132293 0.515201 0.082169 0.032868
0 0.132293 0.476582 0.082169 0.032868
0 0.132293 0.441249 0.082169 0.032868
0 0.132293 0.407560 0.082169 0.032868
0 0.132293 0.371405 0.082169 0.032868
0 0.132293 0.334429 0.082169 0.032868
0 0.132293 0.290058 0.082169 0.032868
0 0.132293 0.239113 0.082169 0.032868
0 0.132293 0.198028 0.082169 0.032868
0 0.202136 0.137223 0.032868 0.082169
0 0.242399 0.137223 0.032868 0.082169
0 0.280197 0.137223 0.032868 0.082169
0 0.319638 0.137223 0.032868 0.082169
0 0.355793 0.137223 0.032868 0.082169
0 0.390304 0.137223 0.032868 0.082169
0 0.424815 0.137223 0.032868 0.082169
0 0.460970 0.137223 0.032868 0.082169
0 0.519310 0.137223 0.032868 0.082169
0 0.548891 0.137223 0.032868 0.082169
0 0.580937 0.137223 0.032868 0.082169
0 0.612983 0.137223 0.032868 0.082169
0 0.646672 0.137223 0.032868 0.082169
0 0.698439 0.137223 0.032868 0.082169
0 0.737058 0.137223 0.032868 0.082169
0 0.774856 0.137223 0.032868 0.082169
0 0.862777 0.203780 0.082169 0.032868
0 0.862777 0.242399 0.082169 0.032868
0 0.862777 0.282662 0.082169 0.032868
0 0.862777 0.328677 0.082169 0.032868
0 0.862777 0.364832 0.082169 0.032868
0 0.862777 0.442892 0.082169 0.032868
0 0.862777 0.470830 0.082169 0.032868
0 0.862777 0.524240 0.082169 0.032868
0 0.862777 0.569433 0.082169 0.032868
0 0.862777 0.602301 0.082169 0.032868
0 0.862777 0.637634 0.082169 0.032868
0 0.862777 0.673788 0.082169 0.032868
0 0.862777 0.723911 0.082169 0.032868
0 0.862777 0.762531 0.082169 0.032868
0 0.862777 0.803615 0.082169 0.032868
0 0.788003 0.862777 0.032868 0.082169
0 0.745275 0.862777 0.032868 0.082169
0 0.704191 0.862777 0.032868 0.082169
0 0.668036 0.862777 0.032868 0.082169
0 0.633525 0.862777 0.032868 0.082169
0 0.599014 0.862777 0.032868 0.082169
0 0.564503 0.862777 0.032868 0.082169
0 0.522597 0.862777 0.032868 0.082169
0 0.480690 0.862777 0.032868 0.082169
0 0.443714 0.862777 0.032868 0.082169
0 0.410846 0.862777 0.032868 0.082169
0 0.361545 0.862777 0.032868 0.082169
0 0.322104 0.862777 0.032868 0.082169
0 0.283484 0.862777 0.032868 0.082169
0 0.241578 0.862777 0.032868 0.082169
0 0.203780 0.862777 0.032868 0.082169
0 0.137223 0.799507 0.082169 0.032868
0 0.137223 0.760887 0.082169 0.032868
0 0.137223 0.706656 0.082169 0.032868
0 0.137223 0.667214 0.082169 0.032868
0 0.137223 0.629417 0.082169 0.032868
0 0.137223 0.594906 0.082169 0.032868
0 0.137223 0.551356 0.082169 0.032868
0 0.137223 0.515201 0.082169 0.032868
0 0.137223 0.475760 0.082169 0.032868
0 0.137223 0.442071 0.082169 0.032868
0 0.137223 0.408381 0.082169 0.032868
0 0.137223 0.373048 0.082169 0.032868
0 0.137223 0.336072 0.082169 0.032868
0 0.137223 0.292523 0.082169 0.032868
0 0.137223 0.241578 0.082169 0.032868
0 0.137223 0.202136 0.082169 0.032868
0 0.204601 0.142153 0.032868 0.082169
0 0.244864 0.142153 0.032868 0.082169
0 0.281841 0.142153 0.032868 0.082169
0 0.320460 0.142153 0.032868 0.082169
0 0.348398 0.142153 0.032868 0.082169
0 0.390304 0.142153 0.032868 0.082169
0 0.424815 0.142153 0.032868 0.082169
0 0.460970 0.142153 0.032868 0.082169
0 0.518488 0.142153 0.032868 0.082169
0 0.548069 0.142153 0.032868 0.082169
0 0.579293 0.142153 0.032868 0.082169
0 0.609696 0.142153 0.032868 0.082169
0 0.642564 0.142153 0.032868 0.082169
0 0.694330 0.142153 0.032868 0.082169
0 0.732128 0.142153 0.032868 0.082169
0 0.769104 0.142153 0.032868 0.082169
0 0.857847 0.207067 0.082169 0.032868
0 0.857847 0.245686 0.082169 0.032868
0 0.857847 0.284306 0.082169 0.032868
0 0.857847 0.330320 0.082169 0.032868
0 0.857847 0.365653 0.082169 0.032868
0 0.857847 0.412490 0.082169 0.032868
0 0.857847 0.443714 0.082169 0.032868
0 0.857847 0.470830 0.082169 0.032868
0 0.857847 0.525062 0.082169 0.032868
0 0.857847 0.570255 0.082169 0.032868
0 0.857847 0.602301 0.082169 0.032868
0 0.857847 0.636812 0.082169 0.032868
0 0.857847 0.723911 0.082169 0.032868
0 0.857847 0.760887 0.082169 0.032868
0 0.857847 0.801150 0.082169 0.032868
0 0.782251 0.857847 0.032868 0.082169
0 0.740345 0.857847 0.032868 0.082169
0 0.700904 0.857847 0.032868 0.082169
0 0.665571 0.857847 0.032868 0.082169
0 0.631882 0.857847 0.032868 0.082169
0 0.599014 0.857847 0.032868 0.082169
0 0.564503 0.857847 0.032868 0.082169
0 0.522597 0.857847 0.032868 0.082169
0 0.443714 0.857847 0.032868 0.082169
0 0.411668 0.857847 0.032868 0.082169
0 0.362366 0.857847 0.032868 0.082169
0 0.323747 0.857847 0.032868 0.082169
0 0.285127 0.857847 0.032868 0.082169
0 0.244043 0.857847 0.032868 0.082169
0 0.206245 0.857847 0.032868 0.082169
0 0.142153 0.797042 0.082169 0.032868
0 0.142153 0.759244 0.082169 0.032868
0 0.142153 0.704191 0.082169 0.032868
0 0.142153 0.664749 0.082169 0.032868
0 0.142153 0.627773 0.082169 0.032868
0 0.142153 0.594084 0.082169 0.032868
0 0.142153 0.549712 0.082169 0.032868
0 0.142153 0.514380 0.082169 0.032868
0 0.142153 0.475760 0.082169 0.032868
0 0.142153 0.442071 0.082169 0.032868
0 0.142153 0.409203 0.082169 0.032868
0 0.142153 0.374692 0.082169 0.032868
0 0.142153 0.337716 0.082169 0.032868
0 0.142153 0.294988 0.082169 0.032868
0 0.142153 0.244043 0.082169 0.032868
0 0.142153 0.205423 0.082169 0.032868
0 0.208710 0.147083 0.032868 0.082169
0 0.247329 0.147083 0.032868 0.082169
0 0.283484 0.147083 0.032868 0.082169
0 0.321282 0.147083 0.032868 0.082169
0 0.355793 0.147083 0.032868 0.082169
0 0.381265 0.147083 0.032868 0.082169
0 0.423993 0.147083 0.032868 0.082169
0 0.460148 0.147083 0.032868 0.082169
0 0.519310 0.147083 0.032868 0.082169
0 0.547247 0.147083 0.032868 0.082169
0 0.576828 0.147083 0.032868 0.082169
0 0.607231 0.147083 0.032868 0.082169
0 0.638455 0.147083 0.032868 0.082169
0 0.691044 0.147083 0.032868 0.082169
0 0.727198 0.147083 0.032868 0.082169
0 0.762531 0.147083 0.032868 0.082169
0 0.852917 0.211175 0.082169 0.032868
0 0.852917 0.248151 0.082169 0.032868
0 0.852917 0.285949 0.082169 0.032868
0 0.852917 0.331964 0.082169 0.032868
0 0.852917 0.367297 0.082169 0.032868
0 0.852917 0.413311 0.082169 0.032868
0 0.852917 0.444536 0.082169 0.032868
0 0.852917 0.470830 0.082169 0.032868
0 0.852917 0.525062 0.082169 0.032868
0 0.852917 0.571076 0.082169 0.032868
0 0.852917 0.602301 0.082169 0.032868
0 0.852917 0.635990 0.082169 0.032868
0 0.852917 0.671323 0.082169 0.032868
0 0.852917 0.722268 0.082169 0.032868
0 0.852917 0.759244 0.082169 0.032868
0 0.852917 0.798685 0.082169 0.032868
0 0.777321 0.852917 0.032868 0.082169
0 0.736237 0.852917 0.032868 0.082169
0 0.663106 0.852917 0.032868 0.082169
0 0.631060 0.852917 0.032868 0.082169
0 0.598192 0.852917 0.032868 0.082169
0 0.565325 0.852917 0.032868 0.082169
0 0.522597 0.852917 0.032868 0.082169
0 0.481512 0.852917 0.032868 0.082169
0 0.444536 0.852917 0.032868 0.082169
0 0.412490 0.852917 0.032868 0.082169
0 0.362366 0.852917 0.032868 0.082169
0 0.324569 0.852917 0.032868 0.082169
0 0.286771 0.852917 0.032868 0.082169
0 0.245686 0.852917 0.032868 0.082169
0 0.209532 0.852917 0.032868 0.082169
0 0.147083 0.794577 0.082169 0.032868
0 0.147083 0.756779 0.082169 0.032868
0 0.147083 0.700904 0.082169 0.032868
0 0.147083 0.663106 0.082169 0.032868
0 0.147083 0.626130 0.082169 0.032868
0 0.147083 0.594084 0.082169 0.032868
0 0.147083 0.548069 0.082169 0.032868
0 0.147083 0.513558 0.082169 0.032868
0 0.147083 0.475760 0.082169 0.032868
0 0.147083 0.442071 0.082169 0.032868
0 0.147083 0.410846 0.082169 0.032868
0 0.147083 0.376335 0.082169 0.032868
0 0.147083 0.340181 0.082169 0.032868
0 0.147083 0.297453 0.082169 0.032868
0 0.147083 0.247329 0.082169 0.032868
0 0.147083 0.208710 0.082169 0.032868
0 0.211997 0.152013 0.032868 0.082169
0 0.249795 0.152013 0.032868 0.082169
0 0.285127 0.152013 0.032868 0.082169
0 0.322104 0.152013 0.032868 0.082169
0 0.355793 0.152013 0.032868 0.082169
0 0.388661 0.152013 0.032868 0.082169
0 0.423993 0.152013 0.032868 0.082169
0 0.460148 0.152013 0.032868 0.082169
0 0.518488 0.152013 0.032868 0.082169
0 0.546426 0.152013 0.032868 0.082169
0 0.575185 0.152013 0.032868 0.082169
0 0.604766 0.152013 0.032868 0.082169
0 0.635168 0.152013 0.032868 0.082169
0 0.686935 0.152013 0.032868 0.082169
0 0.722268 0.152013 0.032868 0.082169
0 0.755957 0.152013 0.032868 0.082169
0 0.847987 0.214462 0.082169 0.032868
0 0.847987 0.250616 0.082169 0.032868
0 0.847987 0.333607 0.082169 0.032868
0 0.847987 0.367297 0.082169 0.032868
0 0.847987 0.414133 0.082169 0.032868
0 0.847987 0.444536 0.082169 0.032868
0 0.847987 0.470008 0.082169 0.032868
0 0.847987 0.525883 0.082169 0.032868
0 0.847987 0.571898 0.082169 0.032868
0 0.847987 0.603122 0.082169 0.032868
0 0.847987 0.669680 0.082169 0.032868
0 0.847987 0.721446 0.082169 0.032868
0 0.847987 0.757601 0.082169 0.032868
0 0.847987 0.797042 0.082169 0.032868
0 0.771569 0.847987 0.032868 0.082169
0 0.731306 0.847987 0.032868 0.082169
0 0.693509 0.847987 0.032868 0.082169
0 0.629417 0.847987 0.032868 0.082169
0 0.597371 0.847987 0.032868 0.082169
0 0.565325 0.847987 0.032868 0.082169
0 0.521775 0.847987 0.032868 0.082169
0 0.481512 0.847987 0.032868 0.082169
0 0.445357 0.847987 0.032868 0.082169
0 0.413311 0.847987 0.032868 0.082169
0 0.362366 0.847987 0.032868 0.082169
0 0.325390 0.847987 0.032868 0.082169
0 0.288414 0.847987 0.032868 0.082169
0 0.248151 0.847987 0.032868 0.082169
0 0.213640 0.847987 0.032868 0.082169
0 0.152013 0.790468 0.082169 0.032868
0 0.152013 0.755136 0.082169 0.032868
0 0.152013 0.698439 0.082169 0.032868
0 0.152013 0.661463 0.082169 0.032868
0 0.152013 0.625308 0.082169 0.032868
0 0.152013 0.592440 0.082169 0.032868
0 0.152013 0.547247 0.082169 0.032868
0 0.152013 0.512736 0.082169 0.032868
0 0.152013 0.475760 0.082169 0.032868
0 0.152013 0.442892 0.082169 0.032868
0 0.152013 0.411668 0.082169 0.032868
0 0.152013 0.378800 0.082169 0.032868
0 0.152013 0.341824 0.082169 0.032868
0 0.152013 0.299918 0.082169 0.032868
0 0.152013 0.249795 0.082169 0.032868
0 0.152013 0.212818 0.082169 0.032868
0 0.195563 0.127362 0.032868 0.082169
0 0.237469 0.127362 0.032868 0.082169
0 0.276910 0.127362 0.032868 0.082169
0 0.317995 0.127362 0.032868 0.082169
0 0.354971 0.127362 0.032868 0.082169
0 0.391947 0.127362 0.032868 0.082169
0 0.425637 0.127362 0.032868 0.082169
0 0.462613 0.127362 0.032868 0.082169
0 0.520131 0.127362 0.032868 0.082169
0 0.551356 0.127362 0.032868 0.082169
0 0.584224 0.127362 0.032868 0.082169
0 0.618735 0.127362 0.032868 0.082169
0 0.654889 0.127362 0.032868 0.082169
0 0.705834 0.127362 0.032868 0.082169
0 0.746919 0.127362 0.032868 0.082169
0 0.788003 0.127362 0.032868 0.082169
0 0.872638 0.195563 0.082169 0.032868
0 0.872638 0.237469 0.082169 0.032868
0 0.872638 0.278554 0.082169 0.032868
0 0.872638 0.324569 0.082169 0.032868
0 0.872638 0.362366 0.082169 0.032868
0 0.872638 0.407560 0.082169 0.032868
0 0.872638 0.441249 0.082169 0.032868
0 0.872638 0.470830 0.082169 0.032868
0 0.872638 0.522597 0.082169 0.032868
0 0.872638 0.567790 0.082169 0.032868
0 0.872638 0.601479 0.082169 0.032868
0 0.872638 0.638455 0.082169 0.032868
0 0.872638 0.675431 0.082169 0.032868
0 0.872638 0.725555 0.082169 0.032868
0 0.872638 0.765818 0.082169 0.032868
0 0.872638 0.808546 0.082169 0.032868
0 0.754314 0.872638 0.032868 0.082169
0 0.711586 0.872638 0.032868 0.082169
0 0.672966 0.872638 0.032868 0.082169
0 0.635990 0.872638 0.032868 0.082169
0 0.599836 0.872638 0.032868 0.082169
0 0.564503 0.872638 0.032868 0.082169
0 0.524240 0.872638 0.032868 0.082169
0 0.479869 0.872638 0.032868 0.082169
0 0.442892 0.872638 0.032868 0.082169
0 0.408381 0.872638 0.032868 0.082169
0 0.360723 0.872638 0.032868 0.082169
0 0.321282 0.872638 0.032868 0.082169
0 0.280197 0.872638 0.032868 0.082169
0 0.237469 0.872638 0.032868 0.082169
0 0.197206 0.872638 0.032868 0.082169
0 0.127362 0.806081 0.082169 0.032868
0 0.127362 0.764996 0.082169 0.032868
0 0.127362 0.713229 0.082169 0.032868
0 0.127362 0.671323 0.082169 0.032868
0 0.127362 0.631882 0.082169 0.032868
0 0.127362 0.595727 0.082169 0.032868
0 0.127362 0.552999 0.082169 0.032868
0 0.127362 0.516023 0.082169 0.032868
0 0.127362 0.476582 0.082169 0.032868
0 0.127362 0.441249 0.082169 0.032868
0 0.127362 0.406738 0.082169 0.032868
0 0.127362 0.369762 0.082169 0.032868
0 0.127362 0.331964 0.082169 0.032868
0 0.127362 0.287592 0.082169 0.032868
0 0.127362 0.236647 0.082169 0.032868
0 0.127362 0.193919 0.082169 0.032868
