0 0.188771 0.119609 0.032547 0.081367
0 0.231896 0.119609 0.032547 0.081367
0 0.273393 0.119609 0.032547 0.081367
0 0.315704 0.119609 0.032547 0.081367
0 0.354760 0.119609 0.032547 0.081367
0 0.391375 0.119609 0.032547 0.081367
0 0.426363 0.119609 0.032547 0.081367
0 0.464605 0.119609 0.032547 0.081367
0 0.519935 0.119609 0.032547 0.081367
0 0.552482 0.119609 0.032547 0.081367
0 0.587469 0.119609 0.032547 0.081367
0 0.624085 0.119609 0.032547 0.081367
0 0.662327 0.119609 0.032547 0.081367
0 0.712775 0.119609 0.032547 0.081367
0 0.755085 0.119609 0.032547 0.081367
0 0.799024 0.119609 0.032547 0.081367
0 0.880391 0.192026 0.081367 0.032547
0 0.880391 0.234337 0.081367 0.032547
0 0.880391 0.277461 0.081367 0.032547
0 0.880391 0.323841 0.081367 0.032547
0 0.880391 0.362897 0.081367 0.032547
0 0.880391 0.408462 0.081367 0.032547
0 0.880391 0.443450 0.081367 0.032547
0 0.880391 0.472742 0.081367 0.032547
0 0.880391 0.525631 0.081367 0.032547
0 0.880391 0.570382 0.081367 0.032547
0 0.880391 0.604557 0.081367 0.032547
0 0.880391 0.642799 0.081367 0.032547
0 0.880391 0.681041 0.081367 0.032547
0 0.880391 0.729862 0.081367 0.032547
0 0.880391 0.772172 0.081367 0.032547
0 0.880391 0.816111 0.081367 0.032547
0 0.803092 0.880391 0.032547 0.081367
0 0.757526 0.880391 0.032547 0.081367
0 0.714402 0.880391 0.032547 0.081367
0 0.674532 0.880391 0.032547 0.081367
0 0.637103 0.880391 0.032547 0.081367
0 0.599675 0.880391 0.032547 0.081367
0 0.563059 0.880391 0.032547 0.081367
0 0.524817 0.880391 0.032547 0.081367
0 0.477624 0.880391 0.032547 0.081367
0 0.441823 0.880391 0.032547 0.081367
0 0.406021 0.880391 0.032547 0.081367
0 0.357201 0.880391 0.032547 0.081367
0 0.316517 0.880391 0.032547 0.081367
0 0.275834 0.880391 0.032547 0.081367
0 0.232710 0.880391 0.032547 0.081367
0 0.191212 0.880391 0.032547 0.081367
0 0.119609 0.813670 0.081367 0.032547
0 0.119609 0.772172 0.081367 0.032547
0 0.119609 0.718470 0.081367 0.032547
0 0.119609 0.677787 0.081367 0.032547
0 0.119609 0.637103 0.081367 0.032547
0 0.119609 0.599675 0.081367 0.032547
0 0.119609 0.557364 0.081367 0.032547
0 0.119609 0.520749 0.081367 0.032547
0 0.119609 0.480065 0.081367 0.032547
0 0.119609 0.443450 0.081367 0.032547
0 0.119609 0.406835 0.081367 0.032547
0 0.119609 0.369406 0.081367 0.032547
0 0.119609 0.330350 0.081367 0.032547
0 0.119609 0.285598 0.081367 0.032547
0 0.119609 0.233523 0.081367 0.032547
0 0.119609 0.191212 0.081367 0.032547
0 0.237592 0.129373 0.032547 0.081367
0 0.276648 0.129373 0.032547 0.081367
0 0.317331 0.129373 0.032547 0.081367
0 0.354760 0.129373 0.032547 0.081367
0 0.389748 0.129373 0.032547 0.081367
0 0.426363 0.129373 0.032547 0.081367
0 0.462978 0.129373 0.032547 0.081367
0 0.519121 0.129373 0.032547 0.081367
0 0.583401 0.129373 0.032547 0.081367
0 0.617575 0.129373 0.032547 0.081367
0 0.652563 0.129373 0.032547 0.081367
0 0.704638 0.129373 0.032547 0.081367
0 0.744508 0.129373 0.032547 0.081367
0 0.785191 0.129373 0.032547 0.081367
0 0.870627 0.200163 0.081367 0.032547
0 0.870627 0.240033 0.081367 0.032547
0 0.870627 0.281530 0.081367 0.032547
0 0.870627 0.328723 0.081367 0.032547
0 0.870627 0.365338 0.081367 0.032547
0 0.870627 0.412531 0.081367 0.032547
0 0.870627 0.445077 0.081367 0.032547
0 0.870627 0.472742 0.081367 0.032547
0 0.870627 0.527258 0.081367 0.032547
0 0.870627 0.572823 0.081367 0.032547
0 0.870627 0.605370 0.081367 0.032547
0 0.870627 0.641985 0.081367 0.032547
0 0.870627 0.678600 0.081367 0.032547
0 0.870627 0.728234 0.081367 0.032547
0 0.870627 0.768918 0.081367 0.032547
0 0.870627 0.811229 0.081367 0.032547
0 0.791701 0.870627 0.032547 0.081367
0 0.747762 0.870627 0.032547 0.081367
0 0.706265 0.870627 0.032547 0.081367
0 0.668836 0.870627 0.032547 0.081367
0 0.635476 0.870627 0.032547 0.081367
0 0.598047 0.870627 0.032547 0.081367
0 0.563873 0.870627 0.032547 0.081367
0 0.522376 0.870627 0.032547 0.081367
0 0.477624 0.870627 0.032547 0.081367
0 0.442636 0.870627 0.032547 0.081367
0 0.407648 0.870627 0.032547 0.081367
0 0.358015 0.870627 0.032547 0.081367
0 0.318145 0.870627 0.032547 0.081367
0 0.279089 0.870627 0.032547 0.081367
0 0.236778 0.870627 0.032547 0.081367
0 0.197722 0.870627 0.032547 0.081367
0 0.129373 0.807974 0.081367 0.032547
0 0.129373 0.768104 0.081367 0.032547
0 0.129373 0.713588 0.081367 0.032547
0 0.129373 0.673718 0.081367 0.032547
0 0.129373 0.634662 0.081367 0.032547
0 0.129373 0.598047 0.081367 0.032547
0 0.129373 0.556550 0.081367 0.032547
0 0.129373 0.519935 0.081367 0.032547
0 0.129373 0.480065 0.081367 0.032547
0 0.129373 0.444264 0.081367 0.032547
0 0.129373 0.409276 0.081367 0.032547
0 0.129373 0.380797 0.081367 0.032547
0 0.129373 0.334418 0.081367 0.032547
0 0.129373 0.291294 0.081367 0.032547
0 0.129373 0.239219 0.081367 0.032547
0 0.129373 0.198535 0.081367 0.032547
0 0.198535 0.134255 0.032547 0.081367
0 0.239219 0.134255 0.032547 0.081367
0 0.278275 0.134255 0.032547 0.081367
0 0.318145 0.134255 0.032547 0.081367
0 0.388934 0.134255 0.032547 0.081367
0 0.426363 0.134255 0.032547 0.081367
0 0.462978 0.134255 0.032547 0.081367
0 0.518308 0.134255 0.032547 0.081367
0 0.549227 0.134255 0.032547 0.081367
0 0.581774 0.134255 0.032547 0.081367
0 0.614321 0.134255 0.032547 0.081367
0 0.648495 0.134255 0.032547 0.081367
0 0.699756 0.134255 0.032547 0.081367
0 0.739626 0.134255 0.032547 0.081367
0 0.779496 0.134255 0.032547 0.081367
0 0.865745 0.203417 0.081367 0.032547
0 0.865745 0.243287 0.081367 0.032547
0 0.865745 0.283971 0.081367 0.032547
0 0.865745 0.330350 0.081367 0.032547
0 0.865745 0.366151 0.081367 0.032547
0 0.865745 0.413344 0.081367 0.032547
0 0.865745 0.445891 0.081367 0.032547
0 0.865745 0.472742 0.081367 0.032547
0 0.865745 0.527258 0.081367 0.032547
0 0.865745 0.573637 0.081367 0.032547
0 0.865745 0.605370 0.081367 0.032547
0 0.865745 0.641985 0.081367 0.032547
0 0.865745 0.677787 0.081367 0.032547
0 0.865745 0.727421 0.081367 0.032547
0 0.865745 0.767290 0.081367 0.032547
0 0.865745 0.809601 0.081367 0.032547
0 0.786005 0.865745 0.032547 0.081367
0 0.742880 0.865745 0.032547 0.081367
0 0.703011 0.865745 0.032547 0.081367
0 0.667209 0.865745 0.032547 0.081367
0 0.633849 0.865745 0.032547 0.081367
0 0.598047 0.865745 0.032547 0.081367
0 0.563873 0.865745 0.032547 0.081367
0 0.521562 0.865745 0.032547 0.081367
0 0.477624 0.865745 0.032547 0.081367
0 0.442636 0.865745 0.032547 0.081367
0 0.408462 0.865745 0.032547 0.081367
0 0.358015 0.865745 0.032547 0.081367
0 0.318959 0.865745 0.032547 0.081367
0 0.280716 0.865745 0.032547 0.081367
0 0.238405 0.865745 0.032547 0.081367
0 0.200163 0.865745 0.032547 0.081367
0 0.134255 0.804719 0.081367 0.032547
0 0.134255 0.766477 0.081367 0.032547
0 0.134255 0.711147 0.081367 0.032547
0 0.134255 0.672091 0.081367 0.032547
0 0.134255 0.633849 0.081367 0.032547
0 0.134255 0.598047 0.081367 0.032547
0 0.134255 0.554923 0.081367 0.032547
0 0.134255 0.519121 0.081367 0.032547
0 0.134255 0.480065 0.081367 0.032547
0 0.134255 0.444264 0.081367 0.032547
0 0.134255 0.410903 0.081367 0.032547
0 0.134255 0.375102 0.081367 0.032547
0 0.134255 0.336859 0.081367 0.032547
0 0.134255 0.293735 0.081367 0.032547
0 0.134255 0.241660 0.081367 0.032547
0 0.134255 0.202604 0.081367 0.032547
0 0.200976 0.139138 0.032547 0.081367
0 0.241660 0.139138 0.032547 0.081367
0 0.279902 0.139138 0.032547 0.081367
0 0.318959 0.139138 0.032547 0.081367
0 0.354760 0.139138 0.032547 0.081367
0 0.388120 0.139138 0.032547 0.081367
0 0.425549 0.139138 0.032547 0.081367
0 0.462164 0.139138 0.032547 0.081367
0 0.518308 0.139138 0.032547 0.081367
0 0.547600 0.139138 0.032547 0.081367
0 0.579333 0.139138 0.032547 0.081367
0 0.611066 0.139138 0.032547 0.081367
0 0.644426 0.139138 0.032547 0.081367
0 0.696501 0.139138 0.032547 0.081367
0 0.735557 0.139138 0.032547 0.081367
0 0.772172 0.139138 0.032547 0.081367
0 0.860862 0.207486 0.081367 0.032547
0 0.860862 0.246542 0.081367 0.032547
0 0.860862 0.286412 0.081367 0.032547
0 0.860862 0.332791 0.081367 0.032547
0 0.860862 0.366965 0.081367 0.032547
0 0.860862 0.414972 0.081367 0.032547
0 0.860862 0.446705 0.081367 0.032547
0 0.860862 0.472742 0.081367 0.032547
0 0.860862 0.528072 0.081367 0.032547
0 0.860862 0.575264 0.081367 0.032547
0 0.860862 0.606184 0.081367 0.032547
0 0.860862 0.641172 0.081367 0.032547
0 0.860862 0.676973 0.081367 0.032547
0 0.860862 0.726607 0.081367 0.032547
0 0.860862 0.765663 0.081367 0.032547
0 0.860862 0.807160 0.081367 0.032547
0 0.781123 0.860862 0.032547 0.081367
0 0.738812 0.860862 0.032547 0.081367
0 0.699756 0.860862 0.032547 0.081367
0 0.663954 0.860862 0.032547 0.081367
0 0.632221 0.860862 0.032547 0.081367
0 0.563873 0.860862 0.032547 0.081367
0 0.521562 0.860862 0.032547 0.081367
0 0.478438 0.860862 0.032547 0.081367
0 0.443450 0.860862 0.032547 0.081367
0 0.410090 0.860862 0.032547 0.081367
0 0.358828 0.860862 0.032547 0.081367
0 0.319772 0.860862 0.032547 0.081367
0 0.282343 0.860862 0.032547 0.081367
0 0.240033 0.860862 0.032547 0.081367
0 0.203417 0.860862 0.032547 0.081367
0 0.139138 0.801465 0.081367 0.032547
0 0.139138 0.764036 0.081367 0.032547
0 0.139138 0.708706 0.081367 0.032547
0 0.139138 0.669650 0.081367 0.032547
0 0.139138 0.633035 0.081367 0.032547
0 0.139138 0.597234 0.081367 0.032547
0 0.139138 0.554923 0.081367 0.032547
0 0.139138 0.519121 0.081367 0.032547
0 0.139138 0.480065 0.081367 0.032547
0 0.139138 0.445077 0.081367 0.032547
0 0.139138 0.411717 0.081367 0.032547
0 0.139138 0.376729 0.081367 0.032547
0 0.139138 0.338487 0.081367 0.032547
0 0.139138 0.295362 0.081367 0.032547
0 0.139138 0.244915 0.081367 0.032547
0 0.139138 0.206672 0.081367 0.032547
0 0.204231 0.144020 0.032547 0.081367
0 0.244101 0.144020 0.032547 0.081367
0 0.280716 0.144020 0.032547 0.081367
0 0.319772 0.144020 0.032547 0.081367
0 0.387307 0.144020 0.032547 0.081367
0 0.424736 0.144020 0.032547 0.081367
0 0.461351 0.144020 0.032547 0.081367
0 0.518308 0.144020 0.032547 0.081367
0 0.546786 0.144020 0.032547 0.081367
0 0.577705 0.144020 0.032547 0.081367
0 0.640358 0.144020 0.032547 0.081367
0 0.729862 0.144020 0.032547 0.081367
0 0.765663 0.144020 0.032547 0.081367
0 0.855980 0.211554 0.081367 0.032547
0 0.855980 0.248983 0.081367 0.032547
0 0.855980 0.288039 0.081367 0.032547
0 0.855980 0.368592 0.081367 0.032547
0 0.855980 0.415785 0.081367 0.032547
0 0.855980 0.446705 0.081367 0.032547
0 0.855980 0.471928 0.081367 0.032547
0 0.855980 0.528885 0.081367 0.032547
0 0.855980 0.576078 0.081367 0.032547
0 0.855980 0.606998 0.081367 0.032547
0 0.855980 0.640358 0.081367 0.032547
0 0.855980 0.726607 0.081367 0.032547
0 0.855980 0.764849 0.081367 0.032547
0 0.855980 0.804719 0.081367 0.032547
0 0.776241 0.855980 0.032547 0.081367
0 0.733930 0.855980 0.032547 0.081367
0 0.695688 0.855980 0.032547 0.081367
0 0.662327 0.855980 0.032547 0.081367
0 0.630594 0.855980 0.032547 0.081367
0 0.596420 0.855980 0.032547 0.081367
0 0.563873 0.855980 0.032547 0.081367
0 0.520749 0.855980 0.032547 0.081367
0 0.477624 0.855980 0.032547 0.081367
0 0.444264 0.855980 0.032547 0.081367
0 0.410903 0.855980 0.032547 0.081367
0 0.358015 0.855980 0.032547 0.081367
0 0.320586 0.855980 0.032547 0.081367
0 0.283157 0.855980 0.032547 0.081367
0 0.242474 0.855980 0.032547 0.081367
0 0.207486 0.855980 0.032547 0.081367
0 0.144020 0.799024 0.081367 0.032547
0 0.144020 0.761595 0.081367 0.032547
0 0.144020 0.705452 0.081367 0.032547
0 0.144020 0.668023 0.081367 0.032547
0 0.144020 0.631408 0.081367 0.032547
0 0.144020 0.596420 0.081367 0.032547
0 0.144020 0.553295 0.081367 0.032547
0 0.144020 0.518308 0.081367 0.032547
0 0.144020 0.480879 0.081367 0.032547
0 0.144020 0.445891 0.081367 0.032547
0 0.144020 0.413344 0.081367 0.032547
0 0.144020 0.340114 0.081367 0.032547
0 0.144020 0.298617 0.081367 0.032547
0 0.144020 0.247356 0.081367 0.032547
0 0.144020 0.209927 0.081367 0.032547
0 0.206672 0.148902 0.032547 0.081367
0 0.282343 0.148902 0.032547 0.081367
0 0.319772 0.148902 0.032547 0.081367
0 0.386493 0.148902 0.032547 0.081367
0 0.432872 0.148902 0.032547 0.081367
0 0.460537 0.148902 0.032547 0.081367
0 0.545972 0.148902 0.032547 0.081367
0 0.605370 0.148902 0.032547 0.081367
0 0.636290 0.148902 0.032547 0.081367
0 0.688365 0.148902 0.032547 0.081367
0 0.725793 0.148902 0.032547 0.081367
0 0.759967 0.148902 0.032547 0.081367
0 0.851098 0.214809 0.081367 0.032547
0 0.851098 0.252238 0.081367 0.032547
0 0.851098 0.290480 0.081367 0.032547
0 0.851098 0.336859 0.081367 0.032547
0 0.851098 0.369406 0.081367 0.032547
0 0.851098 0.417413 0.081367 0.032547
0 0.851098 0.447518 0.081367 0.032547
0 0.851098 0.479251 0.081367 0.032547
0 0.851098 0.530513 0.081367 0.032547
0 0.851098 0.576892 0.081367 0.032547
0 0.851098 0.606184 0.081367 0.032547
0 0.851098 0.640358 0.081367 0.032547
0 0.851098 0.674532 0.081367 0.032547
0 0.851098 0.725793 0.081367 0.032547
0 0.851098 0.763222 0.081367 0.032547
0 0.851098 0.802278 0.081367 0.032547
0 0.770545 0.851098 0.032547 0.081367
0 0.729862 0.851098 0.032547 0.081367
0 0.692433 0.851098 0.032547 0.081367
0 0.659072 0.851098 0.032547 0.081367
0 0.628967 0.851098 0.032547 0.081367
0 0.596420 0.851098 0.032547 0.081367
0 0.564687 0.851098 0.032547 0.081367
0 0.520749 0.851098 0.032547 0.081367
0 0.478438 0.851098 0.032547 0.081367
0 0.443450 0.851098 0.032547 0.081367
0 0.411717 0.851098 0.032547 0.081367
0 0.321400 0.851098 0.032547 0.081367
0 0.284784 0.851098 0.032547 0.081367
0 0.244101 0.851098 0.032547 0.081367
0 0.210740 0.851098 0.032547 0.081367
0 0.148902 0.795769 0.081367 0.032547
0 0.148902 0.759967 0.081367 0.032547
0 0.148902 0.703011 0.081367 0.032547
0 0.148902 0.666395 0.081367 0.032547
0 0.148902 0.629780 0.081367 0.032547
0 0.148902 0.596420 0.081367 0.032547
0 0.148902 0.552482 0.081367 0.032547
0 0.148902 0.518308 0.081367 0.032547
0 0.148902 0.480065 0.081367 0.032547
0 0.148902 0.445891 0.081367 0.032547
0 0.148902 0.414158 0.081367 0.032547
0 0.148902 0.380797 0.081367 0.032547
0 0.148902 0.342555 0.081367 0.032547
0 0.148902 0.301058 0.081367 0.032547
0 0.148902 0.249797 0.081367 0.032547
0 0.148902 0.213995 0.081367 0.032547
0 0.192026 0.124491 0.032547 0.081367
0 0.234337 0.124491 0.032547 0.081367
0 0.275020 0.124491 0.032547 0.081367
0 0.354760 0.124491 0.032547 0.081367
0 0.390561 0.124491 0.032547 0.081367
0 0.426363 0.124491 0.032547 0.081367
0 0.463792 0.124491 0.032547 0.081367
0 0.519121 0.124491 0.032547 0.081367
0 0.550854 0.124491 0.032547 0.081367
0 0.585028 0.124491 0.032547 0.081367
0 0.620830 0.124491 0.032547 0.081367
0 0.656631 0.124491 0.032547 0.081367
0 0.707893 0.124491 0.032547 0.081367
0 0.750203 0.124491 0.032547 0.081367
0 0.791701 0.124491 0.032547 0.081367
0 0.875509 0.195281 0.081367 0.032547
0 0.875509 0.237592 0.081367 0.032547
0 0.875509 0.279902 0.081367 0.032547
0 0.875509 0.326282 0.081367 0.032547
0 0.875509 0.363710 0.081367 0.032547
0 0.875509 0.410090 0.081367 0.032547
0 0.875509 0.444264 0.081367 0.032547
0 0.875509 0.472742 0.081367 0.032547
0 0.875509 0.526444 0.081367 0.032547
0 0.875509 0.571196 0.081367 0.032547
0 0.875509 0.604557 0.081367 0.032547
0 0.875509 0.641985 0.081367 0.032547
0 0.875509 0.680228 0.081367 0.032547
0 0.875509 0.729048 0.081367 0.032547
0 0.875509 0.770545 0.081367 0.032547
0 0.875509 0.813670 0.081367 0.032547
0 0.797396 0.875509 0.032547 0.081367
0 0.752644 0.875509 0.032547 0.081367
0 0.710334 0.875509 0.032547 0.081367
0 0.672091 0.875509 0.032547 0.081367
0 0.636290 0.875509 0.032547 0.081367
0 0.599675 0.875509 0.032547 0.081367
0 0.563059 0.875509 0.032547 0.081367
0 0.523190 0.875509 0.032547 0.081367
0 0.477624 0.875509 0.032547 0.081367
0 0.442636 0.875509 0.032547 0.081367
0 0.406835 0.875509 0.032547 0.081367
0 0.357201 0.875509 0.032547 0.081367
0 0.317331 0.875509 0.032547 0.081367
0 0.276648 0.875509 0.032547 0.081367
0 0.234337 0.875509 0.032547 0.081367
0 0.194467 0.875509 0.032547 0.081367
0 0.124491 0.811229 0.081367 0.032547
0 0.124491 0.769731 0.081367 0.032547
0 0.124491 0.716029 0.081367 0.032547
0 0.124491 0.676159 0.081367 0.032547
0 0.124491 0.636290 0.081367 0.032547
0 0.124491 0.598861 0.081367 0.032547
0 0.124491 0.556550 0.081367 0.032547
0 0.124491 0.520749 0.081367 0.032547
0 0.124491 0.480065 0.081367 0.032547
0 0.124491 0.444264 0.081367 0.032547
0 0.124491 0.408462 0.081367 0.032547
0 0.124491 0.371847 0.081367 0.032547
0 0.124491 0.332791 0.081367 0.032547
0 0.124491 0.288039 0.081367 0.032547
0 0.124491 0.236778 0.081367 0.032547
0 0.124491 0.195281 0.081367 0.032547
