0 0.192593 0.121811 0.032922 0.082305
0 0.235391 0.121811 0.032922 0.082305
0 0.275720 0.121811 0.032922 0.082305
0 0.316872 0.121811 0.032922 0.082305
0 0.353909 0.121811 0.032922 0.082305
0 0.390947 0.121811 0.032922 0.082305
0 0.422222 0.121811 0.032922 0.082305
0 0.463374 0.121811 0.032922 0.082305
0 0.519342 0.121811 0.032922 0.082305
0 0.550617 0.121811 0.032922 0.082305
0 0.584362 0.121811 0.032922 0.082305
0 0.621399 0.121811 0.032922 0.082305
0 0.656790 0.121811 0.032922 0.082305
0 0.707819 0.121811 0.032922 0.082305
0 0.748148 0.121811 0.032922 0.082305
0 0.790947 0.121811 0.032922 0.082305
0 0.878189 0.186831 0.082305 0.032922
0 0.878189 0.229630 0.082305 0.032922
0 0.878189 0.277366 0.082305 0.032922
0 0.878189 0.317695 0.082305 0.032922
0 0.878189 0.357202 0.082305 0.032922
0 0.878189 0.402469 0.082305 0.032922
0 0.878189 0.437860 0.082305 0.032922
0 0.878189 0.466667 0.082305 0.032922
0 0.878189 0.519342 0.082305 0.032922
0 0.878189 0.564609 0.082305 0.032922
0 0.878189 0.599177 0.082305 0.032922
0 0.878189 0.636214 0.082305 0.032922
0 0.878189 0.674897 0.082305 0.032922
0 0.878189 0.724280 0.082305 0.032922
0 0.878189 0.765432 0.082305 0.032922
0 0.878189 0.808230 0.082305 0.032922
0 0.806584 0.878189 0.032922 0.082305
0 0.761317 0.878189 0.032922 0.082305
0 0.717695 0.878189 0.032922 0.082305
0 0.675720 0.878189 0.032922 0.082305
0 0.638683 0.878189 0.032922 0.082305
0 0.600000 0.878189 0.032922 0.082305
0 0.562963 0.878189 0.032922 0.082305
0 0.525103 0.878189 0.032922 0.082305
0 0.479012 0.878189 0.032922 0.082305
0 0.442798 0.878189 0.032922 0.082305
0 0.406584 0.878189 0.032922 0.082305
0 0.358848 0.878189 0.032922 0.082305
0 0.319342 0.878189 0.032922 0.082305
0 0.277366 0.878189 0.032922 0.082305
0 0.234568 0.878189 0.032922 0.082305
0 0.190947 0.878189 0.032922 0.082305
0 0.121811 0.807407 0.082305 0.032922
0 0.121811 0.764609 0.082305 0.032922
0 0.121811 0.729218 0.082305 0.032922
0 0.121811 0.670782 0.082305 0.032922
0 0.121811 0.630453 0.082305 0.032922
0 0.121811 0.594239 0.082305 0.032922
0 0.121811 0.551440 0.082305 0.032922
0 0.121811 0.515226 0.082305 0.032922
0 0.121811 0.474074 0.082305 0.032922
0 0.121811 0.438683 0.082305 0.032922
0 0.121811 0.408230 0.082305 0.032922
0 0.121811 0.364609 0.082305 0.032922
0 0.121811 0.327572 0.082305 0.032922
0 0.121811 0.282305 0.082305 0.032922
0 0.121811 0.255144 0.082305 0.032922
0 0.121811 0.229630 0.082305 0.032922
0 0.121811 0.188477 0.082305 0.032922
0 0.199177 0.131687 0.032922 0.082305
0 0.240329 0.131687 0.032922 0.082305
0 0.279012 0.131687 0.032922 0.082305
0 0.318519 0.131687 0.032922 0.082305
0 0.353909 0.131687 0.032922 0.082305
0 0.389300 0.131687 0.032922 0.082305
0 0.424691 0.131687 0.032922 0.082305
0 0.461728 0.131687 0.032922 0.082305
0 0.519342 0.131687 0.032922 0.082305
0 0.548971 0.131687 0.032922 0.082305
0 0.581070 0.131687 0.032922 0.082305
0 0.615638 0.131687 0.032922 0.082305
0 0.649383 0.131687 0.032922 0.082305
0 0.700412 0.131687 0.032922 0.082305
0 0.739095 0.131687 0.032922 0.082305
0 0.778601 0.131687 0.032922 0.082305
0 0.868313 0.195062 0.082305 0.032922
0 0.868313 0.235391 0.082305 0.032922
0 0.868313 0.283951 0.082305 0.032922
0 0.868313 0.321811 0.082305 0.032922
0 0.868313 0.358848 0.082305 0.032922
0 0.868313 0.404938 0.082305 0.032922
0 0.868313 0.438683 0.082305 0.032922
0 0.868313 0.466667 0.082305 0.032922
0 0.868313 0.520165 0.082305 0.032922
0 0.868313 0.566255 0.082305 0.032922
0 0.868313 0.600000 0.082305 0.032922
0 0.868313 0.636214 0.082305 0.032922
0 0.868313 0.672428 0.082305 0.032922
0 0.868313 0.722634 0.082305 0.032922
0 0.868313 0.762140 0.082305 0.032922
0 0.868313 0.804115 0.082305 0.032922
0 0.795885 0.868313 0.032922 0.082305
0 0.752263 0.868313 0.032922 0.082305
0 0.671605 0.868313 0.032922 0.082305
0 0.635391 0.868313 0.032922 0.082305
0 0.598354 0.868313 0.032922 0.082305
0 0.562963 0.868313 0.032922 0.082305
0 0.519342 0.868313 0.032922 0.082305
0 0.479012 0.868313 0.032922 0.082305
0 0.443621 0.868313 0.032922 0.082305
0 0.409053 0.868313 0.032922 0.082305
0 0.360494 0.868313 0.032922 0.082305
0 0.320988 0.868313 0.032922 0.082305
0 0.281481 0.868313 0.032922 0.082305
0 0.238683 0.868313 0.032922 0.082305
0 0.198354 0.868313 0.032922 0.082305
0 0.131687 0.818107 0.082305 0.032922
0 0.131687 0.760494 0.082305 0.032922
0 0.131687 0.706996 0.082305 0.032922
0 0.131687 0.677366 0.082305 0.032922
0 0.131687 0.630453 0.082305 0.032922
0 0.131687 0.592593 0.082305 0.032922
0 0.131687 0.548971 0.082305 0.032922
0 0.131687 0.513580 0.082305 0.032922
0 0.131687 0.474074 0.082305 0.032922
0 0.131687 0.439506 0.082305 0.032922
0 0.131687 0.404938 0.082305 0.032922
0 0.131687 0.368724 0.082305 0.032922
0 0.131687 0.332510 0.082305 0.032922
0 0.131687 0.287243 0.082305 0.032922
0 0.131687 0.237860 0.082305 0.032922
0 0.131687 0.195885 0.082305 0.032922
0 0.202469 0.136626 0.032922 0.082305
0 0.242798 0.136626 0.032922 0.082305
0 0.280658 0.136626 0.032922 0.082305
0 0.319342 0.136626 0.032922 0.082305
0 0.353909 0.136626 0.032922 0.082305
0 0.388477 0.136626 0.032922 0.082305
0 0.424691 0.136626 0.032922 0.082305
0 0.461728 0.136626 0.032922 0.082305
0 0.518519 0.136626 0.032922 0.082305
0 0.548148 0.136626 0.032922 0.082305
0 0.579424 0.136626 0.032922 0.082305
0 0.613169 0.136626 0.032922 0.082305
0 0.645267 0.136626 0.032922 0.082305
0 0.696296 0.136626 0.032922 0.082305
0 0.734156 0.136626 0.032922 0.082305
0 0.772840 0.136626 0.032922 0.082305
0 0.863374 0.199177 0.082305 0.032922
0 0.863374 0.238683 0.082305 0.032922
0 0.863374 0.286420 0.082305 0.032922
0 0.863374 0.323457 0.082305 0.032922
0 0.863374 0.360494 0.082305 0.032922
0 0.863374 0.406584 0.082305 0.032922
0 0.863374 0.438683 0.082305 0.032922
0 0.863374 0.465844 0.082305 0.032922
0 0.863374 0.520988 0.082305 0.032922
0 0.863374 0.567901 0.082305 0.032922
0 0.863374 0.600000 0.082305 0.032922
0 0.863374 0.635391 0.082305 0.032922
0 0.863374 0.670782 0.082305 0.032922
0 0.863374 0.721811 0.082305 0.032922
0 0.863374 0.760494 0.082305 0.032922
0 0.863374 0.800823 0.082305 0.032922
0 0.790123 0.863374 0.032922 0.082305
0 0.746502 0.863374 0.032922 0.082305
0 0.706173 0.863374 0.032922 0.082305
0 0.668313 0.863374 0.032922 0.082305
0 0.633745 0.863374 0.032922 0.082305
0 0.598354 0.863374 0.032922 0.082305
0 0.524280 0.863374 0.032922 0.082305
0 0.479012 0.863374 0.032922 0.082305
0 0.443621 0.863374 0.032922 0.082305
0 0.409877 0.863374 0.032922 0.082305
0 0.360494 0.863374 0.032922 0.082305
0 0.322634 0.863374 0.032922 0.082305
0 0.283128 0.863374 0.032922 0.082305
0 0.240329 0.863374 0.032922 0.082305
0 0.201646 0.863374 0.032922 0.082305
0 0.136626 0.803292 0.082305 0.032922
0 0.136626 0.758848 0.082305 0.032922
0 0.136626 0.704527 0.082305 0.032922
0 0.136626 0.669136 0.082305 0.032922
0 0.136626 0.634568 0.082305 0.032922
0 0.136626 0.593416 0.082305 0.032922
0 0.136626 0.548148 0.082305 0.032922
0 0.136626 0.514403 0.082305 0.032922
0 0.136626 0.474074 0.082305 0.032922
0 0.136626 0.440329 0.082305 0.032922
0 0.136626 0.406584 0.082305 0.032922
0 0.136626 0.370370 0.082305 0.032922
0 0.136626 0.342387 0.082305 0.032922
0 0.136626 0.289712 0.082305 0.032922
0 0.136626 0.239506 0.082305 0.032922
0 0.136626 0.200000 0.082305 0.032922
0 0.205761 0.141564 0.032922 0.082305
0 0.245267 0.141564 0.032922 0.082305
0 0.282305 0.141564 0.032922 0.082305
0 0.320165 0.141564 0.032922 0.082305
0 0.353909 0.141564 0.032922 0.082305
0 0.379424 0.141564 0.032922 0.082305
0 0.423868 0.141564 0.032922 0.082305
0 0.460905 0.141564 0.032922 0.082305
0 0.518519 0.141564 0.032922 0.082305
0 0.547325 0.141564 0.032922 0.082305
0 0.577778 0.141564 0.032922 0.082305
0 0.609877 0.141564 0.032922 0.082305
0 0.641152 0.141564 0.032922 0.082305
0 0.693004 0.141564 0.032922 0.082305
0 0.729218 0.141564 0.032922 0.082305
0 0.767078 0.141564 0.032922 0.082305
0 0.858436 0.202469 0.082305 0.032922
0 0.858436 0.241152 0.082305 0.032922
0 0.858436 0.288889 0.082305 0.032922
0 0.858436 0.325926 0.082305 0.032922
0 0.858436 0.361317 0.082305 0.032922
0 0.858436 0.407407 0.082305 0.032922
0 0.858436 0.439506 0.082305 0.032922
0 0.858436 0.465844 0.082305 0.032922
0 0.858436 0.520988 0.082305 0.032922
0 0.858436 0.568724 0.082305 0.032922
0 0.858436 0.600000 0.082305 0.032922
0 0.858436 0.635391 0.082305 0.032922
0 0.858436 0.669959 0.082305 0.032922
0 0.858436 0.720988 0.082305 0.032922
0 0.858436 0.758025 0.082305 0.032922
0 0.858436 0.799177 0.082305 0.032922
0 0.784362 0.858436 0.032922 0.082305
0 0.742387 0.858436 0.032922 0.082305
0 0.702058 0.858436 0.032922 0.082305
0 0.666667 0.858436 0.032922 0.082305
0 0.632922 0.858436 0.032922 0.082305
0 0.597531 0.858436 0.032922 0.082305
0 0.562963 0.858436 0.032922 0.082305
0 0.523457 0.858436 0.032922 0.082305
0 0.479012 0.858436 0.032922 0.082305
0 0.444444 0.858436 0.032922 0.082305
0 0.411523 0.858436 0.032922 0.082305
0 0.361317 0.858436 0.032922 0.082305
0 0.323457 0.858436 0.032922 0.082305
0 0.284774 0.858436 0.032922 0.082305
0 0.242798 0.858436 0.032922 0.082305
0 0.205761 0.858436 0.032922 0.082305
0 0.141564 0.795062 0.082305 0.032922
0 0.141564 0.755556 0.082305 0.032922
0 0.141564 0.701235 0.082305 0.032922
0 0.141564 0.662551 0.082305 0.032922
0 0.141564 0.624691 0.082305 0.032922
0 0.141564 0.590947 0.082305 0.032922
0 0.141564 0.546502 0.082305 0.032922
0 0.141564 0.511934 0.082305 0.032922
0 0.141564 0.479012 0.082305 0.032922
0 0.141564 0.440329 0.082305 0.032922
0 0.141564 0.406584 0.082305 0.032922
0 0.141564 0.372016 0.082305 0.032922
0 0.141564 0.335802 0.082305 0.032922
0 0.141564 0.292181 0.082305 0.032922
0 0.141564 0.241975 0.082305 0.032922
0 0.141564 0.203292 0.082305 0.032922
0 0.209053 0.146502 0.032922 0.082305
0 0.246914 0.146502 0.032922 0.082305
0 0.283951 0.146502 0.032922 0.082305
0 0.320988 0.146502 0.032922 0.082305
0 0.353909 0.146502 0.032922 0.082305
0 0.386831 0.146502 0.032922 0.082305
0 0.423868 0.146502 0.032922 0.082305
0 0.460082 0.146502 0.032922 0.082305
0 0.518519 0.146502 0.032922 0.082305
0 0.546502 0.146502 0.032922 0.082305
0 0.575309 0.146502 0.032922 0.082305
0 0.607407 0.146502 0.032922 0.082305
0 0.638683 0.146502 0.032922 0.082305
0 0.689712 0.146502 0.032922 0.082305
0 0.725103 0.146502 0.032922 0.082305
0 0.760494 0.146502 0.032922 0.082305
0 0.853498 0.206584 0.082305 0.032922
0 0.853498 0.244444 0.082305 0.032922
0 0.853498 0.289712 0.082305 0.032922
0 0.853498 0.327572 0.082305 0.032922
0 0.853498 0.362140 0.082305 0.032922
0 0.853498 0.409053 0.082305 0.032922
0 0.853498 0.440329 0.082305 0.032922
0 0.853498 0.465844 0.082305 0.032922
0 0.853498 0.522634 0.082305 0.032922
0 0.853498 0.569547 0.082305 0.032922
0 0.853498 0.600000 0.082305 0.032922
0 0.853498 0.634568 0.082305 0.032922
0 0.853498 0.720988 0.082305 0.032922
0 0.853498 0.795885 0.082305 0.032922
0 0.778601 0.853498 0.032922 0.082305
0 0.738272 0.853498 0.032922 0.082305
0 0.699588 0.853498 0.032922 0.082305
0 0.664198 0.853498 0.032922 0.082305
0 0.631276 0.853498 0.032922 0.082305
0 0.596708 0.853498 0.032922 0.082305
0 0.563786 0.853498 0.032922 0.082305
0 0.523457 0.853498 0.032922 0.082305
0 0.479835 0.853498 0.032922 0.082305
0 0.445267 0.853498 0.032922 0.082305
0 0.412346 0.853498 0.032922 0.082305
0 0.361317 0.853498 0.032922 0.082305
0 0.324280 0.853498 0.032922 0.082305
0 0.286420 0.853498 0.032922 0.082305
0 0.245267 0.853498 0.032922 0.082305
0 0.146502 0.791770 0.082305 0.032922
0 0.146502 0.753909 0.082305 0.032922
0 0.146502 0.697942 0.082305 0.032922
0 0.146502 0.660082 0.082305 0.032922
0 0.146502 0.623045 0.082305 0.032922
0 0.146502 0.590123 0.082305 0.032922
0 0.146502 0.544856 0.082305 0.032922
0 0.146502 0.510288 0.082305 0.032922
0 0.146502 0.473251 0.082305 0.032922
0 0.146502 0.440329 0.082305 0.032922
0 0.146502 0.408230 0.082305 0.032922
0 0.146502 0.373663 0.082305 0.032922
0 0.146502 0.338272 0.082305 0.032922
0 0.146502 0.294650 0.082305 0.032922
0 0.146502 0.244444 0.082305 0.032922
0 0.146502 0.206584 0.082305 0.032922
0 0.195885 0.126749 0.032922 0.082305
0 0.237037 0.126749 0.032922 0.082305
0 0.277366 0.126749 0.032922 0.082305
0 0.317695 0.126749 0.032922 0.082305
0 0.353909 0.126749 0.032922 0.082305
0 0.389300 0.126749 0.032922 0.082305
0 0.424691 0.126749 0.032922 0.082305
0 0.462551 0.126749 0.032922 0.082305
0 0.519342 0.126749 0.032922 0.082305
0 0.549794 0.126749 0.032922 0.082305
0 0.582716 0.126749 0.032922 0.082305
0 0.618107 0.126749 0.032922 0.082305
0 0.652675 0.126749 0.032922 0.082305
0 0.703704 0.126749 0.032922 0.082305
0 0.744033 0.126749 0.032922 0.082305
0 0.784362 0.126749 0.032922 0.082305
0 0.873251 0.190947 0.082305 0.032922
0 0.873251 0.232922 0.082305 0.032922
0 0.873251 0.280658 0.082305 0.032922
0 0.873251 0.320165 0.082305 0.032922
0 0.873251 0.358025 0.082305 0.032922
0 0.873251 0.404115 0.082305 0.032922
0 0.873251 0.437860 0.082305 0.032922
0 0.873251 0.466667 0.082305 0.032922
0 0.873251 0.519342 0.082305 0.032922
0 0.873251 0.566255 0.082305 0.032922
0 0.873251 0.599177 0.082305 0.032922
0 0.873251 0.636214 0.082305 0.032922
0 0.873251 0.673251 0.082305 0.032922
0 0.873251 0.723457 0.082305 0.032922
0 0.873251 0.805761 0.082305 0.032922
0 0.800823 0.873251 0.032922 0.082305
0 0.757202 0.873251 0.032922 0.082305
0 0.713580 0.873251 0.032922 0.082305
0 0.674074 0.873251 0.032922 0.082305
0 0.636214 0.873251 0.032922 0.082305
0 0.599177 0.873251 0.032922 0.082305
0 0.562963 0.873251 0.032922 0.082305
0 0.525103 0.873251 0.032922 0.082305
0 0.479012 0.873251 0.032922 0.082305
0 0.442798 0.873251 0.032922 0.082305
0 0.408230 0.873251 0.032922 0.082305
0 0.360494 0.873251 0.032922 0.082305
0 0.320165 0.873251 0.032922 0.082305
0 0.279835 0.873251 0.032922 0.082305
0 0.236214 0.873251 0.032922 0.082305
0 0.195062 0.873251 0.032922 0.082305
0 0.126749 0.804938 0.082305 0.032922
0 0.126749 0.762140 0.082305 0.032922
0 0.126749 0.710288 0.082305 0.032922
0 0.126749 0.669136 0.082305 0.032922
0 0.126749 0.629630 0.082305 0.032922
0 0.126749 0.593416 0.082305 0.032922
0 0.126749 0.550617 0.082305 0.032922
0 0.126749 0.513580 0.082305 0.032922
0 0.126749 0.474074 0.082305 0.032922
0 0.126749 0.441975 0.082305 0.032922
0 0.126749 0.404115 0.082305 0.032922
0 0.126749 0.377778 0.082305 0.032922
0 0.126749 0.334156 0.082305 0.032922
0 0.126749 0.284774 0.082305 0.032922
0 0.126749 0.233745 0.082305 0.032922
0 0.126749 0.192593 0.082305 0.032922
