0 0.193229 0.120562 0.033031 0.082576
0 0.235343 0.120562 0.033031 0.082576
0 0.274979 0.120562 0.033031 0.082576
0 0.316268 0.120562 0.033031 0.082576
0 0.352601 0.120562 0.033031 0.082576
0 0.389761 0.120562 0.033031 0.082576
0 0.424443 0.120562 0.033031 0.082576
0 0.462428 0.120562 0.033031 0.082576
0 0.519405 0.120562 0.033031 0.082576
0 0.550784 0.120562 0.033031 0.082576
0 0.585467 0.120562 0.033031 0.082576
0 0.619323 0.120562 0.033031 0.082576
0 0.654831 0.120562 0.033031 0.082576
0 0.706854 0.120562 0.033031 0.082576
0 0.747316 0.120562 0.033031 0.082576
0 0.789430 0.120562 0.033031 0.082576
0 0.879438 0.184971 0.082576 0.033031
0 0.879438 0.228737 0.082576 0.033031
0 0.879438 0.270025 0.082576 0.033031
0 0.879438 0.316268 0.082576 0.033031
0 0.879438 0.355078 0.082576 0.033031
0 0.879438 0.402147 0.082576 0.033031
0 0.879438 0.436003 0.082576 0.033031
0 0.879438 0.466557 0.082576 0.033031
0 0.879438 0.518580 0.082576 0.033031
0 0.879438 0.564822 0.082576 0.033031
0 0.879438 0.598679 0.082576 0.033031
0 0.879438 0.636664 0.082576 0.033031
0 0.879438 0.674649 0.082576 0.033031
0 0.879438 0.725021 0.082576 0.033031
0 0.879438 0.766309 0.082576 0.033031
0 0.879438 0.810074 0.082576 0.033031
0 0.809249 0.879438 0.033031 0.082576
0 0.762180 0.879438 0.033031 0.082576
0 0.718415 0.879438 0.033031 0.082576
0 0.677952 0.879438 0.033031 0.082576
0 0.639141 0.879438 0.033031 0.082576
0 0.601156 0.879438 0.033031 0.082576
0 0.563997 0.879438 0.033031 0.082576
0 0.525186 0.879438 0.033031 0.082576
0 0.478943 0.879438 0.033031 0.082576
0 0.442609 0.879438 0.033031 0.082576
0 0.407102 0.879438 0.033031 0.082576
0 0.358382 0.879438 0.033031 0.082576
0 0.318745 0.879438 0.033031 0.082576
0 0.276631 0.879438 0.033031 0.082576
0 0.232865 0.879438 0.033031 0.082576
0 0.189926 0.879438 0.033031 0.082576
0 0.120562 0.810074 0.082576 0.033031
0 0.120562 0.764657 0.082576 0.033031
0 0.120562 0.723369 0.082576 0.033031
0 0.120562 0.668869 0.082576 0.033031
0 0.120562 0.629232 0.082576 0.033031
0 0.120562 0.591247 0.082576 0.033031
0 0.120562 0.550784 0.082576 0.033031
0 0.120562 0.513625 0.082576 0.033031
0 0.120562 0.471511 0.082576 0.033031
0 0.120562 0.435178 0.082576 0.033031
0 0.120562 0.399670 0.082576 0.033031
0 0.120562 0.362510 0.082576 0.033031
0 0.120562 0.324525 0.082576 0.033031
0 0.120562 0.278282 0.082576 0.033031
0 0.120562 0.227085 0.082576 0.033031
0 0.120562 0.184971 0.082576 0.033031
0 0.184971 0.130471 0.033031 0.082576
0 0.240297 0.130471 0.033031 0.082576
0 0.278282 0.130471 0.033031 0.082576
0 0.317919 0.130471 0.033031 0.082576
0 0.353427 0.130471 0.033031 0.082576
0 0.388109 0.130471 0.033031 0.082576
0 0.423617 0.130471 0.033031 0.082576
0 0.461602 0.130471 0.033031 0.082576
0 0.519405 0.130471 0.033031 0.082576
0 0.548307 0.130471 0.033031 0.082576
0 0.581338 0.130471 0.033031 0.082576
0 0.613543 0.130471 0.033031 0.082576
0 0.646573 0.130471 0.033031 0.082576
0 0.699422 0.130471 0.033031 0.082576
0 0.737407 0.130471 0.033031 0.082576
0 0.777870 0.130471 0.033031 0.082576
0 0.869529 0.192403 0.082576 0.033031
0 0.869529 0.234517 0.082576 0.033031
0 0.869529 0.274154 0.082576 0.033031
0 0.869529 0.320396 0.082576 0.033031
0 0.869529 0.357556 0.082576 0.033031
0 0.869529 0.404624 0.082576 0.033031
0 0.869529 0.438481 0.082576 0.033031
0 0.869529 0.465731 0.082576 0.033031
0 0.869529 0.520231 0.082576 0.033031
0 0.869529 0.566474 0.082576 0.033031
0 0.869529 0.599505 0.082576 0.033031
0 0.869529 0.635838 0.082576 0.033031
0 0.869529 0.672998 0.082576 0.033031
0 0.869529 0.723369 0.082576 0.033031
0 0.869529 0.763006 0.082576 0.033031
0 0.869529 0.805120 0.082576 0.033031
0 0.798514 0.869529 0.033031 0.082576
0 0.753097 0.869529 0.033031 0.082576
0 0.711808 0.869529 0.033031 0.082576
0 0.672998 0.869529 0.033031 0.082576
0 0.636664 0.869529 0.033031 0.082576
0 0.600330 0.869529 0.033031 0.082576
0 0.565648 0.869529 0.033031 0.082576
0 0.524360 0.869529 0.033031 0.082576
0 0.478943 0.869529 0.033031 0.082576
0 0.443435 0.869529 0.033031 0.082576
0 0.408753 0.869529 0.033031 0.082576
0 0.358382 0.869529 0.033031 0.082576
0 0.319571 0.869529 0.033031 0.082576
0 0.279934 0.869529 0.033031 0.082576
0 0.236994 0.869529 0.033031 0.082576
0 0.197358 0.869529 0.033031 0.082576
0 0.130471 0.800991 0.082576 0.033031
0 0.130471 0.760528 0.082576 0.033031
0 0.130471 0.706854 0.082576 0.033031
0 0.130471 0.664740 0.082576 0.033031
0 0.130471 0.626755 0.082576 0.033031
0 0.130471 0.590421 0.082576 0.033031
0 0.130471 0.548307 0.082576 0.033031
0 0.130471 0.511148 0.082576 0.033031
0 0.130471 0.470685 0.082576 0.033031
0 0.130471 0.436003 0.082576 0.033031
0 0.130471 0.402147 0.082576 0.033031
0 0.130471 0.365813 0.082576 0.033031
0 0.130471 0.328654 0.082576 0.033031
0 0.130471 0.283237 0.082576 0.033031
0 0.130471 0.232040 0.082576 0.033031
0 0.130471 0.192403 0.082576 0.033031
0 0.203964 0.135425 0.033031 0.082576
0 0.243600 0.135425 0.033031 0.082576
0 0.280760 0.135425 0.033031 0.082576
0 0.318745 0.135425 0.033031 0.082576
0 0.353427 0.135425 0.033031 0.082576
0 0.387283 0.135425 0.033031 0.082576
0 0.423617 0.135425 0.033031 0.082576
0 0.460776 0.135425 0.033031 0.082576
0 0.519405 0.135425 0.033031 0.082576
0 0.548307 0.135425 0.033031 0.082576
0 0.579686 0.135425 0.033031 0.082576
0 0.611065 0.135425 0.033031 0.082576
0 0.643270 0.135425 0.033031 0.082576
0 0.695293 0.135425 0.033031 0.082576
0 0.732453 0.135425 0.033031 0.082576
0 0.772089 0.135425 0.033031 0.082576
0 0.864575 0.195706 0.082576 0.033031
0 0.864575 0.236994 0.082576 0.033031
0 0.864575 0.275805 0.082576 0.033031
0 0.864575 0.322048 0.082576 0.033031
0 0.864575 0.358382 0.082576 0.033031
0 0.864575 0.405450 0.082576 0.033031
0 0.864575 0.438481 0.082576 0.033031
0 0.864575 0.465731 0.082576 0.033031
0 0.864575 0.521057 0.082576 0.033031
0 0.864575 0.567300 0.082576 0.033031
0 0.864575 0.599505 0.082576 0.033031
0 0.864575 0.635012 0.082576 0.033031
0 0.864575 0.671346 0.082576 0.033031
0 0.864575 0.722543 0.082576 0.033031
0 0.864575 0.760528 0.082576 0.033031
0 0.864575 0.802642 0.082576 0.033031
0 0.793559 0.864575 0.033031 0.082576
0 0.748142 0.864575 0.033031 0.082576
0 0.707680 0.864575 0.033031 0.082576
0 0.670520 0.864575 0.033031 0.082576
0 0.635012 0.864575 0.033031 0.082576
0 0.600330 0.864575 0.033031 0.082576
0 0.564822 0.864575 0.033031 0.082576
0 0.524360 0.864575 0.033031 0.082576
0 0.478943 0.864575 0.033031 0.082576
0 0.443435 0.864575 0.033031 0.082576
0 0.409579 0.864575 0.033031 0.082576
0 0.320396 0.864575 0.033031 0.082576
0 0.281585 0.864575 0.033031 0.082576
0 0.239472 0.864575 0.033031 0.082576
0 0.200661 0.864575 0.033031 0.082576
0 0.135425 0.799339 0.082576 0.033031
0 0.135425 0.758051 0.082576 0.033031
0 0.135425 0.704377 0.082576 0.033031
0 0.135425 0.663088 0.082576 0.033031
0 0.135425 0.625103 0.082576 0.033031
0 0.135425 0.589595 0.082576 0.033031
0 0.135425 0.547481 0.082576 0.033031
0 0.135425 0.511148 0.082576 0.033031
0 0.135425 0.470685 0.082576 0.033031
0 0.135425 0.436829 0.082576 0.033031
0 0.135425 0.402973 0.082576 0.033031
0 0.135425 0.367465 0.082576 0.033031
0 0.135425 0.330306 0.082576 0.033031
0 0.135425 0.285714 0.082576 0.033031
0 0.135425 0.235343 0.082576 0.033031
0 0.135425 0.195706 0.082576 0.033031
0 0.206441 0.140380 0.033031 0.082576
0 0.246078 0.140380 0.033031 0.082576
0 0.282411 0.140380 0.033031 0.082576
0 0.319571 0.140380 0.033031 0.082576
0 0.353427 0.140380 0.033031 0.082576
0 0.387283 0.140380 0.033031 0.082576
0 0.423617 0.140380 0.033031 0.082576
0 0.460776 0.140380 0.033031 0.082576
0 0.519405 0.140380 0.033031 0.082576
0 0.547481 0.140380 0.033031 0.082576
0 0.578035 0.140380 0.033031 0.082576
0 0.607762 0.140380 0.033031 0.082576
0 0.639141 0.140380 0.033031 0.082576
0 0.691990 0.140380 0.033031 0.082576
0 0.728324 0.140380 0.033031 0.082576
0 0.766309 0.140380 0.033031 0.082576
0 0.859620 0.199835 0.082576 0.033031
0 0.859620 0.240297 0.082576 0.033031
0 0.859620 0.278282 0.082576 0.033031
0 0.859620 0.323699 0.082576 0.033031
0 0.859620 0.359207 0.082576 0.033031
0 0.859620 0.407927 0.082576 0.033031
0 0.859620 0.438481 0.082576 0.033031
0 0.859620 0.465731 0.082576 0.033031
0 0.859620 0.521883 0.082576 0.033031
0 0.859620 0.568951 0.082576 0.033031
0 0.859620 0.600330 0.082576 0.033031
0 0.859620 0.635012 0.082576 0.033031
0 0.859620 0.669694 0.082576 0.033031
0 0.859620 0.721718 0.082576 0.033031
0 0.859620 0.758877 0.082576 0.033031
0 0.859620 0.800165 0.082576 0.033031
0 0.787779 0.859620 0.033031 0.082576
0 0.744013 0.859620 0.033031 0.082576
0 0.668043 0.859620 0.033031 0.082576
0 0.634187 0.859620 0.033031 0.082576
0 0.599505 0.859620 0.033031 0.082576
0 0.564822 0.859620 0.033031 0.082576
0 0.523534 0.859620 0.033031 0.082576
0 0.478943 0.859620 0.033031 0.082576
0 0.444261 0.859620 0.033031 0.082576
0 0.411230 0.859620 0.033031 0.082576
0 0.360033 0.859620 0.033031 0.082576
0 0.322048 0.859620 0.033031 0.082576
0 0.284063 0.859620 0.033031 0.082576
0 0.242775 0.859620 0.033031 0.082576
0 0.204789 0.859620 0.033031 0.082576
0 0.140380 0.795211 0.082576 0.033031
0 0.140380 0.756400 0.082576 0.033031
0 0.140380 0.701073 0.082576 0.033031
0 0.140380 0.660611 0.082576 0.033031
0 0.140380 0.623452 0.082576 0.033031
0 0.140380 0.589595 0.082576 0.033031
0 0.140380 0.546656 0.082576 0.033031
0 0.140380 0.510322 0.082576 0.033031
0 0.140380 0.470685 0.082576 0.033031
0 0.140380 0.436829 0.082576 0.033031
0 0.140380 0.403799 0.082576 0.033031
0 0.140380 0.369942 0.082576 0.033031
0 0.140380 0.331957 0.082576 0.033031
0 0.140380 0.288192 0.082576 0.033031
0 0.140380 0.236994 0.082576 0.033031
0 0.140380 0.199835 0.082576 0.033031
0 0.197358 0.125516 0.033031 0.082576
0 0.237820 0.125516 0.033031 0.082576
0 0.276631 0.125516 0.033031 0.082576
0 0.317093 0.125516 0.033031 0.082576
0 0.353427 0.125516 0.033031 0.082576
0 0.388935 0.125516 0.033031 0.082576
0 0.424443 0.125516 0.033031 0.082576
0 0.462428 0.125516 0.033031 0.082576
0 0.519405 0.125516 0.033031 0.082576
0 0.549959 0.125516 0.033031 0.082576
0 0.582989 0.125516 0.033031 0.082576
0 0.616020 0.125516 0.033031 0.082576
0 0.650702 0.125516 0.033031 0.082576
0 0.702725 0.125516 0.033031 0.082576
0 0.742362 0.125516 0.033031 0.082576
0 0.782824 0.125516 0.033031 0.082576
0 0.874484 0.188274 0.082576 0.033031
0 0.874484 0.231214 0.082576 0.033031
0 0.874484 0.272502 0.082576 0.033031
0 0.874484 0.318745 0.082576 0.033031
0 0.874484 0.355904 0.082576 0.033031
0 0.874484 0.403799 0.082576 0.033031
0 0.874484 0.436829 0.082576 0.033031
0 0.874484 0.466557 0.082576 0.033031
0 0.874484 0.519405 0.082576 0.033031
0 0.874484 0.565648 0.082576 0.033031
0 0.874484 0.599505 0.082576 0.033031
0 0.874484 0.635838 0.082576 0.033031
0 0.874484 0.673823 0.082576 0.033031
0 0.874484 0.724195 0.082576 0.033031
0 0.874484 0.763832 0.082576 0.033031
0 0.874484 0.807597 0.082576 0.033031
0 0.804294 0.874484 0.033031 0.082576
0 0.757225 0.874484 0.033031 0.082576
0 0.715111 0.874484 0.033031 0.082576
0 0.675475 0.874484 0.033031 0.082576
0 0.638315 0.874484 0.033031 0.082576
0 0.601156 0.874484 0.033031 0.082576
0 0.564822 0.874484 0.033031 0.082576
0 0.525186 0.874484 0.033031 0.082576
0 0.478943 0.874484 0.033031 0.082576
0 0.442609 0.874484 0.033031 0.082576
0 0.407927 0.874484 0.033031 0.082576
0 0.359207 0.874484 0.033031 0.082576
0 0.319571 0.874484 0.033031 0.082576
0 0.278282 0.874484 0.033031 0.082576
0 0.235343 0.874484 0.033031 0.082576
0 0.193229 0.874484 0.033031 0.082576
0 0.125516 0.812552 0.082576 0.033031
0 0.125516 0.763006 0.082576 0.033031
0 0.125516 0.710157 0.082576 0.033031
0 0.125516 0.667217 0.082576 0.033031
0 0.125516 0.627581 0.082576 0.033031
0 0.125516 0.590421 0.082576 0.033031
0 0.125516 0.549959 0.082576 0.033031
0 0.125516 0.514451 0.082576 0.033031
0 0.125516 0.471511 0.082576 0.033031
0 0.125516 0.436003 0.082576 0.033031
0 0.125516 0.401321 0.082576 0.033031
0 0.125516 0.364162 0.082576 0.033031
0 0.125516 0.326177 0.082576 0.033031
0 0.125516 0.280760 0.082576 0.033031
0 0.125516 0.230388 0.082576 0.033031
0 0.125516 0.188274 0.082576 0.033031
