0 0.202542 0.133439 0.031771 0.079428
0 0.243050 0.133439 0.031771 0.079428
0 0.281970 0.133439 0.031771 0.079428
0 0.322478 0.133439 0.031771 0.079428
0 0.394758 0.133439 0.031771 0.079428
0 0.428912 0.133439 0.031771 0.079428
0 0.465449 0.133439 0.031771 0.079428
0 0.520254 0.133439 0.031771 0.079428
0 0.552820 0.133439 0.031771 0.079428
0 0.586180 0.133439 0.031771 0.079428
0 0.621128 0.133439 0.031771 0.079428
0 0.658459 0.133439 0.031771 0.079428
0 0.707705 0.133439 0.031771 0.079428
0 0.746624 0.133439 0.031771 0.079428
0 0.785544 0.133439 0.031771 0.079428
0 0.866561 0.194599 0.079428 0.031771
0 0.866561 0.235902 0.079428 0.031771
0 0.866561 0.276410 0.079428 0.031771
0 0.866561 0.319301 0.079428 0.031771
0 0.866561 0.355838 0.079428 0.031771
0 0.866561 0.400318 0.079428 0.031771
0 0.866561 0.433678 0.079428 0.031771
0 0.866561 0.464654 0.079428 0.031771
0 0.866561 0.516283 0.079428 0.031771
0 0.866561 0.556791 0.079428 0.031771
0 0.866561 0.590945 0.079428 0.031771
0 0.866561 0.626688 0.079428 0.031771
0 0.866561 0.664813 0.079428 0.031771
0 0.866561 0.713264 0.079428 0.031771
0 0.866561 0.754567 0.079428 0.031771
0 0.866561 0.795075 0.079428 0.031771
0 0.791898 0.866561 0.031771 0.079428
0 0.748213 0.866561 0.031771 0.079428
0 0.706910 0.866561 0.031771 0.079428
0 0.666402 0.866561 0.031771 0.079428
0 0.630659 0.866561 0.031771 0.079428
0 0.594917 0.866561 0.031771 0.079428
0 0.561557 0.866561 0.031771 0.079428
0 0.523431 0.866561 0.031771 0.079428
0 0.478952 0.866561 0.031771 0.079428
0 0.444797 0.866561 0.031771 0.079428
0 0.411438 0.866561 0.031771 0.079428
0 0.364575 0.866561 0.031771 0.079428
0 0.326450 0.866561 0.031771 0.079428
0 0.286736 0.866561 0.031771 0.079428
0 0.243844 0.866561 0.031771 0.079428
0 0.203336 0.866561 0.031771 0.079428
0 0.133439 0.797458 0.079428 0.031771
0 0.133439 0.756156 0.079428 0.031771
0 0.133439 0.703733 0.079428 0.031771
0 0.133439 0.662431 0.079428 0.031771
0 0.133439 0.623511 0.079428 0.031771
0 0.133439 0.586180 0.079428 0.031771
0 0.133439 0.549643 0.079428 0.031771
0 0.133439 0.513900 0.079428 0.031771
0 0.133439 0.472597 0.079428 0.031771
0 0.133439 0.436060 0.079428 0.031771
0 0.133439 0.401112 0.079428 0.031771
0 0.133439 0.365369 0.079428 0.031771
0 0.133439 0.332010 0.079428 0.031771
0 0.133439 0.288324 0.079428 0.031771
0 0.133439 0.235902 0.079428 0.031771
0 0.133439 0.195393 0.079428 0.031771
0 0.210485 0.142971 0.031771 0.079428
0 0.247816 0.142971 0.031771 0.079428
0 0.285147 0.142971 0.031771 0.079428
0 0.324067 0.142971 0.031771 0.079428
0 0.358221 0.142971 0.031771 0.079428
0 0.393169 0.142971 0.031771 0.079428
0 0.427323 0.142971 0.031771 0.079428
0 0.463066 0.142971 0.031771 0.079428
0 0.520254 0.142971 0.031771 0.079428
0 0.550437 0.142971 0.031771 0.079428
0 0.583002 0.142971 0.031771 0.079428
0 0.616362 0.142971 0.031771 0.079428
0 0.649722 0.142971 0.031771 0.079428
0 0.701350 0.142971 0.031771 0.079428
0 0.737887 0.142971 0.031771 0.079428
0 0.774424 0.142971 0.031771 0.079428
0 0.857029 0.198570 0.079428 0.031771
0 0.857029 0.238284 0.079428 0.031771
0 0.857029 0.277204 0.079428 0.031771
0 0.857029 0.320890 0.079428 0.031771
0 0.857029 0.355044 0.079428 0.031771
0 0.857029 0.400318 0.079428 0.031771
0 0.857029 0.431295 0.079428 0.031771
0 0.857029 0.461477 0.079428 0.031771
0 0.857029 0.516283 0.079428 0.031771
0 0.857029 0.555997 0.079428 0.031771
0 0.857029 0.588562 0.079428 0.031771
0 0.857029 0.622716 0.079428 0.031771
0 0.857029 0.659253 0.079428 0.031771
0 0.857029 0.708499 0.079428 0.031771
0 0.857029 0.747419 0.079428 0.031771
0 0.857029 0.787133 0.079428 0.031771
0 0.781573 0.857029 0.031771 0.079428
0 0.737887 0.857029 0.031771 0.079428
0 0.699762 0.857029 0.031771 0.079428
0 0.661636 0.857029 0.031771 0.079428
0 0.627482 0.857029 0.031771 0.079428
0 0.594122 0.857029 0.031771 0.079428
0 0.560763 0.857029 0.031771 0.079428
0 0.522637 0.857029 0.031771 0.079428
0 0.478952 0.857029 0.031771 0.079428
0 0.445592 0.857029 0.031771 0.079428
0 0.413026 0.857029 0.031771 0.079428
0 0.365369 0.857029 0.031771 0.079428
0 0.328832 0.857029 0.031771 0.079428
0 0.289913 0.857029 0.031771 0.079428
0 0.248610 0.857029 0.031771 0.079428
0 0.209690 0.857029 0.031771 0.079428
0 0.142971 0.789515 0.079428 0.031771
0 0.142971 0.749007 0.079428 0.031771
0 0.142971 0.694996 0.079428 0.031771
0 0.142971 0.655282 0.079428 0.031771
0 0.142971 0.618745 0.079428 0.031771
0 0.142971 0.582208 0.079428 0.031771
0 0.142971 0.546465 0.079428 0.031771
0 0.142971 0.510723 0.079428 0.031771
0 0.142971 0.470214 0.079428 0.031771
0 0.142971 0.433678 0.079428 0.031771
0 0.142971 0.400318 0.079428 0.031771
0 0.142971 0.366164 0.079428 0.031771
0 0.142971 0.334392 0.079428 0.031771
0 0.142971 0.291501 0.079428 0.031771
0 0.142971 0.239079 0.079428 0.031771
0 0.142971 0.200159 0.079428 0.031771
0 0.214456 0.147736 0.031771 0.079428
0 0.250199 0.147736 0.031771 0.079428
0 0.287530 0.147736 0.031771 0.079428
0 0.324861 0.147736 0.031771 0.079428
0 0.358221 0.147736 0.031771 0.079428
0 0.392375 0.147736 0.031771 0.079428
0 0.427323 0.147736 0.031771 0.079428
0 0.463066 0.147736 0.031771 0.079428
0 0.520254 0.147736 0.031771 0.079428
0 0.549643 0.147736 0.031771 0.079428
0 0.581414 0.147736 0.031771 0.079428
0 0.613979 0.147736 0.031771 0.079428
0 0.697379 0.147736 0.031771 0.079428
0 0.733916 0.147736 0.031771 0.079428
0 0.768070 0.147736 0.031771 0.079428
0 0.852264 0.239873 0.079428 0.031771
0 0.852264 0.320890 0.079428 0.031771
0 0.852264 0.354249 0.079428 0.031771
0 0.852264 0.430500 0.079428 0.031771
0 0.852264 0.460683 0.079428 0.031771
0 0.852264 0.520254 0.079428 0.031771
0 0.852264 0.587768 0.079428 0.031771
0 0.852264 0.621128 0.079428 0.031771
0 0.852264 0.656076 0.079428 0.031771
0 0.852264 0.744241 0.079428 0.031771
0 0.852264 0.783161 0.079428 0.031771
0 0.776013 0.852264 0.031771 0.079428
0 0.733916 0.852264 0.031771 0.079428
0 0.695790 0.852264 0.031771 0.079428
0 0.659253 0.852264 0.031771 0.079428
0 0.625894 0.852264 0.031771 0.079428
0 0.593328 0.852264 0.031771 0.079428
0 0.560763 0.852264 0.031771 0.079428
0 0.521843 0.852264 0.031771 0.079428
0 0.478952 0.852264 0.031771 0.079428
0 0.445592 0.852264 0.031771 0.079428
0 0.414615 0.852264 0.031771 0.079428
0 0.366164 0.852264 0.031771 0.079428
0 0.330421 0.852264 0.031771 0.079428
0 0.291501 0.852264 0.031771 0.079428
0 0.250993 0.852264 0.031771 0.079428
0 0.212867 0.852264 0.031771 0.079428
0 0.147736 0.785544 0.079428 0.031771
0 0.147736 0.746624 0.079428 0.031771
0 0.147736 0.691025 0.079428 0.031771
0 0.147736 0.652105 0.079428 0.031771
0 0.147736 0.616362 0.079428 0.031771
0 0.147736 0.580620 0.079428 0.031771
0 0.147736 0.544083 0.079428 0.031771
0 0.147736 0.509134 0.079428 0.031771
0 0.147736 0.469420 0.079428 0.031771
0 0.147736 0.432883 0.079428 0.031771
0 0.147736 0.400318 0.079428 0.031771
0 0.147736 0.366958 0.079428 0.031771
0 0.147736 0.335187 0.079428 0.031771
0 0.147736 0.293090 0.079428 0.031771
0 0.147736 0.239873 0.079428 0.031771
0 0.147736 0.202542 0.079428 0.031771
0 0.217633 0.152502 0.031771 0.079428
0 0.252581 0.152502 0.031771 0.079428
0 0.289118 0.152502 0.031771 0.079428
0 0.325655 0.152502 0.031771 0.079428
0 0.358221 0.152502 0.031771 0.079428
0 0.391581 0.152502 0.031771 0.079428
0 0.426529 0.152502 0.031771 0.079428
0 0.462272 0.152502 0.031771 0.079428
0 0.548848 0.152502 0.031771 0.079428
0 0.579825 0.152502 0.031771 0.079428
0 0.610802 0.152502 0.031771 0.079428
0 0.642573 0.152502 0.031771 0.079428
0 0.694202 0.152502 0.031771 0.079428
0 0.729944 0.152502 0.031771 0.079428
0 0.762510 0.152502 0.031771 0.079428
0 0.847498 0.202542 0.079428 0.031771
0 0.847498 0.277998 0.079428 0.031771
0 0.847498 0.321684 0.079428 0.031771
0 0.847498 0.354249 0.079428 0.031771
0 0.847498 0.459095 0.079428 0.031771
0 0.847498 0.515488 0.079428 0.031771
0 0.847498 0.555203 0.079428 0.031771
0 0.847498 0.586974 0.079428 0.031771
0 0.847498 0.703733 0.079428 0.031771
0 0.847498 0.741859 0.079428 0.031771
0 0.847498 0.778396 0.079428 0.031771
0 0.770453 0.847498 0.031771 0.079428
0 0.729150 0.847498 0.031771 0.079428
0 0.692613 0.847498 0.031771 0.079428
0 0.624305 0.847498 0.031771 0.079428
0 0.592534 0.847498 0.031771 0.079428
0 0.560763 0.847498 0.031771 0.079428
0 0.521843 0.847498 0.031771 0.079428
0 0.478952 0.847498 0.031771 0.079428
0 0.446386 0.847498 0.031771 0.079428
0 0.415409 0.847498 0.031771 0.079428
0 0.366958 0.847498 0.031771 0.079428
0 0.331215 0.847498 0.031771 0.079428
0 0.293884 0.847498 0.031771 0.079428
0 0.253376 0.847498 0.031771 0.079428
0 0.215250 0.847498 0.031771 0.079428
0 0.152502 0.781573 0.079428 0.031771
0 0.152502 0.742653 0.079428 0.031771
0 0.152502 0.685465 0.079428 0.031771
0 0.152502 0.648133 0.079428 0.031771
0 0.152502 0.613185 0.079428 0.031771
0 0.152502 0.578237 0.079428 0.031771
0 0.152502 0.542494 0.079428 0.031771
0 0.152502 0.507546 0.079428 0.031771
0 0.152502 0.468626 0.079428 0.031771
0 0.152502 0.432089 0.079428 0.031771
0 0.152502 0.400318 0.079428 0.031771
0 0.152502 0.366958 0.079428 0.031771
0 0.152502 0.336775 0.079428 0.031771
0 0.152502 0.294678 0.079428 0.031771
0 0.152502 0.240667 0.079428 0.031771
0 0.152502 0.204925 0.079428 0.031771
0 0.221604 0.157268 0.031771 0.079428
0 0.254964 0.157268 0.031771 0.079428
0 0.289913 0.157268 0.031771 0.079428
0 0.326450 0.157268 0.031771 0.079428
0 0.358221 0.157268 0.031771 0.079428
0 0.390786 0.157268 0.031771 0.079428
0 0.426529 0.157268 0.031771 0.079428
0 0.462272 0.157268 0.031771 0.079428
0 0.519460 0.157268 0.031771 0.079428
0 0.548054 0.157268 0.031771 0.079428
0 0.578237 0.157268 0.031771 0.079428
0 0.639396 0.157268 0.031771 0.079428
0 0.691819 0.157268 0.031771 0.079428
0 0.725179 0.157268 0.031771 0.079428
0 0.842732 0.204925 0.079428 0.031771
0 0.842732 0.242256 0.079428 0.031771
0 0.842732 0.278793 0.079428 0.031771
0 0.842732 0.321684 0.079428 0.031771
0 0.842732 0.353455 0.079428 0.031771
0 0.842732 0.429706 0.079428 0.031771
0 0.842732 0.458300 0.079428 0.031771
0 0.842732 0.515488 0.079428 0.031771
0 0.842732 0.555203 0.079428 0.031771
0 0.842732 0.586180 0.079428 0.031771
0 0.842732 0.702145 0.079428 0.031771
0 0.842732 0.738681 0.079428 0.031771
0 0.842732 0.775218 0.079428 0.031771
0 0.765687 0.842732 0.031771 0.079428
0 0.725179 0.842732 0.031771 0.079428
0 0.688642 0.842732 0.031771 0.079428
0 0.654488 0.842732 0.031771 0.079428
0 0.622716 0.842732 0.031771 0.079428
0 0.591739 0.842732 0.031771 0.079428
0 0.561557 0.842732 0.031771 0.079428
0 0.516283 0.842732 0.031771 0.079428
0 0.479746 0.842732 0.031771 0.079428
0 0.447180 0.842732 0.031771 0.079428
0 0.416203 0.842732 0.031771 0.079428
0 0.366958 0.842732 0.031771 0.079428
0 0.332804 0.842732 0.031771 0.079428
0 0.295473 0.842732 0.031771 0.079428
0 0.255759 0.842732 0.031771 0.079428
0 0.219222 0.842732 0.031771 0.079428
0 0.157268 0.776807 0.079428 0.031771
0 0.157268 0.739476 0.079428 0.031771
0 0.157268 0.681493 0.079428 0.031771
0 0.157268 0.645751 0.079428 0.031771
0 0.157268 0.610802 0.079428 0.031771
0 0.157268 0.576648 0.079428 0.031771
0 0.157268 0.540111 0.079428 0.031771
0 0.157268 0.505957 0.079428 0.031771
0 0.157268 0.467037 0.079428 0.031771
0 0.157268 0.432089 0.079428 0.031771
0 0.157268 0.399523 0.079428 0.031771
0 0.157268 0.367752 0.079428 0.031771
0 0.157268 0.337569 0.079428 0.031771
0 0.157268 0.295473 0.079428 0.031771
0 0.157268 0.242256 0.079428 0.031771
0 0.225576 0.162033 0.031771 0.079428
0 0.257347 0.162033 0.031771 0.079428
0 0.292295 0.162033 0.031771 0.079428
0 0.327244 0.162033 0.031771 0.079428
0 0.358221 0.162033 0.031771 0.079428
0 0.389992 0.162033 0.031771 0.079428
0 0.426529 0.162033 0.031771 0.079428
0 0.461477 0.162033 0.031771 0.079428
0 0.519460 0.162033 0.031771 0.079428
0 0.547260 0.162033 0.031771 0.079428
0 0.576648 0.162033 0.031771 0.079428
0 0.606831 0.162033 0.031771 0.079428
0 0.636219 0.162033 0.031771 0.079428
0 0.687847 0.162033 0.031771 0.079428
0 0.721207 0.162033 0.031771 0.079428
0 0.751390 0.162033 0.031771 0.079428
0 0.837967 0.243844 0.079428 0.031771
0 0.837967 0.278793 0.079428 0.031771
0 0.837967 0.322478 0.079428 0.031771
0 0.837967 0.353455 0.079428 0.031771
0 0.837967 0.400318 0.079428 0.031771
0 0.837967 0.428912 0.079428 0.031771
0 0.837967 0.463860 0.079428 0.031771
0 0.837967 0.520254 0.079428 0.031771
0 0.837967 0.555203 0.079428 0.031771
0 0.837967 0.584591 0.079428 0.031771
0 0.837967 0.615568 0.079428 0.031771
0 0.837967 0.648928 0.079428 0.031771
0 0.837967 0.736299 0.079428 0.031771
0 0.760921 0.837967 0.031771 0.079428
0 0.720413 0.837967 0.031771 0.079428
0 0.684670 0.837967 0.031771 0.079428
0 0.652105 0.837967 0.031771 0.079428
0 0.621922 0.837967 0.031771 0.079428
0 0.591739 0.837967 0.031771 0.079428
0 0.561557 0.837967 0.031771 0.079428
0 0.521048 0.837967 0.031771 0.079428
0 0.479746 0.837967 0.031771 0.079428
0 0.447180 0.837967 0.031771 0.079428
0 0.418586 0.837967 0.031771 0.079428
0 0.367752 0.837967 0.031771 0.079428
0 0.333598 0.837967 0.031771 0.079428
0 0.297855 0.837967 0.031771 0.079428
0 0.258141 0.837967 0.031771 0.079428
0 0.223193 0.837967 0.031771 0.079428
0 0.162033 0.772836 0.079428 0.031771
0 0.162033 0.735504 0.079428 0.031771
0 0.162033 0.677522 0.079428 0.031771
0 0.162033 0.641779 0.079428 0.031771
0 0.162033 0.608419 0.079428 0.031771
0 0.162033 0.575060 0.079428 0.031771
0 0.162033 0.538523 0.079428 0.031771
0 0.162033 0.504369 0.079428 0.031771
0 0.162033 0.465449 0.079428 0.031771
0 0.162033 0.430500 0.079428 0.031771
0 0.162033 0.399523 0.079428 0.031771
0 0.162033 0.368546 0.079428 0.031771
0 0.162033 0.339158 0.079428 0.031771
0 0.162033 0.297855 0.079428 0.031771
0 0.162033 0.243050 0.079428 0.031771
0 0.162033 0.209690 0.079428 0.031771
0 0.206513 0.138205 0.031771 0.079428
0 0.245433 0.138205 0.031771 0.079428
0 0.283558 0.138205 0.031771 0.079428
0 0.323272 0.138205 0.031771 0.079428
0 0.358221 0.138205 0.031771 0.079428
0 0.393963 0.138205 0.031771 0.079428
0 0.428118 0.138205 0.031771 0.079428
0 0.463860 0.138205 0.031771 0.079428
0 0.520254 0.138205 0.031771 0.079428
0 0.551231 0.138205 0.031771 0.079428
0 0.584591 0.138205 0.031771 0.079428
0 0.619539 0.138205 0.031771 0.079428
0 0.653693 0.138205 0.031771 0.079428
0 0.703733 0.138205 0.031771 0.079428
0 0.742653 0.138205 0.031771 0.079428
0 0.779984 0.138205 0.031771 0.079428
0 0.861795 0.196982 0.079428 0.031771
0 0.861795 0.237490 0.079428 0.031771
0 0.861795 0.276410 0.079428 0.031771
0 0.861795 0.320095 0.079428 0.031771
0 0.861795 0.355044 0.079428 0.031771
0 0.861795 0.399523 0.079428 0.031771
0 0.861795 0.432089 0.079428 0.031771
0 0.861795 0.463066 0.079428 0.031771
0 0.861795 0.516283 0.079428 0.031771
0 0.861795 0.555997 0.079428 0.031771
0 0.861795 0.589357 0.079428 0.031771
0 0.861795 0.624305 0.079428 0.031771
0 0.861795 0.661636 0.079428 0.031771
0 0.861795 0.710882 0.079428 0.031771
0 0.861795 0.751390 0.079428 0.031771
0 0.861795 0.791104 0.079428 0.031771
0 0.787133 0.861795 0.031771 0.079428
0 0.742653 0.861795 0.031771 0.079428
0 0.702939 0.861795 0.031771 0.079428
0 0.664019 0.861795 0.031771 0.079428
0 0.629071 0.861795 0.031771 0.079428
0 0.594917 0.861795 0.031771 0.079428
0 0.560763 0.861795 0.031771 0.079428
0 0.522637 0.861795 0.031771 0.079428
0 0.478952 0.861795 0.031771 0.079428
0 0.444797 0.861795 0.031771 0.079428
0 0.412232 0.861795 0.031771 0.079428
0 0.365369 0.861795 0.031771 0.079428
0 0.327244 0.861795 0.031771 0.079428
0 0.288324 0.861795 0.031771 0.079428
0 0.246227 0.861795 0.031771 0.079428
0 0.206513 0.861795 0.031771 0.079428
0 0.138205 0.793487 0.079428 0.031771
0 0.138205 0.752184 0.079428 0.031771
0 0.138205 0.698967 0.079428 0.031771
0 0.138205 0.659253 0.079428 0.031771
0 0.138205 0.621922 0.079428 0.031771
0 0.138205 0.584591 0.079428 0.031771
0 0.138205 0.548054 0.079428 0.031771
0 0.138205 0.512311 0.079428 0.031771
0 0.138205 0.471803 0.079428 0.031771
0 0.138205 0.434472 0.079428 0.031771
0 0.138205 0.400318 0.079428 0.031771
0 0.138205 0.366164 0.079428 0.031771
0 0.138205 0.332804 0.079428 0.031771
0 0.138205 0.289913 0.079428 0.031771
0 0.138205 0.236696 0.079428 0.031771
0 0.138205 0.197776 0.079428 0.031771
