0 0.203484 0.135392 0.031671 0.079177
0 0.244656 0.135392 0.031671 0.079177
0 0.284244 0.135392 0.031671 0.079177
0 0.324624 0.135392 0.031671 0.079177
0 0.361045 0.135392 0.031671 0.079177
0 0.397466 0.135392 0.031671 0.079177
0 0.429929 0.135392 0.031671 0.079177
0 0.465558 0.135392 0.031671 0.079177
0 0.520982 0.135392 0.031671 0.079177
0 0.551861 0.135392 0.031671 0.079177
0 0.585115 0.135392 0.031671 0.079177
0 0.620744 0.135392 0.031671 0.079177
0 0.657165 0.135392 0.031671 0.079177
0 0.705463 0.135392 0.031671 0.079177
0 0.745843 0.135392 0.031671 0.079177
0 0.788599 0.135392 0.031671 0.079177
0 0.864608 0.202692 0.079177 0.031671
0 0.864608 0.244656 0.079177 0.031671
0 0.864608 0.285036 0.079177 0.031671
0 0.864608 0.329375 0.079177 0.031671
0 0.864608 0.366587 0.079177 0.031671
0 0.864608 0.409343 0.079177 0.031671
0 0.864608 0.444181 0.079177 0.031671
0 0.864608 0.473476 0.079177 0.031671
0 0.864608 0.521774 0.079177 0.031671
0 0.864608 0.565321 0.079177 0.031671
0 0.864608 0.598575 0.079177 0.031671
0 0.864608 0.634996 0.079177 0.031671
0 0.864608 0.672209 0.079177 0.031671
0 0.864608 0.719715 0.079177 0.031671
0 0.864608 0.759303 0.079177 0.031671
0 0.864608 0.802059 0.079177 0.031671
0 0.790974 0.864608 0.031671 0.079177
0 0.747427 0.864608 0.031671 0.079177
0 0.706255 0.864608 0.031671 0.079177
0 0.667458 0.864608 0.031671 0.079177
0 0.631829 0.864608 0.031671 0.079177
0 0.596200 0.864608 0.031671 0.079177
0 0.561362 0.864608 0.031671 0.079177
0 0.523357 0.864608 0.031671 0.079177
0 0.479810 0.864608 0.031671 0.079177
0 0.445764 0.864608 0.031671 0.079177
0 0.411718 0.864608 0.031671 0.079177
0 0.365004 0.864608 0.031671 0.079177
0 0.327791 0.864608 0.031671 0.079177
0 0.287411 0.864608 0.031671 0.079177
0 0.245447 0.864608 0.031671 0.079177
0 0.204276 0.864608 0.031671 0.079177
0 0.135392 0.798892 0.079177 0.031671
0 0.135392 0.758511 0.079177 0.031671
0 0.135392 0.707838 0.079177 0.031671
0 0.135392 0.667458 0.079177 0.031671
0 0.135392 0.628662 0.079177 0.031671
0 0.135392 0.592241 0.079177 0.031671
0 0.135392 0.553444 0.079177 0.031671
0 0.135392 0.517023 0.079177 0.031671
0 0.135392 0.477435 0.079177 0.031671
0 0.135392 0.443389 0.079177 0.031671
0 0.135392 0.408551 0.079177 0.031671
0 0.135392 0.372922 0.079177 0.031671
0 0.135392 0.336500 0.079177 0.031671
0 0.135392 0.292162 0.079177 0.031671
0 0.135392 0.244656 0.079177 0.031671
0 0.135392 0.201900 0.079177 0.031671
0 0.209818 0.144893 0.031671 0.079177
0 0.248614 0.144893 0.031671 0.079177
0 0.286619 0.144893 0.031671 0.079177
0 0.326207 0.144893 0.031671 0.079177
0 0.361045 0.144893 0.031671 0.079177
0 0.395883 0.144893 0.031671 0.079177
0 0.429137 0.144893 0.031671 0.079177
0 0.463975 0.144893 0.031671 0.079177
0 0.520190 0.144893 0.031671 0.079177
0 0.550277 0.144893 0.031671 0.079177
0 0.581156 0.144893 0.031671 0.079177
0 0.615202 0.144893 0.031671 0.079177
0 0.649248 0.144893 0.031671 0.079177
0 0.698337 0.144893 0.031671 0.079177
0 0.736342 0.144893 0.031671 0.079177
0 0.776722 0.144893 0.031671 0.079177
0 0.855107 0.210610 0.079177 0.031671
0 0.855107 0.250198 0.079177 0.031671
0 0.855107 0.288994 0.079177 0.031671
0 0.855107 0.332542 0.079177 0.031671
0 0.855107 0.368963 0.079177 0.031671
0 0.855107 0.411718 0.079177 0.031671
0 0.855107 0.444972 0.079177 0.031671
0 0.855107 0.472684 0.079177 0.031671
0 0.855107 0.523357 0.079177 0.031671
0 0.855107 0.566904 0.079177 0.031671
0 0.855107 0.599367 0.079177 0.031671
0 0.855107 0.634204 0.079177 0.031671
0 0.855107 0.669834 0.079177 0.031671
0 0.855107 0.718923 0.079177 0.031671
0 0.855107 0.756928 0.079177 0.031671
0 0.855107 0.798100 0.079177 0.031671
0 0.779889 0.855107 0.031671 0.079177
0 0.737926 0.855107 0.031671 0.079177
0 0.698337 0.855107 0.031671 0.079177
0 0.661916 0.855107 0.031671 0.079177
0 0.628662 0.855107 0.031671 0.079177
0 0.593824 0.855107 0.031671 0.079177
0 0.561362 0.855107 0.031671 0.079177
0 0.523357 0.855107 0.031671 0.079177
0 0.479810 0.855107 0.031671 0.079177
0 0.446556 0.855107 0.031671 0.079177
0 0.414093 0.855107 0.031671 0.079177
0 0.365796 0.855107 0.031671 0.079177
0 0.329375 0.855107 0.031671 0.079177
0 0.290578 0.855107 0.031671 0.079177
0 0.249406 0.855107 0.031671 0.079177
0 0.211401 0.855107 0.031671 0.079177
0 0.144893 0.791766 0.079177 0.031671
0 0.144893 0.753761 0.079177 0.031671
0 0.144893 0.701504 0.079177 0.031671
0 0.144893 0.663500 0.079177 0.031671
0 0.144893 0.625495 0.079177 0.031671
0 0.144893 0.590657 0.079177 0.031671
0 0.144893 0.551069 0.079177 0.031671
0 0.144893 0.515439 0.079177 0.031671
0 0.144893 0.477435 0.079177 0.031671
0 0.144893 0.444181 0.079177 0.031671
0 0.144893 0.410926 0.079177 0.031671
0 0.144893 0.376880 0.079177 0.031671
0 0.144893 0.340459 0.079177 0.031671
0 0.144893 0.296912 0.079177 0.031671
0 0.144893 0.250198 0.079177 0.031671
0 0.144893 0.209026 0.079177 0.031671
0 0.212193 0.149644 0.031671 0.079177
0 0.250990 0.149644 0.031671 0.079177
0 0.288203 0.149644 0.031671 0.079177
0 0.326207 0.149644 0.031671 0.079177
0 0.361045 0.149644 0.031671 0.079177
0 0.395091 0.149644 0.031671 0.079177
0 0.429137 0.149644 0.031671 0.079177
0 0.463183 0.149644 0.031671 0.079177
0 0.520190 0.149644 0.031671 0.079177
0 0.549485 0.149644 0.031671 0.079177
0 0.579572 0.149644 0.031671 0.079177
0 0.612035 0.149644 0.031671 0.079177
0 0.645289 0.149644 0.031671 0.079177
0 0.695170 0.149644 0.031671 0.079177
0 0.731591 0.149644 0.031671 0.079177
0 0.771971 0.149644 0.031671 0.079177
0 0.850356 0.214568 0.079177 0.031671
0 0.850356 0.252573 0.079177 0.031671
0 0.850356 0.291370 0.079177 0.031671
0 0.850356 0.334125 0.079177 0.031671
0 0.850356 0.369755 0.079177 0.031671
0 0.850356 0.412510 0.079177 0.031671
0 0.850356 0.444972 0.079177 0.031671
0 0.850356 0.473476 0.079177 0.031671
0 0.850356 0.524149 0.079177 0.031671
0 0.850356 0.568488 0.079177 0.031671
0 0.850356 0.599367 0.079177 0.031671
0 0.850356 0.633413 0.079177 0.031671
0 0.850356 0.669042 0.079177 0.031671
0 0.850356 0.718131 0.079177 0.031671
0 0.850356 0.755344 0.079177 0.031671
0 0.850356 0.795724 0.079177 0.031671
0 0.774347 0.850356 0.031671 0.079177
0 0.733175 0.850356 0.031671 0.079177
0 0.694378 0.850356 0.031671 0.079177
0 0.659541 0.850356 0.031671 0.079177
0 0.627078 0.850356 0.031671 0.079177
0 0.593824 0.850356 0.031671 0.079177
0 0.562154 0.850356 0.031671 0.079177
0 0.522565 0.850356 0.031671 0.079177
0 0.447348 0.850356 0.031671 0.079177
0 0.415677 0.850356 0.031671 0.079177
0 0.366587 0.850356 0.031671 0.079177
0 0.330958 0.850356 0.031671 0.079177
0 0.292953 0.850356 0.031671 0.079177
0 0.251781 0.850356 0.031671 0.079177
0 0.214568 0.850356 0.031671 0.079177
0 0.149644 0.788599 0.079177 0.031671
0 0.149644 0.752177 0.079177 0.031671
0 0.149644 0.697546 0.079177 0.031671
0 0.149644 0.661124 0.079177 0.031671
0 0.149644 0.624703 0.079177 0.031671
0 0.149644 0.589865 0.079177 0.031671
0 0.149644 0.550277 0.079177 0.031671
0 0.149644 0.514648 0.079177 0.031671
0 0.149644 0.477435 0.079177 0.031671
0 0.149644 0.444972 0.079177 0.031671
0 0.149644 0.412510 0.079177 0.031671
0 0.149644 0.379256 0.079177 0.031671
0 0.149644 0.342043 0.079177 0.031671
0 0.149644 0.300079 0.079177 0.031671
0 0.149644 0.252573 0.079177 0.031671
0 0.149644 0.212985 0.079177 0.031671
0 0.214568 0.154394 0.031671 0.079177
0 0.253365 0.154394 0.031671 0.079177
0 0.289786 0.154394 0.031671 0.079177
0 0.326999 0.154394 0.031671 0.079177
0 0.361837 0.154394 0.031671 0.079177
0 0.394299 0.154394 0.031671 0.079177
0 0.428345 0.154394 0.031671 0.079177
0 0.462391 0.154394 0.031671 0.079177
0 0.519398 0.154394 0.031671 0.079177
0 0.548694 0.154394 0.031671 0.079177
0 0.577989 0.154394 0.031671 0.079177
0 0.609660 0.154394 0.031671 0.079177
0 0.642122 0.154394 0.031671 0.079177
0 0.692003 0.154394 0.031671 0.079177
0 0.727633 0.154394 0.031671 0.079177
0 0.765637 0.154394 0.031671 0.079177
0 0.845606 0.216944 0.079177 0.031671
0 0.845606 0.255740 0.079177 0.031671
0 0.845606 0.292953 0.079177 0.031671
0 0.845606 0.335709 0.079177 0.031671
0 0.845606 0.370546 0.079177 0.031671
0 0.845606 0.414093 0.079177 0.031671
0 0.845606 0.445764 0.079177 0.031671
0 0.845606 0.472684 0.079177 0.031671
0 0.845606 0.524941 0.079177 0.031671
0 0.845606 0.569279 0.079177 0.031671
0 0.845606 0.599367 0.079177 0.031671
0 0.845606 0.633413 0.079177 0.031671
0 0.845606 0.668250 0.079177 0.031671
0 0.845606 0.718131 0.079177 0.031671
0 0.845606 0.753761 0.079177 0.031671
0 0.845606 0.793349 0.079177 0.031671
0 0.768804 0.845606 0.031671 0.079177
0 0.729216 0.845606 0.031671 0.079177
0 0.626287 0.845606 0.031671 0.079177
0 0.593824 0.845606 0.031671 0.079177
0 0.562154 0.845606 0.031671 0.079177
0 0.521774 0.845606 0.031671 0.079177
0 0.479810 0.845606 0.031671 0.079177
0 0.447348 0.845606 0.031671 0.079177
0 0.366587 0.845606 0.031671 0.079177
0 0.331750 0.845606 0.031671 0.079177
0 0.294537 0.845606 0.031671 0.079177
0 0.254157 0.845606 0.031671 0.079177
0 0.218527 0.845606 0.031671 0.079177
0 0.154394 0.785432 0.079177 0.031671
0 0.154394 0.749802 0.079177 0.031671
0 0.154394 0.695170 0.079177 0.031671
0 0.154394 0.658749 0.079177 0.031671
0 0.154394 0.623120 0.079177 0.031671
0 0.154394 0.589865 0.079177 0.031671
0 0.154394 0.548694 0.079177 0.031671
0 0.154394 0.510689 0.079177 0.031671
0 0.154394 0.477435 0.079177 0.031671
0 0.154394 0.444972 0.079177 0.031671
0 0.154394 0.413302 0.079177 0.031671
0 0.154394 0.380839 0.079177 0.031671
0 0.154394 0.344418 0.079177 0.031671
0 0.154394 0.302454 0.079177 0.031671
0 0.154394 0.255740 0.079177 0.031671
0 0.154394 0.216944 0.079177 0.031671
0 0.217736 0.159145 0.031671 0.079177
0 0.255740 0.159145 0.031671 0.079177
0 0.291370 0.159145 0.031671 0.079177
0 0.328583 0.159145 0.031671 0.079177
0 0.361837 0.159145 0.031671 0.079177
0 0.394299 0.159145 0.031671 0.079177
0 0.428345 0.159145 0.031671 0.079177
0 0.461599 0.159145 0.031671 0.079177
0 0.519398 0.159145 0.031671 0.079177
0 0.547110 0.159145 0.031671 0.079177
0 0.576405 0.159145 0.031671 0.079177
0 0.606492 0.159145 0.031671 0.079177
0 0.638163 0.159145 0.031671 0.079177
0 0.688836 0.159145 0.031671 0.079177
0 0.723674 0.159145 0.031671 0.079177
0 0.760887 0.159145 0.031671 0.079177
0 0.840855 0.258116 0.079177 0.031671
0 0.840855 0.294537 0.079177 0.031671
0 0.840855 0.338084 0.079177 0.031671
0 0.840855 0.371338 0.079177 0.031671
0 0.840855 0.414885 0.079177 0.031671
0 0.840855 0.445764 0.079177 0.031671
0 0.840855 0.471892 0.079177 0.031671
0 0.840855 0.524941 0.079177 0.031671
0 0.840855 0.570071 0.079177 0.031671
0 0.840855 0.599367 0.079177 0.031671
0 0.840855 0.632621 0.079177 0.031671
0 0.840855 0.666667 0.079177 0.031671
0 0.840855 0.717340 0.079177 0.031671
0 0.840855 0.752177 0.079177 0.031671
0 0.840855 0.790974 0.079177 0.031671
0 0.762470 0.840855 0.031671 0.079177
0 0.688044 0.840855 0.031671 0.079177
0 0.624703 0.840855 0.031671 0.079177
0 0.562154 0.840855 0.031671 0.079177
0 0.521774 0.840855 0.031671 0.079177
0 0.480602 0.840855 0.031671 0.079177
0 0.448139 0.840855 0.031671 0.079177
0 0.418052 0.840855 0.031671 0.079177
0 0.367379 0.840855 0.031671 0.079177
0 0.333333 0.840855 0.031671 0.079177
0 0.296912 0.840855 0.031671 0.079177
0 0.256532 0.840855 0.031671 0.079177
0 0.221694 0.840855 0.031671 0.079177
0 0.159145 0.782264 0.079177 0.031671
0 0.159145 0.747427 0.079177 0.031671
0 0.159145 0.692003 0.079177 0.031671
0 0.159145 0.657165 0.079177 0.031671
0 0.159145 0.620744 0.079177 0.031671
0 0.159145 0.588282 0.079177 0.031671
0 0.159145 0.547902 0.079177 0.031671
0 0.159145 0.513064 0.079177 0.031671
0 0.159145 0.476643 0.079177 0.031671
0 0.159145 0.445764 0.079177 0.031671
0 0.159145 0.414093 0.079177 0.031671
0 0.159145 0.382423 0.079177 0.031671
0 0.159145 0.346002 0.079177 0.031671
0 0.159145 0.304830 0.079177 0.031671
0 0.159145 0.258907 0.079177 0.031671
0 0.159145 0.220903 0.079177 0.031671
0 0.220903 0.163895 0.031671 0.079177
0 0.257324 0.163895 0.031671 0.079177
0 0.292953 0.163895 0.031671 0.079177
0 0.329375 0.163895 0.031671 0.079177
0 0.361837 0.163895 0.031671 0.079177
0 0.393508 0.163895 0.031671 0.079177
0 0.428345 0.163895 0.031671 0.079177
0 0.461599 0.163895 0.031671 0.079177
0 0.520190 0.163895 0.031671 0.079177
0 0.546318 0.163895 0.031671 0.079177
0 0.574822 0.163895 0.031671 0.079177
0 0.604117 0.163895 0.031671 0.079177
0 0.634996 0.163895 0.031671 0.079177
0 0.685669 0.163895 0.031671 0.079177
0 0.718923 0.163895 0.031671 0.079177
0 0.755344 0.163895 0.031671 0.079177
0 0.836105 0.296120 0.079177 0.031671
0 0.836105 0.372130 0.079177 0.031671
0 0.836105 0.415677 0.079177 0.031671
0 0.836105 0.446556 0.079177 0.031671
0 0.836105 0.479018 0.079177 0.031671
0 0.836105 0.525732 0.079177 0.031671
0 0.836105 0.571655 0.079177 0.031671
0 0.836105 0.599367 0.079177 0.031671
0 0.836105 0.665875 0.079177 0.031671
0 0.719715 0.836105 0.031671 0.079177
0 0.683294 0.836105 0.031671 0.079177
0 0.652415 0.836105 0.031671 0.079177
0 0.623911 0.836105 0.031671 0.079177
0 0.592241 0.836105 0.031671 0.079177
0 0.562154 0.836105 0.031671 0.079177
0 0.520982 0.836105 0.031671 0.079177
0 0.480602 0.836105 0.031671 0.079177
0 0.448931 0.836105 0.031671 0.079177
0 0.418844 0.836105 0.031671 0.079177
0 0.334917 0.836105 0.031671 0.079177
0 0.298496 0.836105 0.031671 0.079177
0 0.258907 0.836105 0.031671 0.079177
0 0.224861 0.836105 0.031671 0.079177
0 0.163895 0.779097 0.079177 0.031671
0 0.163895 0.745051 0.079177 0.031671
0 0.163895 0.688836 0.079177 0.031671
0 0.163895 0.654790 0.079177 0.031671
0 0.163895 0.619952 0.079177 0.031671
0 0.163895 0.587490 0.079177 0.031671
0 0.163895 0.546318 0.079177 0.031671
0 0.163895 0.512272 0.079177 0.031671
0 0.163895 0.476643 0.079177 0.031671
0 0.163895 0.446556 0.079177 0.031671
0 0.163895 0.415677 0.079177 0.031671
0 0.163895 0.384798 0.079177 0.031671
0 0.163895 0.348377 0.079177 0.031671
0 0.163895 0.307205 0.079177 0.031671
0 0.163895 0.261283 0.079177 0.031671
0 0.163895 0.224861 0.079177 0.031671
0 0.205859 0.140143 0.031671 0.079177
0 0.246239 0.140143 0.031671 0.079177
0 0.285827 0.140143 0.031671 0.079177
0 0.325416 0.140143 0.031671 0.079177
0 0.361045 0.140143 0.031671 0.079177
0 0.396675 0.140143 0.031671 0.079177
0 0.429929 0.140143 0.031671 0.079177
0 0.464766 0.140143 0.031671 0.079177
0 0.520190 0.140143 0.031671 0.079177
0 0.551069 0.140143 0.031671 0.079177
0 0.583531 0.140143 0.031671 0.079177
0 0.617577 0.140143 0.031671 0.079177
0 0.653207 0.140143 0.031671 0.079177
0 0.702296 0.140143 0.031671 0.079177
0 0.741093 0.140143 0.031671 0.079177
0 0.783056 0.140143 0.031671 0.079177
0 0.859857 0.206651 0.079177 0.031671
0 0.859857 0.247031 0.079177 0.031671
0 0.859857 0.287411 0.079177 0.031671
0 0.859857 0.330958 0.079177 0.031671
0 0.859857 0.368171 0.079177 0.031671
0 0.859857 0.410926 0.079177 0.031671
0 0.859857 0.444181 0.079177 0.031671
0 0.859857 0.473476 0.079177 0.031671
0 0.859857 0.522565 0.079177 0.031671
0 0.859857 0.566904 0.079177 0.031671
0 0.859857 0.598575 0.079177 0.031671
0 0.859857 0.634204 0.079177 0.031671
0 0.859857 0.671417 0.079177 0.031671
0 0.859857 0.718923 0.079177 0.031671
0 0.859857 0.758511 0.079177 0.031671
0 0.859857 0.799683 0.079177 0.031671
0 0.786223 0.859857 0.031671 0.079177
0 0.742676 0.859857 0.031671 0.079177
0 0.702296 0.859857 0.031671 0.079177
0 0.665083 0.859857 0.031671 0.079177
0 0.630245 0.859857 0.031671 0.079177
0 0.595408 0.859857 0.031671 0.079177
0 0.561362 0.859857 0.031671 0.079177
0 0.523357 0.859857 0.031671 0.079177
0 0.479810 0.859857 0.031671 0.079177
0 0.446556 0.859857 0.031671 0.079177
0 0.413302 0.859857 0.031671 0.079177
0 0.365796 0.859857 0.031671 0.079177
0 0.328583 0.859857 0.031671 0.079177
0 0.288994 0.859857 0.031671 0.079177
0 0.247823 0.859857 0.031671 0.079177
0 0.208234 0.859857 0.031671 0.079177
0 0.140143 0.795724 0.079177 0.031671
0 0.140143 0.756136 0.079177 0.031671
0 0.140143 0.704671 0.079177 0.031671
0 0.140143 0.665083 0.079177 0.031671
0 0.140143 0.627078 0.079177 0.031671
0 0.140143 0.591449 0.079177 0.031671
0 0.140143 0.551861 0.079177 0.031671
0 0.140143 0.516231 0.079177 0.031671
0 0.140143 0.477435 0.079177 0.031671
0 0.140143 0.444181 0.079177 0.031671
0 0.140143 0.410135 0.079177 0.031671
0 0.140143 0.375297 0.079177 0.031671
0 0.140143 0.338084 0.079177 0.031671
0 0.140143 0.295329 0.079177 0.031671
0 0.140143 0.247031 0.079177 0.031671
