0 0.201273 0.132856 0.031822 0.079554
0 0.243437 0.132856 0.031822 0.079554
0 0.282418 0.132856 0.031822 0.079554
0 0.322991 0.132856 0.031822 0.079554
0 0.360382 0.132856 0.031822 0.079554
0 0.396181 0.132856 0.031822 0.079554
0 0.430390 0.132856 0.031822 0.079554
0 0.466189 0.132856 0.031822 0.079554
0 0.521082 0.132856 0.031822 0.079554
0 0.552904 0.132856 0.031822 0.079554
0 0.585521 0.132856 0.031822 0.079554
0 0.622116 0.132856 0.031822 0.079554
0 0.657120 0.132856 0.031822 0.079554
0 0.708035 0.132856 0.031822 0.079554
0 0.747017 0.132856 0.031822 0.079554
0 0.787589 0.132856 0.031822 0.079554
0 0.867144 0.195704 0.079554 0.031822
0 0.867144 0.237072 0.079554 0.031822
0 0.867144 0.276054 0.079554 0.031822
0 0.867144 0.320605 0.079554 0.031822
0 0.867144 0.356404 0.079554 0.031822
0 0.867144 0.400955 0.079554 0.031822
0 0.867144 0.435163 0.079554 0.031822
0 0.867144 0.466189 0.079554 0.031822
0 0.867144 0.517104 0.079554 0.031822
0 0.867144 0.559268 0.079554 0.031822
0 0.867144 0.592681 0.079554 0.031822
0 0.867144 0.628481 0.079554 0.031822
0 0.867144 0.666667 0.079554 0.031822
0 0.867144 0.714399 0.079554 0.031822
0 0.867144 0.754177 0.079554 0.031822
0 0.867144 0.796340 0.079554 0.031822
0 0.793954 0.867144 0.031822 0.079554
0 0.750199 0.867144 0.031822 0.079554
0 0.708035 0.867144 0.031822 0.079554
0 0.668258 0.867144 0.031822 0.079554
0 0.632458 0.867144 0.031822 0.079554
0 0.596659 0.867144 0.031822 0.079554
0 0.561655 0.867144 0.031822 0.079554
0 0.524264 0.867144 0.031822 0.079554
0 0.479714 0.867144 0.031822 0.079554
0 0.444710 0.867144 0.031822 0.079554
0 0.412092 0.867144 0.031822 0.079554
0 0.365155 0.867144 0.031822 0.079554
0 0.326173 0.867144 0.031822 0.079554
0 0.286396 0.867144 0.031822 0.079554
0 0.244232 0.867144 0.031822 0.079554
0 0.202068 0.867144 0.031822 0.079554
0 0.132856 0.797136 0.079554 0.031822
0 0.132856 0.755768 0.079554 0.031822
0 0.132856 0.704853 0.079554 0.031822
0 0.132856 0.662689 0.079554 0.031822
0 0.132856 0.623707 0.079554 0.031822
0 0.132856 0.585521 0.079554 0.031822
0 0.132856 0.549722 0.079554 0.031822
0 0.132856 0.514718 0.079554 0.031822
0 0.132856 0.473349 0.079554 0.031822
0 0.132856 0.436754 0.079554 0.031822
0 0.132856 0.403341 0.079554 0.031822
0 0.132856 0.366746 0.079554 0.031822
0 0.132856 0.333333 0.079554 0.031822
0 0.132856 0.289578 0.079554 0.031822
0 0.132856 0.238663 0.079554 0.031822
0 0.132856 0.197295 0.079554 0.031822
0 0.209228 0.142403 0.031822 0.079554
0 0.249006 0.142403 0.031822 0.079554
0 0.286396 0.142403 0.031822 0.079554
0 0.325378 0.142403 0.031822 0.079554
0 0.360382 0.142403 0.031822 0.079554
0 0.395386 0.142403 0.031822 0.079554
0 0.429594 0.142403 0.031822 0.079554
0 0.466189 0.142403 0.031822 0.079554
0 0.521082 0.142403 0.031822 0.079554
0 0.551313 0.142403 0.031822 0.079554
0 0.582339 0.142403 0.031822 0.079554
0 0.617343 0.142403 0.031822 0.079554
0 0.649960 0.142403 0.031822 0.079554
0 0.700875 0.142403 0.031822 0.079554
0 0.738266 0.142403 0.031822 0.079554
0 0.775656 0.142403 0.031822 0.079554
0 0.857597 0.240255 0.079554 0.031822
0 0.857597 0.277645 0.079554 0.031822
0 0.857597 0.322196 0.079554 0.031822
0 0.857597 0.356404 0.079554 0.031822
0 0.857597 0.401750 0.079554 0.031822
0 0.857597 0.433572 0.079554 0.031822
0 0.857597 0.469372 0.079554 0.031822
0 0.857597 0.517104 0.079554 0.031822
0 0.857597 0.558473 0.079554 0.031822
0 0.857597 0.590294 0.079554 0.031822
0 0.857597 0.625298 0.079554 0.031822
0 0.857597 0.661893 0.079554 0.031822
0 0.857597 0.710422 0.079554 0.031822
0 0.857597 0.748608 0.079554 0.031822
0 0.857597 0.788385 0.079554 0.031822
0 0.783612 0.857597 0.031822 0.079554
0 0.741448 0.857597 0.031822 0.079554
0 0.700875 0.857597 0.031822 0.079554
0 0.663484 0.857597 0.031822 0.079554
0 0.630072 0.857597 0.031822 0.079554
0 0.595068 0.857597 0.031822 0.079554
0 0.561655 0.857597 0.031822 0.079554
0 0.523469 0.857597 0.031822 0.079554
0 0.479714 0.857597 0.031822 0.079554
0 0.445505 0.857597 0.031822 0.079554
0 0.413683 0.857597 0.031822 0.079554
0 0.365951 0.857597 0.031822 0.079554
0 0.328560 0.857597 0.031822 0.079554
0 0.289578 0.857597 0.031822 0.079554
0 0.248210 0.857597 0.031822 0.079554
0 0.209228 0.857597 0.031822 0.079554
0 0.142403 0.789181 0.079554 0.031822
0 0.142403 0.748608 0.079554 0.031822
0 0.142403 0.696102 0.079554 0.031822
0 0.142403 0.654733 0.079554 0.031822
0 0.142403 0.618138 0.079554 0.031822
0 0.142403 0.582339 0.079554 0.031822
0 0.142403 0.545744 0.079554 0.031822
0 0.142403 0.511535 0.079554 0.031822
0 0.142403 0.471758 0.079554 0.031822
0 0.142403 0.435163 0.079554 0.031822
0 0.142403 0.403341 0.079554 0.031822
0 0.142403 0.369133 0.079554 0.031822
0 0.142403 0.335720 0.079554 0.031822
0 0.142403 0.292761 0.079554 0.031822
0 0.142403 0.241846 0.079554 0.031822
0 0.142403 0.202068 0.079554 0.031822
0 0.213206 0.147176 0.031822 0.079554
0 0.252188 0.147176 0.031822 0.079554
0 0.287987 0.147176 0.031822 0.079554
0 0.326173 0.147176 0.031822 0.079554
0 0.361177 0.147176 0.031822 0.079554
0 0.394590 0.147176 0.031822 0.079554
0 0.429594 0.147176 0.031822 0.079554
0 0.465394 0.147176 0.031822 0.079554
0 0.521082 0.147176 0.031822 0.079554
0 0.550517 0.147176 0.031822 0.079554
0 0.580748 0.147176 0.031822 0.079554
0 0.614956 0.147176 0.031822 0.079554
0 0.646778 0.147176 0.031822 0.079554
0 0.697693 0.147176 0.031822 0.079554
0 0.733492 0.147176 0.031822 0.079554
0 0.768496 0.147176 0.031822 0.079554
0 0.852824 0.202068 0.079554 0.031822
0 0.852824 0.241846 0.079554 0.031822
0 0.852824 0.278441 0.079554 0.031822
0 0.852824 0.322196 0.079554 0.031822
0 0.852824 0.355609 0.079554 0.031822
0 0.852824 0.401750 0.079554 0.031822
0 0.852824 0.432776 0.079554 0.031822
0 0.852824 0.462212 0.079554 0.031822
0 0.852824 0.517104 0.079554 0.031822
0 0.852824 0.558473 0.079554 0.031822
0 0.852824 0.622912 0.079554 0.031822
0 0.852824 0.659507 0.079554 0.031822
0 0.852824 0.708035 0.079554 0.031822
0 0.852824 0.745426 0.079554 0.031822
0 0.852824 0.784407 0.079554 0.031822
0 0.778839 0.852824 0.031822 0.079554
0 0.736675 0.852824 0.031822 0.079554
0 0.697693 0.852824 0.031822 0.079554
0 0.660302 0.852824 0.031822 0.079554
0 0.628481 0.852824 0.031822 0.079554
0 0.595068 0.852824 0.031822 0.079554
0 0.561655 0.852824 0.031822 0.079554
0 0.522673 0.852824 0.031822 0.079554
0 0.479714 0.852824 0.031822 0.079554
0 0.446301 0.852824 0.031822 0.079554
0 0.415274 0.852824 0.031822 0.079554
0 0.366746 0.852824 0.031822 0.079554
0 0.329356 0.852824 0.031822 0.079554
0 0.291169 0.852824 0.031822 0.079554
0 0.250597 0.852824 0.031822 0.079554
0 0.211615 0.852824 0.031822 0.079554
0 0.147176 0.784407 0.079554 0.031822
0 0.147176 0.745426 0.079554 0.031822
0 0.147176 0.690533 0.079554 0.031822
0 0.147176 0.652347 0.079554 0.031822
0 0.147176 0.614956 0.079554 0.031822
0 0.147176 0.579952 0.079554 0.031822
0 0.147176 0.544153 0.079554 0.031822
0 0.147176 0.509944 0.079554 0.031822
0 0.147176 0.470963 0.079554 0.031822
0 0.147176 0.435163 0.079554 0.031822
0 0.147176 0.403341 0.079554 0.031822
0 0.147176 0.369928 0.079554 0.031822
0 0.147176 0.337311 0.079554 0.031822
0 0.147176 0.295147 0.079554 0.031822
0 0.147176 0.244232 0.079554 0.031822
0 0.147176 0.205251 0.079554 0.031822
0 0.215593 0.151949 0.031822 0.079554
0 0.254574 0.151949 0.031822 0.079554
0 0.290374 0.151949 0.031822 0.079554
0 0.326969 0.151949 0.031822 0.079554
0 0.361177 0.151949 0.031822 0.079554
0 0.394590 0.151949 0.031822 0.079554
0 0.428799 0.151949 0.031822 0.079554
0 0.464598 0.151949 0.031822 0.079554
0 0.521082 0.151949 0.031822 0.079554
0 0.549722 0.151949 0.031822 0.079554
0 0.579157 0.151949 0.031822 0.079554
0 0.612570 0.151949 0.031822 0.079554
0 0.642800 0.151949 0.031822 0.079554
0 0.694511 0.151949 0.031822 0.079554
0 0.729515 0.151949 0.031822 0.079554
0 0.763723 0.151949 0.031822 0.079554
0 0.848051 0.204455 0.079554 0.031822
0 0.848051 0.242641 0.079554 0.031822
0 0.848051 0.279236 0.079554 0.031822
0 0.848051 0.322991 0.079554 0.031822
0 0.848051 0.356404 0.079554 0.031822
0 0.848051 0.401750 0.079554 0.031822
0 0.848051 0.461416 0.079554 0.031822
0 0.848051 0.516309 0.079554 0.031822
0 0.848051 0.558473 0.079554 0.031822
0 0.848051 0.589499 0.079554 0.031822
0 0.848051 0.622116 0.079554 0.031822
0 0.848051 0.656325 0.079554 0.031822
0 0.848051 0.705648 0.079554 0.031822
0 0.848051 0.780430 0.079554 0.031822
0 0.773270 0.848051 0.031822 0.079554
0 0.731901 0.848051 0.031822 0.079554
0 0.693715 0.848051 0.031822 0.079554
0 0.658711 0.848051 0.031822 0.079554
0 0.626889 0.848051 0.031822 0.079554
0 0.594272 0.848051 0.031822 0.079554
0 0.562450 0.848051 0.031822 0.079554
0 0.522673 0.848051 0.031822 0.079554
0 0.479714 0.848051 0.031822 0.079554
0 0.446301 0.848051 0.031822 0.079554
0 0.416070 0.848051 0.031822 0.079554
0 0.367542 0.848051 0.031822 0.079554
0 0.330947 0.848051 0.031822 0.079554
0 0.292761 0.848051 0.031822 0.079554
0 0.252188 0.848051 0.031822 0.079554
0 0.214002 0.848051 0.031822 0.079554
0 0.151949 0.780430 0.079554 0.031822
0 0.151949 0.742243 0.079554 0.031822
0 0.151949 0.686555 0.079554 0.031822
0 0.151949 0.648369 0.079554 0.031822
0 0.151949 0.612570 0.079554 0.031822
0 0.151949 0.577566 0.079554 0.031822
0 0.151949 0.542562 0.079554 0.031822
0 0.151949 0.508353 0.079554 0.031822
0 0.151949 0.469372 0.079554 0.031822
0 0.151949 0.434368 0.079554 0.031822
0 0.151949 0.403341 0.079554 0.031822
0 0.151949 0.370724 0.079554 0.031822
0 0.151949 0.338107 0.079554 0.031822
0 0.151949 0.296738 0.079554 0.031822
0 0.151949 0.245823 0.079554 0.031822
0 0.151949 0.208433 0.079554 0.031822
0 0.219570 0.156722 0.031822 0.079554
0 0.256961 0.156722 0.031822 0.079554
0 0.291965 0.156722 0.031822 0.079554
0 0.328560 0.156722 0.031822 0.079554
0 0.361177 0.156722 0.031822 0.079554
0 0.393795 0.156722 0.031822 0.079554
0 0.428799 0.156722 0.031822 0.079554
0 0.471758 0.156722 0.031822 0.079554
0 0.520286 0.156722 0.031822 0.079554
0 0.548926 0.156722 0.031822 0.079554
0 0.578361 0.156722 0.031822 0.079554
0 0.638823 0.156722 0.031822 0.079554
0 0.691329 0.156722 0.031822 0.079554
0 0.725537 0.156722 0.031822 0.079554
0 0.757359 0.156722 0.031822 0.079554
0 0.843278 0.244232 0.079554 0.031822
0 0.843278 0.280032 0.079554 0.031822
0 0.843278 0.323787 0.079554 0.031822
0 0.843278 0.355609 0.079554 0.031822
0 0.843278 0.401750 0.079554 0.031822
0 0.843278 0.460621 0.079554 0.031822
0 0.843278 0.516309 0.079554 0.031822
0 0.843278 0.558473 0.079554 0.031822
0 0.843278 0.588703 0.079554 0.031822
0 0.843278 0.620525 0.079554 0.031822
0 0.843278 0.654733 0.079554 0.031822
0 0.843278 0.740652 0.079554 0.031822
0 0.768496 0.843278 0.031822 0.079554
0 0.727924 0.843278 0.031822 0.079554
0 0.690533 0.843278 0.031822 0.079554
0 0.656325 0.843278 0.031822 0.079554
0 0.625298 0.843278 0.031822 0.079554
0 0.592681 0.843278 0.031822 0.079554
0 0.562450 0.843278 0.031822 0.079554
0 0.521877 0.843278 0.031822 0.079554
0 0.480509 0.843278 0.031822 0.079554
0 0.447096 0.843278 0.031822 0.079554
0 0.417661 0.843278 0.031822 0.079554
0 0.331742 0.843278 0.031822 0.079554
0 0.295147 0.843278 0.031822 0.079554
0 0.254574 0.843278 0.031822 0.079554
0 0.217184 0.843278 0.031822 0.079554
0 0.156722 0.776452 0.079554 0.031822
0 0.156722 0.739061 0.079554 0.031822
0 0.156722 0.681782 0.079554 0.031822
0 0.156722 0.644391 0.079554 0.031822
0 0.156722 0.610183 0.079554 0.031822
0 0.156722 0.575975 0.079554 0.031822
0 0.156722 0.540175 0.079554 0.031822
0 0.156722 0.506762 0.079554 0.031822
0 0.156722 0.468576 0.079554 0.031822
0 0.156722 0.433572 0.079554 0.031822
0 0.156722 0.403341 0.079554 0.031822
0 0.156722 0.371519 0.079554 0.031822
0 0.156722 0.339698 0.079554 0.031822
0 0.156722 0.298329 0.079554 0.031822
0 0.156722 0.248210 0.079554 0.031822
0 0.156722 0.210024 0.079554 0.031822
0 0.223548 0.161496 0.031822 0.079554
0 0.260143 0.161496 0.031822 0.079554
0 0.294352 0.161496 0.031822 0.079554
0 0.329356 0.161496 0.031822 0.079554
0 0.361973 0.161496 0.031822 0.079554
0 0.393795 0.161496 0.031822 0.079554
0 0.428799 0.161496 0.031822 0.079554
0 0.463803 0.161496 0.031822 0.079554
0 0.520286 0.161496 0.031822 0.079554
0 0.548130 0.161496 0.031822 0.079554
0 0.576770 0.161496 0.031822 0.079554
0 0.607796 0.161496 0.031822 0.079554
0 0.635640 0.161496 0.031822 0.079554
0 0.688146 0.161496 0.031822 0.079554
0 0.720764 0.161496 0.031822 0.079554
0 0.750994 0.161496 0.031822 0.079554
0 0.838504 0.209228 0.079554 0.031822
0 0.838504 0.245823 0.079554 0.031822
0 0.838504 0.323787 0.079554 0.031822
0 0.838504 0.401750 0.079554 0.031822
0 0.838504 0.431185 0.079554 0.031822
0 0.838504 0.465394 0.079554 0.031822
0 0.838504 0.516309 0.079554 0.031822
0 0.838504 0.558473 0.079554 0.031822
0 0.838504 0.587908 0.079554 0.031822
0 0.838504 0.618934 0.079554 0.031822
0 0.838504 0.652347 0.079554 0.031822
0 0.838504 0.702466 0.079554 0.031822
0 0.838504 0.773270 0.079554 0.031822
0 0.763723 0.838504 0.031822 0.079554
0 0.723946 0.838504 0.031822 0.079554
0 0.653938 0.838504 0.031822 0.079554
0 0.623707 0.838504 0.031822 0.079554
0 0.592681 0.838504 0.031822 0.079554
0 0.562450 0.838504 0.031822 0.079554
0 0.521877 0.838504 0.031822 0.079554
0 0.481305 0.838504 0.031822 0.079554
0 0.419252 0.838504 0.031822 0.079554
0 0.368337 0.838504 0.031822 0.079554
0 0.333333 0.838504 0.031822 0.079554
0 0.296738 0.838504 0.031822 0.079554
0 0.256961 0.838504 0.031822 0.079554
0 0.220366 0.838504 0.031822 0.079554
0 0.161496 0.771679 0.079554 0.031822
0 0.161496 0.735084 0.079554 0.031822
0 0.161496 0.677009 0.079554 0.031822
0 0.161496 0.641209 0.079554 0.031822
0 0.161496 0.607796 0.079554 0.031822
0 0.161496 0.574383 0.079554 0.031822
0 0.161496 0.538584 0.079554 0.031822
0 0.161496 0.504375 0.079554 0.031822
0 0.161496 0.467780 0.079554 0.031822
0 0.161496 0.433572 0.079554 0.031822
0 0.161496 0.403341 0.079554 0.031822
0 0.161496 0.372315 0.079554 0.031822
0 0.161496 0.336516 0.079554 0.031822
0 0.161496 0.300716 0.079554 0.031822
0 0.161496 0.249006 0.079554 0.031822
0 0.161496 0.213206 0.079554 0.031822
0 0.205251 0.137629 0.031822 0.079554
0 0.245823 0.137629 0.031822 0.079554
0 0.284805 0.137629 0.031822 0.079554
0 0.324582 0.137629 0.031822 0.079554
0 0.360382 0.137629 0.031822 0.079554
0 0.396181 0.137629 0.031822 0.079554
0 0.429594 0.137629 0.031822 0.079554
0 0.466189 0.137629 0.031822 0.079554
0 0.521082 0.137629 0.031822 0.079554
0 0.552108 0.137629 0.031822 0.079554
0 0.583930 0.137629 0.031822 0.079554
0 0.619730 0.137629 0.031822 0.079554
0 0.653142 0.137629 0.031822 0.079554
0 0.704057 0.137629 0.031822 0.079554
0 0.742243 0.137629 0.031822 0.079554
0 0.780430 0.137629 0.031822 0.079554
0 0.862371 0.198091 0.079554 0.031822
0 0.862371 0.238663 0.079554 0.031822
0 0.862371 0.277645 0.079554 0.031822
0 0.862371 0.321400 0.079554 0.031822
0 0.862371 0.356404 0.079554 0.031822
0 0.862371 0.401750 0.079554 0.031822
0 0.862371 0.434368 0.079554 0.031822
0 0.862371 0.464598 0.079554 0.031822
0 0.862371 0.517104 0.079554 0.031822
0 0.862371 0.559268 0.079554 0.031822
0 0.862371 0.626889 0.079554 0.031822
0 0.862371 0.664280 0.079554 0.031822
0 0.862371 0.712013 0.079554 0.031822
0 0.862371 0.751790 0.079554 0.031822
0 0.862371 0.791567 0.079554 0.031822
0 0.789181 0.862371 0.031822 0.079554
0 0.745426 0.862371 0.031822 0.079554
0 0.704057 0.862371 0.031822 0.079554
0 0.665076 0.862371 0.031822 0.079554
0 0.630867 0.862371 0.031822 0.079554
0 0.595863 0.862371 0.031822 0.079554
0 0.561655 0.862371 0.031822 0.079554
0 0.524264 0.862371 0.031822 0.079554
0 0.479714 0.862371 0.031822 0.079554
0 0.445505 0.862371 0.031822 0.079554
0 0.412888 0.862371 0.031822 0.079554
0 0.365155 0.862371 0.031822 0.079554
0 0.327765 0.862371 0.031822 0.079554
0 0.287987 0.862371 0.031822 0.079554
0 0.246619 0.862371 0.031822 0.079554
0 0.204455 0.862371 0.031822 0.079554
0 0.137629 0.793158 0.079554 0.031822
0 0.137629 0.752586 0.079554 0.031822
0 0.137629 0.700875 0.079554 0.031822
0 0.137629 0.658711 0.079554 0.031822
0 0.137629 0.621321 0.079554 0.031822
0 0.137629 0.583930 0.079554 0.031822
0 0.137629 0.548130 0.079554 0.031822
0 0.137629 0.513126 0.079554 0.031822
0 0.137629 0.472554 0.079554 0.031822
0 0.137629 0.436754 0.079554 0.031822
0 0.137629 0.403341 0.079554 0.031822
0 0.137629 0.368337 0.079554 0.031822
0 0.137629 0.334129 0.079554 0.031822
0 0.137629 0.291169 0.079554 0.031822
0 0.137629 0.239459 0.079554 0.031822
0 0.137629 0.199682 0.079554 0.031822
