0 0.199359 0.131305 0.032026 0.080064
0 0.240192 0.131305 0.032026 0.080064
0 0.280224 0.131305 0.032026 0.080064
0 0.321857 0.131305 0.032026 0.080064
0 0.357086 0.131305 0.032026 0.080064
0 0.394716 0.131305 0.032026 0.080064
0 0.427542 0.131305 0.032026 0.080064
0 0.465973 0.131305 0.032026 0.080064
0 0.520416 0.131305 0.032026 0.080064
0 0.552442 0.131305 0.032026 0.080064
0 0.585268 0.131305 0.032026 0.080064
0 0.622098 0.131305 0.032026 0.080064
0 0.657326 0.131305 0.032026 0.080064
0 0.708567 0.131305 0.032026 0.080064
0 0.747798 0.131305 0.032026 0.080064
0 0.788631 0.131305 0.032026 0.080064
0 0.868695 0.193755 0.080064 0.032026
0 0.868695 0.234588 0.080064 0.032026
0 0.868695 0.275420 0.080064 0.032026
0 0.868695 0.319456 0.080064 0.032026
0 0.868695 0.356285 0.080064 0.032026
0 0.868695 0.401121 0.080064 0.032026
0 0.868695 0.434748 0.080064 0.032026
0 0.868695 0.465172 0.080064 0.032026
0 0.868695 0.518014 0.080064 0.032026
0 0.868695 0.558046 0.080064 0.032026
0 0.868695 0.591673 0.080064 0.032026
0 0.868695 0.628503 0.080064 0.032026
0 0.868695 0.666133 0.080064 0.032026
0 0.868695 0.714972 0.080064 0.032026
0 0.868695 0.755805 0.080064 0.032026
0 0.868695 0.795837 0.080064 0.032026
0 0.793435 0.868695 0.032026 0.080064
0 0.749400 0.868695 0.032026 0.080064
0 0.708567 0.868695 0.032026 0.080064
0 0.668535 0.868695 0.032026 0.080064
0 0.632506 0.868695 0.032026 0.080064
0 0.597278 0.868695 0.032026 0.080064
0 0.561249 0.868695 0.032026 0.080064
0 0.523619 0.868695 0.032026 0.080064
0 0.479584 0.868695 0.032026 0.080064
0 0.444355 0.868695 0.032026 0.080064
0 0.410729 0.868695 0.032026 0.080064
0 0.364291 0.868695 0.032026 0.080064
0 0.325861 0.868695 0.032026 0.080064
0 0.285028 0.868695 0.032026 0.080064
0 0.242594 0.868695 0.032026 0.080064
0 0.200160 0.868695 0.032026 0.080064
0 0.131305 0.799039 0.080064 0.032026
0 0.131305 0.756605 0.080064 0.032026
0 0.131305 0.706165 0.080064 0.032026
0 0.131305 0.662930 0.080064 0.032026
0 0.131305 0.625300 0.080064 0.032026
0 0.131305 0.586869 0.080064 0.032026
0 0.131305 0.549239 0.080064 0.032026
0 0.131305 0.514812 0.080064 0.032026
0 0.131305 0.472378 0.080064 0.032026
0 0.131305 0.435548 0.080064 0.032026
0 0.131305 0.400320 0.080064 0.032026
0 0.131305 0.365092 0.080064 0.032026
0 0.131305 0.332266 0.080064 0.032026
0 0.131305 0.288231 0.080064 0.032026
0 0.131305 0.236990 0.080064 0.032026
0 0.131305 0.195356 0.080064 0.032026
0 0.206565 0.140913 0.032026 0.080064
0 0.244996 0.140913 0.032026 0.080064
0 0.282626 0.140913 0.032026 0.080064
0 0.323459 0.140913 0.032026 0.080064
0 0.357086 0.140913 0.032026 0.080064
0 0.393114 0.140913 0.032026 0.080064
0 0.437150 0.140913 0.032026 0.080064
0 0.464371 0.140913 0.032026 0.080064
0 0.520416 0.140913 0.032026 0.080064
0 0.550841 0.140913 0.032026 0.080064
0 0.582066 0.140913 0.032026 0.080064
0 0.616493 0.140913 0.032026 0.080064
0 0.650120 0.140913 0.032026 0.080064
0 0.701361 0.140913 0.032026 0.080064
0 0.738991 0.140913 0.032026 0.080064
0 0.776621 0.140913 0.032026 0.080064
0 0.859087 0.198559 0.080064 0.032026
0 0.859087 0.276221 0.080064 0.032026
0 0.859087 0.320256 0.080064 0.032026
0 0.859087 0.356285 0.080064 0.032026
0 0.859087 0.401121 0.080064 0.032026
0 0.859087 0.433147 0.080064 0.032026
0 0.859087 0.462770 0.080064 0.032026
0 0.859087 0.517214 0.080064 0.032026
0 0.859087 0.557246 0.080064 0.032026
0 0.859087 0.589271 0.080064 0.032026
0 0.859087 0.624500 0.080064 0.032026
0 0.859087 0.660528 0.080064 0.032026
0 0.859087 0.710969 0.080064 0.032026
0 0.859087 0.750200 0.080064 0.032026
0 0.859087 0.787030 0.080064 0.032026
0 0.782226 0.859087 0.032026 0.080064
0 0.739792 0.859087 0.032026 0.080064
0 0.700560 0.859087 0.032026 0.080064
0 0.662930 0.859087 0.032026 0.080064
0 0.629303 0.859087 0.032026 0.080064
0 0.595677 0.859087 0.032026 0.080064
0 0.561249 0.859087 0.032026 0.080064
0 0.522818 0.859087 0.032026 0.080064
0 0.480384 0.859087 0.032026 0.080064
0 0.445957 0.859087 0.032026 0.080064
0 0.413131 0.859087 0.032026 0.080064
0 0.365893 0.859087 0.032026 0.080064
0 0.328263 0.859087 0.032026 0.080064
0 0.288231 0.859087 0.032026 0.080064
0 0.247398 0.859087 0.032026 0.080064
0 0.207366 0.859087 0.032026 0.080064
0 0.140913 0.789432 0.080064 0.032026
0 0.140913 0.749400 0.080064 0.032026
0 0.140913 0.696557 0.080064 0.032026
0 0.140913 0.655725 0.080064 0.032026
0 0.140913 0.618895 0.080064 0.032026
0 0.140913 0.582066 0.080064 0.032026
0 0.140913 0.542834 0.080064 0.032026
0 0.140913 0.511609 0.080064 0.032026
0 0.140913 0.469175 0.080064 0.032026
0 0.140913 0.433147 0.080064 0.032026
0 0.140913 0.399520 0.080064 0.032026
0 0.140913 0.365092 0.080064 0.032026
0 0.140913 0.334668 0.080064 0.032026
0 0.140913 0.291433 0.080064 0.032026
0 0.140913 0.239392 0.080064 0.032026
0 0.140913 0.200961 0.080064 0.032026
0 0.209768 0.145717 0.032026 0.080064
0 0.247398 0.145717 0.032026 0.080064
0 0.357086 0.145717 0.032026 0.080064
0 0.392314 0.145717 0.032026 0.080064
0 0.426741 0.145717 0.032026 0.080064
0 0.521217 0.145717 0.032026 0.080064
0 0.550040 0.145717 0.032026 0.080064
0 0.580464 0.145717 0.032026 0.080064
0 0.614091 0.145717 0.032026 0.080064
0 0.646117 0.145717 0.032026 0.080064
0 0.698159 0.145717 0.032026 0.080064
0 0.734187 0.145717 0.032026 0.080064
0 0.771017 0.145717 0.032026 0.080064
0 0.854283 0.238591 0.080064 0.032026
0 0.854283 0.277022 0.080064 0.032026
0 0.854283 0.320256 0.080064 0.032026
0 0.854283 0.355484 0.080064 0.032026
0 0.854283 0.401121 0.080064 0.032026
0 0.854283 0.432346 0.080064 0.032026
0 0.854283 0.461169 0.080064 0.032026
0 0.854283 0.516413 0.080064 0.032026
0 0.854283 0.557246 0.080064 0.032026
0 0.854283 0.588471 0.080064 0.032026
0 0.854283 0.622098 0.080064 0.032026
0 0.854283 0.658927 0.080064 0.032026
0 0.854283 0.708567 0.080064 0.032026
0 0.854283 0.746998 0.080064 0.032026
0 0.854283 0.782226 0.080064 0.032026
0 0.776621 0.854283 0.032026 0.080064
0 0.735789 0.854283 0.032026 0.080064
0 0.696557 0.854283 0.032026 0.080064
0 0.660528 0.854283 0.032026 0.080064
0 0.627702 0.854283 0.032026 0.080064
0 0.594876 0.854283 0.032026 0.080064
0 0.562050 0.854283 0.032026 0.080064
0 0.522018 0.854283 0.032026 0.080064
0 0.480384 0.854283 0.032026 0.080064
0 0.445957 0.854283 0.032026 0.080064
0 0.413931 0.854283 0.032026 0.080064
0 0.365893 0.854283 0.032026 0.080064
0 0.329864 0.854283 0.032026 0.080064
0 0.290633 0.854283 0.032026 0.080064
0 0.248999 0.854283 0.032026 0.080064
0 0.209768 0.854283 0.032026 0.080064
0 0.145717 0.785428 0.080064 0.032026
0 0.145717 0.746197 0.080064 0.032026
0 0.145717 0.691753 0.080064 0.032026
0 0.145717 0.652522 0.080064 0.032026
0 0.145717 0.616493 0.080064 0.032026
0 0.145717 0.580464 0.080064 0.032026
0 0.145717 0.542834 0.080064 0.032026
0 0.145717 0.509207 0.080064 0.032026
0 0.145717 0.468375 0.080064 0.032026
0 0.145717 0.432346 0.080064 0.032026
0 0.145717 0.399520 0.080064 0.032026
0 0.145717 0.365893 0.080064 0.032026
0 0.145717 0.335468 0.080064 0.032026
0 0.145717 0.293034 0.080064 0.032026
0 0.145717 0.240993 0.080064 0.032026
0 0.212970 0.150520 0.032026 0.080064
0 0.249800 0.150520 0.032026 0.080064
0 0.286629 0.150520 0.032026 0.080064
0 0.325060 0.150520 0.032026 0.080064
0 0.356285 0.150520 0.032026 0.080064
0 0.391513 0.150520 0.032026 0.080064
0 0.426741 0.150520 0.032026 0.080064
0 0.521217 0.150520 0.032026 0.080064
0 0.549239 0.150520 0.032026 0.080064
0 0.578863 0.150520 0.032026 0.080064
0 0.611689 0.150520 0.032026 0.080064
0 0.642914 0.150520 0.032026 0.080064
0 0.694956 0.150520 0.032026 0.080064
0 0.730985 0.150520 0.032026 0.080064
0 0.765412 0.150520 0.032026 0.080064
0 0.849480 0.202562 0.080064 0.032026
0 0.849480 0.240192 0.080064 0.032026
0 0.849480 0.277022 0.080064 0.032026
0 0.849480 0.321057 0.080064 0.032026
0 0.849480 0.354684 0.080064 0.032026
0 0.849480 0.401121 0.080064 0.032026
0 0.849480 0.431545 0.080064 0.032026
0 0.849480 0.460368 0.080064 0.032026
0 0.849480 0.516413 0.080064 0.032026
0 0.849480 0.556445 0.080064 0.032026
0 0.849480 0.587670 0.080064 0.032026
0 0.849480 0.621297 0.080064 0.032026
0 0.849480 0.706165 0.080064 0.032026
0 0.849480 0.744596 0.080064 0.032026
0 0.849480 0.778223 0.080064 0.032026
0 0.771017 0.849480 0.032026 0.080064
0 0.730985 0.849480 0.032026 0.080064
0 0.692554 0.849480 0.032026 0.080064
0 0.658127 0.849480 0.032026 0.080064
0 0.626101 0.849480 0.032026 0.080064
0 0.594075 0.849480 0.032026 0.080064
0 0.562050 0.849480 0.032026 0.080064
0 0.522018 0.849480 0.032026 0.080064
0 0.480384 0.849480 0.032026 0.080064
0 0.445957 0.849480 0.032026 0.080064
0 0.415532 0.849480 0.032026 0.080064
0 0.366693 0.849480 0.032026 0.080064
0 0.330665 0.849480 0.032026 0.080064
0 0.292234 0.849480 0.032026 0.080064
0 0.251401 0.849480 0.032026 0.080064
0 0.212970 0.849480 0.032026 0.080064
0 0.150520 0.781425 0.080064 0.032026
0 0.150520 0.742994 0.080064 0.032026
0 0.150520 0.687750 0.080064 0.032026
0 0.150520 0.649319 0.080064 0.032026
0 0.150520 0.614091 0.080064 0.032026
0 0.150520 0.578863 0.080064 0.032026
0 0.150520 0.541233 0.080064 0.032026
0 0.150520 0.507606 0.080064 0.032026
0 0.150520 0.467574 0.080064 0.032026
0 0.150520 0.430745 0.080064 0.032026
0 0.150520 0.399520 0.080064 0.032026
0 0.150520 0.366693 0.080064 0.032026
0 0.150520 0.336269 0.080064 0.032026
0 0.150520 0.294636 0.080064 0.032026
0 0.150520 0.205765 0.080064 0.032026
0 0.216974 0.155324 0.032026 0.080064
0 0.288231 0.155324 0.032026 0.080064
0 0.325861 0.155324 0.032026 0.080064
0 0.356285 0.155324 0.032026 0.080064
0 0.441954 0.155324 0.032026 0.080064
0 0.521217 0.155324 0.032026 0.080064
0 0.548439 0.155324 0.032026 0.080064
0 0.577262 0.155324 0.032026 0.080064
0 0.609287 0.155324 0.032026 0.080064
0 0.639712 0.155324 0.032026 0.080064
0 0.691753 0.155324 0.032026 0.080064
0 0.726181 0.155324 0.032026 0.080064
0 0.759808 0.155324 0.032026 0.080064
0 0.844676 0.204964 0.080064 0.032026
0 0.844676 0.241793 0.080064 0.032026
0 0.844676 0.277822 0.080064 0.032026
0 0.844676 0.321057 0.080064 0.032026
0 0.844676 0.354684 0.080064 0.032026
0 0.844676 0.401121 0.080064 0.032026
0 0.844676 0.430745 0.080064 0.032026
0 0.844676 0.458767 0.080064 0.032026
0 0.844676 0.516413 0.080064 0.032026
0 0.844676 0.556445 0.080064 0.032026
0 0.844676 0.586869 0.080064 0.032026
0 0.844676 0.619696 0.080064 0.032026
0 0.844676 0.653323 0.080064 0.032026
0 0.844676 0.703763 0.080064 0.032026
0 0.844676 0.741393 0.080064 0.032026
0 0.844676 0.774219 0.080064 0.032026
0 0.766213 0.844676 0.032026 0.080064
0 0.726181 0.844676 0.032026 0.080064
0 0.689351 0.844676 0.032026 0.080064
0 0.654924 0.844676 0.032026 0.080064
0 0.625300 0.844676 0.032026 0.080064
0 0.594075 0.844676 0.032026 0.080064
0 0.561249 0.844676 0.032026 0.080064
0 0.521217 0.844676 0.032026 0.080064
0 0.480384 0.844676 0.032026 0.080064
0 0.446757 0.844676 0.032026 0.080064
0 0.417134 0.844676 0.032026 0.080064
0 0.367494 0.844676 0.032026 0.080064
0 0.332266 0.844676 0.032026 0.080064
0 0.293835 0.844676 0.032026 0.080064
0 0.253803 0.844676 0.032026 0.080064
0 0.216173 0.844676 0.032026 0.080064
0 0.155324 0.776621 0.080064 0.032026
0 0.155324 0.738991 0.080064 0.032026
0 0.155324 0.646117 0.080064 0.032026
0 0.155324 0.610889 0.080064 0.032026
0 0.155324 0.576461 0.080064 0.032026
0 0.155324 0.539632 0.080064 0.032026
0 0.155324 0.506005 0.080064 0.032026
0 0.155324 0.465973 0.080064 0.032026
0 0.155324 0.429944 0.080064 0.032026
0 0.155324 0.367494 0.080064 0.032026
0 0.155324 0.337870 0.080064 0.032026
0 0.155324 0.296237 0.080064 0.032026
0 0.155324 0.244195 0.080064 0.032026
0 0.155324 0.208167 0.080064 0.032026
0 0.220176 0.160128 0.032026 0.080064
0 0.254604 0.160128 0.032026 0.080064
0 0.289031 0.160128 0.032026 0.080064
0 0.326661 0.160128 0.032026 0.080064
0 0.356285 0.160128 0.032026 0.080064
0 0.389912 0.160128 0.032026 0.080064
0 0.425941 0.160128 0.032026 0.080064
0 0.547638 0.160128 0.032026 0.080064
0 0.606886 0.160128 0.032026 0.080064
0 0.635709 0.160128 0.032026 0.080064
0 0.688551 0.160128 0.032026 0.080064
0 0.721377 0.160128 0.032026 0.080064
0 0.753403 0.160128 0.032026 0.080064
0 0.839872 0.208167 0.080064 0.032026
0 0.839872 0.242594 0.080064 0.032026
0 0.839872 0.278623 0.080064 0.032026
0 0.839872 0.354684 0.080064 0.032026
0 0.839872 0.401121 0.080064 0.032026
0 0.839872 0.430745 0.080064 0.032026
0 0.839872 0.457966 0.080064 0.032026
0 0.839872 0.516413 0.080064 0.032026
0 0.839872 0.556445 0.080064 0.032026
0 0.839872 0.586069 0.080064 0.032026
0 0.839872 0.618094 0.080064 0.032026
0 0.839872 0.650921 0.080064 0.032026
0 0.839872 0.702162 0.080064 0.032026
0 0.839872 0.738191 0.080064 0.032026
0 0.839872 0.770216 0.080064 0.032026
0 0.760608 0.839872 0.032026 0.080064
0 0.721377 0.839872 0.032026 0.080064
0 0.686149 0.839872 0.032026 0.080064
0 0.653323 0.839872 0.032026 0.080064
0 0.623699 0.839872 0.032026 0.080064
0 0.593275 0.839872 0.032026 0.080064
0 0.562050 0.839872 0.032026 0.080064
0 0.521217 0.839872 0.032026 0.080064
0 0.480384 0.839872 0.032026 0.080064
0 0.447558 0.839872 0.032026 0.080064
0 0.417934 0.839872 0.032026 0.080064
0 0.368295 0.839872 0.032026 0.080064
0 0.333867 0.839872 0.032026 0.080064
0 0.295436 0.839872 0.032026 0.080064
0 0.255404 0.839872 0.032026 0.080064
0 0.218575 0.839872 0.032026 0.080064
0 0.160128 0.772618 0.080064 0.032026
0 0.160128 0.735789 0.080064 0.032026
0 0.160128 0.678943 0.080064 0.032026
0 0.160128 0.642114 0.080064 0.032026
0 0.160128 0.608487 0.080064 0.032026
0 0.160128 0.574860 0.080064 0.032026
0 0.160128 0.537230 0.080064 0.032026
0 0.160128 0.504404 0.080064 0.032026
0 0.160128 0.465172 0.080064 0.032026
0 0.160128 0.429944 0.080064 0.032026
0 0.160128 0.368295 0.080064 0.032026
0 0.160128 0.338671 0.080064 0.032026
0 0.160128 0.297838 0.080064 0.032026
0 0.160128 0.210568 0.080064 0.032026
0 0.202562 0.136109 0.032026 0.080064
0 0.242594 0.136109 0.032026 0.080064
0 0.281025 0.136109 0.032026 0.080064
0 0.321857 0.136109 0.032026 0.080064
0 0.357086 0.136109 0.032026 0.080064
0 0.393915 0.136109 0.032026 0.080064
0 0.427542 0.136109 0.032026 0.080064
0 0.465172 0.136109 0.032026 0.080064
0 0.521217 0.136109 0.032026 0.080064
0 0.551641 0.136109 0.032026 0.080064
0 0.583667 0.136109 0.032026 0.080064
0 0.619696 0.136109 0.032026 0.080064
0 0.654123 0.136109 0.032026 0.080064
0 0.704564 0.136109 0.032026 0.080064
0 0.742994 0.136109 0.032026 0.080064
0 0.783827 0.136109 0.032026 0.080064
0 0.863891 0.236189 0.080064 0.032026
0 0.863891 0.275420 0.080064 0.032026
0 0.863891 0.319456 0.080064 0.032026
0 0.863891 0.356285 0.080064 0.032026
0 0.863891 0.401121 0.080064 0.032026
0 0.863891 0.433947 0.080064 0.032026
0 0.863891 0.463571 0.080064 0.032026
0 0.863891 0.517214 0.080064 0.032026
0 0.863891 0.557246 0.080064 0.032026
0 0.863891 0.590072 0.080064 0.032026
0 0.863891 0.626902 0.080064 0.032026
0 0.863891 0.663731 0.080064 0.032026
0 0.863891 0.712570 0.080064 0.032026
0 0.863891 0.752602 0.080064 0.032026
0 0.863891 0.791833 0.080064 0.032026
0 0.787030 0.863891 0.032026 0.080064
0 0.745396 0.863891 0.032026 0.080064
0 0.703763 0.863891 0.032026 0.080064
0 0.664532 0.863891 0.032026 0.080064
0 0.630905 0.863891 0.032026 0.080064
0 0.595677 0.863891 0.032026 0.080064
0 0.561249 0.863891 0.032026 0.080064
0 0.522818 0.863891 0.032026 0.080064
0 0.479584 0.863891 0.032026 0.080064
0 0.445156 0.863891 0.032026 0.080064
0 0.412330 0.863891 0.032026 0.080064
0 0.365092 0.863891 0.032026 0.080064
0 0.327462 0.863891 0.032026 0.080064
0 0.286629 0.863891 0.032026 0.080064
0 0.244996 0.863891 0.032026 0.080064
0 0.203363 0.863891 0.032026 0.080064
0 0.136109 0.794235 0.080064 0.032026
0 0.136109 0.753403 0.080064 0.032026
0 0.136109 0.701361 0.080064 0.032026
0 0.136109 0.659728 0.080064 0.032026
0 0.136109 0.622098 0.080064 0.032026
0 0.136109 0.584468 0.080064 0.032026
0 0.136109 0.547638 0.080064 0.032026
0 0.136109 0.513211 0.080064 0.032026
0 0.136109 0.470777 0.080064 0.032026
0 0.136109 0.433947 0.080064 0.032026
0 0.136109 0.400320 0.080064 0.032026
0 0.136109 0.365893 0.080064 0.032026
0 0.136109 0.333066 0.080064 0.032026
0 0.136109 0.289832 0.080064 0.032026
0 0.136109 0.237790 0.080064 0.032026
0 0.136109 0.198559 0.080064 0.032026
