0 0.200645 0.130540 0.032232 0.080580
0 0.240935 0.130540 0.032232 0.080580
0 0.280419 0.130540 0.032232 0.080580
0 0.321515 0.130540 0.032232 0.080580
0 0.357776 0.130540 0.032232 0.080580
0 0.394037 0.130540 0.032232 0.080580
0 0.429492 0.130540 0.032232 0.080580
0 0.465753 0.130540 0.032232 0.080580
0 0.520548 0.130540 0.032232 0.080580
0 0.552780 0.130540 0.032232 0.080580
0 0.585818 0.130540 0.032232 0.080580
0 0.622079 0.130540 0.032232 0.080580
0 0.658340 0.130540 0.032232 0.080580
0 0.708300 0.130540 0.032232 0.080580
0 0.746978 0.130540 0.032232 0.080580
0 0.788074 0.130540 0.032232 0.080580
0 0.869460 0.193392 0.080580 0.032232
0 0.869460 0.233683 0.080580 0.032232
0 0.869460 0.273973 0.080580 0.032232
0 0.869460 0.319098 0.080580 0.032232
0 0.869460 0.356164 0.080580 0.032232
0 0.869460 0.400483 0.080580 0.032232
0 0.869460 0.434327 0.080580 0.032232
0 0.869460 0.464142 0.080580 0.032232
0 0.869460 0.517325 0.080580 0.032232
0 0.869460 0.558421 0.080580 0.032232
0 0.869460 0.592264 0.080580 0.032232
0 0.869460 0.629331 0.080580 0.032232
0 0.869460 0.667204 0.080580 0.032232
0 0.869460 0.716358 0.080580 0.032232
0 0.869460 0.757454 0.080580 0.032232
0 0.869460 0.797744 0.080580 0.032232
0 0.795326 0.869460 0.032232 0.080580
0 0.750201 0.869460 0.032232 0.080580
0 0.708300 0.869460 0.032232 0.080580
0 0.668815 0.869460 0.032232 0.080580
0 0.632554 0.869460 0.032232 0.080580
0 0.597099 0.869460 0.032232 0.080580
0 0.561644 0.869460 0.032232 0.080580
0 0.523771 0.869460 0.032232 0.080580
0 0.479452 0.869460 0.032232 0.080580
0 0.444803 0.869460 0.032232 0.080580
0 0.410153 0.869460 0.032232 0.080580
0 0.364222 0.869460 0.032232 0.080580
0 0.324738 0.869460 0.032232 0.080580
0 0.285254 0.869460 0.032232 0.080580
0 0.242546 0.869460 0.032232 0.080580
0 0.200645 0.869460 0.032232 0.080580
0 0.130540 0.799355 0.080580 0.032232
0 0.130540 0.757454 0.080580 0.032232
0 0.130540 0.705882 0.080580 0.032232
0 0.130540 0.663981 0.080580 0.032232
0 0.130540 0.624496 0.080580 0.032232
0 0.130540 0.586624 0.080580 0.032232
0 0.130540 0.550363 0.080580 0.032232
0 0.130540 0.513296 0.080580 0.032232
0 0.130540 0.473811 0.080580 0.032232
0 0.130540 0.434327 0.080580 0.032232
0 0.130540 0.399678 0.080580 0.032232
0 0.130540 0.365028 0.080580 0.032232
0 0.130540 0.330379 0.080580 0.032232
0 0.130540 0.286865 0.080580 0.032232
0 0.130540 0.235294 0.080580 0.032232
0 0.130540 0.195004 0.080580 0.032232
0 0.207091 0.140210 0.032232 0.080580
0 0.245770 0.140210 0.032232 0.080580
0 0.283642 0.140210 0.032232 0.080580
0 0.323127 0.140210 0.032232 0.080580
0 0.357776 0.140210 0.032232 0.080580
0 0.392425 0.140210 0.032232 0.080580
0 0.428687 0.140210 0.032232 0.080580
0 0.464142 0.140210 0.032232 0.080580
0 0.519742 0.140210 0.032232 0.080580
0 0.551168 0.140210 0.032232 0.080580
0 0.582595 0.140210 0.032232 0.080580
0 0.616438 0.140210 0.032232 0.080580
0 0.650282 0.140210 0.032232 0.080580
0 0.738114 0.140210 0.032232 0.080580
0 0.775987 0.140210 0.032232 0.080580
0 0.859790 0.197421 0.080580 0.032232
0 0.859790 0.236906 0.080580 0.032232
0 0.859790 0.275584 0.080580 0.032232
0 0.859790 0.319098 0.080580 0.032232
0 0.859790 0.354553 0.080580 0.032232
0 0.859790 0.400483 0.080580 0.032232
0 0.859790 0.432716 0.080580 0.032232
0 0.859790 0.461724 0.080580 0.032232
0 0.859790 0.517325 0.080580 0.032232
0 0.859790 0.558421 0.080580 0.032232
0 0.859790 0.590653 0.080580 0.032232
0 0.859790 0.626108 0.080580 0.032232
0 0.859790 0.662369 0.080580 0.032232
0 0.859790 0.711523 0.080580 0.032232
0 0.859790 0.751813 0.080580 0.032232
0 0.859790 0.789686 0.080580 0.032232
0 0.784045 0.859790 0.032232 0.080580
0 0.740532 0.859790 0.032232 0.080580
0 0.701048 0.859790 0.032232 0.080580
0 0.663175 0.859790 0.032232 0.080580
0 0.630137 0.859790 0.032232 0.080580
0 0.595488 0.859790 0.032232 0.080580
0 0.561644 0.859790 0.032232 0.080580
0 0.522965 0.859790 0.032232 0.080580
0 0.479452 0.859790 0.032232 0.080580
0 0.445608 0.859790 0.032232 0.080580
0 0.411765 0.859790 0.032232 0.080580
0 0.365028 0.859790 0.032232 0.080580
0 0.327156 0.859790 0.032232 0.080580
0 0.288477 0.859790 0.032232 0.080580
0 0.246575 0.859790 0.032232 0.080580
0 0.207091 0.859790 0.032232 0.080580
0 0.140210 0.790492 0.080580 0.032232
0 0.140210 0.750201 0.080580 0.032232
0 0.140210 0.696213 0.080580 0.032232
0 0.140210 0.657534 0.080580 0.032232
0 0.140210 0.618050 0.080580 0.032232
0 0.140210 0.581789 0.080580 0.032232
0 0.140210 0.546334 0.080580 0.032232
0 0.140210 0.510073 0.080580 0.032232
0 0.140210 0.471394 0.080580 0.032232
0 0.140210 0.431910 0.080580 0.032232
0 0.140210 0.399678 0.080580 0.032232
0 0.140210 0.365834 0.080580 0.032232
0 0.140210 0.332796 0.080580 0.032232
0 0.140210 0.290089 0.080580 0.032232
0 0.140210 0.239323 0.080580 0.032232
0 0.140210 0.199839 0.080580 0.032232
0 0.210314 0.145044 0.032232 0.080580
0 0.248187 0.145044 0.032232 0.080580
0 0.285254 0.145044 0.032232 0.080580
0 0.323932 0.145044 0.032232 0.080580
0 0.357776 0.145044 0.032232 0.080580
0 0.391620 0.145044 0.032232 0.080580
0 0.428687 0.145044 0.032232 0.080580
0 0.464142 0.145044 0.032232 0.080580
0 0.550363 0.145044 0.032232 0.080580
0 0.580983 0.145044 0.032232 0.080580
0 0.614021 0.145044 0.032232 0.080580
0 0.646253 0.145044 0.032232 0.080580
0 0.697824 0.145044 0.032232 0.080580
0 0.733280 0.145044 0.032232 0.080580
0 0.769541 0.145044 0.032232 0.080580
0 0.854956 0.199033 0.080580 0.032232
0 0.854956 0.237712 0.080580 0.032232
0 0.854956 0.275584 0.080580 0.032232
0 0.854956 0.319903 0.080580 0.032232
0 0.854956 0.354553 0.080580 0.032232
0 0.854956 0.400483 0.080580 0.032232
0 0.854956 0.431910 0.080580 0.032232
0 0.854956 0.460919 0.080580 0.032232
0 0.854956 0.517325 0.080580 0.032232
0 0.854956 0.557615 0.080580 0.032232
0 0.854956 0.589847 0.080580 0.032232
0 0.854956 0.624496 0.080580 0.032232
0 0.854956 0.659952 0.080580 0.032232
0 0.854956 0.709106 0.080580 0.032232
0 0.854956 0.748590 0.080580 0.032232
0 0.854956 0.786463 0.080580 0.032232
0 0.778405 0.854956 0.032232 0.080580
0 0.734891 0.854956 0.032232 0.080580
0 0.696213 0.854956 0.032232 0.080580
0 0.660757 0.854956 0.032232 0.080580
0 0.627720 0.854956 0.032232 0.080580
0 0.594682 0.854956 0.032232 0.080580
0 0.561644 0.854956 0.032232 0.080580
0 0.522160 0.854956 0.032232 0.080580
0 0.479452 0.854956 0.032232 0.080580
0 0.446414 0.854956 0.032232 0.080580
0 0.413376 0.854956 0.032232 0.080580
0 0.365834 0.854956 0.032232 0.080580
0 0.327961 0.854956 0.032232 0.080580
0 0.290089 0.854956 0.032232 0.080580
0 0.248993 0.854956 0.032232 0.080580
0 0.209508 0.854956 0.032232 0.080580
0 0.145044 0.784851 0.080580 0.032232
0 0.145044 0.746978 0.080580 0.032232
0 0.145044 0.691378 0.080580 0.032232
0 0.145044 0.653505 0.080580 0.032232
0 0.145044 0.615633 0.080580 0.032232
0 0.145044 0.579371 0.080580 0.032232
0 0.145044 0.544722 0.080580 0.032232
0 0.145044 0.501209 0.080580 0.032232
0 0.145044 0.469782 0.080580 0.032232
0 0.145044 0.431104 0.080580 0.032232
0 0.145044 0.399678 0.080580 0.032232
0 0.145044 0.366640 0.080580 0.032232
0 0.145044 0.334408 0.080580 0.032232
0 0.145044 0.292506 0.080580 0.032232
0 0.145044 0.240935 0.080580 0.032232
0 0.145044 0.202256 0.080580 0.032232
0 0.213537 0.149879 0.032232 0.080580
0 0.250604 0.149879 0.032232 0.080580
0 0.286865 0.149879 0.032232 0.080580
0 0.324738 0.149879 0.032232 0.080580
0 0.356970 0.149879 0.032232 0.080580
0 0.390814 0.149879 0.032232 0.080580
0 0.427881 0.149879 0.032232 0.080580
0 0.463336 0.149879 0.032232 0.080580
0 0.519742 0.149879 0.032232 0.080580
0 0.549557 0.149879 0.032232 0.080580
0 0.579371 0.149879 0.032232 0.080580
0 0.611604 0.149879 0.032232 0.080580
0 0.642224 0.149879 0.032232 0.080580
0 0.693795 0.149879 0.032232 0.080580
0 0.729251 0.149879 0.032232 0.080580
0 0.763094 0.149879 0.032232 0.080580
0 0.850121 0.201450 0.080580 0.032232
0 0.850121 0.238517 0.080580 0.032232
0 0.850121 0.275584 0.080580 0.032232
0 0.850121 0.320709 0.080580 0.032232
0 0.850121 0.354553 0.080580 0.032232
0 0.850121 0.400483 0.080580 0.032232
0 0.850121 0.431104 0.080580 0.032232
0 0.850121 0.459307 0.080580 0.032232
0 0.850121 0.517325 0.080580 0.032232
0 0.850121 0.557615 0.080580 0.032232
0 0.850121 0.589041 0.080580 0.032232
0 0.850121 0.622885 0.080580 0.032232
0 0.850121 0.656728 0.080580 0.032232
0 0.850121 0.707494 0.080580 0.032232
0 0.850121 0.746172 0.080580 0.032232
0 0.850121 0.782434 0.080580 0.032232
0 0.773570 0.850121 0.032232 0.080580
0 0.731668 0.850121 0.032232 0.080580
0 0.693795 0.850121 0.032232 0.080580
0 0.658340 0.850121 0.032232 0.080580
0 0.626108 0.850121 0.032232 0.080580
0 0.593876 0.850121 0.032232 0.080580
0 0.561644 0.850121 0.032232 0.080580
0 0.522160 0.850121 0.032232 0.080580
0 0.479452 0.850121 0.032232 0.080580
0 0.446414 0.850121 0.032232 0.080580
0 0.414182 0.850121 0.032232 0.080580
0 0.365834 0.850121 0.032232 0.080580
0 0.329573 0.850121 0.032232 0.080580
0 0.292506 0.850121 0.032232 0.080580
0 0.251410 0.850121 0.032232 0.080580
0 0.212732 0.850121 0.032232 0.080580
0 0.149879 0.780822 0.080580 0.032232
0 0.149879 0.742949 0.080580 0.032232
0 0.149879 0.685737 0.080580 0.032232
0 0.149879 0.649476 0.080580 0.032232
0 0.149879 0.612409 0.080580 0.032232
0 0.149879 0.576954 0.080580 0.032232
0 0.149879 0.542305 0.080580 0.032232
0 0.149879 0.506044 0.080580 0.032232
0 0.149879 0.468977 0.080580 0.032232
0 0.149879 0.431104 0.080580 0.032232
0 0.149879 0.399678 0.080580 0.032232
0 0.149879 0.367446 0.080580 0.032232
0 0.149879 0.336019 0.080580 0.032232
0 0.149879 0.294118 0.080580 0.032232
0 0.149879 0.242546 0.080580 0.032232
0 0.149879 0.204674 0.080580 0.032232
0 0.253022 0.154714 0.032232 0.080580
0 0.288477 0.154714 0.032232 0.080580
0 0.325544 0.154714 0.032232 0.080580
0 0.356970 0.154714 0.032232 0.080580
0 0.389202 0.154714 0.032232 0.080580
0 0.427881 0.154714 0.032232 0.080580
0 0.462530 0.154714 0.032232 0.080580
0 0.519742 0.154714 0.032232 0.080580
0 0.548751 0.154714 0.032232 0.080580
0 0.577760 0.154714 0.032232 0.080580
0 0.608380 0.154714 0.032232 0.080580
0 0.639001 0.154714 0.032232 0.080580
0 0.723610 0.154714 0.032232 0.080580
0 0.758259 0.154714 0.032232 0.080580
0 0.845286 0.203062 0.080580 0.032232
0 0.845286 0.240935 0.080580 0.032232
0 0.845286 0.276390 0.080580 0.032232
0 0.845286 0.320709 0.080580 0.032232
0 0.845286 0.353747 0.080580 0.032232
0 0.845286 0.399678 0.080580 0.032232
0 0.845286 0.430298 0.080580 0.032232
0 0.845286 0.458501 0.080580 0.032232
0 0.845286 0.517325 0.080580 0.032232
0 0.845286 0.557615 0.080580 0.032232
0 0.845286 0.588235 0.080580 0.032232
0 0.845286 0.620467 0.080580 0.032232
0 0.845286 0.655117 0.080580 0.032232
0 0.845286 0.705077 0.080580 0.032232
0 0.845286 0.743755 0.080580 0.032232
0 0.768735 0.845286 0.032232 0.080580
0 0.726833 0.845286 0.032232 0.080580
0 0.689766 0.845286 0.032232 0.080580
0 0.655923 0.845286 0.032232 0.080580
0 0.625302 0.845286 0.032232 0.080580
0 0.593070 0.845286 0.032232 0.080580
0 0.561644 0.845286 0.032232 0.080580
0 0.521354 0.845286 0.032232 0.080580
0 0.479452 0.845286 0.032232 0.080580
0 0.447220 0.845286 0.032232 0.080580
0 0.415794 0.845286 0.032232 0.080580
0 0.366640 0.845286 0.032232 0.080580
0 0.330379 0.845286 0.032232 0.080580
0 0.294118 0.845286 0.032232 0.080580
0 0.253022 0.845286 0.032232 0.080580
0 0.215955 0.845286 0.032232 0.080580
0 0.154714 0.776793 0.080580 0.032232
0 0.154714 0.739726 0.080580 0.032232
0 0.154714 0.681708 0.080580 0.032232
0 0.154714 0.646253 0.080580 0.032232
0 0.154714 0.609992 0.080580 0.032232
0 0.154714 0.575342 0.080580 0.032232
0 0.154714 0.539887 0.080580 0.032232
0 0.154714 0.504432 0.080580 0.032232
0 0.154714 0.468171 0.080580 0.032232
0 0.154714 0.429492 0.080580 0.032232
0 0.154714 0.398872 0.080580 0.032232
0 0.154714 0.367446 0.080580 0.032232
0 0.154714 0.336825 0.080580 0.032232
0 0.154714 0.295729 0.080580 0.032232
0 0.154714 0.244964 0.080580 0.032232
0 0.154714 0.207897 0.080580 0.032232
0 0.220790 0.159549 0.032232 0.080580
0 0.255439 0.159549 0.032232 0.080580
0 0.290089 0.159549 0.032232 0.080580
0 0.326350 0.159549 0.032232 0.080580
0 0.356970 0.159549 0.032232 0.080580
0 0.389202 0.159549 0.032232 0.080580
0 0.427075 0.159549 0.032232 0.080580
0 0.462530 0.159549 0.032232 0.080580
0 0.519742 0.159549 0.032232 0.080580
0 0.576148 0.159549 0.032232 0.080580
0 0.605963 0.159549 0.032232 0.080580
0 0.634972 0.159549 0.032232 0.080580
0 0.719581 0.159549 0.032232 0.080580
0 0.751007 0.159549 0.032232 0.080580
0 0.840451 0.241741 0.080580 0.032232
0 0.840451 0.277196 0.080580 0.032232
0 0.840451 0.320709 0.080580 0.032232
0 0.840451 0.353747 0.080580 0.032232
0 0.840451 0.400483 0.080580 0.032232
0 0.840451 0.429492 0.080580 0.032232
0 0.840451 0.456890 0.080580 0.032232
0 0.840451 0.516519 0.080580 0.032232
0 0.840451 0.557615 0.080580 0.032232
0 0.840451 0.587429 0.080580 0.032232
0 0.840451 0.619662 0.080580 0.032232
0 0.840451 0.652699 0.080580 0.032232
0 0.840451 0.703465 0.080580 0.032232
0 0.840451 0.775181 0.080580 0.032232
0 0.762288 0.840451 0.032232 0.080580
0 0.722804 0.840451 0.032232 0.080580
0 0.685737 0.840451 0.032232 0.080580
0 0.653505 0.840451 0.032232 0.080580
0 0.593070 0.840451 0.032232 0.080580
0 0.562450 0.840451 0.032232 0.080580
0 0.521354 0.840451 0.032232 0.080580
0 0.480258 0.840451 0.032232 0.080580
0 0.448026 0.840451 0.032232 0.080580
0 0.416600 0.840451 0.032232 0.080580
0 0.366640 0.840451 0.032232 0.080580
0 0.331185 0.840451 0.032232 0.080580
0 0.295729 0.840451 0.032232 0.080580
0 0.255439 0.840451 0.032232 0.080580
0 0.219178 0.840451 0.032232 0.080580
0 0.159549 0.771958 0.080580 0.032232
0 0.159549 0.736503 0.080580 0.032232
0 0.159549 0.676873 0.080580 0.032232
0 0.159549 0.643030 0.080580 0.032232
0 0.159549 0.606769 0.080580 0.032232
0 0.159549 0.573731 0.080580 0.032232
0 0.159549 0.538276 0.080580 0.032232
0 0.159549 0.502820 0.080580 0.032232
0 0.159549 0.456890 0.080580 0.032232
0 0.159549 0.428687 0.080580 0.032232
0 0.159549 0.398872 0.080580 0.032232
0 0.159549 0.368251 0.080580 0.032232
0 0.159549 0.337631 0.080580 0.032232
0 0.159549 0.296535 0.080580 0.032232
0 0.159549 0.245770 0.080580 0.032232
0 0.159549 0.211120 0.080580 0.032232
0 0.203868 0.135375 0.032232 0.080580
0 0.243352 0.135375 0.032232 0.080580
0 0.282031 0.135375 0.032232 0.080580
0 0.322321 0.135375 0.032232 0.080580
0 0.357776 0.135375 0.032232 0.080580
0 0.393231 0.135375 0.032232 0.080580
0 0.428687 0.135375 0.032232 0.080580
0 0.464948 0.135375 0.032232 0.080580
0 0.520548 0.135375 0.032232 0.080580
0 0.551974 0.135375 0.032232 0.080580
0 0.584206 0.135375 0.032232 0.080580
0 0.619662 0.135375 0.032232 0.080580
0 0.654311 0.135375 0.032232 0.080580
0 0.704271 0.135375 0.032232 0.080580
0 0.742949 0.135375 0.032232 0.080580
0 0.782434 0.135375 0.032232 0.080580
0 0.864625 0.195004 0.080580 0.032232
0 0.864625 0.235294 0.080580 0.032232
0 0.864625 0.274778 0.080580 0.032232
0 0.864625 0.319098 0.080580 0.032232
0 0.864625 0.355359 0.080580 0.032232
0 0.864625 0.400483 0.080580 0.032232
0 0.864625 0.432716 0.080580 0.032232
0 0.864625 0.463336 0.080580 0.032232
0 0.864625 0.517325 0.080580 0.032232
0 0.864625 0.558421 0.080580 0.032232
0 0.864625 0.591459 0.080580 0.032232
0 0.864625 0.627720 0.080580 0.032232
0 0.864625 0.664786 0.080580 0.032232
0 0.864625 0.713940 0.080580 0.032232
0 0.864625 0.755036 0.080580 0.032232
0 0.864625 0.793715 0.080580 0.032232
0 0.789686 0.864625 0.032232 0.080580
0 0.746172 0.864625 0.032232 0.080580
0 0.704271 0.864625 0.032232 0.080580
0 0.666398 0.864625 0.032232 0.080580
0 0.630943 0.864625 0.032232 0.080580
0 0.596293 0.864625 0.032232 0.080580
0 0.561644 0.864625 0.032232 0.080580
0 0.522965 0.864625 0.032232 0.080580
0 0.479452 0.864625 0.032232 0.080580
0 0.445608 0.864625 0.032232 0.080580
0 0.410959 0.864625 0.032232 0.080580
0 0.364222 0.864625 0.032232 0.080580
0 0.325544 0.864625 0.032232 0.080580
0 0.286865 0.864625 0.032232 0.080580
0 0.244158 0.864625 0.032232 0.080580
0 0.203062 0.864625 0.032232 0.080580
0 0.135375 0.794521 0.080580 0.032232
0 0.135375 0.755036 0.080580 0.032232
0 0.135375 0.701048 0.080580 0.032232
0 0.135375 0.660757 0.080580 0.032232
0 0.135375 0.622079 0.080580 0.032232
0 0.135375 0.584206 0.080580 0.032232
0 0.135375 0.547945 0.080580 0.032232
0 0.135375 0.511684 0.080580 0.032232
0 0.135375 0.472200 0.080580 0.032232
0 0.135375 0.432716 0.080580 0.032232
0 0.135375 0.399678 0.080580 0.032232
0 0.135375 0.365834 0.080580 0.032232
0 0.135375 0.331990 0.080580 0.032232
0 0.135375 0.288477 0.080580 0.032232
0 0.135375 0.236906 0.080580 0.032232
0 0.135375 0.197421 0.080580 0.032232
