0 0.201761 0.134508 0.032026 0.080064
0 0.243395 0.134508 0.032026 0.080064
0 0.282626 0.134508 0.032026 0.080064
0 0.323459 0.134508 0.032026 0.080064
0 0.359488 0.134508 0.032026 0.080064
0 0.395516 0.134508 0.032026 0.080064
0 0.429944 0.134508 0.032026 0.080064
0 0.465172 0.134508 0.032026 0.080064
0 0.519616 0.134508 0.032026 0.080064
0 0.550841 0.134508 0.032026 0.080064
0 0.584468 0.134508 0.032026 0.080064
0 0.618094 0.134508 0.032026 0.080064
0 0.654924 0.134508 0.032026 0.080064
0 0.703763 0.134508 0.032026 0.080064
0 0.743795 0.134508 0.032026 0.080064
0 0.785428 0.134508 0.032026 0.080064
0 0.865492 0.201761 0.080064 0.032026
0 0.865492 0.242594 0.080064 0.032026
0 0.865492 0.283427 0.080064 0.032026
0 0.865492 0.328263 0.080064 0.032026
0 0.865492 0.365092 0.080064 0.032026
0 0.865492 0.409928 0.080064 0.032026
0 0.865492 0.443555 0.080064 0.032026
0 0.865492 0.472378 0.080064 0.032026
0 0.865492 0.522018 0.080064 0.032026
0 0.865492 0.566053 0.080064 0.032026
0 0.865492 0.598879 0.080064 0.032026
0 0.865492 0.635709 0.080064 0.032026
0 0.865492 0.672538 0.080064 0.032026
0 0.865492 0.720576 0.080064 0.032026
0 0.865492 0.759808 0.080064 0.032026
0 0.865492 0.802242 0.080064 0.032026
0 0.793435 0.865492 0.032026 0.080064
0 0.748599 0.865492 0.032026 0.080064
0 0.706966 0.865492 0.032026 0.080064
0 0.668535 0.865492 0.032026 0.080064
0 0.633307 0.865492 0.032026 0.080064
0 0.597278 0.865492 0.032026 0.080064
0 0.562850 0.865492 0.032026 0.080064
0 0.523619 0.865492 0.032026 0.080064
0 0.479584 0.865492 0.032026 0.080064
0 0.445156 0.865492 0.032026 0.080064
0 0.409928 0.865492 0.032026 0.080064
0 0.364291 0.865492 0.032026 0.080064
0 0.325861 0.865492 0.032026 0.080064
0 0.285028 0.865492 0.032026 0.080064
0 0.244195 0.865492 0.032026 0.080064
0 0.203363 0.865492 0.032026 0.080064
0 0.134508 0.801441 0.080064 0.032026
0 0.134508 0.759808 0.080064 0.032026
0 0.134508 0.710168 0.080064 0.032026
0 0.134508 0.669335 0.080064 0.032026
0 0.134508 0.630104 0.080064 0.032026
0 0.134508 0.594075 0.080064 0.032026
0 0.134508 0.554043 0.080064 0.032026
0 0.134508 0.518815 0.080064 0.032026
0 0.134508 0.478783 0.080064 0.032026
0 0.134508 0.443555 0.080064 0.032026
0 0.134508 0.409928 0.080064 0.032026
0 0.134508 0.373098 0.080064 0.032026
0 0.134508 0.335468 0.080064 0.032026
0 0.134508 0.297838 0.080064 0.032026
0 0.134508 0.244195 0.080064 0.032026
0 0.134508 0.200961 0.080064 0.032026
0 0.207366 0.144115 0.032026 0.080064
0 0.248199 0.144115 0.032026 0.080064
0 0.285829 0.144115 0.032026 0.080064
0 0.325060 0.144115 0.032026 0.080064
0 0.359488 0.144115 0.032026 0.080064
0 0.393915 0.144115 0.032026 0.080064
0 0.429143 0.144115 0.032026 0.080064
0 0.464371 0.144115 0.032026 0.080064
0 0.519616 0.144115 0.032026 0.080064
0 0.549239 0.144115 0.032026 0.080064
0 0.581265 0.144115 0.032026 0.080064
0 0.612490 0.144115 0.032026 0.080064
0 0.647718 0.144115 0.032026 0.080064
0 0.695757 0.144115 0.032026 0.080064
0 0.734187 0.144115 0.032026 0.080064
0 0.773419 0.144115 0.032026 0.080064
0 0.855885 0.208967 0.080064 0.032026
0 0.855885 0.248999 0.080064 0.032026
0 0.855885 0.287430 0.080064 0.032026
0 0.855885 0.332266 0.080064 0.032026
0 0.855885 0.367494 0.080064 0.032026
0 0.855885 0.413131 0.080064 0.032026
0 0.855885 0.444355 0.080064 0.032026
0 0.855885 0.472378 0.080064 0.032026
0 0.855885 0.523619 0.080064 0.032026
0 0.855885 0.568455 0.080064 0.032026
0 0.855885 0.599680 0.080064 0.032026
0 0.855885 0.634908 0.080064 0.032026
0 0.855885 0.670136 0.080064 0.032026
0 0.855885 0.719776 0.080064 0.032026
0 0.855885 0.756605 0.080064 0.032026
0 0.783026 0.855885 0.032026 0.080064
0 0.738991 0.855885 0.032026 0.080064
0 0.699760 0.855885 0.032026 0.080064
0 0.663731 0.855885 0.032026 0.080064
0 0.630905 0.855885 0.032026 0.080064
0 0.596477 0.855885 0.032026 0.080064
0 0.562850 0.855885 0.032026 0.080064
0 0.522818 0.855885 0.032026 0.080064
0 0.480384 0.855885 0.032026 0.080064
0 0.445156 0.855885 0.032026 0.080064
0 0.411529 0.855885 0.032026 0.080064
0 0.364291 0.855885 0.032026 0.080064
0 0.327462 0.855885 0.032026 0.080064
0 0.289031 0.855885 0.032026 0.080064
0 0.248199 0.855885 0.032026 0.080064
0 0.210568 0.855885 0.032026 0.080064
0 0.144115 0.795837 0.080064 0.032026
0 0.144115 0.755004 0.080064 0.032026
0 0.144115 0.703763 0.080064 0.032026
0 0.144115 0.665332 0.080064 0.032026
0 0.144115 0.627702 0.080064 0.032026
0 0.144115 0.593275 0.080064 0.032026
0 0.144115 0.551641 0.080064 0.032026
0 0.144115 0.517214 0.080064 0.032026
0 0.144115 0.478783 0.080064 0.032026
0 0.144115 0.445156 0.080064 0.032026
0 0.144115 0.412330 0.080064 0.032026
0 0.144115 0.377102 0.080064 0.032026
0 0.144115 0.340272 0.080064 0.032026
0 0.144115 0.297038 0.080064 0.032026
0 0.144115 0.248999 0.080064 0.032026
0 0.144115 0.208967 0.080064 0.032026
0 0.210568 0.148919 0.032026 0.080064
0 0.250600 0.148919 0.032026 0.080064
0 0.286629 0.148919 0.032026 0.080064
0 0.325861 0.148919 0.032026 0.080064
0 0.359488 0.148919 0.032026 0.080064
0 0.393114 0.148919 0.032026 0.080064
0 0.428343 0.148919 0.032026 0.080064
0 0.463571 0.148919 0.032026 0.080064
0 0.519616 0.148919 0.032026 0.080064
0 0.548439 0.148919 0.032026 0.080064
0 0.578863 0.148919 0.032026 0.080064
0 0.609287 0.148919 0.032026 0.080064
0 0.642914 0.148919 0.032026 0.080064
0 0.692554 0.148919 0.032026 0.080064
0 0.729384 0.148919 0.032026 0.080064
0 0.767814 0.148919 0.032026 0.080064
0 0.851081 0.212170 0.080064 0.032026
0 0.851081 0.250600 0.080064 0.032026
0 0.851081 0.289832 0.080064 0.032026
0 0.851081 0.333867 0.080064 0.032026
0 0.851081 0.369095 0.080064 0.032026
0 0.851081 0.414732 0.080064 0.032026
0 0.851081 0.445156 0.080064 0.032026
0 0.851081 0.471577 0.080064 0.032026
0 0.851081 0.524420 0.080064 0.032026
0 0.851081 0.569255 0.080064 0.032026
0 0.851081 0.599680 0.080064 0.032026
0 0.851081 0.634107 0.080064 0.032026
0 0.851081 0.669335 0.080064 0.032026
0 0.851081 0.718975 0.080064 0.032026
0 0.851081 0.755004 0.080064 0.032026
0 0.851081 0.795036 0.080064 0.032026
0 0.776621 0.851081 0.032026 0.080064
0 0.734988 0.851081 0.032026 0.080064
0 0.695757 0.851081 0.032026 0.080064
0 0.661329 0.851081 0.032026 0.080064
0 0.629303 0.851081 0.032026 0.080064
0 0.595677 0.851081 0.032026 0.080064
0 0.563651 0.851081 0.032026 0.080064
0 0.522818 0.851081 0.032026 0.080064
0 0.480384 0.851081 0.032026 0.080064
0 0.445957 0.851081 0.032026 0.080064
0 0.413131 0.851081 0.032026 0.080064
0 0.365092 0.851081 0.032026 0.080064
0 0.328263 0.851081 0.032026 0.080064
0 0.290633 0.851081 0.032026 0.080064
0 0.249800 0.851081 0.032026 0.080064
0 0.213771 0.851081 0.032026 0.080064
0 0.148919 0.792634 0.080064 0.032026
0 0.148919 0.753403 0.080064 0.032026
0 0.148919 0.702162 0.080064 0.032026
0 0.148919 0.663731 0.080064 0.032026
0 0.148919 0.626902 0.080064 0.032026
0 0.148919 0.593275 0.080064 0.032026
0 0.148919 0.550841 0.080064 0.032026
0 0.148919 0.517214 0.080064 0.032026
0 0.148919 0.478783 0.080064 0.032026
0 0.148919 0.445156 0.080064 0.032026
0 0.148919 0.413131 0.080064 0.032026
0 0.148919 0.379504 0.080064 0.032026
0 0.148919 0.342674 0.080064 0.032026
0 0.148919 0.299440 0.080064 0.032026
0 0.148919 0.252202 0.080064 0.032026
0 0.148919 0.212170 0.080064 0.032026
0 0.213771 0.153723 0.032026 0.080064
0 0.253002 0.153723 0.032026 0.080064
0 0.289031 0.153723 0.032026 0.080064
0 0.326661 0.153723 0.032026 0.080064
0 0.359488 0.153723 0.032026 0.080064
0 0.393114 0.153723 0.032026 0.080064
0 0.428343 0.153723 0.032026 0.080064
0 0.462770 0.153723 0.032026 0.080064
0 0.519616 0.153723 0.032026 0.080064
0 0.546837 0.153723 0.032026 0.080064
0 0.577262 0.153723 0.032026 0.080064
0 0.606085 0.153723 0.032026 0.080064
0 0.638911 0.153723 0.032026 0.080064
0 0.688551 0.153723 0.032026 0.080064
0 0.724580 0.153723 0.032026 0.080064
0 0.761409 0.153723 0.032026 0.080064
0 0.846277 0.216173 0.080064 0.032026
0 0.846277 0.253803 0.080064 0.032026
0 0.846277 0.291433 0.080064 0.032026
0 0.846277 0.335468 0.080064 0.032026
0 0.846277 0.369896 0.080064 0.032026
0 0.846277 0.415532 0.080064 0.032026
0 0.846277 0.445957 0.080064 0.032026
0 0.846277 0.471577 0.080064 0.032026
0 0.846277 0.525220 0.080064 0.032026
0 0.846277 0.570056 0.080064 0.032026
0 0.846277 0.600480 0.080064 0.032026
0 0.846277 0.634107 0.080064 0.032026
0 0.846277 0.667734 0.080064 0.032026
0 0.846277 0.718175 0.080064 0.032026
0 0.846277 0.753403 0.080064 0.032026
0 0.846277 0.793435 0.080064 0.032026
0 0.771817 0.846277 0.032026 0.080064
0 0.730184 0.846277 0.032026 0.080064
0 0.692554 0.846277 0.032026 0.080064
0 0.658927 0.846277 0.032026 0.080064
0 0.628503 0.846277 0.032026 0.080064
0 0.595677 0.846277 0.032026 0.080064
0 0.562850 0.846277 0.032026 0.080064
0 0.522018 0.846277 0.032026 0.080064
0 0.481185 0.846277 0.032026 0.080064
0 0.445957 0.846277 0.032026 0.080064
0 0.413931 0.846277 0.032026 0.080064
0 0.365092 0.846277 0.032026 0.080064
0 0.329063 0.846277 0.032026 0.080064
0 0.292234 0.846277 0.032026 0.080064
0 0.253002 0.846277 0.032026 0.080064
0 0.216974 0.846277 0.032026 0.080064
0 0.153723 0.789432 0.080064 0.032026
0 0.153723 0.751001 0.080064 0.032026
0 0.153723 0.698959 0.080064 0.032026
0 0.153723 0.661329 0.080064 0.032026
0 0.153723 0.625300 0.080064 0.032026
0 0.153723 0.592474 0.080064 0.032026
0 0.153723 0.550040 0.080064 0.032026
0 0.153723 0.516413 0.080064 0.032026
0 0.153723 0.478783 0.080064 0.032026
0 0.153723 0.445957 0.080064 0.032026
0 0.153723 0.413931 0.080064 0.032026
0 0.153723 0.381105 0.080064 0.032026
0 0.153723 0.344275 0.080064 0.032026
0 0.153723 0.302642 0.080064 0.032026
0 0.153723 0.255404 0.080064 0.032026
0 0.153723 0.216173 0.080064 0.032026
0 0.216974 0.158527 0.032026 0.080064
0 0.255404 0.158527 0.032026 0.080064
0 0.289832 0.158527 0.032026 0.080064
0 0.327462 0.158527 0.032026 0.080064
0 0.359488 0.158527 0.032026 0.080064
0 0.392314 0.158527 0.032026 0.080064
0 0.427542 0.158527 0.032026 0.080064
0 0.469976 0.158527 0.032026 0.080064
0 0.519616 0.158527 0.032026 0.080064
0 0.546037 0.158527 0.032026 0.080064
0 0.575661 0.158527 0.032026 0.080064
0 0.603683 0.158527 0.032026 0.080064
0 0.634908 0.158527 0.032026 0.080064
0 0.684548 0.158527 0.032026 0.080064
0 0.720576 0.158527 0.032026 0.080064
0 0.755805 0.158527 0.032026 0.080064
0 0.841473 0.220176 0.080064 0.032026
0 0.841473 0.256205 0.080064 0.032026
0 0.841473 0.293835 0.080064 0.032026
0 0.841473 0.337070 0.080064 0.032026
0 0.841473 0.370697 0.080064 0.032026
0 0.841473 0.417134 0.080064 0.032026
0 0.841473 0.445957 0.080064 0.032026
0 0.841473 0.471577 0.080064 0.032026
0 0.841473 0.525220 0.080064 0.032026
0 0.841473 0.570857 0.080064 0.032026
0 0.841473 0.600480 0.080064 0.032026
0 0.841473 0.633307 0.080064 0.032026
0 0.841473 0.666133 0.080064 0.032026
0 0.841473 0.717374 0.080064 0.032026
0 0.841473 0.751801 0.080064 0.032026
0 0.841473 0.791033 0.080064 0.032026
0 0.766213 0.841473 0.032026 0.080064
0 0.725380 0.841473 0.032026 0.080064
0 0.688551 0.841473 0.032026 0.080064
0 0.656525 0.841473 0.032026 0.080064
0 0.626902 0.841473 0.032026 0.080064
0 0.594876 0.841473 0.032026 0.080064
0 0.563651 0.841473 0.032026 0.080064
0 0.522018 0.841473 0.032026 0.080064
0 0.481185 0.841473 0.032026 0.080064
0 0.446757 0.841473 0.032026 0.080064
0 0.415532 0.841473 0.032026 0.080064
0 0.365893 0.841473 0.032026 0.080064
0 0.330665 0.841473 0.032026 0.080064
0 0.293835 0.841473 0.032026 0.080064
0 0.254604 0.841473 0.032026 0.080064
0 0.220176 0.841473 0.032026 0.080064
0 0.158527 0.786229 0.080064 0.032026
0 0.158527 0.749400 0.080064 0.032026
0 0.158527 0.695757 0.080064 0.032026
0 0.158527 0.659728 0.080064 0.032026
0 0.158527 0.624500 0.080064 0.032026
0 0.158527 0.592474 0.080064 0.032026
0 0.158527 0.549239 0.080064 0.032026
0 0.158527 0.515612 0.080064 0.032026
0 0.158527 0.478783 0.080064 0.032026
0 0.158527 0.446757 0.080064 0.032026
0 0.158527 0.415532 0.080064 0.032026
0 0.158527 0.381906 0.080064 0.032026
0 0.158527 0.346677 0.080064 0.032026
0 0.158527 0.312250 0.080064 0.032026
0 0.158527 0.257806 0.080064 0.032026
0 0.158527 0.220176 0.080064 0.032026
0 0.220176 0.163331 0.032026 0.080064
0 0.257806 0.163331 0.032026 0.080064
0 0.292234 0.163331 0.032026 0.080064
0 0.328263 0.163331 0.032026 0.080064
0 0.359488 0.163331 0.032026 0.080064
0 0.391513 0.163331 0.032026 0.080064
0 0.427542 0.163331 0.032026 0.080064
0 0.462770 0.163331 0.032026 0.080064
0 0.518815 0.163331 0.032026 0.080064
0 0.545236 0.163331 0.032026 0.080064
0 0.574059 0.163331 0.032026 0.080064
0 0.601281 0.163331 0.032026 0.080064
0 0.631705 0.163331 0.032026 0.080064
0 0.681345 0.163331 0.032026 0.080064
0 0.715773 0.163331 0.032026 0.080064
0 0.749400 0.163331 0.032026 0.080064
0 0.836669 0.223379 0.080064 0.032026
0 0.836669 0.259408 0.080064 0.032026
0 0.836669 0.295436 0.080064 0.032026
0 0.836669 0.338671 0.080064 0.032026
0 0.836669 0.371497 0.080064 0.032026
0 0.836669 0.417934 0.080064 0.032026
0 0.836669 0.446757 0.080064 0.032026
0 0.836669 0.471577 0.080064 0.032026
0 0.836669 0.526821 0.080064 0.032026
0 0.836669 0.572458 0.080064 0.032026
0 0.836669 0.600480 0.080064 0.032026
0 0.836669 0.632506 0.080064 0.032026
0 0.836669 0.665332 0.080064 0.032026
0 0.836669 0.717374 0.080064 0.032026
0 0.836669 0.750200 0.080064 0.032026
0 0.836669 0.788631 0.080064 0.032026
0 0.760608 0.836669 0.032026 0.080064
0 0.721377 0.836669 0.032026 0.080064
0 0.686149 0.836669 0.032026 0.080064
0 0.654924 0.836669 0.032026 0.080064
0 0.626101 0.836669 0.032026 0.080064
0 0.594876 0.836669 0.032026 0.080064
0 0.521217 0.836669 0.032026 0.080064
0 0.481185 0.836669 0.032026 0.080064
0 0.446757 0.836669 0.032026 0.080064
0 0.416333 0.836669 0.032026 0.080064
0 0.366693 0.836669 0.032026 0.080064
0 0.331465 0.836669 0.032026 0.080064
0 0.295436 0.836669 0.032026 0.080064
0 0.257006 0.836669 0.032026 0.080064
0 0.224179 0.836669 0.032026 0.080064
0 0.163331 0.783026 0.080064 0.032026
0 0.163331 0.746998 0.080064 0.032026
0 0.163331 0.692554 0.080064 0.032026
0 0.163331 0.657326 0.080064 0.032026
0 0.163331 0.622898 0.080064 0.032026
0 0.163331 0.592474 0.080064 0.032026
0 0.163331 0.547638 0.080064 0.032026
0 0.163331 0.515612 0.080064 0.032026
0 0.163331 0.478783 0.080064 0.032026
0 0.163331 0.446757 0.080064 0.032026
0 0.163331 0.416333 0.080064 0.032026
0 0.163331 0.384307 0.080064 0.032026
0 0.163331 0.342674 0.080064 0.032026
0 0.163331 0.307446 0.080064 0.032026
0 0.163331 0.261009 0.080064 0.032026
0 0.163331 0.223379 0.080064 0.032026
0 0.204964 0.139311 0.032026 0.080064
0 0.246597 0.139311 0.032026 0.080064
0 0.284227 0.139311 0.032026 0.080064
0 0.324259 0.139311 0.032026 0.080064
0 0.359488 0.139311 0.032026 0.080064
0 0.394716 0.139311 0.032026 0.080064
0 0.429143 0.139311 0.032026 0.080064
0 0.464371 0.139311 0.032026 0.080064
0 0.520416 0.139311 0.032026 0.080064
0 0.550040 0.139311 0.032026 0.080064
0 0.582866 0.139311 0.032026 0.080064
0 0.614892 0.139311 0.032026 0.080064
0 0.650921 0.139311 0.032026 0.080064
0 0.699760 0.139311 0.032026 0.080064
0 0.738991 0.139311 0.032026 0.080064
0 0.779824 0.139311 0.032026 0.080064
0 0.860689 0.205765 0.080064 0.032026
0 0.860689 0.244996 0.080064 0.032026
0 0.860689 0.285829 0.080064 0.032026
0 0.860689 0.329864 0.080064 0.032026
0 0.860689 0.366693 0.080064 0.032026
0 0.860689 0.411529 0.080064 0.032026
0 0.860689 0.444355 0.080064 0.032026
0 0.860689 0.472378 0.080064 0.032026
0 0.860689 0.522818 0.080064 0.032026
0 0.860689 0.567654 0.080064 0.032026
0 0.860689 0.599680 0.080064 0.032026
0 0.860689 0.634908 0.080064 0.032026
0 0.860689 0.670937 0.080064 0.032026
0 0.860689 0.719776 0.080064 0.032026
0 0.860689 0.758207 0.080064 0.032026
0 0.860689 0.799840 0.080064 0.032026
0 0.788631 0.860689 0.032026 0.080064
0 0.744596 0.860689 0.032026 0.080064
0 0.703763 0.860689 0.032026 0.080064
0 0.666133 0.860689 0.032026 0.080064
0 0.631705 0.860689 0.032026 0.080064
0 0.596477 0.860689 0.032026 0.080064
0 0.562850 0.860689 0.032026 0.080064
0 0.523619 0.860689 0.032026 0.080064
0 0.480384 0.860689 0.032026 0.080064
0 0.445156 0.860689 0.032026 0.080064
0 0.410729 0.860689 0.032026 0.080064
0 0.364291 0.860689 0.032026 0.080064
0 0.326661 0.860689 0.032026 0.080064
0 0.287430 0.860689 0.032026 0.080064
0 0.246597 0.860689 0.032026 0.080064
0 0.207366 0.860689 0.032026 0.080064
0 0.139311 0.798239 0.080064 0.032026
0 0.139311 0.757406 0.080064 0.032026
0 0.139311 0.706966 0.080064 0.032026
0 0.139311 0.666934 0.080064 0.032026
0 0.139311 0.628503 0.080064 0.032026
0 0.139311 0.593275 0.080064 0.032026
0 0.139311 0.552442 0.080064 0.032026
0 0.139311 0.518014 0.080064 0.032026
0 0.139311 0.478783 0.080064 0.032026
0 0.139311 0.444355 0.080064 0.032026
0 0.139311 0.410729 0.080064 0.032026
0 0.139311 0.374700 0.080064 0.032026
0 0.139311 0.337870 0.080064 0.032026
0 0.139311 0.294636 0.080064 0.032026
0 0.139311 0.245797 0.080064 0.032026
0 0.139311 0.204964 0.080064 0.032026
