0 0.198547 0.129944 0.032284 0.080710
0 0.241324 0.129944 0.032284 0.080710
0 0.280872 0.129944 0.032284 0.080710
0 0.322034 0.129944 0.032284 0.080710
0 0.359161 0.129944 0.032284 0.080710
0 0.395480 0.129944 0.032284 0.080710
0 0.429379 0.129944 0.032284 0.080710
0 0.466505 0.129944 0.032284 0.080710
0 0.520581 0.129944 0.032284 0.080710
0 0.552058 0.129944 0.032284 0.080710
0 0.585956 0.129944 0.032284 0.080710
0 0.621469 0.129944 0.032284 0.080710
0 0.657789 0.129944 0.032284 0.080710
0 0.707022 0.129944 0.032284 0.080710
0 0.747377 0.129944 0.032284 0.080710
0 0.789346 0.129944 0.032284 0.080710
0 0.870056 0.199354 0.080710 0.032284
0 0.870056 0.241324 0.080710 0.032284
0 0.870056 0.282486 0.080710 0.032284
0 0.870056 0.327684 0.080710 0.032284
0 0.870056 0.365617 0.080710 0.032284
0 0.870056 0.410008 0.080710 0.032284
0 0.870056 0.443099 0.080710 0.032284
0 0.870056 0.472155 0.080710 0.032284
0 0.870056 0.523810 0.080710 0.032284
0 0.870056 0.567393 0.080710 0.032284
0 0.870056 0.600484 0.080710 0.032284
0 0.870056 0.637611 0.080710 0.032284
0 0.870056 0.674738 0.080710 0.032284
0 0.870056 0.722357 0.080710 0.032284
0 0.870056 0.763519 0.080710 0.032284
0 0.870056 0.805488 0.080710 0.032284
0 0.796610 0.870056 0.032284 0.080710
0 0.753027 0.870056 0.032284 0.080710
0 0.711057 0.870056 0.032284 0.080710
0 0.672316 0.870056 0.032284 0.080710
0 0.635997 0.870056 0.032284 0.080710
0 0.599677 0.870056 0.032284 0.080710
0 0.564165 0.870056 0.032284 0.080710
0 0.526231 0.870056 0.032284 0.080710
0 0.481033 0.870056 0.032284 0.080710
0 0.446328 0.870056 0.032284 0.080710
0 0.410815 0.870056 0.032284 0.080710
0 0.364003 0.870056 0.032284 0.080710
0 0.325262 0.870056 0.032284 0.080710
0 0.284100 0.870056 0.032284 0.080710
0 0.242131 0.870056 0.032284 0.080710
0 0.201776 0.870056 0.032284 0.080710
0 0.129944 0.806295 0.080710 0.032284
0 0.129944 0.764326 0.080710 0.032284
0 0.129944 0.712672 0.080710 0.032284
0 0.129944 0.671509 0.080710 0.032284
0 0.129944 0.632768 0.080710 0.032284
0 0.129944 0.595642 0.080710 0.032284
0 0.129944 0.554479 0.080710 0.032284
0 0.129944 0.518967 0.080710 0.032284
0 0.129944 0.477805 0.080710 0.032284
0 0.129944 0.443099 0.080710 0.032284
0 0.129944 0.408394 0.080710 0.032284
0 0.129944 0.333333 0.080710 0.032284
0 0.129944 0.289750 0.080710 0.032284
0 0.129944 0.238902 0.080710 0.032284
0 0.129944 0.200161 0.080710 0.032284
0 0.205004 0.139629 0.032284 0.080710
0 0.245359 0.139629 0.032284 0.080710
0 0.284100 0.139629 0.032284 0.080710
0 0.323648 0.139629 0.032284 0.080710
0 0.359161 0.139629 0.032284 0.080710
0 0.394673 0.139629 0.032284 0.080710
0 0.428571 0.139629 0.032284 0.080710
0 0.464891 0.139629 0.032284 0.080710
0 0.520581 0.139629 0.032284 0.080710
0 0.550444 0.139629 0.032284 0.080710
0 0.582728 0.139629 0.032284 0.080710
0 0.615012 0.139629 0.032284 0.080710
0 0.648910 0.139629 0.032284 0.080710
0 0.698951 0.139629 0.032284 0.080710
0 0.738499 0.139629 0.032284 0.080710
0 0.777240 0.139629 0.032284 0.080710
0 0.860371 0.207425 0.080710 0.032284
0 0.860371 0.246973 0.080710 0.032284
0 0.860371 0.286521 0.080710 0.032284
0 0.860371 0.331719 0.080710 0.032284
0 0.860371 0.367232 0.080710 0.032284
0 0.860371 0.413236 0.080710 0.032284
0 0.860371 0.444713 0.080710 0.032284
0 0.860371 0.472155 0.080710 0.032284
0 0.860371 0.524617 0.080710 0.032284
0 0.860371 0.569007 0.080710 0.032284
0 0.860371 0.601291 0.080710 0.032284
0 0.860371 0.636804 0.080710 0.032284
0 0.860371 0.672316 0.080710 0.032284
0 0.860371 0.721550 0.080710 0.032284
0 0.860371 0.760291 0.080710 0.032284
0 0.860371 0.800646 0.080710 0.032284
0 0.786118 0.860371 0.032284 0.080710
0 0.744149 0.860371 0.032284 0.080710
0 0.703793 0.860371 0.032284 0.080710
0 0.632768 0.860371 0.032284 0.080710
0 0.598870 0.860371 0.032284 0.080710
0 0.564972 0.860371 0.032284 0.080710
0 0.524617 0.860371 0.032284 0.080710
0 0.481840 0.860371 0.032284 0.080710
0 0.445521 0.860371 0.032284 0.080710
0 0.413236 0.860371 0.032284 0.080710
0 0.364810 0.860371 0.032284 0.080710
0 0.326877 0.860371 0.032284 0.080710
0 0.288136 0.860371 0.032284 0.080710
0 0.246973 0.860371 0.032284 0.080710
0 0.208232 0.860371 0.032284 0.080710
0 0.139629 0.801453 0.080710 0.032284
0 0.139629 0.761098 0.080710 0.032284
0 0.139629 0.707022 0.080710 0.032284
0 0.139629 0.668281 0.080710 0.032284
0 0.139629 0.630347 0.080710 0.032284
0 0.139629 0.594027 0.080710 0.032284
0 0.139629 0.552865 0.080710 0.032284
0 0.139629 0.517353 0.080710 0.032284
0 0.139629 0.478612 0.080710 0.032284
0 0.139629 0.444713 0.080710 0.032284
0 0.139629 0.410008 0.080710 0.032284
0 0.139629 0.375303 0.080710 0.032284
0 0.139629 0.337369 0.080710 0.032284
0 0.139629 0.294592 0.080710 0.032284
0 0.139629 0.244552 0.080710 0.032284
0 0.139629 0.204197 0.080710 0.032284
0 0.209040 0.144471 0.032284 0.080710
0 0.247780 0.144471 0.032284 0.080710
0 0.285714 0.144471 0.032284 0.080710
0 0.324455 0.144471 0.032284 0.080710
0 0.359161 0.144471 0.032284 0.080710
0 0.393866 0.144471 0.032284 0.080710
0 0.428571 0.144471 0.032284 0.080710
0 0.464084 0.144471 0.032284 0.080710
0 0.520581 0.144471 0.032284 0.080710
0 0.548830 0.144471 0.032284 0.080710
0 0.580307 0.144471 0.032284 0.080710
0 0.612591 0.144471 0.032284 0.080710
0 0.645682 0.144471 0.032284 0.080710
0 0.695722 0.144471 0.032284 0.080710
0 0.733656 0.144471 0.032284 0.080710
0 0.771590 0.144471 0.032284 0.080710
0 0.855529 0.211461 0.080710 0.032284
0 0.855529 0.250202 0.080710 0.032284
0 0.855529 0.333333 0.080710 0.032284
0 0.855529 0.368846 0.080710 0.032284
0 0.855529 0.414044 0.080710 0.032284
0 0.855529 0.444713 0.080710 0.032284
0 0.855529 0.471348 0.080710 0.032284
0 0.855529 0.526231 0.080710 0.032284
0 0.855529 0.570621 0.080710 0.032284
0 0.855529 0.602098 0.080710 0.032284
0 0.855529 0.635997 0.080710 0.032284
0 0.855529 0.720743 0.080710 0.032284
0 0.855529 0.758676 0.080710 0.032284
0 0.855529 0.798224 0.080710 0.032284
0 0.780468 0.855529 0.032284 0.080710
0 0.740113 0.855529 0.032284 0.080710
0 0.665052 0.855529 0.032284 0.080710
0 0.631154 0.855529 0.032284 0.080710
0 0.598870 0.855529 0.032284 0.080710
0 0.519774 0.855529 0.032284 0.080710
0 0.481840 0.855529 0.032284 0.080710
0 0.446328 0.855529 0.032284 0.080710
0 0.414851 0.855529 0.032284 0.080710
0 0.365617 0.855529 0.032284 0.080710
0 0.328491 0.855529 0.032284 0.080710
0 0.289750 0.855529 0.032284 0.080710
0 0.248588 0.855529 0.032284 0.080710
0 0.211461 0.855529 0.032284 0.080710
0 0.144471 0.799031 0.080710 0.032284
0 0.144471 0.758676 0.080710 0.032284
0 0.144471 0.704600 0.080710 0.032284
0 0.144471 0.666667 0.080710 0.032284
0 0.144471 0.628733 0.080710 0.032284
0 0.144471 0.594027 0.080710 0.032284
0 0.144471 0.552058 0.080710 0.032284
0 0.144471 0.517353 0.080710 0.032284
0 0.144471 0.477805 0.080710 0.032284
0 0.144471 0.444713 0.080710 0.032284
0 0.144471 0.411622 0.080710 0.032284
0 0.144471 0.376917 0.080710 0.032284
0 0.144471 0.339790 0.080710 0.032284
0 0.144471 0.296207 0.080710 0.032284
0 0.144471 0.246973 0.080710 0.032284
0 0.144471 0.207425 0.080710 0.032284
0 0.211461 0.149314 0.032284 0.080710
0 0.250202 0.149314 0.032284 0.080710
0 0.287328 0.149314 0.032284 0.080710
0 0.325262 0.149314 0.032284 0.080710
0 0.359161 0.149314 0.032284 0.080710
0 0.393059 0.149314 0.032284 0.080710
0 0.427764 0.149314 0.032284 0.080710
0 0.464084 0.149314 0.032284 0.080710
0 0.520581 0.149314 0.032284 0.080710
0 0.548830 0.149314 0.032284 0.080710
0 0.578692 0.149314 0.032284 0.080710
0 0.610169 0.149314 0.032284 0.080710
0 0.641646 0.149314 0.032284 0.080710
0 0.691687 0.149314 0.032284 0.080710
0 0.728814 0.149314 0.032284 0.080710
0 0.765940 0.149314 0.032284 0.080710
0 0.850686 0.215496 0.080710 0.032284
0 0.850686 0.252623 0.080710 0.032284
0 0.850686 0.290557 0.080710 0.032284
0 0.850686 0.335755 0.080710 0.032284
0 0.850686 0.369653 0.080710 0.032284
0 0.850686 0.415658 0.080710 0.032284
0 0.850686 0.445521 0.080710 0.032284
0 0.850686 0.471348 0.080710 0.032284
0 0.850686 0.527038 0.080710 0.032284
0 0.850686 0.571429 0.080710 0.032284
0 0.850686 0.669895 0.080710 0.032284
0 0.850686 0.719935 0.080710 0.032284
0 0.850686 0.757062 0.080710 0.032284
0 0.850686 0.796610 0.080710 0.032284
0 0.775626 0.850686 0.032284 0.080710
0 0.735270 0.850686 0.032284 0.080710
0 0.697337 0.850686 0.032284 0.080710
0 0.663438 0.850686 0.032284 0.080710
0 0.630347 0.850686 0.032284 0.080710
0 0.598063 0.850686 0.032284 0.080710
0 0.565779 0.850686 0.032284 0.080710
0 0.523810 0.850686 0.032284 0.080710
0 0.481840 0.850686 0.032284 0.080710
0 0.447135 0.850686 0.032284 0.080710
0 0.415658 0.850686 0.032284 0.080710
0 0.365617 0.850686 0.032284 0.080710
0 0.329298 0.850686 0.032284 0.080710
0 0.291364 0.850686 0.032284 0.080710
0 0.251009 0.850686 0.032284 0.080710
0 0.214689 0.850686 0.032284 0.080710
0 0.149314 0.795803 0.080710 0.032284
0 0.149314 0.757869 0.080710 0.032284
0 0.149314 0.702179 0.080710 0.032284
0 0.149314 0.665052 0.080710 0.032284
0 0.149314 0.627926 0.080710 0.032284
0 0.149314 0.593220 0.080710 0.032284
0 0.149314 0.551251 0.080710 0.032284
0 0.149314 0.516546 0.080710 0.032284
0 0.149314 0.478612 0.080710 0.032284
0 0.149314 0.445521 0.080710 0.032284
0 0.149314 0.412429 0.080710 0.032284
0 0.149314 0.379338 0.080710 0.032284
0 0.149314 0.341404 0.080710 0.032284
0 0.149314 0.299435 0.080710 0.032284
0 0.149314 0.250202 0.080710 0.032284
0 0.149314 0.211461 0.080710 0.032284
0 0.214689 0.154157 0.032284 0.080710
0 0.252623 0.154157 0.032284 0.080710
0 0.289750 0.154157 0.032284 0.080710
0 0.326069 0.154157 0.032284 0.080710
0 0.359161 0.154157 0.032284 0.080710
0 0.392252 0.154157 0.032284 0.080710
0 0.427764 0.154157 0.032284 0.080710
0 0.463277 0.154157 0.032284 0.080710
0 0.520581 0.154157 0.032284 0.080710
0 0.577078 0.154157 0.032284 0.080710
0 0.606941 0.154157 0.032284 0.080710
0 0.637611 0.154157 0.032284 0.080710
0 0.688458 0.154157 0.032284 0.080710
0 0.723971 0.154157 0.032284 0.080710
0 0.759483 0.154157 0.032284 0.080710
0 0.845843 0.218725 0.080710 0.032284
0 0.845843 0.255044 0.080710 0.032284
0 0.845843 0.292978 0.080710 0.032284
0 0.845843 0.337369 0.080710 0.032284
0 0.845843 0.370460 0.080710 0.032284
0 0.845843 0.417272 0.080710 0.032284
0 0.845843 0.445521 0.080710 0.032284
0 0.845843 0.527845 0.080710 0.032284
0 0.845843 0.602098 0.080710 0.032284
0 0.845843 0.635190 0.080710 0.032284
0 0.845843 0.669088 0.080710 0.032284
0 0.845843 0.719128 0.080710 0.032284
0 0.845843 0.755448 0.080710 0.032284
0 0.845843 0.794189 0.080710 0.032284
0 0.770783 0.845843 0.032284 0.080710
0 0.731235 0.845843 0.032284 0.080710
0 0.694108 0.845843 0.032284 0.080710
0 0.661017 0.845843 0.032284 0.080710
0 0.628733 0.845843 0.032284 0.080710
0 0.597256 0.845843 0.032284 0.080710
0 0.565779 0.845843 0.032284 0.080710
0 0.523810 0.845843 0.032284 0.080710
0 0.482647 0.845843 0.032284 0.080710
0 0.447135 0.845843 0.032284 0.080710
0 0.416465 0.845843 0.032284 0.080710
0 0.366425 0.845843 0.032284 0.080710
0 0.330105 0.845843 0.032284 0.080710
0 0.292978 0.845843 0.032284 0.080710
0 0.253430 0.845843 0.032284 0.080710
0 0.217918 0.845843 0.032284 0.080710
0 0.154157 0.793382 0.080710 0.032284
0 0.154157 0.755448 0.080710 0.032284
0 0.154157 0.698951 0.080710 0.032284
0 0.154157 0.662631 0.080710 0.032284
0 0.154157 0.627119 0.080710 0.032284
0 0.154157 0.593220 0.080710 0.032284
0 0.154157 0.549637 0.080710 0.032284
0 0.154157 0.515738 0.080710 0.032284
0 0.154157 0.477805 0.080710 0.032284
0 0.154157 0.445521 0.080710 0.032284
0 0.154157 0.414044 0.080710 0.032284
0 0.154157 0.380952 0.080710 0.032284
0 0.154157 0.343826 0.080710 0.032284
0 0.154157 0.301856 0.080710 0.032284
0 0.154157 0.252623 0.080710 0.032284
0 0.154157 0.215496 0.080710 0.032284
0 0.217918 0.158999 0.032284 0.080710
0 0.255044 0.158999 0.032284 0.080710
0 0.291364 0.158999 0.032284 0.080710
0 0.326877 0.158999 0.032284 0.080710
0 0.359161 0.158999 0.032284 0.080710
0 0.392252 0.158999 0.032284 0.080710
0 0.427764 0.158999 0.032284 0.080710
0 0.463277 0.158999 0.032284 0.080710
0 0.520581 0.158999 0.032284 0.080710
0 0.547215 0.158999 0.032284 0.080710
0 0.575464 0.158999 0.032284 0.080710
0 0.604520 0.158999 0.032284 0.080710
0 0.634383 0.158999 0.032284 0.080710
0 0.685230 0.158999 0.032284 0.080710
0 0.719935 0.158999 0.032284 0.080710
0 0.753834 0.158999 0.032284 0.080710
0 0.841001 0.222760 0.080710 0.032284
0 0.841001 0.258273 0.080710 0.032284
0 0.841001 0.338983 0.080710 0.032284
0 0.841001 0.371267 0.080710 0.032284
0 0.841001 0.446328 0.080710 0.032284
0 0.841001 0.471348 0.080710 0.032284
0 0.841001 0.528652 0.080710 0.032284
0 0.841001 0.602906 0.080710 0.032284
0 0.841001 0.667474 0.080710 0.032284
0 0.841001 0.718321 0.080710 0.032284
0 0.841001 0.753834 0.080710 0.032284
0 0.841001 0.791768 0.080710 0.032284
0 0.765940 0.841001 0.032284 0.080710
0 0.727199 0.841001 0.032284 0.080710
0 0.690880 0.841001 0.032284 0.080710
0 0.658596 0.841001 0.032284 0.080710
0 0.627926 0.841001 0.032284 0.080710
0 0.597256 0.841001 0.032284 0.080710
0 0.566586 0.841001 0.032284 0.080710
0 0.523810 0.841001 0.032284 0.080710
0 0.482647 0.841001 0.032284 0.080710
0 0.447942 0.841001 0.032284 0.080710
0 0.418079 0.841001 0.032284 0.080710
0 0.330912 0.841001 0.032284 0.080710
0 0.294592 0.841001 0.032284 0.080710
0 0.255044 0.841001 0.032284 0.080710
0 0.221146 0.841001 0.032284 0.080710
0 0.158999 0.790153 0.080710 0.032284
0 0.158999 0.753834 0.080710 0.032284
0 0.158999 0.697337 0.080710 0.032284
0 0.158999 0.661017 0.080710 0.032284
0 0.158999 0.625504 0.080710 0.032284
0 0.158999 0.592413 0.080710 0.032284
0 0.158999 0.549637 0.080710 0.032284
0 0.158999 0.514931 0.080710 0.032284
0 0.158999 0.477805 0.080710 0.032284
0 0.158999 0.446328 0.080710 0.032284
0 0.158999 0.414851 0.080710 0.032284
0 0.158999 0.382567 0.080710 0.032284
0 0.158999 0.346247 0.080710 0.032284
0 0.158999 0.304278 0.080710 0.032284
0 0.158999 0.255044 0.080710 0.032284
0 0.158999 0.218725 0.080710 0.032284
0 0.201776 0.134786 0.032284 0.080710
0 0.242938 0.134786 0.032284 0.080710
0 0.282486 0.134786 0.032284 0.080710
0 0.322841 0.134786 0.032284 0.080710
0 0.359161 0.134786 0.032284 0.080710
0 0.395480 0.134786 0.032284 0.080710
0 0.428571 0.134786 0.032284 0.080710
0 0.465698 0.134786 0.032284 0.080710
0 0.520581 0.134786 0.032284 0.080710
0 0.551251 0.134786 0.032284 0.080710
0 0.584342 0.134786 0.032284 0.080710
0 0.618241 0.134786 0.032284 0.080710
0 0.653753 0.134786 0.032284 0.080710
0 0.702986 0.134786 0.032284 0.080710
0 0.743341 0.134786 0.032284 0.080710
0 0.782889 0.134786 0.032284 0.080710
0 0.865214 0.203390 0.080710 0.032284
0 0.865214 0.243745 0.080710 0.032284
0 0.865214 0.284100 0.080710 0.032284
0 0.865214 0.329298 0.080710 0.032284
0 0.865214 0.366425 0.080710 0.032284
0 0.865214 0.411622 0.080710 0.032284
0 0.865214 0.443906 0.080710 0.032284
0 0.865214 0.472155 0.080710 0.032284
0 0.865214 0.524617 0.080710 0.032284
0 0.865214 0.568200 0.080710 0.032284
0 0.865214 0.601291 0.080710 0.032284
0 0.865214 0.636804 0.080710 0.032284
0 0.865214 0.673931 0.080710 0.032284
0 0.865214 0.722357 0.080710 0.032284
0 0.865214 0.761905 0.080710 0.032284
0 0.865214 0.803067 0.080710 0.032284
0 0.790960 0.865214 0.032284 0.080710
0 0.748991 0.865214 0.032284 0.080710
0 0.707829 0.865214 0.032284 0.080710
0 0.669895 0.865214 0.032284 0.080710
0 0.633575 0.865214 0.032284 0.080710
0 0.598870 0.865214 0.032284 0.080710
0 0.564165 0.865214 0.032284 0.080710
0 0.525424 0.865214 0.032284 0.080710
0 0.481033 0.865214 0.032284 0.080710
0 0.445521 0.865214 0.032284 0.080710
0 0.411622 0.865214 0.032284 0.080710
0 0.364810 0.865214 0.032284 0.080710
0 0.326069 0.865214 0.032284 0.080710
0 0.285714 0.865214 0.032284 0.080710
0 0.244552 0.865214 0.032284 0.080710
0 0.205004 0.865214 0.032284 0.080710
0 0.134786 0.803874 0.080710 0.032284
0 0.134786 0.762712 0.080710 0.032284
0 0.134786 0.710250 0.080710 0.032284
0 0.134786 0.669895 0.080710 0.032284
0 0.134786 0.631154 0.080710 0.032284
0 0.134786 0.594835 0.080710 0.032284
0 0.134786 0.553672 0.080710 0.032284
0 0.134786 0.517353 0.080710 0.032284
0 0.134786 0.478612 0.080710 0.032284
0 0.134786 0.443906 0.080710 0.032284
0 0.134786 0.409201 0.080710 0.032284
0 0.134786 0.372881 0.080710 0.032284
0 0.134786 0.334948 0.080710 0.032284
0 0.134786 0.292171 0.080710 0.032284
0 0.134786 0.241324 0.080710 0.032284
0 0.134786 0.200161 0.080710 0.032284
