0 0.194963 0.127539 0.032494 0.081235
0 0.235581 0.127539 0.032494 0.081235
0 0.277823 0.127539 0.032494 0.081235
0 0.318440 0.127539 0.032494 0.081235
0 0.355808 0.127539 0.032494 0.081235
0 0.393176 0.127539 0.032494 0.081235
0 0.427295 0.127539 0.032494 0.081235
0 0.463851 0.127539 0.032494 0.081235
0 0.519090 0.127539 0.032494 0.081235
0 0.551584 0.127539 0.032494 0.081235
0 0.585703 0.127539 0.032494 0.081235
0 0.621446 0.127539 0.032494 0.081235
0 0.657189 0.127539 0.032494 0.081235
0 0.707555 0.127539 0.032494 0.081235
0 0.748985 0.127539 0.032494 0.081235
0 0.790414 0.127539 0.032494 0.081235
0 0.872461 0.195776 0.081235 0.032494
0 0.872461 0.238018 0.081235 0.032494
0 0.872461 0.279448 0.081235 0.032494
0 0.872461 0.324939 0.081235 0.032494
0 0.872461 0.363119 0.081235 0.032494
0 0.872461 0.407799 0.081235 0.032494
0 0.872461 0.441917 0.081235 0.032494
0 0.872461 0.471162 0.081235 0.032494
0 0.872461 0.523152 0.081235 0.032494
0 0.872461 0.567831 0.081235 0.032494
0 0.872461 0.601137 0.081235 0.032494
0 0.872461 0.637693 0.081235 0.032494
0 0.872461 0.675873 0.081235 0.032494
0 0.872461 0.724614 0.081235 0.032494
0 0.872461 0.765232 0.081235 0.032494
0 0.872461 0.808286 0.081235 0.032494
0 0.796913 0.872461 0.032494 0.081235
0 0.753046 0.872461 0.032494 0.081235
0 0.710804 0.872461 0.032494 0.081235
0 0.671812 0.872461 0.032494 0.081235
0 0.636068 0.872461 0.032494 0.081235
0 0.598700 0.872461 0.032494 0.081235
0 0.562957 0.872461 0.032494 0.081235
0 0.523964 0.872461 0.032494 0.081235
0 0.479285 0.872461 0.032494 0.081235
0 0.444354 0.872461 0.032494 0.081235
0 0.409423 0.872461 0.032494 0.081235
0 0.361495 0.872461 0.032494 0.081235
0 0.322502 0.872461 0.032494 0.081235
0 0.281885 0.872461 0.032494 0.081235
0 0.238830 0.872461 0.032494 0.081235
0 0.198213 0.872461 0.032494 0.081235
0 0.127539 0.805849 0.081235 0.032494
0 0.127539 0.763607 0.081235 0.032494
0 0.127539 0.712429 0.081235 0.032494
0 0.127539 0.671812 0.081235 0.032494
0 0.127539 0.632006 0.081235 0.032494
0 0.127539 0.595451 0.081235 0.032494
0 0.127539 0.554833 0.081235 0.032494
0 0.127539 0.518278 0.081235 0.032494
0 0.127539 0.477660 0.081235 0.032494
0 0.127539 0.443542 0.081235 0.032494
0 0.127539 0.407799 0.081235 0.032494
0 0.127539 0.371243 0.081235 0.032494
0 0.127539 0.345248 0.081235 0.032494
0 0.127539 0.289196 0.081235 0.032494
0 0.127539 0.240455 0.081235 0.032494
0 0.127539 0.197400 0.081235 0.032494
0 0.200650 0.137287 0.032494 0.081235
0 0.240455 0.137287 0.032494 0.081235
0 0.281072 0.137287 0.032494 0.081235
0 0.320065 0.137287 0.032494 0.081235
0 0.356621 0.137287 0.032494 0.081235
0 0.391552 0.137287 0.032494 0.081235
0 0.426483 0.137287 0.032494 0.081235
0 0.462226 0.137287 0.032494 0.081235
0 0.519090 0.137287 0.032494 0.081235
0 0.549147 0.137287 0.032494 0.081235
0 0.581641 0.137287 0.032494 0.081235
0 0.614947 0.137287 0.032494 0.081235
0 0.649878 0.137287 0.032494 0.081235
0 0.700244 0.137287 0.032494 0.081235
0 0.739236 0.137287 0.032494 0.081235
0 0.778229 0.137287 0.032494 0.081235
0 0.862713 0.203087 0.081235 0.032494
0 0.862713 0.243704 0.081235 0.032494
0 0.862713 0.283509 0.081235 0.032494
0 0.862713 0.329001 0.081235 0.032494
0 0.862713 0.365556 0.081235 0.032494
0 0.862713 0.410236 0.081235 0.032494
0 0.862713 0.442729 0.081235 0.032494
0 0.862713 0.471162 0.081235 0.032494
0 0.862713 0.523964 0.081235 0.032494
0 0.862713 0.569456 0.081235 0.032494
0 0.862713 0.601950 0.081235 0.032494
0 0.862713 0.636881 0.081235 0.032494
0 0.862713 0.674249 0.081235 0.032494
0 0.862713 0.722989 0.081235 0.032494
0 0.862713 0.761982 0.081235 0.032494
0 0.862713 0.803412 0.081235 0.032494
0 0.786353 0.862713 0.032494 0.081235
0 0.744110 0.862713 0.032494 0.081235
0 0.704305 0.862713 0.032494 0.081235
0 0.666937 0.862713 0.032494 0.081235
0 0.632819 0.862713 0.032494 0.081235
0 0.597888 0.862713 0.032494 0.081235
0 0.563769 0.862713 0.032494 0.081235
0 0.523152 0.862713 0.032494 0.081235
0 0.479285 0.862713 0.032494 0.081235
0 0.445167 0.862713 0.032494 0.081235
0 0.411048 0.862713 0.032494 0.081235
0 0.362307 0.862713 0.032494 0.081235
0 0.324939 0.862713 0.032494 0.081235
0 0.285134 0.862713 0.032494 0.081235
0 0.243704 0.862713 0.032494 0.081235
0 0.205524 0.862713 0.032494 0.081235
0 0.137287 0.799350 0.081235 0.032494
0 0.137287 0.759545 0.081235 0.032494
0 0.137287 0.705930 0.081235 0.032494
0 0.137287 0.667750 0.081235 0.032494
0 0.137287 0.629569 0.081235 0.032494
0 0.137287 0.593826 0.081235 0.032494
0 0.137287 0.553209 0.081235 0.032494
0 0.137287 0.516653 0.081235 0.032494
0 0.137287 0.477660 0.081235 0.032494
0 0.137287 0.444354 0.081235 0.032494
0 0.137287 0.409423 0.081235 0.032494
0 0.137287 0.374492 0.081235 0.032494
0 0.137287 0.337124 0.081235 0.032494
0 0.137287 0.294070 0.081235 0.032494
0 0.137287 0.244517 0.081235 0.032494
0 0.137287 0.204712 0.081235 0.032494
0 0.203899 0.142161 0.032494 0.081235
0 0.242892 0.142161 0.032494 0.081235
0 0.282697 0.142161 0.032494 0.081235
0 0.320877 0.142161 0.032494 0.081235
0 0.355808 0.142161 0.032494 0.081235
0 0.390739 0.142161 0.032494 0.081235
0 0.426483 0.142161 0.032494 0.081235
0 0.462226 0.142161 0.032494 0.081235
0 0.518278 0.142161 0.032494 0.081235
0 0.548335 0.142161 0.032494 0.081235
0 0.579204 0.142161 0.032494 0.081235
0 0.612510 0.142161 0.032494 0.081235
0 0.646629 0.142161 0.032494 0.081235
0 0.696182 0.142161 0.032494 0.081235
0 0.734362 0.142161 0.032494 0.081235
0 0.772543 0.142161 0.032494 0.081235
0 0.857839 0.207149 0.081235 0.032494
0 0.857839 0.246141 0.081235 0.032494
0 0.857839 0.285134 0.081235 0.032494
0 0.857839 0.330626 0.081235 0.032494
0 0.857839 0.366369 0.081235 0.032494
0 0.857839 0.412673 0.081235 0.032494
0 0.857839 0.443542 0.081235 0.032494
0 0.857839 0.470349 0.081235 0.032494
0 0.857839 0.524777 0.081235 0.032494
0 0.857839 0.570268 0.081235 0.032494
0 0.857839 0.601950 0.081235 0.032494
0 0.857839 0.636068 0.081235 0.032494
0 0.857839 0.672624 0.081235 0.032494
0 0.857839 0.722989 0.081235 0.032494
0 0.857839 0.760357 0.081235 0.032494
0 0.857839 0.800975 0.081235 0.032494
0 0.781478 0.857839 0.032494 0.081235
0 0.740049 0.857839 0.032494 0.081235
0 0.700244 0.857839 0.032494 0.081235
0 0.664500 0.857839 0.032494 0.081235
0 0.632006 0.857839 0.032494 0.081235
0 0.597076 0.857839 0.032494 0.081235
0 0.564582 0.857839 0.032494 0.081235
0 0.523152 0.857839 0.032494 0.081235
0 0.480097 0.857839 0.032494 0.081235
0 0.445167 0.857839 0.032494 0.081235
0 0.411860 0.857839 0.032494 0.081235
0 0.363119 0.857839 0.032494 0.081235
0 0.326564 0.857839 0.032494 0.081235
0 0.286759 0.857839 0.032494 0.081235
0 0.245329 0.857839 0.032494 0.081235
0 0.208773 0.857839 0.032494 0.081235
0 0.142161 0.796101 0.081235 0.032494
0 0.142161 0.757108 0.081235 0.032494
0 0.142161 0.702681 0.081235 0.032494
0 0.142161 0.665313 0.081235 0.032494
0 0.142161 0.627945 0.081235 0.032494
0 0.142161 0.593014 0.081235 0.032494
0 0.142161 0.552396 0.081235 0.032494
0 0.142161 0.515841 0.081235 0.032494
0 0.142161 0.477660 0.081235 0.032494
0 0.142161 0.444354 0.081235 0.032494
0 0.142161 0.411048 0.081235 0.032494
0 0.142161 0.376929 0.081235 0.032494
0 0.142161 0.339561 0.081235 0.032494
0 0.142161 0.297319 0.081235 0.032494
0 0.142161 0.247766 0.081235 0.032494
0 0.142161 0.207961 0.081235 0.032494
0 0.207149 0.147035 0.032494 0.081235
0 0.245329 0.147035 0.032494 0.081235
0 0.283509 0.147035 0.032494 0.081235
0 0.321690 0.147035 0.032494 0.081235
0 0.356621 0.147035 0.032494 0.081235
0 0.389927 0.147035 0.032494 0.081235
0 0.425670 0.147035 0.032494 0.081235
0 0.461413 0.147035 0.032494 0.081235
0 0.519090 0.147035 0.032494 0.081235
0 0.547522 0.147035 0.032494 0.081235
0 0.578392 0.147035 0.032494 0.081235
0 0.610073 0.147035 0.032494 0.081235
0 0.642567 0.147035 0.032494 0.081235
0 0.692933 0.147035 0.032494 0.081235
0 0.730301 0.147035 0.032494 0.081235
0 0.766856 0.147035 0.032494 0.081235
0 0.852965 0.211210 0.081235 0.032494
0 0.852965 0.249391 0.081235 0.032494
0 0.852965 0.287571 0.081235 0.032494
0 0.852965 0.332250 0.081235 0.032494
0 0.852965 0.366369 0.081235 0.032494
0 0.852965 0.413485 0.081235 0.032494
0 0.852965 0.443542 0.081235 0.032494
0 0.852965 0.470349 0.081235 0.032494
0 0.852965 0.525589 0.081235 0.032494
0 0.852965 0.571893 0.081235 0.032494
0 0.852965 0.601950 0.081235 0.032494
0 0.852965 0.636068 0.081235 0.032494
0 0.852965 0.670999 0.081235 0.032494
0 0.852965 0.721365 0.081235 0.032494
0 0.852965 0.758733 0.081235 0.032494
0 0.852965 0.798538 0.081235 0.032494
0 0.774980 0.852965 0.032494 0.081235
0 0.735175 0.852965 0.032494 0.081235
0 0.696994 0.852965 0.032494 0.081235
0 0.662876 0.852965 0.032494 0.081235
0 0.630382 0.852965 0.032494 0.081235
0 0.596263 0.852965 0.032494 0.081235
0 0.564582 0.852965 0.032494 0.081235
0 0.522340 0.852965 0.032494 0.081235
0 0.480097 0.852965 0.032494 0.081235
0 0.445979 0.852965 0.032494 0.081235
0 0.412673 0.852965 0.032494 0.081235
0 0.363932 0.852965 0.032494 0.081235
0 0.327376 0.852965 0.032494 0.081235
0 0.289196 0.852965 0.032494 0.081235
0 0.248578 0.852965 0.032494 0.081235
0 0.212023 0.852965 0.032494 0.081235
0 0.147035 0.792851 0.081235 0.032494
0 0.147035 0.754671 0.081235 0.032494
0 0.147035 0.699431 0.081235 0.032494
0 0.147035 0.663688 0.081235 0.032494
0 0.147035 0.626320 0.081235 0.032494
0 0.147035 0.593014 0.081235 0.032494
0 0.147035 0.550772 0.081235 0.032494
0 0.147035 0.515028 0.081235 0.032494
0 0.147035 0.477660 0.081235 0.032494
0 0.147035 0.445167 0.081235 0.032494
0 0.147035 0.411860 0.081235 0.032494
0 0.147035 0.378554 0.081235 0.032494
0 0.147035 0.341186 0.081235 0.032494
0 0.147035 0.299756 0.081235 0.032494
0 0.147035 0.250203 0.081235 0.032494
0 0.147035 0.212023 0.081235 0.032494
0 0.210398 0.151909 0.032494 0.081235
0 0.247766 0.151909 0.032494 0.081235
0 0.285946 0.151909 0.032494 0.081235
0 0.322502 0.151909 0.032494 0.081235
0 0.355808 0.151909 0.032494 0.081235
0 0.389115 0.151909 0.032494 0.081235
0 0.425670 0.151909 0.032494 0.081235
0 0.460601 0.151909 0.032494 0.081235
0 0.518278 0.151909 0.032494 0.081235
0 0.546710 0.151909 0.032494 0.081235
0 0.576767 0.151909 0.032494 0.081235
0 0.607636 0.151909 0.032494 0.081235
0 0.639318 0.151909 0.032494 0.081235
0 0.688871 0.151909 0.032494 0.081235
0 0.725426 0.151909 0.032494 0.081235
0 0.761170 0.151909 0.032494 0.081235
0 0.848091 0.215272 0.081235 0.032494
0 0.848091 0.251828 0.081235 0.032494
0 0.848091 0.289196 0.081235 0.032494
0 0.848091 0.333875 0.081235 0.032494
0 0.848091 0.414297 0.081235 0.032494
0 0.848091 0.444354 0.081235 0.032494
0 0.848091 0.469537 0.081235 0.032494
0 0.848091 0.525589 0.081235 0.032494
0 0.848091 0.571893 0.081235 0.032494
0 0.848091 0.601950 0.081235 0.032494
0 0.848091 0.635256 0.081235 0.032494
0 0.848091 0.670187 0.081235 0.032494
0 0.848091 0.720552 0.081235 0.032494
0 0.848091 0.756296 0.081235 0.032494
0 0.848091 0.796101 0.081235 0.032494
0 0.770106 0.848091 0.032494 0.081235
0 0.731113 0.848091 0.032494 0.081235
0 0.693745 0.848091 0.032494 0.081235
0 0.660439 0.848091 0.032494 0.081235
0 0.628757 0.848091 0.032494 0.081235
0 0.596263 0.848091 0.032494 0.081235
0 0.564582 0.848091 0.032494 0.081235
0 0.521527 0.848091 0.032494 0.081235
0 0.480097 0.848091 0.032494 0.081235
0 0.445979 0.848091 0.032494 0.081235
0 0.414297 0.848091 0.032494 0.081235
0 0.364744 0.848091 0.032494 0.081235
0 0.328188 0.848091 0.032494 0.081235
0 0.290820 0.848091 0.032494 0.081235
0 0.250203 0.848091 0.032494 0.081235
0 0.216084 0.848091 0.032494 0.081235
0 0.151909 0.789602 0.081235 0.032494
0 0.151909 0.753046 0.081235 0.032494
0 0.151909 0.696994 0.081235 0.032494
0 0.151909 0.661251 0.081235 0.032494
0 0.151909 0.624695 0.081235 0.032494
0 0.151909 0.592201 0.081235 0.032494
0 0.151909 0.549959 0.081235 0.032494
0 0.151909 0.513404 0.081235 0.032494
0 0.151909 0.477660 0.081235 0.032494
0 0.151909 0.445167 0.081235 0.032494
0 0.151909 0.412673 0.081235 0.032494
0 0.151909 0.380179 0.081235 0.032494
0 0.151909 0.343623 0.081235 0.032494
0 0.151909 0.302193 0.081235 0.032494
0 0.151909 0.253452 0.081235 0.032494
0 0.151909 0.216084 0.081235 0.032494
0 0.197400 0.132413 0.032494 0.081235
0 0.238018 0.132413 0.032494 0.081235
0 0.279448 0.132413 0.032494 0.081235
0 0.319253 0.132413 0.032494 0.081235
0 0.355808 0.132413 0.032494 0.081235
0 0.392364 0.132413 0.032494 0.081235
0 0.426483 0.132413 0.032494 0.081235
0 0.463038 0.132413 0.032494 0.081235
0 0.519090 0.132413 0.032494 0.081235
0 0.549959 0.132413 0.032494 0.081235
0 0.583266 0.132413 0.032494 0.081235
0 0.618197 0.132413 0.032494 0.081235
0 0.653940 0.132413 0.032494 0.081235
0 0.703493 0.132413 0.032494 0.081235
0 0.744110 0.132413 0.032494 0.081235
0 0.783916 0.132413 0.032494 0.081235
0 0.867587 0.199025 0.081235 0.032494
0 0.867587 0.241267 0.081235 0.032494
0 0.867587 0.281072 0.081235 0.032494
0 0.867587 0.327376 0.081235 0.032494
0 0.867587 0.363932 0.081235 0.032494
0 0.867587 0.409423 0.081235 0.032494
0 0.867587 0.441917 0.081235 0.032494
0 0.867587 0.471162 0.081235 0.032494
0 0.867587 0.523152 0.081235 0.032494
0 0.867587 0.568643 0.081235 0.032494
0 0.867587 0.601950 0.081235 0.032494
0 0.867587 0.636881 0.081235 0.032494
0 0.867587 0.675061 0.081235 0.032494
0 0.867587 0.723802 0.081235 0.032494
0 0.867587 0.763607 0.081235 0.032494
0 0.867587 0.805849 0.081235 0.032494
0 0.792039 0.867587 0.032494 0.081235
0 0.748985 0.867587 0.032494 0.081235
0 0.707555 0.867587 0.032494 0.081235
0 0.669374 0.867587 0.032494 0.081235
0 0.633631 0.867587 0.032494 0.081235
0 0.598700 0.867587 0.032494 0.081235
0 0.563769 0.867587 0.032494 0.081235
0 0.523964 0.867587 0.032494 0.081235
0 0.480097 0.867587 0.032494 0.081235
0 0.444354 0.867587 0.032494 0.081235
0 0.409423 0.867587 0.032494 0.081235
0 0.362307 0.867587 0.032494 0.081235
0 0.324127 0.867587 0.032494 0.081235
0 0.283509 0.867587 0.032494 0.081235
0 0.241267 0.867587 0.032494 0.081235
0 0.201462 0.867587 0.032494 0.081235
0 0.132413 0.802600 0.081235 0.032494
0 0.132413 0.761982 0.081235 0.032494
0 0.132413 0.709180 0.081235 0.032494
0 0.132413 0.669374 0.081235 0.032494
0 0.132413 0.630382 0.081235 0.032494
0 0.132413 0.594639 0.081235 0.032494
0 0.132413 0.554021 0.081235 0.032494
0 0.132413 0.517465 0.081235 0.032494
0 0.132413 0.477660 0.081235 0.032494
0 0.132413 0.443542 0.081235 0.032494
0 0.132413 0.408611 0.081235 0.032494
0 0.132413 0.372868 0.081235 0.032494
0 0.132413 0.335500 0.081235 0.032494
0 0.132413 0.291633 0.081235 0.032494
0 0.132413 0.242080 0.081235 0.032494
0 0.132413 0.200650 0.081235 0.032494
