0 0.192026 0.122050 0.032547 0.081367
0 0.234337 0.122050 0.032547 0.081367
0 0.275020 0.122050 0.032547 0.081367
0 0.316517 0.122050 0.032547 0.081367
0 0.355574 0.122050 0.032547 0.081367
0 0.393002 0.122050 0.032547 0.081367
0 0.426363 0.122050 0.032547 0.081367
0 0.463792 0.122050 0.032547 0.081367
0 0.520749 0.122050 0.032547 0.081367
0 0.553295 0.122050 0.032547 0.081367
0 0.623271 0.122050 0.032547 0.081367
0 0.660700 0.122050 0.032547 0.081367
0 0.711147 0.122050 0.032547 0.081367
0 0.751831 0.122050 0.032547 0.081367
0 0.796583 0.122050 0.032547 0.081367
0 0.877950 0.192026 0.081367 0.032547
0 0.877950 0.234337 0.081367 0.032547
0 0.877950 0.276648 0.081367 0.032547
0 0.877950 0.322213 0.081367 0.032547
0 0.877950 0.361269 0.081367 0.032547
0 0.877950 0.406835 0.081367 0.032547
0 0.877950 0.441823 0.081367 0.032547
0 0.877950 0.471115 0.081367 0.032547
0 0.877950 0.522376 0.081367 0.032547
0 0.877950 0.567128 0.081367 0.032547
0 0.877950 0.602116 0.081367 0.032547
0 0.877950 0.638731 0.081367 0.032547
0 0.877950 0.677787 0.081367 0.032547
0 0.877950 0.726607 0.081367 0.032547
0 0.877950 0.768104 0.081367 0.032547
0 0.877950 0.811229 0.081367 0.032547
0 0.804719 0.877950 0.032547 0.081367
0 0.758340 0.877950 0.032547 0.081367
0 0.715216 0.877950 0.032547 0.081367
0 0.674532 0.877950 0.032547 0.081367
0 0.637103 0.877950 0.032547 0.081367
0 0.599675 0.877950 0.032547 0.081367
0 0.563873 0.877950 0.032547 0.081367
0 0.525631 0.877950 0.032547 0.081367
0 0.479251 0.877950 0.032547 0.081367
0 0.443450 0.877950 0.032547 0.081367
0 0.407648 0.877950 0.032547 0.081367
0 0.359642 0.877950 0.032547 0.081367
0 0.320586 0.877950 0.032547 0.081367
0 0.279089 0.877950 0.032547 0.081367
0 0.235964 0.877950 0.032547 0.081367
0 0.194467 0.877950 0.032547 0.081367
0 0.122050 0.809601 0.081367 0.032547
0 0.122050 0.767290 0.081367 0.032547
0 0.122050 0.715216 0.081367 0.032547
0 0.122050 0.673718 0.081367 0.032547
0 0.122050 0.633849 0.081367 0.032547
0 0.122050 0.596420 0.081367 0.032547
0 0.122050 0.555736 0.081367 0.032547
0 0.122050 0.518308 0.081367 0.032547
0 0.122050 0.477624 0.081367 0.032547
0 0.122050 0.441823 0.081367 0.032547
0 0.122050 0.406021 0.081367 0.032547
0 0.122050 0.368592 0.081367 0.032547
0 0.122050 0.330350 0.081367 0.032547
0 0.122050 0.284784 0.081367 0.032547
0 0.122050 0.232710 0.081367 0.032547
0 0.122050 0.191212 0.081367 0.032547
0 0.198535 0.131814 0.032547 0.081367
0 0.239219 0.131814 0.032547 0.081367
0 0.279089 0.131814 0.032547 0.081367
0 0.318959 0.131814 0.032547 0.081367
0 0.355574 0.131814 0.032547 0.081367
0 0.391375 0.131814 0.032547 0.081367
0 0.425549 0.131814 0.032547 0.081367
0 0.462164 0.131814 0.032547 0.081367
0 0.519935 0.131814 0.032547 0.081367
0 0.583401 0.131814 0.032547 0.081367
0 0.616762 0.131814 0.032547 0.081367
0 0.652563 0.131814 0.032547 0.081367
0 0.703824 0.131814 0.032547 0.081367
0 0.742880 0.131814 0.032547 0.081367
0 0.784378 0.131814 0.032547 0.081367
0 0.868186 0.199349 0.081367 0.032547
0 0.868186 0.240033 0.081367 0.032547
0 0.868186 0.280716 0.081367 0.032547
0 0.868186 0.326282 0.081367 0.032547
0 0.868186 0.363710 0.081367 0.032547
0 0.868186 0.409276 0.081367 0.032547
0 0.868186 0.442636 0.081367 0.032547
0 0.868186 0.470301 0.081367 0.032547
0 0.868186 0.524003 0.081367 0.032547
0 0.868186 0.569569 0.081367 0.032547
0 0.868186 0.602116 0.081367 0.032547
0 0.868186 0.637917 0.081367 0.032547
0 0.868186 0.675346 0.081367 0.032547
0 0.868186 0.724980 0.081367 0.032547
0 0.868186 0.764849 0.081367 0.032547
0 0.868186 0.807160 0.081367 0.032547
0 0.794142 0.868186 0.032547 0.081367
0 0.749390 0.868186 0.032547 0.081367
0 0.707893 0.868186 0.032547 0.081367
0 0.669650 0.868186 0.032547 0.081367
0 0.634662 0.868186 0.032547 0.081367
0 0.598861 0.868186 0.032547 0.081367
0 0.563873 0.868186 0.032547 0.081367
0 0.524003 0.868186 0.032547 0.081367
0 0.479251 0.868186 0.032547 0.081367
0 0.444264 0.868186 0.032547 0.081367
0 0.409276 0.868186 0.032547 0.081367
0 0.360456 0.868186 0.032547 0.081367
0 0.323027 0.868186 0.032547 0.081367
0 0.282343 0.868186 0.032547 0.081367
0 0.240033 0.868186 0.032547 0.081367
0 0.200976 0.868186 0.032547 0.081367
0 0.131814 0.803092 0.081367 0.032547
0 0.131814 0.763222 0.081367 0.032547
0 0.131814 0.709520 0.081367 0.032547
0 0.131814 0.668836 0.081367 0.032547
0 0.131814 0.630594 0.081367 0.032547
0 0.131814 0.594793 0.081367 0.032547
0 0.131814 0.553295 0.081367 0.032547
0 0.131814 0.516680 0.081367 0.032547
0 0.131814 0.477624 0.081367 0.032547
0 0.131814 0.441823 0.081367 0.032547
0 0.131814 0.407648 0.081367 0.032547
0 0.131814 0.372661 0.081367 0.032547
0 0.131814 0.334418 0.081367 0.032547
0 0.131814 0.290480 0.081367 0.032547
0 0.131814 0.238405 0.081367 0.032547
0 0.131814 0.199349 0.081367 0.032547
0 0.201790 0.136697 0.032547 0.081367
0 0.280716 0.136697 0.032547 0.081367
0 0.319772 0.136697 0.032547 0.081367
0 0.355574 0.136697 0.032547 0.081367
0 0.425549 0.136697 0.032547 0.081367
0 0.519935 0.136697 0.032547 0.081367
0 0.614321 0.136697 0.032547 0.081367
0 0.649308 0.136697 0.032547 0.081367
0 0.737998 0.136697 0.032547 0.081367
0 0.777868 0.136697 0.032547 0.081367
0 0.863303 0.203417 0.081367 0.032547
0 0.863303 0.243287 0.081367 0.032547
0 0.863303 0.282343 0.081367 0.032547
0 0.863303 0.327909 0.081367 0.032547
0 0.863303 0.364524 0.081367 0.032547
0 0.863303 0.410090 0.081367 0.032547
0 0.863303 0.442636 0.081367 0.032547
0 0.863303 0.470301 0.081367 0.032547
0 0.863303 0.524817 0.081367 0.032547
0 0.863303 0.570382 0.081367 0.032547
0 0.863303 0.602929 0.081367 0.032547
0 0.863303 0.637103 0.081367 0.032547
0 0.863303 0.673718 0.081367 0.032547
0 0.863303 0.724166 0.081367 0.032547
0 0.789260 0.863303 0.032547 0.081367
0 0.744508 0.863303 0.032547 0.081367
0 0.704638 0.863303 0.032547 0.081367
0 0.668023 0.863303 0.032547 0.081367
0 0.633035 0.863303 0.032547 0.081367
0 0.598861 0.863303 0.032547 0.081367
0 0.564687 0.863303 0.032547 0.081367
0 0.524817 0.863303 0.032547 0.081367
0 0.479251 0.863303 0.032547 0.081367
0 0.444264 0.863303 0.032547 0.081367
0 0.410090 0.863303 0.032547 0.081367
0 0.360456 0.863303 0.032547 0.081367
0 0.323841 0.863303 0.032547 0.081367
0 0.283971 0.863303 0.032547 0.081367
0 0.243287 0.863303 0.032547 0.081367
0 0.205045 0.863303 0.032547 0.081367
0 0.136697 0.799837 0.081367 0.032547
0 0.136697 0.759967 0.081367 0.032547
0 0.136697 0.706265 0.081367 0.032547
0 0.136697 0.628967 0.081367 0.032547
0 0.136697 0.594793 0.081367 0.032547
0 0.136697 0.552482 0.081367 0.032547
0 0.136697 0.515867 0.081367 0.032547
0 0.136697 0.477624 0.081367 0.032547
0 0.136697 0.442636 0.081367 0.032547
0 0.136697 0.409276 0.081367 0.032547
0 0.136697 0.374288 0.081367 0.032547
0 0.136697 0.336046 0.081367 0.032547
0 0.136697 0.292921 0.081367 0.032547
0 0.136697 0.241660 0.081367 0.032547
0 0.136697 0.202604 0.081367 0.032547
0 0.205045 0.141579 0.032547 0.081367
0 0.244101 0.141579 0.032547 0.081367
0 0.282343 0.141579 0.032547 0.081367
0 0.320586 0.141579 0.032547 0.081367
0 0.355574 0.141579 0.032547 0.081367
0 0.424736 0.141579 0.032547 0.081367
0 0.461351 0.141579 0.032547 0.081367
0 0.519935 0.141579 0.032547 0.081367
0 0.548413 0.141579 0.032547 0.081367
0 0.580146 0.141579 0.032547 0.081367
0 0.611880 0.141579 0.032547 0.081367
0 0.645240 0.141579 0.032547 0.081367
0 0.772172 0.141579 0.032547 0.081367
0 0.858421 0.207486 0.081367 0.032547
0 0.858421 0.245728 0.081367 0.032547
0 0.858421 0.284784 0.081367 0.032547
0 0.858421 0.329536 0.081367 0.032547
0 0.858421 0.365338 0.081367 0.032547
0 0.858421 0.411717 0.081367 0.032547
0 0.858421 0.443450 0.081367 0.032547
0 0.858421 0.470301 0.081367 0.032547
0 0.858421 0.524817 0.081367 0.032547
0 0.858421 0.571196 0.081367 0.032547
0 0.858421 0.602929 0.081367 0.032547
0 0.858421 0.637103 0.081367 0.032547
0 0.858421 0.672905 0.081367 0.032547
0 0.858421 0.723352 0.081367 0.032547
0 0.858421 0.761595 0.081367 0.032547
0 0.858421 0.802278 0.081367 0.032547
0 0.783564 0.858421 0.032547 0.081367
0 0.740439 0.858421 0.032547 0.081367
0 0.700570 0.858421 0.032547 0.081367
0 0.665582 0.858421 0.032547 0.081367
0 0.632221 0.858421 0.032547 0.081367
0 0.598047 0.858421 0.032547 0.081367
0 0.564687 0.858421 0.032547 0.081367
0 0.523190 0.858421 0.032547 0.081367
0 0.480065 0.858421 0.032547 0.081367
0 0.445077 0.858421 0.032547 0.081367
0 0.410903 0.858421 0.032547 0.081367
0 0.361269 0.858421 0.032547 0.081367
0 0.324654 0.858421 0.032547 0.081367
0 0.285598 0.858421 0.032547 0.081367
0 0.207486 0.858421 0.032547 0.081367
0 0.141579 0.796583 0.081367 0.032547
0 0.141579 0.758340 0.081367 0.032547
0 0.141579 0.703011 0.081367 0.032547
0 0.141579 0.664768 0.081367 0.032547
0 0.141579 0.628153 0.081367 0.032547
0 0.141579 0.593979 0.081367 0.032547
0 0.141579 0.551668 0.081367 0.032547
0 0.141579 0.515867 0.081367 0.032547
0 0.141579 0.477624 0.081367 0.032547
0 0.141579 0.442636 0.081367 0.032547
0 0.141579 0.410903 0.081367 0.032547
0 0.141579 0.375915 0.081367 0.032547
0 0.141579 0.338487 0.081367 0.032547
0 0.141579 0.296176 0.081367 0.032547
0 0.141579 0.244101 0.081367 0.032547
0 0.141579 0.206672 0.081367 0.032547
0 0.246542 0.146461 0.032547 0.081367
0 0.283971 0.146461 0.032547 0.081367
0 0.321400 0.146461 0.032547 0.081367
0 0.355574 0.146461 0.032547 0.081367
0 0.389748 0.146461 0.032547 0.081367
0 0.424736 0.146461 0.032547 0.081367
0 0.460537 0.146461 0.032547 0.081367
0 0.519121 0.146461 0.032547 0.081367
0 0.578519 0.146461 0.032547 0.081367
0 0.608625 0.146461 0.032547 0.081367
0 0.641172 0.146461 0.032547 0.081367
0 0.692433 0.146461 0.032547 0.081367
0 0.728234 0.146461 0.032547 0.081367
0 0.766477 0.146461 0.032547 0.081367
0 0.853539 0.210740 0.081367 0.032547
0 0.853539 0.248983 0.081367 0.032547
0 0.853539 0.287225 0.081367 0.032547
0 0.853539 0.331164 0.081367 0.032547
0 0.853539 0.366151 0.081367 0.032547
0 0.853539 0.412531 0.081367 0.032547
0 0.853539 0.444264 0.081367 0.032547
0 0.853539 0.469487 0.081367 0.032547
0 0.853539 0.525631 0.081367 0.032547
0 0.853539 0.572010 0.081367 0.032547
0 0.853539 0.602929 0.081367 0.032547
0 0.853539 0.636290 0.081367 0.032547
0 0.853539 0.672091 0.081367 0.032547
0 0.853539 0.722539 0.081367 0.032547
0 0.853539 0.759967 0.081367 0.032547
0 0.853539 0.799837 0.081367 0.032547
0 0.777055 0.853539 0.032547 0.081367
0 0.735557 0.853539 0.032547 0.081367
0 0.697315 0.853539 0.032547 0.081367
0 0.663141 0.853539 0.032547 0.081367
0 0.629780 0.853539 0.032547 0.081367
0 0.597234 0.853539 0.032547 0.081367
0 0.523190 0.853539 0.032547 0.081367
0 0.479251 0.853539 0.032547 0.081367
0 0.445077 0.853539 0.032547 0.081367
0 0.411717 0.853539 0.032547 0.081367
0 0.361269 0.853539 0.032547 0.081367
0 0.326282 0.853539 0.032547 0.081367
0 0.211554 0.853539 0.032547 0.081367
0 0.146461 0.793328 0.081367 0.032547
0 0.146461 0.756713 0.081367 0.032547
0 0.146461 0.700570 0.081367 0.032547
0 0.146461 0.663141 0.081367 0.032547
0 0.146461 0.626526 0.081367 0.032547
0 0.146461 0.593165 0.081367 0.032547
0 0.146461 0.550041 0.081367 0.032547
0 0.146461 0.515053 0.081367 0.032547
0 0.146461 0.477624 0.081367 0.032547
0 0.146461 0.443450 0.081367 0.032547
0 0.146461 0.411717 0.081367 0.032547
0 0.146461 0.378356 0.081367 0.032547
0 0.146461 0.340928 0.081367 0.032547
0 0.146461 0.299430 0.081367 0.032547
0 0.146461 0.247356 0.081367 0.032547
0 0.146461 0.209927 0.081367 0.032547
0 0.210740 0.151343 0.032547 0.081367
0 0.248983 0.151343 0.032547 0.081367
0 0.285598 0.151343 0.032547 0.081367
0 0.322213 0.151343 0.032547 0.081367
0 0.355574 0.151343 0.032547 0.081367
0 0.388934 0.151343 0.032547 0.081367
0 0.423922 0.151343 0.032547 0.081367
0 0.459723 0.151343 0.032547 0.081367
0 0.519935 0.151343 0.032547 0.081367
0 0.546786 0.151343 0.032547 0.081367
0 0.606184 0.151343 0.032547 0.081367
0 0.637917 0.151343 0.032547 0.081367
0 0.724166 0.151343 0.032547 0.081367
0 0.760781 0.151343 0.032547 0.081367
0 0.848657 0.213995 0.081367 0.032547
0 0.848657 0.251424 0.081367 0.032547
0 0.848657 0.288039 0.081367 0.032547
0 0.848657 0.332791 0.081367 0.032547
0 0.848657 0.367779 0.081367 0.032547
0 0.848657 0.414158 0.081367 0.032547
0 0.848657 0.444264 0.081367 0.032547
0 0.848657 0.469487 0.081367 0.032547
0 0.848657 0.526444 0.081367 0.032547
0 0.848657 0.572823 0.081367 0.032547
0 0.848657 0.602929 0.081367 0.032547
0 0.848657 0.635476 0.081367 0.032547
0 0.848657 0.670464 0.081367 0.032547
0 0.848657 0.721725 0.081367 0.032547
0 0.848657 0.758340 0.081367 0.032547
0 0.848657 0.797396 0.081367 0.032547
0 0.771359 0.848657 0.032547 0.081367
0 0.730675 0.848657 0.032547 0.081367
0 0.694060 0.848657 0.032547 0.081367
0 0.661513 0.848657 0.032547 0.081367
0 0.628967 0.848657 0.032547 0.081367
0 0.596420 0.848657 0.032547 0.081367
0 0.480065 0.848657 0.032547 0.081367
0 0.445891 0.848657 0.032547 0.081367
0 0.413344 0.848657 0.032547 0.081367
0 0.327095 0.848657 0.032547 0.081367
0 0.288853 0.848657 0.032547 0.081367
0 0.249797 0.848657 0.032547 0.081367
0 0.214809 0.848657 0.032547 0.081367
0 0.151343 0.790073 0.081367 0.032547
0 0.151343 0.753458 0.081367 0.032547
0 0.151343 0.697315 0.081367 0.032547
0 0.151343 0.660700 0.081367 0.032547
0 0.151343 0.624898 0.081367 0.032547
0 0.151343 0.593165 0.081367 0.032547
0 0.151343 0.550041 0.081367 0.032547
0 0.151343 0.514239 0.081367 0.032547
0 0.151343 0.477624 0.081367 0.032547
0 0.151343 0.444264 0.081367 0.032547
0 0.151343 0.413344 0.081367 0.032547
0 0.151343 0.380797 0.081367 0.032547
0 0.151343 0.342555 0.081367 0.032547
0 0.151343 0.301871 0.081367 0.032547
0 0.151343 0.250610 0.081367 0.032547
0 0.151343 0.214809 0.081367 0.032547
0 0.236778 0.126932 0.032547 0.081367
0 0.277461 0.126932 0.032547 0.081367
0 0.318145 0.126932 0.032547 0.081367
0 0.355574 0.126932 0.032547 0.081367
0 0.392189 0.126932 0.032547 0.081367
0 0.426363 0.126932 0.032547 0.081367
0 0.462978 0.126932 0.032547 0.081367
0 0.520749 0.126932 0.032547 0.081367
0 0.551668 0.126932 0.032547 0.081367
0 0.585028 0.126932 0.032547 0.081367
0 0.620016 0.126932 0.032547 0.081367
0 0.656631 0.126932 0.032547 0.081367
0 0.707079 0.126932 0.032547 0.081367
0 0.747762 0.126932 0.032547 0.081367
0 0.790073 0.126932 0.032547 0.081367
0 0.873068 0.195281 0.081367 0.032547
0 0.873068 0.236778 0.081367 0.032547
0 0.873068 0.279089 0.081367 0.032547
0 0.873068 0.324654 0.081367 0.032547
0 0.873068 0.362897 0.081367 0.032547
0 0.873068 0.407648 0.081367 0.032547
0 0.873068 0.441823 0.081367 0.032547
0 0.873068 0.471115 0.081367 0.032547
0 0.873068 0.523190 0.081367 0.032547
0 0.873068 0.567941 0.081367 0.032547
0 0.873068 0.602116 0.081367 0.032547
0 0.873068 0.638731 0.081367 0.032547
0 0.873068 0.676159 0.081367 0.032547
0 0.873068 0.725793 0.081367 0.032547
0 0.873068 0.766477 0.081367 0.032547
0 0.873068 0.809601 0.081367 0.032547
0 0.799024 0.873068 0.032547 0.081367
0 0.754272 0.873068 0.032547 0.081367
0 0.711961 0.873068 0.032547 0.081367
0 0.672091 0.873068 0.032547 0.081367
0 0.636290 0.873068 0.032547 0.081367
0 0.598861 0.873068 0.032547 0.081367
0 0.563873 0.873068 0.032547 0.081367
0 0.524817 0.873068 0.032547 0.081367
0 0.479251 0.873068 0.032547 0.081367
0 0.444264 0.873068 0.032547 0.081367
0 0.408462 0.873068 0.032547 0.081367
0 0.359642 0.873068 0.032547 0.081367
0 0.322213 0.873068 0.032547 0.081367
0 0.280716 0.873068 0.032547 0.081367
0 0.238405 0.873068 0.032547 0.081367
0 0.196908 0.873068 0.032547 0.081367
0 0.126932 0.806347 0.081367 0.032547
0 0.126932 0.764849 0.081367 0.032547
0 0.126932 0.711961 0.081367 0.032547
0 0.126932 0.671277 0.081367 0.032547
0 0.126932 0.632221 0.081367 0.032547
0 0.126932 0.595606 0.081367 0.032547
0 0.126932 0.554109 0.081367 0.032547
0 0.126932 0.517494 0.081367 0.032547
0 0.126932 0.477624 0.081367 0.032547
0 0.126932 0.441823 0.081367 0.032547
0 0.126932 0.406835 0.081367 0.032547
0 0.126932 0.370220 0.081367 0.032547
0 0.126932 0.332791 0.081367 0.032547
0 0.126932 0.287225 0.081367 0.032547
0 0.126932 0.235964 0.081367 0.032547
0 0.126932 0.195281 0.081367 0.032547
