0 0.193786 0.125102 0.032706 0.081766
0 0.236304 0.125102 0.032706 0.081766
0 0.276370 0.125102 0.032706 0.081766
0 0.318888 0.125102 0.032706 0.081766
0 0.356500 0.125102 0.032706 0.081766
0 0.394113 0.125102 0.032706 0.081766
0 0.428455 0.125102 0.032706 0.081766
0 0.465249 0.125102 0.032706 0.081766
0 0.520850 0.125102 0.032706 0.081766
0 0.553557 0.125102 0.032706 0.081766
0 0.587081 0.125102 0.032706 0.081766
0 0.623058 0.125102 0.032706 0.081766
0 0.659853 0.125102 0.032706 0.081766
0 0.710548 0.125102 0.032706 0.081766
0 0.751431 0.125102 0.032706 0.081766
0 0.796402 0.125102 0.032706 0.081766
0 0.874898 0.196239 0.081766 0.032706
0 0.874898 0.238757 0.081766 0.032706
0 0.874898 0.279640 0.081766 0.032706
0 0.874898 0.325429 0.081766 0.032706
0 0.874898 0.363859 0.081766 0.032706
0 0.874898 0.408831 0.081766 0.032706
0 0.874898 0.475061 0.081766 0.032706
0 0.874898 0.524121 0.081766 0.032706
0 0.874898 0.569910 0.081766 0.032706
0 0.874898 0.603434 0.081766 0.032706
0 0.874898 0.640229 0.081766 0.032706
0 0.874898 0.678659 0.081766 0.032706
0 0.874898 0.727719 0.081766 0.032706
0 0.874898 0.767784 0.081766 0.032706
0 0.874898 0.811938 0.081766 0.032706
0 0.799673 0.874898 0.032706 0.081766
0 0.756337 0.874898 0.032706 0.081766
0 0.713818 0.874898 0.032706 0.081766
0 0.674571 0.874898 0.032706 0.081766
0 0.637776 0.874898 0.032706 0.081766
0 0.600981 0.874898 0.032706 0.081766
0 0.565822 0.874898 0.032706 0.081766
0 0.525756 0.874898 0.032706 0.081766
0 0.480785 0.874898 0.032706 0.081766
0 0.443990 0.874898 0.032706 0.081766
0 0.410466 0.874898 0.032706 0.081766
0 0.362224 0.874898 0.032706 0.081766
0 0.322976 0.874898 0.032706 0.081766
0 0.282093 0.874898 0.032706 0.081766
0 0.239575 0.874898 0.032706 0.081766
0 0.199509 0.874898 0.032706 0.081766
0 0.125102 0.809485 0.081766 0.032706
0 0.125102 0.766966 0.081766 0.032706
0 0.125102 0.715454 0.081766 0.032706
0 0.125102 0.673753 0.081766 0.032706
0 0.125102 0.632870 0.081766 0.032706
0 0.125102 0.596893 0.081766 0.032706
0 0.125102 0.555192 0.081766 0.032706
0 0.125102 0.517580 0.081766 0.032706
0 0.125102 0.476697 0.081766 0.032706
0 0.125102 0.441537 0.081766 0.032706
0 0.125102 0.406378 0.081766 0.032706
0 0.125102 0.369583 0.081766 0.032706
0 0.125102 0.331153 0.081766 0.032706
0 0.125102 0.286182 0.081766 0.032706
0 0.125102 0.235487 0.081766 0.032706
0 0.125102 0.197874 0.081766 0.032706
0 0.200327 0.134914 0.032706 0.081766
0 0.241210 0.134914 0.032706 0.081766
0 0.280458 0.134914 0.032706 0.081766
0 0.320523 0.134914 0.032706 0.081766
0 0.357318 0.134914 0.032706 0.081766
0 0.392478 0.134914 0.032706 0.081766
0 0.426819 0.134914 0.032706 0.081766
0 0.463614 0.134914 0.032706 0.081766
0 0.520850 0.134914 0.032706 0.081766
0 0.551922 0.134914 0.032706 0.081766
0 0.583810 0.134914 0.032706 0.081766
0 0.617334 0.134914 0.032706 0.081766
0 0.652494 0.134914 0.032706 0.081766
0 0.702371 0.134914 0.032706 0.081766
0 0.741619 0.134914 0.032706 0.081766
0 0.784137 0.134914 0.032706 0.081766
0 0.865086 0.204415 0.081766 0.032706
0 0.865086 0.244481 0.081766 0.032706
0 0.865086 0.283729 0.081766 0.032706
0 0.865086 0.329518 0.081766 0.032706
0 0.865086 0.366312 0.081766 0.032706
0 0.865086 0.412101 0.081766 0.032706
0 0.865086 0.445626 0.081766 0.032706
0 0.865086 0.474244 0.081766 0.032706
0 0.865086 0.526574 0.081766 0.032706
0 0.865086 0.571545 0.081766 0.032706
0 0.865086 0.603434 0.081766 0.032706
0 0.865086 0.639411 0.081766 0.032706
0 0.865086 0.676206 0.081766 0.032706
0 0.865086 0.725266 0.081766 0.032706
0 0.865086 0.764513 0.081766 0.032706
0 0.865086 0.806214 0.081766 0.032706
0 0.789861 0.865086 0.032706 0.081766
0 0.747343 0.865086 0.032706 0.081766
0 0.708095 0.865086 0.032706 0.081766
0 0.670482 0.865086 0.032706 0.081766
0 0.635323 0.865086 0.032706 0.081766
0 0.600164 0.865086 0.032706 0.081766
0 0.566639 0.865086 0.032706 0.081766
0 0.520033 0.865086 0.032706 0.081766
0 0.481603 0.865086 0.032706 0.081766
0 0.444808 0.865086 0.032706 0.081766
0 0.413737 0.865086 0.032706 0.081766
0 0.363859 0.865086 0.032706 0.081766
0 0.325429 0.865086 0.032706 0.081766
0 0.286182 0.865086 0.032706 0.081766
0 0.244481 0.865086 0.032706 0.081766
0 0.206868 0.865086 0.032706 0.081766
0 0.134914 0.803761 0.081766 0.032706
0 0.134914 0.762878 0.081766 0.032706
0 0.134914 0.709730 0.081766 0.032706
0 0.134914 0.669665 0.081766 0.032706
0 0.134914 0.630417 0.081766 0.032706
0 0.134914 0.595258 0.081766 0.032706
0 0.134914 0.553557 0.081766 0.032706
0 0.134914 0.515944 0.081766 0.032706
0 0.134914 0.475879 0.081766 0.032706
0 0.134914 0.443173 0.081766 0.032706
0 0.134914 0.408831 0.081766 0.032706
0 0.134914 0.372854 0.081766 0.032706
0 0.134914 0.335241 0.081766 0.032706
0 0.134914 0.291087 0.081766 0.032706
0 0.134914 0.240392 0.081766 0.032706
0 0.134914 0.200327 0.081766 0.032706
0 0.204415 0.139820 0.032706 0.081766
0 0.243663 0.139820 0.032706 0.081766
0 0.281276 0.139820 0.032706 0.081766
0 0.321341 0.139820 0.032706 0.081766
0 0.357318 0.139820 0.032706 0.081766
0 0.391660 0.139820 0.032706 0.081766
0 0.426819 0.139820 0.032706 0.081766
0 0.463614 0.139820 0.032706 0.081766
0 0.520033 0.139820 0.032706 0.081766
0 0.551104 0.139820 0.032706 0.081766
0 0.582175 0.139820 0.032706 0.081766
0 0.614881 0.139820 0.032706 0.081766
0 0.648406 0.139820 0.032706 0.081766
0 0.699101 0.139820 0.032706 0.081766
0 0.736713 0.139820 0.032706 0.081766
0 0.778414 0.139820 0.032706 0.081766
0 0.860180 0.208504 0.081766 0.032706
0 0.860180 0.247751 0.081766 0.032706
0 0.860180 0.286182 0.081766 0.032706
0 0.860180 0.331153 0.081766 0.032706
0 0.860180 0.367130 0.081766 0.032706
0 0.860180 0.412919 0.081766 0.032706
0 0.860180 0.445626 0.081766 0.032706
0 0.860180 0.474244 0.081766 0.032706
0 0.860180 0.526574 0.081766 0.032706
0 0.860180 0.573181 0.081766 0.032706
0 0.860180 0.603434 0.081766 0.032706
0 0.860180 0.638594 0.081766 0.032706
0 0.860180 0.674571 0.081766 0.032706
0 0.860180 0.725266 0.081766 0.032706
0 0.860180 0.762878 0.081766 0.032706
0 0.860180 0.804579 0.081766 0.032706
0 0.784955 0.860180 0.032706 0.081766
0 0.743254 0.860180 0.032706 0.081766
0 0.704007 0.860180 0.032706 0.081766
0 0.668029 0.860180 0.032706 0.081766
0 0.633688 0.860180 0.032706 0.081766
0 0.600164 0.860180 0.032706 0.081766
0 0.566639 0.860180 0.032706 0.081766
0 0.524939 0.860180 0.032706 0.081766
0 0.482420 0.860180 0.032706 0.081766
0 0.445626 0.860180 0.032706 0.081766
0 0.415372 0.860180 0.032706 0.081766
0 0.364677 0.860180 0.032706 0.081766
0 0.327065 0.860180 0.032706 0.081766
0 0.287817 0.860180 0.032706 0.081766
0 0.246934 0.860180 0.032706 0.081766
0 0.210957 0.860180 0.032706 0.081766
0 0.139820 0.801308 0.081766 0.032706
0 0.139820 0.761243 0.081766 0.032706
0 0.139820 0.707277 0.081766 0.032706
0 0.139820 0.668029 0.081766 0.032706
0 0.139820 0.628782 0.081766 0.032706
0 0.139820 0.593622 0.081766 0.032706
0 0.139820 0.552739 0.081766 0.032706
0 0.139820 0.515127 0.081766 0.032706
0 0.139820 0.475879 0.081766 0.032706
0 0.139820 0.443173 0.081766 0.032706
0 0.139820 0.409648 0.081766 0.032706
0 0.139820 0.374489 0.081766 0.032706
0 0.139820 0.337694 0.081766 0.032706
0 0.139820 0.293540 0.081766 0.032706
0 0.139820 0.242028 0.081766 0.032706
0 0.139820 0.204415 0.081766 0.032706
0 0.207686 0.144726 0.032706 0.081766
0 0.246934 0.144726 0.032706 0.081766
0 0.283729 0.144726 0.032706 0.081766
0 0.322159 0.144726 0.032706 0.081766
0 0.357318 0.144726 0.032706 0.081766
0 0.390842 0.144726 0.032706 0.081766
0 0.426819 0.144726 0.032706 0.081766
0 0.462796 0.144726 0.032706 0.081766
0 0.520033 0.144726 0.032706 0.081766
0 0.550286 0.144726 0.032706 0.081766
0 0.579722 0.144726 0.032706 0.081766
0 0.612428 0.144726 0.032706 0.081766
0 0.644317 0.144726 0.032706 0.081766
0 0.695830 0.144726 0.032706 0.081766
0 0.731807 0.144726 0.032706 0.081766
0 0.771872 0.144726 0.032706 0.081766
0 0.855274 0.211774 0.081766 0.032706
0 0.855274 0.251022 0.081766 0.032706
0 0.855274 0.288635 0.081766 0.032706
0 0.855274 0.332788 0.081766 0.032706
0 0.855274 0.367948 0.081766 0.032706
0 0.855274 0.414554 0.081766 0.032706
0 0.855274 0.473426 0.081766 0.032706
0 0.855274 0.527392 0.081766 0.032706
0 0.855274 0.573998 0.081766 0.032706
0 0.855274 0.604252 0.081766 0.032706
0 0.855274 0.637776 0.081766 0.032706
0 0.855274 0.672935 0.081766 0.032706
0 0.855274 0.724448 0.081766 0.032706
0 0.855274 0.760425 0.081766 0.032706
0 0.855274 0.801308 0.081766 0.032706
0 0.780049 0.855274 0.032706 0.081766
0 0.701554 0.855274 0.032706 0.081766
0 0.666394 0.855274 0.032706 0.081766
0 0.632870 0.855274 0.032706 0.081766
0 0.599346 0.855274 0.032706 0.081766
0 0.566639 0.855274 0.032706 0.081766
0 0.524939 0.855274 0.032706 0.081766
0 0.482420 0.855274 0.032706 0.081766
0 0.445626 0.855274 0.032706 0.081766
0 0.416190 0.855274 0.032706 0.081766
0 0.365495 0.855274 0.032706 0.081766
0 0.328700 0.855274 0.032706 0.081766
0 0.248569 0.855274 0.032706 0.081766
0 0.214227 0.855274 0.032706 0.081766
0 0.144726 0.798038 0.081766 0.032706
0 0.144726 0.758790 0.081766 0.032706
0 0.144726 0.704007 0.081766 0.032706
0 0.144726 0.665576 0.081766 0.032706
0 0.144726 0.627964 0.081766 0.032706
0 0.144726 0.593622 0.081766 0.032706
0 0.144726 0.551104 0.081766 0.032706
0 0.144726 0.514309 0.081766 0.032706
0 0.144726 0.475879 0.081766 0.032706
0 0.144726 0.443173 0.081766 0.032706
0 0.144726 0.410466 0.081766 0.032706
0 0.144726 0.376942 0.081766 0.032706
0 0.144726 0.340147 0.081766 0.032706
0 0.144726 0.295993 0.081766 0.032706
0 0.144726 0.245298 0.081766 0.032706
0 0.144726 0.208504 0.081766 0.032706
0 0.210957 0.149632 0.032706 0.081766
0 0.249387 0.149632 0.032706 0.081766
0 0.285364 0.149632 0.032706 0.081766
0 0.322976 0.149632 0.032706 0.081766
0 0.357318 0.149632 0.032706 0.081766
0 0.390842 0.149632 0.032706 0.081766
0 0.426819 0.149632 0.032706 0.081766
0 0.461979 0.149632 0.032706 0.081766
0 0.520033 0.149632 0.032706 0.081766
0 0.549469 0.149632 0.032706 0.081766
0 0.578087 0.149632 0.032706 0.081766
0 0.609975 0.149632 0.032706 0.081766
0 0.640229 0.149632 0.032706 0.081766
0 0.691742 0.149632 0.032706 0.081766
0 0.727719 0.149632 0.032706 0.081766
0 0.766149 0.149632 0.032706 0.081766
0 0.850368 0.215863 0.081766 0.032706
0 0.850368 0.253475 0.081766 0.032706
0 0.850368 0.290270 0.081766 0.032706
0 0.850368 0.334424 0.081766 0.032706
0 0.850368 0.368765 0.081766 0.032706
0 0.850368 0.416190 0.081766 0.032706
0 0.850368 0.446443 0.081766 0.032706
0 0.850368 0.473426 0.081766 0.032706
0 0.850368 0.528209 0.081766 0.032706
0 0.850368 0.574816 0.081766 0.032706
0 0.850368 0.604252 0.081766 0.032706
0 0.850368 0.636958 0.081766 0.032706
0 0.850368 0.672118 0.081766 0.032706
0 0.850368 0.722813 0.081766 0.032706
0 0.850368 0.758790 0.081766 0.032706
0 0.850368 0.799673 0.081766 0.032706
0 0.774325 0.850368 0.032706 0.081766
0 0.735078 0.850368 0.032706 0.081766
0 0.698283 0.850368 0.032706 0.081766
0 0.632052 0.850368 0.032706 0.081766
0 0.599346 0.850368 0.032706 0.081766
0 0.567457 0.850368 0.032706 0.081766
0 0.524939 0.850368 0.032706 0.081766
0 0.482420 0.850368 0.032706 0.081766
0 0.329518 0.850368 0.032706 0.081766
0 0.291905 0.850368 0.032706 0.081766
0 0.251840 0.850368 0.032706 0.081766
0 0.218316 0.850368 0.032706 0.081766
0 0.149632 0.794767 0.081766 0.032706
0 0.149632 0.756337 0.081766 0.032706
0 0.149632 0.701554 0.081766 0.032706
0 0.149632 0.663123 0.081766 0.032706
0 0.149632 0.626329 0.081766 0.032706
0 0.149632 0.592805 0.081766 0.032706
0 0.149632 0.550286 0.081766 0.032706
0 0.149632 0.513491 0.081766 0.032706
0 0.149632 0.475061 0.081766 0.032706
0 0.149632 0.443173 0.081766 0.032706
0 0.149632 0.411284 0.081766 0.032706
0 0.149632 0.377760 0.081766 0.032706
0 0.149632 0.340965 0.081766 0.032706
0 0.149632 0.297629 0.081766 0.032706
0 0.149632 0.247751 0.081766 0.032706
0 0.149632 0.211774 0.081766 0.032706
0 0.213410 0.154538 0.032706 0.081766
0 0.251840 0.154538 0.032706 0.081766
0 0.287817 0.154538 0.032706 0.081766
0 0.323794 0.154538 0.032706 0.081766
0 0.357318 0.154538 0.032706 0.081766
0 0.390025 0.154538 0.032706 0.081766
0 0.426002 0.154538 0.032706 0.081766
0 0.461161 0.154538 0.032706 0.081766
0 0.520033 0.154538 0.032706 0.081766
0 0.548651 0.154538 0.032706 0.081766
0 0.577269 0.154538 0.032706 0.081766
0 0.606705 0.154538 0.032706 0.081766
0 0.636958 0.154538 0.032706 0.081766
0 0.689289 0.154538 0.032706 0.081766
0 0.723630 0.154538 0.032706 0.081766
0 0.761243 0.154538 0.032706 0.081766
0 0.845462 0.219133 0.081766 0.032706
0 0.845462 0.255928 0.081766 0.032706
0 0.845462 0.292723 0.081766 0.032706
0 0.845462 0.336059 0.081766 0.032706
0 0.845462 0.369583 0.081766 0.032706
0 0.845462 0.417007 0.081766 0.032706
0 0.845462 0.447261 0.081766 0.032706
0 0.845462 0.472608 0.081766 0.032706
0 0.845462 0.528209 0.081766 0.032706
0 0.845462 0.575634 0.081766 0.032706
0 0.845462 0.604252 0.081766 0.032706
0 0.845462 0.636141 0.081766 0.032706
0 0.845462 0.670482 0.081766 0.032706
0 0.845462 0.721995 0.081766 0.032706
0 0.845462 0.757155 0.081766 0.032706
0 0.845462 0.797220 0.081766 0.032706
0 0.769419 0.845462 0.032706 0.081766
0 0.730989 0.845462 0.032706 0.081766
0 0.694195 0.845462 0.032706 0.081766
0 0.663123 0.845462 0.032706 0.081766
0 0.631235 0.845462 0.032706 0.081766
0 0.598528 0.845462 0.032706 0.081766
0 0.567457 0.845462 0.032706 0.081766
0 0.524121 0.845462 0.032706 0.081766
0 0.483238 0.845462 0.032706 0.081766
0 0.447261 0.845462 0.032706 0.081766
0 0.418643 0.845462 0.032706 0.081766
0 0.366312 0.845462 0.032706 0.081766
0 0.293540 0.845462 0.032706 0.081766
0 0.254293 0.845462 0.032706 0.081766
0 0.222404 0.845462 0.032706 0.081766
0 0.154538 0.792314 0.081766 0.032706
0 0.154538 0.753884 0.081766 0.032706
0 0.154538 0.698283 0.081766 0.032706
0 0.154538 0.661488 0.081766 0.032706
0 0.154538 0.623876 0.081766 0.032706
0 0.154538 0.591987 0.081766 0.032706
0 0.154538 0.549469 0.081766 0.032706
0 0.154538 0.512674 0.081766 0.032706
0 0.154538 0.474244 0.081766 0.032706
0 0.154538 0.443990 0.081766 0.032706
0 0.154538 0.412101 0.081766 0.032706
0 0.154538 0.380213 0.081766 0.032706
0 0.154538 0.343418 0.081766 0.032706
0 0.154538 0.300082 0.081766 0.032706
0 0.154538 0.215045 0.081766 0.032706
0 0.197874 0.130008 0.032706 0.081766
0 0.238757 0.130008 0.032706 0.081766
0 0.278005 0.130008 0.032706 0.081766
0 0.319706 0.130008 0.032706 0.081766
0 0.356500 0.130008 0.032706 0.081766
0 0.393295 0.130008 0.032706 0.081766
0 0.427637 0.130008 0.032706 0.081766
0 0.464432 0.130008 0.032706 0.081766
0 0.520850 0.130008 0.032706 0.081766
0 0.552739 0.130008 0.032706 0.081766
0 0.585446 0.130008 0.032706 0.081766
0 0.620605 0.130008 0.032706 0.081766
0 0.655765 0.130008 0.032706 0.081766
0 0.706460 0.130008 0.032706 0.081766
0 0.746525 0.130008 0.032706 0.081766
0 0.789861 0.130008 0.032706 0.081766
0 0.869992 0.200327 0.081766 0.032706
0 0.869992 0.242028 0.081766 0.032706
0 0.869992 0.282093 0.081766 0.032706
0 0.869992 0.327882 0.081766 0.032706
0 0.869992 0.365495 0.081766 0.032706
0 0.869992 0.410466 0.081766 0.032706
0 0.869992 0.444808 0.081766 0.032706
0 0.869992 0.474244 0.081766 0.032706
0 0.869992 0.525756 0.081766 0.032706
0 0.869992 0.570728 0.081766 0.032706
0 0.869992 0.603434 0.081766 0.032706
0 0.869992 0.639411 0.081766 0.032706
0 0.869992 0.677841 0.081766 0.032706
0 0.869992 0.726901 0.081766 0.032706
0 0.869992 0.766149 0.081766 0.032706
0 0.794767 0.869992 0.032706 0.081766
0 0.751431 0.869992 0.032706 0.081766
0 0.710548 0.869992 0.032706 0.081766
0 0.672935 0.869992 0.032706 0.081766
0 0.636958 0.869992 0.032706 0.081766
0 0.600981 0.869992 0.032706 0.081766
0 0.565822 0.869992 0.032706 0.081766
0 0.524939 0.869992 0.032706 0.081766
0 0.481603 0.869992 0.032706 0.081766
0 0.444808 0.869992 0.032706 0.081766
0 0.412101 0.869992 0.032706 0.081766
0 0.363042 0.869992 0.032706 0.081766
0 0.324612 0.869992 0.032706 0.081766
0 0.283729 0.869992 0.032706 0.081766
0 0.242028 0.869992 0.032706 0.081766
0 0.202780 0.869992 0.032706 0.081766
0 0.130008 0.807032 0.081766 0.032706
0 0.130008 0.764513 0.081766 0.032706
0 0.130008 0.713001 0.081766 0.032706
0 0.130008 0.671300 0.081766 0.032706
0 0.130008 0.632052 0.081766 0.032706
0 0.130008 0.596075 0.081766 0.032706
0 0.130008 0.554374 0.081766 0.032706
0 0.130008 0.517580 0.081766 0.032706
0 0.130008 0.476697 0.081766 0.032706
0 0.130008 0.442355 0.081766 0.032706
0 0.130008 0.408013 0.081766 0.032706
0 0.130008 0.371218 0.081766 0.032706
0 0.130008 0.333606 0.081766 0.032706
0 0.130008 0.288635 0.081766 0.032706
0 0.130008 0.237939 0.081766 0.032706
0 0.130008 0.197056 0.081766 0.032706
