0 0.203660 0.136038 0.031822 0.079554
0 0.243437 0.136038 0.031822 0.079554
0 0.283214 0.136038 0.031822 0.079554
0 0.309467 0.136038 0.031822 0.079554
0 0.359586 0.136038 0.031822 0.079554
0 0.394590 0.136038 0.031822 0.079554
0 0.429594 0.136038 0.031822 0.079554
0 0.466189 0.136038 0.031822 0.079554
0 0.520286 0.136038 0.031822 0.079554
0 0.552108 0.136038 0.031822 0.079554
0 0.585521 0.136038 0.031822 0.079554
0 0.621321 0.136038 0.031822 0.079554
0 0.656325 0.136038 0.031822 0.079554
0 0.705648 0.136038 0.031822 0.079554
0 0.745426 0.136038 0.031822 0.079554
0 0.785998 0.136038 0.031822 0.079554
0 0.863962 0.197295 0.079554 0.031822
0 0.863962 0.277645 0.079554 0.031822
0 0.863962 0.322196 0.079554 0.031822
0 0.863962 0.357995 0.079554 0.031822
0 0.863962 0.400955 0.079554 0.031822
0 0.863962 0.434368 0.079554 0.031822
0 0.863962 0.465394 0.079554 0.031822
0 0.863962 0.517900 0.079554 0.031822
0 0.863962 0.557677 0.079554 0.031822
0 0.863962 0.591090 0.079554 0.031822
0 0.863962 0.626889 0.079554 0.031822
0 0.863962 0.665076 0.079554 0.031822
0 0.863962 0.712808 0.079554 0.031822
0 0.863962 0.754177 0.079554 0.031822
0 0.863962 0.794749 0.079554 0.031822
0 0.789976 0.863962 0.031822 0.079554
0 0.747017 0.863962 0.031822 0.079554
0 0.705648 0.863962 0.031822 0.079554
0 0.666667 0.863962 0.031822 0.079554
0 0.630867 0.863962 0.031822 0.079554
0 0.595863 0.863962 0.031822 0.079554
0 0.560064 0.863962 0.031822 0.079554
0 0.523469 0.863962 0.031822 0.079554
0 0.480509 0.863962 0.031822 0.079554
0 0.445505 0.863962 0.031822 0.079554
0 0.412092 0.863962 0.031822 0.079554
0 0.365951 0.863962 0.031822 0.079554
0 0.329356 0.863962 0.031822 0.079554
0 0.287987 0.863962 0.031822 0.079554
0 0.246619 0.863962 0.031822 0.079554
0 0.205251 0.863962 0.031822 0.079554
0 0.136038 0.797136 0.079554 0.031822
0 0.136038 0.770088 0.079554 0.031822
0 0.136038 0.703262 0.079554 0.031822
0 0.136038 0.661893 0.079554 0.031822
0 0.136038 0.623707 0.079554 0.031822
0 0.136038 0.585521 0.079554 0.031822
0 0.136038 0.549722 0.079554 0.031822
0 0.136038 0.514718 0.079554 0.031822
0 0.136038 0.473349 0.079554 0.031822
0 0.136038 0.435959 0.079554 0.031822
0 0.136038 0.401750 0.079554 0.031822
0 0.136038 0.366746 0.079554 0.031822
0 0.136038 0.334129 0.079554 0.031822
0 0.136038 0.289578 0.079554 0.031822
0 0.136038 0.239459 0.079554 0.031822
0 0.136038 0.198886 0.079554 0.031822
0 0.210819 0.145585 0.031822 0.079554
0 0.248210 0.145585 0.031822 0.079554
0 0.286396 0.145585 0.031822 0.079554
0 0.323787 0.145585 0.031822 0.079554
0 0.358791 0.145585 0.031822 0.079554
0 0.391408 0.145585 0.031822 0.079554
0 0.428799 0.145585 0.031822 0.079554
0 0.464598 0.145585 0.031822 0.079554
0 0.520286 0.145585 0.031822 0.079554
0 0.550517 0.145585 0.031822 0.079554
0 0.582339 0.145585 0.031822 0.079554
0 0.615752 0.145585 0.031822 0.079554
0 0.649165 0.145585 0.031822 0.079554
0 0.699284 0.145585 0.031822 0.079554
0 0.735879 0.145585 0.031822 0.079554
0 0.774065 0.145585 0.031822 0.079554
0 0.854415 0.201273 0.079554 0.031822
0 0.854415 0.241050 0.079554 0.031822
0 0.854415 0.278441 0.079554 0.031822
0 0.854415 0.322991 0.079554 0.031822
0 0.854415 0.356404 0.079554 0.031822
0 0.854415 0.400955 0.079554 0.031822
0 0.854415 0.432776 0.079554 0.031822
0 0.854415 0.462212 0.079554 0.031822
0 0.854415 0.517104 0.079554 0.031822
0 0.854415 0.556881 0.079554 0.031822
0 0.854415 0.588703 0.079554 0.031822
0 0.854415 0.659507 0.079554 0.031822
0 0.854415 0.708831 0.079554 0.031822
0 0.854415 0.747812 0.079554 0.031822
0 0.854415 0.785998 0.079554 0.031822
0 0.779634 0.854415 0.031822 0.079554
0 0.736675 0.854415 0.031822 0.079554
0 0.697693 0.854415 0.031822 0.079554
0 0.661893 0.854415 0.031822 0.079554
0 0.628481 0.854415 0.031822 0.079554
0 0.594272 0.854415 0.031822 0.079554
0 0.560064 0.854415 0.031822 0.079554
0 0.522673 0.854415 0.031822 0.079554
0 0.480509 0.854415 0.031822 0.079554
0 0.446301 0.854415 0.031822 0.079554
0 0.414479 0.854415 0.031822 0.079554
0 0.366746 0.854415 0.031822 0.079554
0 0.330947 0.854415 0.031822 0.079554
0 0.291169 0.854415 0.031822 0.079554
0 0.251392 0.854415 0.031822 0.079554
0 0.211615 0.854415 0.031822 0.079554
0 0.145585 0.788385 0.079554 0.031822
0 0.145585 0.747812 0.079554 0.031822
0 0.145585 0.693715 0.079554 0.031822
0 0.145585 0.654733 0.079554 0.031822
0 0.145585 0.617343 0.079554 0.031822
0 0.145585 0.581543 0.079554 0.031822
0 0.145585 0.545744 0.079554 0.031822
0 0.145585 0.510740 0.079554 0.031822
0 0.145585 0.470963 0.079554 0.031822
0 0.145585 0.434368 0.079554 0.031822
0 0.145585 0.401750 0.079554 0.031822
0 0.145585 0.335720 0.079554 0.031822
0 0.145585 0.292761 0.079554 0.031822
0 0.145585 0.241050 0.079554 0.031822
0 0.145585 0.202864 0.079554 0.031822
0 0.214002 0.150358 0.031822 0.079554
0 0.250597 0.150358 0.031822 0.079554
0 0.287192 0.150358 0.031822 0.079554
0 0.324582 0.150358 0.031822 0.079554
0 0.358791 0.150358 0.031822 0.079554
0 0.390613 0.150358 0.031822 0.079554
0 0.428003 0.150358 0.031822 0.079554
0 0.463803 0.150358 0.031822 0.079554
0 0.519491 0.150358 0.031822 0.079554
0 0.549722 0.150358 0.031822 0.079554
0 0.580748 0.150358 0.031822 0.079554
0 0.612570 0.150358 0.031822 0.079554
0 0.645187 0.150358 0.031822 0.079554
0 0.696102 0.150358 0.031822 0.079554
0 0.731901 0.150358 0.031822 0.079554
0 0.767701 0.150358 0.031822 0.079554
0 0.849642 0.202864 0.079554 0.031822
0 0.849642 0.242641 0.079554 0.031822
0 0.849642 0.279236 0.079554 0.031822
0 0.849642 0.322991 0.079554 0.031822
0 0.849642 0.355609 0.079554 0.031822
0 0.849642 0.400955 0.079554 0.031822
0 0.849642 0.431981 0.079554 0.031822
0 0.849642 0.461416 0.079554 0.031822
0 0.849642 0.516309 0.079554 0.031822
0 0.849642 0.556881 0.079554 0.031822
0 0.849642 0.587908 0.079554 0.031822
0 0.849642 0.621321 0.079554 0.031822
0 0.849642 0.657120 0.079554 0.031822
0 0.849642 0.706444 0.079554 0.031822
0 0.849642 0.745426 0.079554 0.031822
0 0.849642 0.782816 0.079554 0.031822
0 0.774861 0.849642 0.031822 0.079554
0 0.733492 0.849642 0.031822 0.079554
0 0.694511 0.849642 0.031822 0.079554
0 0.659507 0.849642 0.031822 0.079554
0 0.626889 0.849642 0.031822 0.079554
0 0.593477 0.849642 0.031822 0.079554
0 0.560859 0.849642 0.031822 0.079554
0 0.522673 0.849642 0.031822 0.079554
0 0.481305 0.849642 0.031822 0.079554
0 0.447096 0.849642 0.031822 0.079554
0 0.416070 0.849642 0.031822 0.079554
0 0.367542 0.849642 0.031822 0.079554
0 0.331742 0.849642 0.031822 0.079554
0 0.293556 0.849642 0.031822 0.079554
0 0.252983 0.849642 0.031822 0.079554
0 0.214797 0.849642 0.031822 0.079554
0 0.150358 0.783612 0.079554 0.031822
0 0.150358 0.744630 0.079554 0.031822
0 0.150358 0.688942 0.079554 0.031822
0 0.150358 0.650756 0.079554 0.031822
0 0.150358 0.614956 0.079554 0.031822
0 0.150358 0.579157 0.079554 0.031822
0 0.150358 0.543357 0.079554 0.031822
0 0.150358 0.509149 0.079554 0.031822
0 0.150358 0.469372 0.079554 0.031822
0 0.150358 0.433572 0.079554 0.031822
0 0.150358 0.400955 0.079554 0.031822
0 0.150358 0.368337 0.079554 0.031822
0 0.150358 0.336516 0.079554 0.031822
0 0.150358 0.294352 0.079554 0.031822
0 0.150358 0.243437 0.079554 0.031822
0 0.150358 0.205251 0.079554 0.031822
0 0.217979 0.155131 0.031822 0.079554
0 0.252983 0.155131 0.031822 0.079554
0 0.288783 0.155131 0.031822 0.079554
0 0.325378 0.155131 0.031822 0.079554
0 0.358791 0.155131 0.031822 0.079554
0 0.389817 0.155131 0.031822 0.079554
0 0.427208 0.155131 0.031822 0.079554
0 0.463803 0.155131 0.031822 0.079554
0 0.520286 0.155131 0.031822 0.079554
0 0.548926 0.155131 0.031822 0.079554
0 0.579157 0.155131 0.031822 0.079554
0 0.610979 0.155131 0.031822 0.079554
0 0.642005 0.155131 0.031822 0.079554
0 0.692124 0.155131 0.031822 0.079554
0 0.727128 0.155131 0.031822 0.079554
0 0.761337 0.155131 0.031822 0.079554
0 0.844869 0.205251 0.079554 0.031822
0 0.844869 0.243437 0.079554 0.031822
0 0.844869 0.279236 0.079554 0.031822
0 0.844869 0.322991 0.079554 0.031822
0 0.844869 0.354813 0.079554 0.031822
0 0.844869 0.400159 0.079554 0.031822
0 0.844869 0.431185 0.079554 0.031822
0 0.844869 0.459825 0.079554 0.031822
0 0.844869 0.516309 0.079554 0.031822
0 0.844869 0.556086 0.079554 0.031822
0 0.844869 0.586317 0.079554 0.031822
0 0.844869 0.619730 0.079554 0.031822
0 0.844869 0.653938 0.079554 0.031822
0 0.844869 0.704057 0.079554 0.031822
0 0.844869 0.742243 0.079554 0.031822
0 0.844869 0.778043 0.079554 0.031822
0 0.769292 0.844869 0.031822 0.079554
0 0.728719 0.844869 0.031822 0.079554
0 0.691329 0.844869 0.031822 0.079554
0 0.657120 0.844869 0.031822 0.079554
0 0.626094 0.844869 0.031822 0.079554
0 0.592681 0.844869 0.031822 0.079554
0 0.560859 0.844869 0.031822 0.079554
0 0.522673 0.844869 0.031822 0.079554
0 0.481305 0.844869 0.031822 0.079554
0 0.447892 0.844869 0.031822 0.079554
0 0.417661 0.844869 0.031822 0.079554
0 0.368337 0.844869 0.031822 0.079554
0 0.333333 0.844869 0.031822 0.079554
0 0.295147 0.844869 0.031822 0.079554
0 0.256165 0.844869 0.031822 0.079554
0 0.217184 0.844869 0.031822 0.079554
0 0.155131 0.779634 0.079554 0.031822
0 0.155131 0.741448 0.079554 0.031822
0 0.155131 0.684964 0.079554 0.031822
0 0.155131 0.647574 0.079554 0.031822
0 0.155131 0.612570 0.079554 0.031822
0 0.155131 0.578361 0.079554 0.031822
0 0.155131 0.541766 0.079554 0.031822
0 0.155131 0.507558 0.079554 0.031822
0 0.155131 0.468576 0.079554 0.031822
0 0.155131 0.432776 0.079554 0.031822
0 0.155131 0.401750 0.079554 0.031822
0 0.155131 0.369133 0.079554 0.031822
0 0.155131 0.338107 0.079554 0.031822
0 0.155131 0.295943 0.079554 0.031822
0 0.155131 0.244232 0.079554 0.031822
0 0.155131 0.207637 0.079554 0.031822
0 0.221161 0.159905 0.031822 0.079554
0 0.254574 0.159905 0.031822 0.079554
0 0.290374 0.159905 0.031822 0.079554
0 0.326173 0.159905 0.031822 0.079554
0 0.357995 0.159905 0.031822 0.079554
0 0.389021 0.159905 0.031822 0.079554
0 0.427208 0.159905 0.031822 0.079554
0 0.463007 0.159905 0.031822 0.079554
0 0.520286 0.159905 0.031822 0.079554
0 0.548130 0.159905 0.031822 0.079554
0 0.577566 0.159905 0.031822 0.079554
0 0.608592 0.159905 0.031822 0.079554
0 0.638823 0.159905 0.031822 0.079554
0 0.688942 0.159905 0.031822 0.079554
0 0.723150 0.159905 0.031822 0.079554
0 0.755768 0.159905 0.031822 0.079554
0 0.840095 0.207637 0.079554 0.031822
0 0.840095 0.245028 0.079554 0.031822
0 0.840095 0.279236 0.079554 0.031822
0 0.840095 0.323787 0.079554 0.031822
0 0.840095 0.354813 0.079554 0.031822
0 0.840095 0.400159 0.079554 0.031822
0 0.840095 0.430390 0.079554 0.031822
0 0.840095 0.458234 0.079554 0.031822
0 0.840095 0.516309 0.079554 0.031822
0 0.840095 0.556086 0.079554 0.031822
0 0.840095 0.585521 0.079554 0.031822
0 0.840095 0.618138 0.079554 0.031822
0 0.840095 0.652347 0.079554 0.031822
0 0.840095 0.701671 0.079554 0.031822
0 0.840095 0.739061 0.079554 0.031822
0 0.840095 0.774065 0.079554 0.031822
0 0.764519 0.840095 0.031822 0.079554
0 0.724741 0.840095 0.031822 0.079554
0 0.688146 0.840095 0.031822 0.079554
0 0.654733 0.840095 0.031822 0.079554
0 0.624503 0.840095 0.031822 0.079554
0 0.592681 0.840095 0.031822 0.079554
0 0.561655 0.840095 0.031822 0.079554
0 0.481305 0.840095 0.031822 0.079554
0 0.447892 0.840095 0.031822 0.079554
0 0.334129 0.840095 0.031822 0.079554
0 0.296738 0.840095 0.031822 0.079554
0 0.257757 0.840095 0.031822 0.079554
0 0.220366 0.840095 0.031822 0.079554
0 0.159905 0.775656 0.079554 0.031822
0 0.159905 0.737470 0.079554 0.031822
0 0.159905 0.680191 0.079554 0.031822
0 0.159905 0.644391 0.079554 0.031822
0 0.159905 0.609387 0.079554 0.031822
0 0.159905 0.575179 0.079554 0.031822
0 0.159905 0.539379 0.079554 0.031822
0 0.159905 0.505967 0.079554 0.031822
0 0.159905 0.467780 0.079554 0.031822
0 0.159905 0.431981 0.079554 0.031822
0 0.159905 0.400955 0.079554 0.031822
0 0.159905 0.369928 0.079554 0.031822
0 0.159905 0.339698 0.079554 0.031822
0 0.159905 0.297534 0.079554 0.031822
0 0.159905 0.245823 0.079554 0.031822
0 0.225139 0.164678 0.031822 0.079554
0 0.257757 0.164678 0.031822 0.079554
0 0.291965 0.164678 0.031822 0.079554
0 0.326173 0.164678 0.031822 0.079554
0 0.357995 0.164678 0.031822 0.079554
0 0.388226 0.164678 0.031822 0.079554
0 0.426412 0.164678 0.031822 0.079554
0 0.462212 0.164678 0.031822 0.079554
0 0.519491 0.164678 0.031822 0.079554
0 0.547335 0.164678 0.031822 0.079554
0 0.605410 0.164678 0.031822 0.079554
0 0.634845 0.164678 0.031822 0.079554
0 0.685760 0.164678 0.031822 0.079554
0 0.718377 0.164678 0.031822 0.079554
0 0.750199 0.164678 0.031822 0.079554
0 0.835322 0.245823 0.079554 0.031822
0 0.835322 0.280032 0.079554 0.031822
0 0.835322 0.323787 0.079554 0.031822
0 0.835322 0.354813 0.079554 0.031822
0 0.835322 0.400159 0.079554 0.031822
0 0.835322 0.429594 0.079554 0.031822
0 0.835322 0.457438 0.079554 0.031822
0 0.835322 0.516309 0.079554 0.031822
0 0.835322 0.555290 0.079554 0.031822
0 0.835322 0.584726 0.079554 0.031822
0 0.835322 0.615752 0.079554 0.031822
0 0.835322 0.649960 0.079554 0.031822
0 0.835322 0.700080 0.079554 0.031822
0 0.835322 0.735879 0.079554 0.031822
0 0.835322 0.770883 0.079554 0.031822
0 0.758950 0.835322 0.031822 0.079554
0 0.719968 0.835322 0.031822 0.079554
0 0.684169 0.835322 0.031822 0.079554
0 0.653142 0.835322 0.031822 0.079554
0 0.622912 0.835322 0.031822 0.079554
0 0.591885 0.835322 0.031822 0.079554
0 0.560859 0.835322 0.031822 0.079554
0 0.521082 0.835322 0.031822 0.079554
0 0.481305 0.835322 0.031822 0.079554
0 0.448687 0.835322 0.031822 0.079554
0 0.419252 0.835322 0.031822 0.079554
0 0.369928 0.835322 0.031822 0.079554
0 0.335720 0.835322 0.031822 0.079554
0 0.299125 0.835322 0.031822 0.079554
0 0.260143 0.835322 0.031822 0.079554
0 0.223548 0.835322 0.031822 0.079554
0 0.164678 0.770883 0.079554 0.031822
0 0.164678 0.734288 0.079554 0.031822
0 0.164678 0.675418 0.079554 0.031822
0 0.164678 0.641209 0.079554 0.031822
0 0.164678 0.607001 0.079554 0.031822
0 0.164678 0.573588 0.079554 0.031822
0 0.164678 0.537788 0.079554 0.031822
0 0.164678 0.504375 0.079554 0.031822
0 0.164678 0.466985 0.079554 0.031822
0 0.164678 0.431185 0.079554 0.031822
0 0.164678 0.400955 0.079554 0.031822
0 0.164678 0.369928 0.079554 0.031822
0 0.164678 0.340493 0.079554 0.031822
0 0.164678 0.299125 0.079554 0.031822
0 0.164678 0.248210 0.079554 0.031822
0 0.164678 0.213206 0.079554 0.031822
0 0.206842 0.140811 0.031822 0.079554
0 0.245823 0.140811 0.031822 0.079554
0 0.284805 0.140811 0.031822 0.079554
0 0.323787 0.140811 0.031822 0.079554
0 0.359586 0.140811 0.031822 0.079554
0 0.392999 0.140811 0.031822 0.079554
0 0.428799 0.140811 0.031822 0.079554
0 0.465394 0.140811 0.031822 0.079554
0 0.520286 0.140811 0.031822 0.079554
0 0.551313 0.140811 0.031822 0.079554
0 0.583930 0.140811 0.031822 0.079554
0 0.618138 0.140811 0.031822 0.079554
0 0.653142 0.140811 0.031822 0.079554
0 0.702466 0.140811 0.031822 0.079554
0 0.740652 0.140811 0.031822 0.079554
0 0.779634 0.140811 0.031822 0.079554
0 0.859189 0.199682 0.079554 0.031822
0 0.859189 0.240255 0.079554 0.031822
0 0.859189 0.278441 0.079554 0.031822
0 0.859189 0.322196 0.079554 0.031822
0 0.859189 0.357200 0.079554 0.031822
0 0.859189 0.400955 0.079554 0.031822
0 0.859189 0.433572 0.079554 0.031822
0 0.859189 0.463803 0.079554 0.031822
0 0.859189 0.517104 0.079554 0.031822
0 0.859189 0.556881 0.079554 0.031822
0 0.859189 0.589499 0.079554 0.031822
0 0.859189 0.625298 0.079554 0.031822
0 0.859189 0.662689 0.079554 0.031822
0 0.859189 0.711217 0.079554 0.031822
0 0.859189 0.750994 0.079554 0.031822
0 0.859189 0.790772 0.079554 0.031822
0 0.784407 0.859189 0.031822 0.079554
0 0.742243 0.859189 0.031822 0.079554
0 0.701671 0.859189 0.031822 0.079554
0 0.664280 0.859189 0.031822 0.079554
0 0.630072 0.859189 0.031822 0.079554
0 0.595068 0.859189 0.031822 0.079554
0 0.560064 0.859189 0.031822 0.079554
0 0.523469 0.859189 0.031822 0.079554
0 0.481305 0.859189 0.031822 0.079554
0 0.446301 0.859189 0.031822 0.079554
0 0.413683 0.859189 0.031822 0.079554
0 0.366746 0.859189 0.031822 0.079554
0 0.330151 0.859189 0.031822 0.079554
0 0.289578 0.859189 0.031822 0.079554
0 0.248210 0.859189 0.031822 0.079554
0 0.208433 0.859189 0.031822 0.079554
0 0.140811 0.792363 0.079554 0.031822
0 0.140811 0.750994 0.079554 0.031822
0 0.140811 0.698488 0.079554 0.031822
0 0.140811 0.658711 0.079554 0.031822
0 0.140811 0.620525 0.079554 0.031822
0 0.140811 0.547335 0.079554 0.031822
0 0.140811 0.512331 0.079554 0.031822
0 0.140811 0.471758 0.079554 0.031822
0 0.140811 0.435163 0.079554 0.031822
0 0.140811 0.401750 0.079554 0.031822
0 0.140811 0.367542 0.079554 0.031822
0 0.140811 0.334924 0.079554 0.031822
0 0.140811 0.291169 0.079554 0.031822
0 0.140811 0.240255 0.079554 0.031822
0 0.140811 0.200477 0.079554 0.031822
