0 0.204886 0.137904 0.031521 0.078802
0 0.245863 0.137904 0.031521 0.078802
0 0.284476 0.137904 0.031521 0.078802
0 0.324665 0.137904 0.031521 0.078802
0 0.360914 0.137904 0.031521 0.078802
0 0.396375 0.137904 0.031521 0.078802
0 0.430260 0.137904 0.031521 0.078802
0 0.467297 0.137904 0.031521 0.078802
0 0.520883 0.137904 0.031521 0.078802
0 0.552403 0.137904 0.031521 0.078802
0 0.584712 0.137904 0.031521 0.078802
0 0.620173 0.137904 0.031521 0.078802
0 0.656422 0.137904 0.031521 0.078802
0 0.704492 0.137904 0.031521 0.078802
0 0.743893 0.137904 0.031521 0.078802
0 0.784870 0.137904 0.031521 0.078802
0 0.862096 0.200158 0.078802 0.031521
0 0.862096 0.241135 0.078802 0.031521
0 0.862096 0.280536 0.078802 0.031521
0 0.862096 0.323089 0.078802 0.031521
0 0.862096 0.359338 0.078802 0.031521
0 0.862096 0.402679 0.078802 0.031521
0 0.862096 0.436564 0.078802 0.031521
0 0.862096 0.467297 0.078802 0.031521
0 0.862096 0.517730 0.078802 0.031521
0 0.862096 0.557132 0.078802 0.031521
0 0.862096 0.590229 0.078802 0.031521
0 0.862096 0.625690 0.078802 0.031521
0 0.862096 0.662727 0.078802 0.031521
0 0.862096 0.710796 0.078802 0.031521
0 0.862096 0.750985 0.078802 0.031521
0 0.862096 0.791174 0.078802 0.031521
0 0.790386 0.862096 0.031521 0.078802
0 0.747833 0.862096 0.031521 0.078802
0 0.706856 0.862096 0.031521 0.078802
0 0.667455 0.862096 0.031521 0.078802
0 0.631206 0.862096 0.031521 0.078802
0 0.595745 0.862096 0.031521 0.078802
0 0.561072 0.862096 0.031521 0.078802
0 0.524823 0.862096 0.031521 0.078802
0 0.480693 0.862096 0.031521 0.078802
0 0.446809 0.862096 0.031521 0.078802
0 0.413712 0.862096 0.031521 0.078802
0 0.368006 0.862096 0.031521 0.078802
0 0.330181 0.862096 0.031521 0.078802
0 0.289992 0.862096 0.031521 0.078802
0 0.249015 0.862096 0.031521 0.078802
0 0.207250 0.862096 0.031521 0.078802
0 0.137904 0.793538 0.078802 0.031521
0 0.137904 0.752561 0.078802 0.031521
0 0.137904 0.703704 0.078802 0.031521
0 0.137904 0.661939 0.078802 0.031521
0 0.137904 0.622537 0.078802 0.031521
0 0.137904 0.586288 0.078802 0.031521
0 0.137904 0.550827 0.078802 0.031521
0 0.137904 0.514578 0.078802 0.031521
0 0.137904 0.474389 0.078802 0.031521
0 0.137904 0.437352 0.078802 0.031521
0 0.137904 0.403467 0.078802 0.031521
0 0.137904 0.368006 0.078802 0.031521
0 0.137904 0.334909 0.078802 0.031521
0 0.137904 0.292356 0.078802 0.031521
0 0.137904 0.241923 0.078802 0.031521
0 0.137904 0.201734 0.078802 0.031521
0 0.211190 0.147360 0.031521 0.078802
0 0.250591 0.147360 0.031521 0.078802
0 0.287628 0.147360 0.031521 0.078802
0 0.326241 0.147360 0.031521 0.078802
0 0.360914 0.147360 0.031521 0.078802
0 0.394799 0.147360 0.031521 0.078802
0 0.430260 0.147360 0.031521 0.078802
0 0.466509 0.147360 0.031521 0.078802
0 0.520883 0.147360 0.031521 0.078802
0 0.550827 0.147360 0.031521 0.078802
0 0.582348 0.147360 0.031521 0.078802
0 0.615445 0.147360 0.031521 0.078802
0 0.649330 0.147360 0.031521 0.078802
0 0.698188 0.147360 0.031521 0.078802
0 0.735225 0.147360 0.031521 0.078802
0 0.772262 0.147360 0.031521 0.078802
0 0.852640 0.204098 0.078802 0.031521
0 0.852640 0.243499 0.078802 0.031521
0 0.852640 0.281324 0.078802 0.031521
0 0.852640 0.323877 0.078802 0.031521
0 0.852640 0.358550 0.078802 0.031521
0 0.852640 0.403467 0.078802 0.031521
0 0.852640 0.434988 0.078802 0.031521
0 0.852640 0.464933 0.078802 0.031521
0 0.852640 0.516942 0.078802 0.031521
0 0.852640 0.557132 0.078802 0.031521
0 0.852640 0.588652 0.078802 0.031521
0 0.852640 0.622537 0.078802 0.031521
0 0.852640 0.657998 0.078802 0.031521
0 0.852640 0.706856 0.078802 0.031521
0 0.852640 0.744681 0.078802 0.031521
0 0.781718 0.852640 0.031521 0.078802
0 0.739165 0.852640 0.031521 0.078802
0 0.699764 0.852640 0.031521 0.078802
0 0.661939 0.852640 0.031521 0.078802
0 0.628842 0.852640 0.031521 0.078802
0 0.594169 0.852640 0.031521 0.078802
0 0.561072 0.852640 0.031521 0.078802
0 0.524035 0.852640 0.031521 0.078802
0 0.481481 0.852640 0.031521 0.078802
0 0.448385 0.852640 0.031521 0.078802
0 0.416076 0.852640 0.031521 0.078802
0 0.369582 0.852640 0.031521 0.078802
0 0.332545 0.852640 0.031521 0.078802
0 0.293144 0.852640 0.031521 0.078802
0 0.253743 0.852640 0.031521 0.078802
0 0.213554 0.852640 0.031521 0.078802
0 0.147360 0.785658 0.078802 0.031521
0 0.147360 0.746257 0.078802 0.031521
0 0.147360 0.693459 0.078802 0.031521
0 0.147360 0.655634 0.078802 0.031521
0 0.147360 0.617809 0.078802 0.031521
0 0.147360 0.583924 0.078802 0.031521
0 0.147360 0.547675 0.078802 0.031521
0 0.147360 0.511426 0.078802 0.031521
0 0.147360 0.472025 0.078802 0.031521
0 0.147360 0.435776 0.078802 0.031521
0 0.147360 0.403467 0.078802 0.031521
0 0.147360 0.369582 0.078802 0.031521
0 0.147360 0.337273 0.078802 0.031521
0 0.147360 0.295508 0.078802 0.031521
0 0.147360 0.245075 0.078802 0.031521
0 0.147360 0.206462 0.078802 0.031521
0 0.214342 0.152088 0.031521 0.078802
0 0.252955 0.152088 0.031521 0.078802
0 0.289204 0.152088 0.031521 0.078802
0 0.327029 0.152088 0.031521 0.078802
0 0.360126 0.152088 0.031521 0.078802
0 0.394011 0.152088 0.031521 0.078802
0 0.429472 0.152088 0.031521 0.078802
0 0.465721 0.152088 0.031521 0.078802
0 0.520883 0.152088 0.031521 0.078802
0 0.550039 0.152088 0.031521 0.078802
0 0.580772 0.152088 0.031521 0.078802
0 0.612293 0.152088 0.031521 0.078802
0 0.645390 0.152088 0.031521 0.078802
0 0.695035 0.152088 0.031521 0.078802
0 0.729708 0.152088 0.031521 0.078802
0 0.766745 0.152088 0.031521 0.078802
0 0.847912 0.206462 0.078802 0.031521
0 0.847912 0.245075 0.078802 0.031521
0 0.847912 0.282112 0.078802 0.031521
0 0.847912 0.324665 0.078802 0.031521
0 0.847912 0.358550 0.078802 0.031521
0 0.847912 0.402679 0.078802 0.031521
0 0.847912 0.434200 0.078802 0.031521
0 0.847912 0.464145 0.078802 0.031521
0 0.847912 0.516942 0.078802 0.031521
0 0.847912 0.557132 0.078802 0.031521
0 0.847912 0.587864 0.078802 0.031521
0 0.847912 0.620961 0.078802 0.031521
0 0.847912 0.655634 0.078802 0.031521
0 0.847912 0.704492 0.078802 0.031521
0 0.847912 0.742317 0.078802 0.031521
0 0.847912 0.780142 0.078802 0.031521
0 0.776202 0.847912 0.031521 0.078802
0 0.734437 0.847912 0.031521 0.078802
0 0.695823 0.847912 0.031521 0.078802
0 0.659574 0.847912 0.031521 0.078802
0 0.627266 0.847912 0.031521 0.078802
0 0.592593 0.847912 0.031521 0.078802
0 0.561860 0.847912 0.031521 0.078802
0 0.523247 0.847912 0.031521 0.078802
0 0.481481 0.847912 0.031521 0.078802
0 0.448385 0.847912 0.031521 0.078802
0 0.417652 0.847912 0.031521 0.078802
0 0.370370 0.847912 0.031521 0.078802
0 0.334121 0.847912 0.031521 0.078802
0 0.295508 0.847912 0.031521 0.078802
0 0.255319 0.847912 0.031521 0.078802
0 0.216706 0.847912 0.031521 0.078802
0 0.152088 0.781718 0.078802 0.031521
0 0.152088 0.743105 0.078802 0.031521
0 0.152088 0.689519 0.078802 0.031521
0 0.152088 0.651694 0.078802 0.031521
0 0.152088 0.581560 0.078802 0.031521
0 0.152088 0.546099 0.078802 0.031521
0 0.152088 0.509850 0.078802 0.031521
0 0.152088 0.471237 0.078802 0.031521
0 0.152088 0.403467 0.078802 0.031521
0 0.152088 0.370370 0.078802 0.031521
0 0.152088 0.338849 0.078802 0.031521
0 0.152088 0.297872 0.078802 0.031521
0 0.152088 0.246651 0.078802 0.031521
0 0.152088 0.209614 0.078802 0.031521
0 0.217494 0.156816 0.031521 0.078802
0 0.255319 0.156816 0.031521 0.078802
0 0.291568 0.156816 0.031521 0.078802
0 0.360914 0.156816 0.031521 0.078802
0 0.393223 0.156816 0.031521 0.078802
0 0.429472 0.156816 0.031521 0.078802
0 0.465721 0.156816 0.031521 0.078802
0 0.520883 0.156816 0.031521 0.078802
0 0.549251 0.156816 0.031521 0.078802
0 0.579196 0.156816 0.031521 0.078802
0 0.609929 0.156816 0.031521 0.078802
0 0.642238 0.156816 0.031521 0.078802
0 0.691095 0.156816 0.031521 0.078802
0 0.725768 0.156816 0.031521 0.078802
0 0.760441 0.156816 0.031521 0.078802
0 0.843184 0.208826 0.078802 0.031521
0 0.843184 0.246651 0.078802 0.031521
0 0.843184 0.282112 0.078802 0.031521
0 0.843184 0.324665 0.078802 0.031521
0 0.843184 0.358550 0.078802 0.031521
0 0.843184 0.403467 0.078802 0.031521
0 0.843184 0.434200 0.078802 0.031521
0 0.843184 0.462569 0.078802 0.031521
0 0.843184 0.516942 0.078802 0.031521
0 0.843184 0.556344 0.078802 0.031521
0 0.843184 0.587076 0.078802 0.031521
0 0.843184 0.619385 0.078802 0.031521
0 0.843184 0.653270 0.078802 0.031521
0 0.843184 0.702916 0.078802 0.031521
0 0.843184 0.738377 0.078802 0.031521
0 0.843184 0.776202 0.078802 0.031521
0 0.770686 0.843184 0.031521 0.078802
0 0.729708 0.843184 0.031521 0.078802
0 0.692671 0.843184 0.031521 0.078802
0 0.657210 0.843184 0.031521 0.078802
0 0.625690 0.843184 0.031521 0.078802
0 0.592593 0.843184 0.031521 0.078802
0 0.561860 0.843184 0.031521 0.078802
0 0.523247 0.843184 0.031521 0.078802
0 0.481481 0.843184 0.031521 0.078802
0 0.449173 0.843184 0.031521 0.078802
0 0.418440 0.843184 0.031521 0.078802
0 0.371158 0.843184 0.031521 0.078802
0 0.334909 0.843184 0.031521 0.078802
0 0.297084 0.843184 0.031521 0.078802
0 0.257683 0.843184 0.031521 0.078802
0 0.219858 0.843184 0.031521 0.078802
0 0.156816 0.776990 0.078802 0.031521
0 0.156816 0.739953 0.078802 0.031521
0 0.156816 0.685579 0.078802 0.031521
0 0.156816 0.648542 0.078802 0.031521
0 0.156816 0.613081 0.078802 0.031521
0 0.156816 0.579984 0.078802 0.031521
0 0.156816 0.543735 0.078802 0.031521
0 0.156816 0.509062 0.078802 0.031521
0 0.156816 0.470449 0.078802 0.031521
0 0.156816 0.434200 0.078802 0.031521
0 0.156816 0.403467 0.078802 0.031521
0 0.156816 0.371158 0.078802 0.031521
0 0.156816 0.339638 0.078802 0.031521
0 0.156816 0.299448 0.078802 0.031521
0 0.156816 0.248227 0.078802 0.031521
0 0.156816 0.211978 0.078802 0.031521
0 0.220646 0.161545 0.031521 0.078802
0 0.257683 0.161545 0.031521 0.078802
0 0.292356 0.161545 0.031521 0.078802
0 0.327817 0.161545 0.031521 0.078802
0 0.360914 0.161545 0.031521 0.078802
0 0.392435 0.161545 0.031521 0.078802
0 0.428684 0.161545 0.031521 0.078802
0 0.465721 0.161545 0.031521 0.078802
0 0.520883 0.161545 0.031521 0.078802
0 0.548463 0.161545 0.031521 0.078802
0 0.577620 0.161545 0.031521 0.078802
0 0.607565 0.161545 0.031521 0.078802
0 0.638298 0.161545 0.031521 0.078802
0 0.687943 0.161545 0.031521 0.078802
0 0.721040 0.161545 0.031521 0.078802
0 0.754925 0.161545 0.031521 0.078802
0 0.838455 0.210402 0.078802 0.031521
0 0.838455 0.247439 0.078802 0.031521
0 0.838455 0.282900 0.078802 0.031521
0 0.838455 0.325453 0.078802 0.031521
0 0.838455 0.357762 0.078802 0.031521
0 0.838455 0.402679 0.078802 0.031521
0 0.838455 0.433412 0.078802 0.031521
0 0.838455 0.461781 0.078802 0.031521
0 0.838455 0.516942 0.078802 0.031521
0 0.838455 0.556344 0.078802 0.031521
0 0.838455 0.587076 0.078802 0.031521
0 0.838455 0.617809 0.078802 0.031521
0 0.838455 0.650906 0.078802 0.031521
0 0.838455 0.700552 0.078802 0.031521
0 0.838455 0.736013 0.078802 0.031521
0 0.838455 0.772262 0.078802 0.031521
0 0.765957 0.838455 0.031521 0.078802
0 0.726556 0.838455 0.031521 0.078802
0 0.689519 0.838455 0.031521 0.078802
0 0.655634 0.838455 0.031521 0.078802
0 0.624901 0.838455 0.031521 0.078802
0 0.591805 0.838455 0.031521 0.078802
0 0.562648 0.838455 0.031521 0.078802
0 0.523247 0.838455 0.031521 0.078802
0 0.482270 0.838455 0.031521 0.078802
0 0.449961 0.838455 0.031521 0.078802
0 0.420016 0.838455 0.031521 0.078802
0 0.371158 0.838455 0.031521 0.078802
0 0.336485 0.838455 0.031521 0.078802
0 0.299448 0.838455 0.031521 0.078802
0 0.259259 0.838455 0.031521 0.078802
0 0.223010 0.838455 0.031521 0.078802
0 0.161545 0.773838 0.078802 0.031521
0 0.161545 0.736013 0.078802 0.031521
0 0.161545 0.680851 0.078802 0.031521
0 0.161545 0.645390 0.078802 0.031521
0 0.161545 0.609929 0.078802 0.031521
0 0.161545 0.578408 0.078802 0.031521
0 0.161545 0.542159 0.078802 0.031521
0 0.161545 0.507486 0.078802 0.031521
0 0.161545 0.469661 0.078802 0.031521
0 0.161545 0.433412 0.078802 0.031521
0 0.161545 0.403467 0.078802 0.031521
0 0.161545 0.371946 0.078802 0.031521
0 0.161545 0.341214 0.078802 0.031521
0 0.161545 0.301024 0.078802 0.031521
0 0.161545 0.249803 0.078802 0.031521
0 0.161545 0.215130 0.078802 0.031521
0 0.223798 0.166273 0.031521 0.078802
0 0.260047 0.166273 0.031521 0.078802
0 0.294720 0.166273 0.031521 0.078802
0 0.328605 0.166273 0.031521 0.078802
0 0.360914 0.166273 0.031521 0.078802
0 0.391647 0.166273 0.031521 0.078802
0 0.428684 0.166273 0.031521 0.078802
0 0.464933 0.166273 0.031521 0.078802
0 0.520883 0.166273 0.031521 0.078802
0 0.547675 0.166273 0.031521 0.078802
0 0.576044 0.166273 0.031521 0.078802
0 0.605201 0.166273 0.031521 0.078802
0 0.635146 0.166273 0.031521 0.078802
0 0.684791 0.166273 0.031521 0.078802
0 0.717100 0.166273 0.031521 0.078802
0 0.748621 0.166273 0.031521 0.078802
0 0.833727 0.213554 0.078802 0.031521
0 0.833727 0.249015 0.078802 0.031521
0 0.833727 0.283688 0.078802 0.031521
0 0.833727 0.326241 0.078802 0.031521
0 0.833727 0.357762 0.078802 0.031521
0 0.833727 0.403467 0.078802 0.031521
0 0.833727 0.432624 0.078802 0.031521
0 0.833727 0.460205 0.078802 0.031521
0 0.833727 0.516942 0.078802 0.031521
0 0.833727 0.556344 0.078802 0.031521
0 0.833727 0.586288 0.078802 0.031521
0 0.833727 0.616233 0.078802 0.031521
0 0.833727 0.648542 0.078802 0.031521
0 0.833727 0.698976 0.078802 0.031521
0 0.833727 0.732861 0.078802 0.031521
0 0.833727 0.768322 0.078802 0.031521
0 0.762017 0.833727 0.031521 0.078802
0 0.721828 0.833727 0.031521 0.078802
0 0.686367 0.833727 0.031521 0.078802
0 0.653270 0.833727 0.031521 0.078802
0 0.623325 0.833727 0.031521 0.078802
0 0.591805 0.833727 0.031521 0.078802
0 0.562648 0.833727 0.031521 0.078802
0 0.522459 0.833727 0.031521 0.078802
0 0.482270 0.833727 0.031521 0.078802
0 0.449961 0.833727 0.031521 0.078802
0 0.420804 0.833727 0.031521 0.078802
0 0.371946 0.833727 0.031521 0.078802
0 0.337273 0.833727 0.031521 0.078802
0 0.301024 0.833727 0.031521 0.078802
0 0.262411 0.833727 0.031521 0.078802
0 0.226162 0.833727 0.031521 0.078802
0 0.166273 0.769898 0.078802 0.031521
0 0.166273 0.733649 0.078802 0.031521
0 0.166273 0.676911 0.078802 0.031521
0 0.166273 0.642238 0.078802 0.031521
0 0.166273 0.607565 0.078802 0.031521
0 0.166273 0.576044 0.078802 0.031521
0 0.166273 0.540583 0.078802 0.031521
0 0.166273 0.505910 0.078802 0.031521
0 0.166273 0.468873 0.078802 0.031521
0 0.166273 0.433412 0.078802 0.031521
0 0.166273 0.403467 0.078802 0.031521
0 0.166273 0.373522 0.078802 0.031521
0 0.166273 0.342790 0.078802 0.031521
0 0.166273 0.297084 0.078802 0.031521
0 0.166273 0.251379 0.078802 0.031521
0 0.166273 0.217494 0.078802 0.031521
0 0.208826 0.142632 0.031521 0.078802
0 0.248227 0.142632 0.031521 0.078802
0 0.286052 0.142632 0.031521 0.078802
0 0.325453 0.142632 0.031521 0.078802
0 0.360914 0.142632 0.031521 0.078802
0 0.395587 0.142632 0.031521 0.078802
0 0.430260 0.142632 0.031521 0.078802
0 0.467297 0.142632 0.031521 0.078802
0 0.520883 0.142632 0.031521 0.078802
0 0.551615 0.142632 0.031521 0.078802
0 0.583136 0.142632 0.031521 0.078802
0 0.617809 0.142632 0.031521 0.078802
0 0.653270 0.142632 0.031521 0.078802
0 0.701340 0.142632 0.031521 0.078802
0 0.739953 0.142632 0.031521 0.078802
0 0.778566 0.142632 0.031521 0.078802
0 0.857368 0.202522 0.078802 0.031521
0 0.857368 0.241923 0.078802 0.031521
0 0.857368 0.280536 0.078802 0.031521
0 0.857368 0.323877 0.078802 0.031521
0 0.857368 0.359338 0.078802 0.031521
0 0.857368 0.402679 0.078802 0.031521
0 0.857368 0.435776 0.078802 0.031521
0 0.857368 0.465721 0.078802 0.031521
0 0.857368 0.517730 0.078802 0.031521
0 0.857368 0.557132 0.078802 0.031521
0 0.857368 0.589441 0.078802 0.031521
0 0.857368 0.624113 0.078802 0.031521
0 0.857368 0.660362 0.078802 0.031521
0 0.857368 0.708432 0.078802 0.031521
0 0.857368 0.747045 0.078802 0.031521
0 0.857368 0.787234 0.078802 0.031521
0 0.786446 0.857368 0.031521 0.078802
0 0.743105 0.857368 0.031521 0.078802
0 0.702916 0.857368 0.031521 0.078802
0 0.664303 0.857368 0.031521 0.078802
0 0.629630 0.857368 0.031521 0.078802
0 0.594957 0.857368 0.031521 0.078802
0 0.561072 0.857368 0.031521 0.078802
0 0.524035 0.857368 0.031521 0.078802
0 0.481481 0.857368 0.031521 0.078802
0 0.447597 0.857368 0.031521 0.078802
0 0.414500 0.857368 0.031521 0.078802
0 0.368794 0.857368 0.031521 0.078802
0 0.330969 0.857368 0.031521 0.078802
0 0.291568 0.857368 0.031521 0.078802
0 0.260047 0.857368 0.031521 0.078802
0 0.210402 0.857368 0.031521 0.078802
0 0.142632 0.789598 0.078802 0.031521
0 0.142632 0.749409 0.078802 0.031521
0 0.142632 0.697400 0.078802 0.031521
0 0.142632 0.658786 0.078802 0.031521
0 0.142632 0.620173 0.078802 0.031521
0 0.142632 0.585500 0.078802 0.031521
0 0.142632 0.549251 0.078802 0.031521
0 0.142632 0.513002 0.078802 0.031521
0 0.142632 0.472813 0.078802 0.031521
0 0.142632 0.436564 0.078802 0.031521
0 0.142632 0.403467 0.078802 0.031521
0 0.142632 0.368794 0.078802 0.031521
0 0.142632 0.336485 0.078802 0.031521
0 0.142632 0.293932 0.078802 0.031521
0 0.142632 0.255319 0.078802 0.031521
0 0.142632 0.204098 0.078802 0.031521
