0 0.203310 0.138692 0.031521 0.078802
0 0.245075 0.138692 0.031521 0.078802
0 0.284476 0.138692 0.031521 0.078802
0 0.323877 0.138692 0.031521 0.078802
0 0.360126 0.138692 0.031521 0.078802
0 0.395587 0.138692 0.031521 0.078802
0 0.429472 0.138692 0.031521 0.078802
0 0.466509 0.138692 0.031521 0.078802
0 0.520095 0.138692 0.031521 0.078802
0 0.551615 0.138692 0.031521 0.078802
0 0.584712 0.138692 0.031521 0.078802
0 0.619385 0.138692 0.031521 0.078802
0 0.654846 0.138692 0.031521 0.078802
0 0.703704 0.138692 0.031521 0.078802
0 0.743105 0.138692 0.031521 0.078802
0 0.783294 0.138692 0.031521 0.078802
0 0.861308 0.200946 0.078802 0.031521
0 0.861308 0.241135 0.078802 0.031521
0 0.861308 0.279748 0.078802 0.031521
0 0.861308 0.323089 0.078802 0.031521
0 0.861308 0.359338 0.078802 0.031521
0 0.861308 0.402679 0.078802 0.031521
0 0.861308 0.435776 0.078802 0.031521
0 0.861308 0.465721 0.078802 0.031521
0 0.861308 0.516942 0.078802 0.031521
0 0.861308 0.557920 0.078802 0.031521
0 0.861308 0.589441 0.078802 0.031521
0 0.861308 0.625690 0.078802 0.031521
0 0.861308 0.663515 0.078802 0.031521
0 0.861308 0.710796 0.078802 0.031521
0 0.861308 0.750985 0.078802 0.031521
0 0.861308 0.789598 0.078802 0.031521
0 0.788810 0.861308 0.031521 0.078802
0 0.745469 0.861308 0.031521 0.078802
0 0.703704 0.861308 0.031521 0.078802
0 0.665091 0.861308 0.031521 0.078802
0 0.629630 0.861308 0.031521 0.078802
0 0.594957 0.861308 0.031521 0.078802
0 0.559496 0.861308 0.031521 0.078802
0 0.523247 0.861308 0.031521 0.078802
0 0.480693 0.861308 0.031521 0.078802
0 0.446020 0.861308 0.031521 0.078802
0 0.412136 0.861308 0.031521 0.078802
0 0.367218 0.861308 0.031521 0.078802
0 0.328605 0.861308 0.031521 0.078802
0 0.288416 0.861308 0.031521 0.078802
0 0.248227 0.861308 0.031521 0.078802
0 0.207250 0.861308 0.031521 0.078802
0 0.138692 0.793538 0.078802 0.031521
0 0.138692 0.752561 0.078802 0.031521
0 0.138692 0.702128 0.078802 0.031521
0 0.138692 0.661151 0.078802 0.031521
0 0.138692 0.622537 0.078802 0.031521
0 0.138692 0.584712 0.078802 0.031521
0 0.138692 0.549251 0.078802 0.031521
0 0.138692 0.513790 0.078802 0.031521
0 0.138692 0.473601 0.078802 0.031521
0 0.138692 0.436564 0.078802 0.031521
0 0.138692 0.401891 0.078802 0.031521
0 0.138692 0.368006 0.078802 0.031521
0 0.138692 0.334909 0.078802 0.031521
0 0.138692 0.292356 0.078802 0.031521
0 0.138692 0.241923 0.078802 0.031521
0 0.138692 0.202522 0.078802 0.031521
0 0.209614 0.148148 0.031521 0.078802
0 0.249015 0.148148 0.031521 0.078802
0 0.286840 0.148148 0.031521 0.078802
0 0.325453 0.148148 0.031521 0.078802
0 0.359338 0.148148 0.031521 0.078802
0 0.394011 0.148148 0.031521 0.078802
0 0.428684 0.148148 0.031521 0.078802
0 0.464933 0.148148 0.031521 0.078802
0 0.519307 0.148148 0.031521 0.078802
0 0.550039 0.148148 0.031521 0.078802
0 0.581560 0.148148 0.031521 0.078802
0 0.613869 0.148148 0.031521 0.078802
0 0.646966 0.148148 0.031521 0.078802
0 0.697400 0.148148 0.031521 0.078802
0 0.733649 0.148148 0.031521 0.078802
0 0.771474 0.148148 0.031521 0.078802
0 0.851852 0.204886 0.078802 0.031521
0 0.851852 0.242711 0.078802 0.031521
0 0.851852 0.280536 0.078802 0.031521
0 0.851852 0.323877 0.078802 0.031521
0 0.851852 0.358550 0.078802 0.031521
0 0.851852 0.402679 0.078802 0.031521
0 0.851852 0.434200 0.078802 0.031521
0 0.851852 0.463357 0.078802 0.031521
0 0.851852 0.516154 0.078802 0.031521
0 0.851852 0.557132 0.078802 0.031521
0 0.851852 0.587076 0.078802 0.031521
0 0.851852 0.621749 0.078802 0.031521
0 0.851852 0.657998 0.078802 0.031521
0 0.851852 0.706068 0.078802 0.031521
0 0.851852 0.744681 0.078802 0.031521
0 0.851852 0.781718 0.078802 0.031521
0 0.777778 0.851852 0.031521 0.078802
0 0.736013 0.851852 0.031521 0.078802
0 0.695823 0.851852 0.031521 0.078802
0 0.660362 0.851852 0.031521 0.078802
0 0.627266 0.851852 0.031521 0.078802
0 0.593381 0.851852 0.031521 0.078802
0 0.559496 0.851852 0.031521 0.078802
0 0.522459 0.851852 0.031521 0.078802
0 0.480693 0.851852 0.031521 0.078802
0 0.446809 0.851852 0.031521 0.078802
0 0.414500 0.851852 0.031521 0.078802
0 0.368794 0.851852 0.031521 0.078802
0 0.330969 0.851852 0.031521 0.078802
0 0.291568 0.851852 0.031521 0.078802
0 0.252167 0.851852 0.031521 0.078802
0 0.212766 0.851852 0.031521 0.078802
0 0.148148 0.784870 0.078802 0.031521
0 0.148148 0.745469 0.078802 0.031521
0 0.148148 0.692671 0.078802 0.031521
0 0.148148 0.654058 0.078802 0.031521
0 0.148148 0.617021 0.078802 0.031521
0 0.148148 0.579984 0.078802 0.031521
0 0.148148 0.545311 0.078802 0.031521
0 0.148148 0.509850 0.078802 0.031521
0 0.148148 0.471237 0.078802 0.031521
0 0.148148 0.434200 0.078802 0.031521
0 0.148148 0.401891 0.078802 0.031521
0 0.148148 0.368006 0.078802 0.031521
0 0.148148 0.336485 0.078802 0.031521
0 0.148148 0.295508 0.078802 0.031521
0 0.148148 0.244287 0.078802 0.031521
0 0.148148 0.208038 0.078802 0.031521
0 0.212766 0.152876 0.031521 0.078802
0 0.251379 0.152876 0.031521 0.078802
0 0.288416 0.152876 0.031521 0.078802
0 0.325453 0.152876 0.031521 0.078802
0 0.359338 0.152876 0.031521 0.078802
0 0.392435 0.152876 0.031521 0.078802
0 0.428684 0.152876 0.031521 0.078802
0 0.464145 0.152876 0.031521 0.078802
0 0.519307 0.152876 0.031521 0.078802
0 0.548463 0.152876 0.031521 0.078802
0 0.579984 0.152876 0.031521 0.078802
0 0.610717 0.152876 0.031521 0.078802
0 0.643026 0.152876 0.031521 0.078802
0 0.693459 0.152876 0.031521 0.078802
0 0.728920 0.152876 0.031521 0.078802
0 0.764381 0.152876 0.031521 0.078802
0 0.847124 0.206462 0.078802 0.031521
0 0.847124 0.244287 0.078802 0.031521
0 0.847124 0.280536 0.078802 0.031521
0 0.847124 0.323877 0.078802 0.031521
0 0.847124 0.356974 0.078802 0.031521
0 0.847124 0.402679 0.078802 0.031521
0 0.847124 0.433412 0.078802 0.031521
0 0.847124 0.461781 0.078802 0.031521
0 0.847124 0.516154 0.078802 0.031521
0 0.847124 0.556344 0.078802 0.031521
0 0.847124 0.586288 0.078802 0.031521
0 0.847124 0.619385 0.078802 0.031521
0 0.847124 0.655634 0.078802 0.031521
0 0.847124 0.703704 0.078802 0.031521
0 0.847124 0.741529 0.078802 0.031521
0 0.847124 0.777778 0.078802 0.031521
0 0.772262 0.847124 0.031521 0.078802
0 0.731284 0.847124 0.031521 0.078802
0 0.692671 0.847124 0.031521 0.078802
0 0.657998 0.847124 0.031521 0.078802
0 0.625690 0.847124 0.031521 0.078802
0 0.592593 0.847124 0.031521 0.078802
0 0.559496 0.847124 0.031521 0.078802
0 0.521671 0.847124 0.031521 0.078802
0 0.480693 0.847124 0.031521 0.078802
0 0.447597 0.847124 0.031521 0.078802
0 0.416076 0.847124 0.031521 0.078802
0 0.368794 0.847124 0.031521 0.078802
0 0.332545 0.847124 0.031521 0.078802
0 0.293932 0.847124 0.031521 0.078802
0 0.254531 0.847124 0.031521 0.078802
0 0.215918 0.847124 0.031521 0.078802
0 0.152876 0.780930 0.078802 0.031521
0 0.152876 0.742317 0.078802 0.031521
0 0.152876 0.688731 0.078802 0.031521
0 0.152876 0.650118 0.078802 0.031521
0 0.152876 0.614657 0.078802 0.031521
0 0.152876 0.578408 0.078802 0.031521
0 0.152876 0.543735 0.078802 0.031521
0 0.152876 0.508274 0.078802 0.031521
0 0.152876 0.470449 0.078802 0.031521
0 0.152876 0.433412 0.078802 0.031521
0 0.152876 0.401103 0.078802 0.031521
0 0.152876 0.369582 0.078802 0.031521
0 0.152876 0.337273 0.078802 0.031521
0 0.152876 0.297084 0.078802 0.031521
0 0.152876 0.245863 0.078802 0.031521
0 0.152876 0.211190 0.078802 0.031521
0 0.216706 0.157604 0.031521 0.078802
0 0.253743 0.157604 0.031521 0.078802
0 0.289204 0.157604 0.031521 0.078802
0 0.326241 0.157604 0.031521 0.078802
0 0.359338 0.157604 0.031521 0.078802
0 0.391647 0.157604 0.031521 0.078802
0 0.427896 0.157604 0.031521 0.078802
0 0.463357 0.157604 0.031521 0.078802
0 0.519307 0.157604 0.031521 0.078802
0 0.547675 0.157604 0.031521 0.078802
0 0.578408 0.157604 0.031521 0.078802
0 0.608353 0.157604 0.031521 0.078802
0 0.639874 0.157604 0.031521 0.078802
0 0.690307 0.157604 0.031521 0.078802
0 0.724980 0.157604 0.031521 0.078802
0 0.759653 0.157604 0.031521 0.078802
0 0.842396 0.208826 0.078802 0.031521
0 0.842396 0.245863 0.078802 0.031521
0 0.842396 0.281324 0.078802 0.031521
0 0.842396 0.323877 0.078802 0.031521
0 0.842396 0.356974 0.078802 0.031521
0 0.842396 0.402679 0.078802 0.031521
0 0.842396 0.432624 0.078802 0.031521
0 0.842396 0.460993 0.078802 0.031521
0 0.842396 0.515366 0.078802 0.031521
0 0.842396 0.555556 0.078802 0.031521
0 0.842396 0.585500 0.078802 0.031521
0 0.842396 0.617809 0.078802 0.031521
0 0.842396 0.653270 0.078802 0.031521
0 0.842396 0.701340 0.078802 0.031521
0 0.842396 0.738377 0.078802 0.031521
0 0.842396 0.773050 0.078802 0.031521
0 0.766745 0.842396 0.031521 0.078802
0 0.727344 0.842396 0.031521 0.078802
0 0.688731 0.842396 0.031521 0.078802
0 0.655634 0.842396 0.031521 0.078802
0 0.624113 0.842396 0.031521 0.078802
0 0.591805 0.842396 0.031521 0.078802
0 0.560284 0.842396 0.031521 0.078802
0 0.521671 0.842396 0.031521 0.078802
0 0.481481 0.842396 0.031521 0.078802
0 0.447597 0.842396 0.031521 0.078802
0 0.417652 0.842396 0.031521 0.078802
0 0.370370 0.842396 0.031521 0.078802
0 0.333333 0.842396 0.031521 0.078802
0 0.295508 0.842396 0.031521 0.078802
0 0.256895 0.842396 0.031521 0.078802
0 0.219070 0.842396 0.031521 0.078802
0 0.157604 0.776990 0.078802 0.031521
0 0.157604 0.739165 0.078802 0.031521
0 0.157604 0.684791 0.078802 0.031521
0 0.157604 0.646966 0.078802 0.031521
0 0.157604 0.612293 0.078802 0.031521
0 0.157604 0.576832 0.078802 0.031521
0 0.157604 0.542159 0.078802 0.031521
0 0.157604 0.506698 0.078802 0.031521
0 0.157604 0.468873 0.078802 0.031521
0 0.157604 0.432624 0.078802 0.031521
0 0.157604 0.401103 0.078802 0.031521
0 0.157604 0.369582 0.078802 0.031521
0 0.157604 0.338849 0.078802 0.031521
0 0.157604 0.298660 0.078802 0.031521
0 0.157604 0.248227 0.078802 0.031521
0 0.157604 0.212766 0.078802 0.031521
0 0.219070 0.162333 0.031521 0.078802
0 0.255319 0.162333 0.031521 0.078802
0 0.290780 0.162333 0.031521 0.078802
0 0.327029 0.162333 0.031521 0.078802
0 0.358550 0.162333 0.031521 0.078802
0 0.390859 0.162333 0.031521 0.078802
0 0.427896 0.162333 0.031521 0.078802
0 0.462569 0.162333 0.031521 0.078802
0 0.518519 0.162333 0.031521 0.078802
0 0.546887 0.162333 0.031521 0.078802
0 0.576832 0.162333 0.031521 0.078802
0 0.605989 0.162333 0.031521 0.078802
0 0.635934 0.162333 0.031521 0.078802
0 0.721040 0.162333 0.031521 0.078802
0 0.753349 0.162333 0.031521 0.078802
0 0.837667 0.211190 0.078802 0.031521
0 0.837667 0.246651 0.078802 0.031521
0 0.837667 0.281324 0.078802 0.031521
0 0.837667 0.325453 0.078802 0.031521
0 0.837667 0.356974 0.078802 0.031521
0 0.837667 0.402679 0.078802 0.031521
0 0.837667 0.431836 0.078802 0.031521
0 0.837667 0.459417 0.078802 0.031521
0 0.837667 0.515366 0.078802 0.031521
0 0.837667 0.555556 0.078802 0.031521
0 0.837667 0.583924 0.078802 0.031521
0 0.837667 0.616233 0.078802 0.031521
0 0.837667 0.650906 0.078802 0.031521
0 0.837667 0.698976 0.078802 0.031521
0 0.837667 0.735225 0.078802 0.031521
0 0.837667 0.769110 0.078802 0.031521
0 0.762017 0.837667 0.031521 0.078802
0 0.722616 0.837667 0.031521 0.078802
0 0.684791 0.837667 0.031521 0.078802
0 0.653270 0.837667 0.031521 0.078802
0 0.622537 0.837667 0.031521 0.078802
0 0.591017 0.837667 0.031521 0.078802
0 0.559496 0.837667 0.031521 0.078802
0 0.520883 0.837667 0.031521 0.078802
0 0.481481 0.837667 0.031521 0.078802
0 0.418440 0.837667 0.031521 0.078802
0 0.370370 0.837667 0.031521 0.078802
0 0.334909 0.837667 0.031521 0.078802
0 0.297084 0.837667 0.031521 0.078802
0 0.258471 0.837667 0.031521 0.078802
0 0.222222 0.837667 0.031521 0.078802
0 0.162333 0.772262 0.078802 0.031521
0 0.162333 0.736013 0.078802 0.031521
0 0.162333 0.680063 0.078802 0.031521
0 0.162333 0.643814 0.078802 0.031521
0 0.162333 0.609141 0.078802 0.031521
0 0.162333 0.574468 0.078802 0.031521
0 0.162333 0.539795 0.078802 0.031521
0 0.162333 0.505122 0.078802 0.031521
0 0.162333 0.468085 0.078802 0.031521
0 0.162333 0.431836 0.078802 0.031521
0 0.162333 0.401103 0.078802 0.031521
0 0.162333 0.369582 0.078802 0.031521
0 0.162333 0.339638 0.078802 0.031521
0 0.162333 0.300236 0.078802 0.031521
0 0.162333 0.249015 0.078802 0.031521
0 0.162333 0.215130 0.078802 0.031521
0 0.223010 0.167061 0.031521 0.078802
0 0.257683 0.167061 0.031521 0.078802
0 0.293144 0.167061 0.031521 0.078802
0 0.358550 0.167061 0.031521 0.078802
0 0.389283 0.167061 0.031521 0.078802
0 0.427896 0.167061 0.031521 0.078802
0 0.461781 0.167061 0.031521 0.078802
0 0.518519 0.167061 0.031521 0.078802
0 0.546099 0.167061 0.031521 0.078802
0 0.575256 0.167061 0.031521 0.078802
0 0.603625 0.167061 0.031521 0.078802
0 0.631994 0.167061 0.031521 0.078802
0 0.684003 0.167061 0.031521 0.078802
0 0.716312 0.167061 0.031521 0.078802
0 0.747045 0.167061 0.031521 0.078802
0 0.832939 0.248227 0.078802 0.031521
0 0.832939 0.282112 0.078802 0.031521
0 0.832939 0.324665 0.078802 0.031521
0 0.832939 0.356974 0.078802 0.031521
0 0.832939 0.402679 0.078802 0.031521
0 0.832939 0.431048 0.078802 0.031521
0 0.832939 0.458629 0.078802 0.031521
0 0.832939 0.515366 0.078802 0.031521
0 0.832939 0.555556 0.078802 0.031521
0 0.832939 0.583136 0.078802 0.031521
0 0.832939 0.614657 0.078802 0.031521
0 0.832939 0.648542 0.078802 0.031521
0 0.832939 0.696612 0.078802 0.031521
0 0.832939 0.732072 0.078802 0.031521
0 0.832939 0.765169 0.078802 0.031521
0 0.756501 0.832939 0.031521 0.078802
0 0.719464 0.832939 0.031521 0.078802
0 0.681639 0.832939 0.031521 0.078802
0 0.650906 0.832939 0.031521 0.078802
0 0.621749 0.832939 0.031521 0.078802
0 0.591017 0.832939 0.031521 0.078802
0 0.560284 0.832939 0.031521 0.078802
0 0.520883 0.832939 0.031521 0.078802
0 0.481481 0.832939 0.031521 0.078802
0 0.448385 0.832939 0.031521 0.078802
0 0.419228 0.832939 0.031521 0.078802
0 0.371158 0.832939 0.031521 0.078802
0 0.298660 0.832939 0.031521 0.078802
0 0.260835 0.832939 0.031521 0.078802
0 0.225374 0.832939 0.031521 0.078802
0 0.167061 0.768322 0.078802 0.031521
0 0.167061 0.732861 0.078802 0.031521
0 0.167061 0.676123 0.078802 0.031521
0 0.167061 0.640662 0.078802 0.031521
0 0.167061 0.606777 0.078802 0.031521
0 0.167061 0.572892 0.078802 0.031521
0 0.167061 0.538219 0.078802 0.031521
0 0.167061 0.503546 0.078802 0.031521
0 0.167061 0.467297 0.078802 0.031521
0 0.167061 0.431048 0.078802 0.031521
0 0.167061 0.400315 0.078802 0.031521
0 0.167061 0.370370 0.078802 0.031521
0 0.167061 0.334909 0.078802 0.031521
0 0.167061 0.301812 0.078802 0.031521
0 0.167061 0.250591 0.078802 0.031521
0 0.167061 0.218282 0.078802 0.031521
0 0.207250 0.143420 0.031521 0.078802
0 0.247439 0.143420 0.031521 0.078802
0 0.285264 0.143420 0.031521 0.078802
0 0.324665 0.143420 0.031521 0.078802
0 0.360126 0.143420 0.031521 0.078802
0 0.394799 0.143420 0.031521 0.078802
0 0.429472 0.143420 0.031521 0.078802
0 0.464933 0.143420 0.031521 0.078802
0 0.519307 0.143420 0.031521 0.078802
0 0.550827 0.143420 0.031521 0.078802
0 0.583136 0.143420 0.031521 0.078802
0 0.616233 0.143420 0.031521 0.078802
0 0.651694 0.143420 0.031521 0.078802
0 0.700552 0.143420 0.031521 0.078802
0 0.738377 0.143420 0.031521 0.078802
0 0.776990 0.143420 0.031521 0.078802
0 0.856580 0.202522 0.078802 0.031521
0 0.856580 0.241923 0.078802 0.031521
0 0.856580 0.279748 0.078802 0.031521
0 0.856580 0.323089 0.078802 0.031521
0 0.856580 0.358550 0.078802 0.031521
0 0.856580 0.402679 0.078802 0.031521
0 0.856580 0.434988 0.078802 0.031521
0 0.856580 0.464933 0.078802 0.031521
0 0.856580 0.516942 0.078802 0.031521
0 0.856580 0.557920 0.078802 0.031521
0 0.856580 0.587864 0.078802 0.031521
0 0.856580 0.623325 0.078802 0.031521
0 0.856580 0.661151 0.078802 0.031521
0 0.856580 0.708432 0.078802 0.031521
0 0.856580 0.747833 0.078802 0.031521
0 0.856580 0.785658 0.078802 0.031521
0 0.783294 0.856580 0.031521 0.078802
0 0.740741 0.856580 0.031521 0.078802
0 0.699764 0.856580 0.031521 0.078802
0 0.662727 0.856580 0.031521 0.078802
0 0.628842 0.856580 0.031521 0.078802
0 0.594169 0.856580 0.031521 0.078802
0 0.559496 0.856580 0.031521 0.078802
0 0.522459 0.856580 0.031521 0.078802
0 0.480693 0.856580 0.031521 0.078802
0 0.446020 0.856580 0.031521 0.078802
0 0.413712 0.856580 0.031521 0.078802
0 0.368006 0.856580 0.031521 0.078802
0 0.330181 0.856580 0.031521 0.078802
0 0.289992 0.856580 0.031521 0.078802
0 0.249803 0.856580 0.031521 0.078802
0 0.210402 0.856580 0.031521 0.078802
0 0.143420 0.788810 0.078802 0.031521
0 0.143420 0.749409 0.078802 0.031521
0 0.143420 0.697400 0.078802 0.031521
0 0.143420 0.657210 0.078802 0.031521
0 0.143420 0.620173 0.078802 0.031521
0 0.143420 0.582348 0.078802 0.031521
0 0.143420 0.547675 0.078802 0.031521
0 0.143420 0.511426 0.078802 0.031521
0 0.143420 0.472025 0.078802 0.031521
0 0.143420 0.434988 0.078802 0.031521
0 0.143420 0.401891 0.078802 0.031521
0 0.143420 0.368006 0.078802 0.031521
0 0.143420 0.335697 0.078802 0.031521
0 0.143420 0.293932 0.078802 0.031521
0 0.143420 0.243499 0.078802 0.031521
0 0.143420 0.205674 0.078802 0.031521
