0 0.203807 0.135607 0.031721 0.079302
0 0.244251 0.135607 0.031721 0.079302
0 0.283902 0.135607 0.031721 0.079302
0 0.324346 0.135607 0.031721 0.079302
0 0.360825 0.135607 0.031721 0.079302
0 0.396511 0.135607 0.031721 0.079302
0 0.429025 0.135607 0.031721 0.079302
0 0.465504 0.135607 0.031721 0.079302
0 0.518636 0.135607 0.031721 0.079302
0 0.551150 0.135607 0.031721 0.079302
0 0.585250 0.135607 0.031721 0.079302
0 0.619350 0.135607 0.031721 0.079302
0 0.655036 0.135607 0.031721 0.079302
0 0.703410 0.135607 0.031721 0.079302
0 0.743854 0.135607 0.031721 0.079302
0 0.786677 0.135607 0.031721 0.079302
0 0.864393 0.204600 0.079302 0.031721
0 0.864393 0.245837 0.079302 0.031721
0 0.864393 0.287074 0.079302 0.031721
0 0.864393 0.368755 0.079302 0.031721
0 0.864393 0.411578 0.079302 0.031721
0 0.864393 0.445678 0.079302 0.031721
0 0.864393 0.475020 0.079302 0.031721
0 0.864393 0.524187 0.079302 0.031721
0 0.864393 0.567010 0.079302 0.031721
0 0.864393 0.600317 0.079302 0.031721
0 0.864393 0.636796 0.079302 0.031721
0 0.864393 0.673275 0.079302 0.031721
0 0.864393 0.720856 0.079302 0.031721
0 0.864393 0.761301 0.079302 0.031721
0 0.864393 0.802538 0.079302 0.031721
0 0.789849 0.864393 0.031721 0.079302
0 0.745440 0.864393 0.031721 0.079302
0 0.704203 0.864393 0.031721 0.079302
0 0.666138 0.864393 0.031721 0.079302
0 0.630452 0.864393 0.031721 0.079302
0 0.595559 0.864393 0.031721 0.079302
0 0.560666 0.864393 0.031721 0.079302
0 0.521808 0.864393 0.031721 0.079302
0 0.478192 0.864393 0.031721 0.079302
0 0.444092 0.864393 0.031721 0.079302
0 0.409992 0.864393 0.031721 0.079302
0 0.363997 0.864393 0.031721 0.079302
0 0.326725 0.864393 0.031721 0.079302
0 0.285488 0.864393 0.031721 0.079302
0 0.245044 0.864393 0.031721 0.079302
0 0.205393 0.864393 0.031721 0.079302
0 0.135607 0.800159 0.079302 0.031721
0 0.135607 0.757335 0.079302 0.031721
0 0.135607 0.708961 0.079302 0.031721
0 0.135607 0.667724 0.079302 0.031721
0 0.135607 0.629659 0.079302 0.031721
0 0.135607 0.593973 0.079302 0.031721
0 0.135607 0.554322 0.079302 0.031721
0 0.135607 0.517843 0.079302 0.031721
0 0.135607 0.478985 0.079302 0.031721
0 0.135607 0.444092 0.079302 0.031721
0 0.135607 0.409199 0.079302 0.031721
0 0.135607 0.373513 0.079302 0.031721
0 0.135607 0.336241 0.079302 0.031721
0 0.135607 0.306899 0.079302 0.031721
0 0.135607 0.282316 0.079302 0.031721
0 0.135607 0.243458 0.079302 0.031721
0 0.135607 0.201427 0.079302 0.031721
0 0.209358 0.145123 0.031721 0.079302
0 0.249009 0.145123 0.031721 0.079302
0 0.287074 0.145123 0.031721 0.079302
0 0.325139 0.145123 0.031721 0.079302
0 0.360032 0.145123 0.031721 0.079302
0 0.394925 0.145123 0.031721 0.079302
0 0.429025 0.145123 0.031721 0.079302
0 0.463918 0.145123 0.031721 0.079302
0 0.517843 0.145123 0.031721 0.079302
0 0.548771 0.145123 0.031721 0.079302
0 0.581285 0.145123 0.031721 0.079302
0 0.613006 0.145123 0.031721 0.079302
0 0.647105 0.145123 0.031721 0.079302
0 0.695480 0.145123 0.031721 0.079302
0 0.734338 0.145123 0.031721 0.079302
0 0.774782 0.145123 0.031721 0.079302
0 0.854877 0.212530 0.079302 0.031721
0 0.854877 0.252181 0.079302 0.031721
0 0.854877 0.291832 0.079302 0.031721
0 0.854877 0.335448 0.079302 0.031721
0 0.854877 0.371134 0.079302 0.031721
0 0.854877 0.413957 0.079302 0.031721
0 0.854877 0.447264 0.079302 0.031721
0 0.854877 0.475020 0.079302 0.031721
0 0.854877 0.525773 0.079302 0.031721
0 0.854877 0.569389 0.079302 0.031721
0 0.854877 0.601110 0.079302 0.031721
0 0.854877 0.636003 0.079302 0.031721
0 0.854877 0.671689 0.079302 0.031721
0 0.854877 0.720063 0.079302 0.031721
0 0.854877 0.758128 0.079302 0.031721
0 0.854877 0.798573 0.079302 0.031721
0 0.778747 0.854877 0.031721 0.079302
0 0.735924 0.854877 0.031721 0.079302
0 0.697066 0.854877 0.031721 0.079302
0 0.661380 0.854877 0.031721 0.079302
0 0.627280 0.854877 0.031721 0.079302
0 0.593973 0.854877 0.031721 0.079302
0 0.560666 0.854877 0.031721 0.079302
0 0.521015 0.854877 0.031721 0.079302
0 0.478192 0.854877 0.031721 0.079302
0 0.444092 0.854877 0.031721 0.079302
0 0.411578 0.854877 0.031721 0.079302
0 0.364790 0.854877 0.031721 0.079302
0 0.328311 0.854877 0.031721 0.079302
0 0.289453 0.854877 0.031721 0.079302
0 0.249009 0.854877 0.031721 0.079302
0 0.211737 0.854877 0.031721 0.079302
0 0.145123 0.793814 0.079302 0.031721
0 0.145123 0.753370 0.079302 0.031721
0 0.145123 0.702617 0.079302 0.031721
0 0.145123 0.662966 0.079302 0.031721
0 0.145123 0.626487 0.079302 0.031721
0 0.145123 0.592387 0.079302 0.031721
0 0.145123 0.551943 0.079302 0.031721
0 0.145123 0.516257 0.079302 0.031721
0 0.145123 0.478985 0.079302 0.031721
0 0.145123 0.445678 0.079302 0.031721
0 0.145123 0.412371 0.079302 0.031721
0 0.145123 0.377478 0.079302 0.031721
0 0.145123 0.340206 0.079302 0.031721
0 0.145123 0.291832 0.079302 0.031721
0 0.145123 0.249009 0.079302 0.031721
0 0.145123 0.208565 0.079302 0.031721
0 0.212530 0.149881 0.031721 0.079302
0 0.251388 0.149881 0.031721 0.079302
0 0.288660 0.149881 0.031721 0.079302
0 0.326725 0.149881 0.031721 0.079302
0 0.360032 0.149881 0.031721 0.079302
0 0.394132 0.149881 0.031721 0.079302
0 0.428232 0.149881 0.031721 0.079302
0 0.463125 0.149881 0.031721 0.079302
0 0.517843 0.149881 0.031721 0.079302
0 0.547978 0.149881 0.031721 0.079302
0 0.578906 0.149881 0.031721 0.079302
0 0.609833 0.149881 0.031721 0.079302
0 0.642347 0.149881 0.031721 0.079302
0 0.692308 0.149881 0.031721 0.079302
0 0.728787 0.149881 0.031721 0.079302
0 0.769231 0.149881 0.031721 0.079302
0 0.850119 0.216495 0.079302 0.031721
0 0.850119 0.255353 0.079302 0.031721
0 0.850119 0.293418 0.079302 0.031721
0 0.850119 0.337034 0.079302 0.031721
0 0.850119 0.372720 0.079302 0.031721
0 0.850119 0.414750 0.079302 0.031721
0 0.850119 0.447264 0.079302 0.031721
0 0.850119 0.474227 0.079302 0.031721
0 0.850119 0.526566 0.079302 0.031721
0 0.850119 0.570182 0.079302 0.031721
0 0.850119 0.601903 0.079302 0.031721
0 0.850119 0.636003 0.079302 0.031721
0 0.850119 0.670896 0.079302 0.031721
0 0.850119 0.719270 0.079302 0.031721
0 0.850119 0.757335 0.079302 0.031721
0 0.850119 0.796987 0.079302 0.031721
0 0.772403 0.850119 0.031721 0.079302
0 0.731959 0.850119 0.031721 0.079302
0 0.692308 0.850119 0.031721 0.079302
0 0.659001 0.850119 0.031721 0.079302
0 0.625694 0.850119 0.031721 0.079302
0 0.593973 0.850119 0.031721 0.079302
0 0.560666 0.850119 0.031721 0.079302
0 0.520222 0.850119 0.031721 0.079302
0 0.478192 0.850119 0.031721 0.079302
0 0.444885 0.850119 0.031721 0.079302
0 0.413164 0.850119 0.031721 0.079302
0 0.364790 0.850119 0.031721 0.079302
0 0.329104 0.850119 0.031721 0.079302
0 0.290246 0.850119 0.031721 0.079302
0 0.251388 0.850119 0.031721 0.079302
0 0.214909 0.850119 0.031721 0.079302
0 0.149881 0.790642 0.079302 0.031721
0 0.149881 0.750991 0.079302 0.031721
0 0.149881 0.700238 0.079302 0.031721
0 0.149881 0.661380 0.079302 0.031721
0 0.149881 0.624901 0.079302 0.031721
0 0.149881 0.592387 0.079302 0.031721
0 0.149881 0.546392 0.079302 0.031721
0 0.149881 0.515464 0.079302 0.031721
0 0.149881 0.478192 0.079302 0.031721
0 0.149881 0.445678 0.079302 0.031721
0 0.149881 0.413164 0.079302 0.031721
0 0.149881 0.341792 0.079302 0.031721
0 0.149881 0.298969 0.079302 0.031721
0 0.149881 0.251388 0.079302 0.031721
0 0.149881 0.212530 0.079302 0.031721
0 0.215702 0.154639 0.031721 0.079302
0 0.252974 0.154639 0.031721 0.079302
0 0.289453 0.154639 0.031721 0.079302
0 0.326725 0.154639 0.031721 0.079302
0 0.360032 0.154639 0.031721 0.079302
0 0.392546 0.154639 0.031721 0.079302
0 0.427439 0.154639 0.031721 0.079302
0 0.463125 0.154639 0.031721 0.079302
0 0.517843 0.154639 0.031721 0.079302
0 0.546392 0.154639 0.031721 0.079302
0 0.576527 0.154639 0.031721 0.079302
0 0.606661 0.154639 0.031721 0.079302
0 0.638382 0.154639 0.031721 0.079302
0 0.687550 0.154639 0.031721 0.079302
0 0.724029 0.154639 0.031721 0.079302
0 0.762887 0.154639 0.031721 0.079302
0 0.845361 0.220460 0.079302 0.031721
0 0.845361 0.258525 0.079302 0.031721
0 0.845361 0.295797 0.079302 0.031721
0 0.845361 0.339413 0.079302 0.031721
0 0.845361 0.373513 0.079302 0.031721
0 0.845361 0.416336 0.079302 0.031721
0 0.845361 0.448057 0.079302 0.031721
0 0.845361 0.475020 0.079302 0.031721
0 0.845361 0.527359 0.079302 0.031721
0 0.845361 0.571768 0.079302 0.031721
0 0.845361 0.601903 0.079302 0.031721
0 0.845361 0.635210 0.079302 0.031721
0 0.845361 0.670103 0.079302 0.031721
0 0.845361 0.718477 0.079302 0.031721
0 0.845361 0.755749 0.079302 0.031721
0 0.845361 0.794607 0.079302 0.031721
0 0.767645 0.845361 0.031721 0.079302
0 0.727201 0.845361 0.031721 0.079302
0 0.689136 0.845361 0.031721 0.079302
0 0.656622 0.845361 0.031721 0.079302
0 0.624108 0.845361 0.031721 0.079302
0 0.592387 0.845361 0.031721 0.079302
0 0.515464 0.845361 0.031721 0.079302
0 0.478192 0.845361 0.031721 0.079302
0 0.444885 0.845361 0.031721 0.079302
0 0.413957 0.845361 0.031721 0.079302
0 0.364790 0.845361 0.031721 0.079302
0 0.329897 0.845361 0.031721 0.079302
0 0.291832 0.845361 0.031721 0.079302
0 0.252974 0.845361 0.031721 0.079302
0 0.218081 0.845361 0.031721 0.079302
0 0.154639 0.787470 0.079302 0.031721
0 0.154639 0.749405 0.079302 0.031721
0 0.154639 0.697066 0.079302 0.031721
0 0.154639 0.659794 0.079302 0.031721
0 0.154639 0.624108 0.079302 0.031721
0 0.154639 0.591594 0.079302 0.031721
0 0.154639 0.550357 0.079302 0.031721
0 0.154639 0.514671 0.079302 0.031721
0 0.154639 0.478192 0.079302 0.031721
0 0.154639 0.446471 0.079302 0.031721
0 0.154639 0.414750 0.079302 0.031721
0 0.154639 0.381443 0.079302 0.031721
0 0.154639 0.344171 0.079302 0.031721
0 0.154639 0.301348 0.079302 0.031721
0 0.154639 0.254560 0.079302 0.031721
0 0.218874 0.159397 0.031721 0.079302
0 0.255353 0.159397 0.031721 0.079302
0 0.291039 0.159397 0.031721 0.079302
0 0.327518 0.159397 0.031721 0.079302
0 0.360032 0.159397 0.031721 0.079302
0 0.391753 0.159397 0.031721 0.079302
0 0.427439 0.159397 0.031721 0.079302
0 0.462331 0.159397 0.031721 0.079302
0 0.517050 0.159397 0.031721 0.079302
0 0.545599 0.159397 0.031721 0.079302
0 0.574941 0.159397 0.031721 0.079302
0 0.604282 0.159397 0.031721 0.079302
0 0.634417 0.159397 0.031721 0.079302
0 0.684377 0.159397 0.031721 0.079302
0 0.719270 0.159397 0.031721 0.079302
0 0.756542 0.159397 0.031721 0.079302
0 0.840603 0.223632 0.079302 0.031721
0 0.840603 0.260904 0.079302 0.031721
0 0.840603 0.298176 0.079302 0.031721
0 0.840603 0.340999 0.079302 0.031721
0 0.840603 0.375099 0.079302 0.031721
0 0.840603 0.417922 0.079302 0.031721
0 0.840603 0.448850 0.079302 0.031721
0 0.840603 0.475020 0.079302 0.031721
0 0.840603 0.528152 0.079302 0.031721
0 0.840603 0.572561 0.079302 0.031721
0 0.840603 0.602696 0.079302 0.031721
0 0.840603 0.635210 0.079302 0.031721
0 0.840603 0.668517 0.079302 0.031721
0 0.840603 0.718477 0.079302 0.031721
0 0.840603 0.754163 0.079302 0.031721
0 0.840603 0.793021 0.079302 0.031721
0 0.761301 0.840603 0.031721 0.079302
0 0.721649 0.840603 0.031721 0.079302
0 0.685170 0.840603 0.031721 0.079302
0 0.591594 0.840603 0.031721 0.079302
0 0.561459 0.840603 0.031721 0.079302
0 0.478192 0.840603 0.031721 0.079302
0 0.445678 0.840603 0.031721 0.079302
0 0.414750 0.840603 0.031721 0.079302
0 0.365583 0.840603 0.031721 0.079302
0 0.330690 0.840603 0.031721 0.079302
0 0.293418 0.840603 0.031721 0.079302
0 0.255353 0.840603 0.031721 0.079302
0 0.222046 0.840603 0.031721 0.079302
0 0.159397 0.785091 0.079302 0.031721
0 0.159397 0.747026 0.079302 0.031721
0 0.159397 0.694687 0.079302 0.031721
0 0.159397 0.657415 0.079302 0.031721
0 0.159397 0.622522 0.079302 0.031721
0 0.159397 0.549564 0.079302 0.031721
0 0.159397 0.514671 0.079302 0.031721
0 0.159397 0.478192 0.079302 0.031721
0 0.159397 0.447264 0.079302 0.031721
0 0.159397 0.415543 0.079302 0.031721
0 0.159397 0.383029 0.079302 0.031721
0 0.159397 0.345757 0.079302 0.031721
0 0.159397 0.304520 0.079302 0.031721
0 0.159397 0.257732 0.079302 0.031721
0 0.159397 0.219667 0.079302 0.031721
0 0.222046 0.164155 0.031721 0.079302
0 0.258525 0.164155 0.031721 0.079302
0 0.292625 0.164155 0.031721 0.079302
0 0.328311 0.164155 0.031721 0.079302
0 0.360032 0.164155 0.031721 0.079302
0 0.391753 0.164155 0.031721 0.079302
0 0.426646 0.164155 0.031721 0.079302
0 0.461538 0.164155 0.031721 0.079302
0 0.517050 0.164155 0.031721 0.079302
0 0.544806 0.164155 0.031721 0.079302
0 0.573354 0.164155 0.031721 0.079302
0 0.601110 0.164155 0.031721 0.079302
0 0.630452 0.164155 0.031721 0.079302
0 0.680412 0.164155 0.031721 0.079302
0 0.714512 0.164155 0.031721 0.079302
0 0.750991 0.164155 0.031721 0.079302
0 0.835845 0.227597 0.079302 0.031721
0 0.835845 0.264076 0.079302 0.031721
0 0.835845 0.299762 0.079302 0.031721
0 0.835845 0.343378 0.079302 0.031721
0 0.835845 0.375892 0.079302 0.031721
0 0.835845 0.418715 0.079302 0.031721
0 0.835845 0.448850 0.079302 0.031721
0 0.835845 0.474227 0.079302 0.031721
0 0.835845 0.528152 0.079302 0.031721
0 0.835845 0.573354 0.079302 0.031721
0 0.835845 0.602696 0.079302 0.031721
0 0.835845 0.634417 0.079302 0.031721
0 0.835845 0.667724 0.079302 0.031721
0 0.835845 0.717684 0.079302 0.031721
0 0.835845 0.752577 0.079302 0.031721
0 0.756542 0.835845 0.031721 0.079302
0 0.717684 0.835845 0.031721 0.079302
0 0.620936 0.835845 0.031721 0.079302
0 0.591594 0.835845 0.031721 0.079302
0 0.515464 0.835845 0.031721 0.079302
0 0.478192 0.835845 0.031721 0.079302
0 0.444885 0.835845 0.031721 0.079302
0 0.415543 0.835845 0.031721 0.079302
0 0.331483 0.835845 0.031721 0.079302
0 0.295004 0.835845 0.031721 0.079302
0 0.225218 0.835845 0.031721 0.079302
0 0.164155 0.781919 0.079302 0.031721
0 0.164155 0.744647 0.079302 0.031721
0 0.164155 0.691515 0.079302 0.031721
0 0.164155 0.655829 0.079302 0.031721
0 0.164155 0.621729 0.079302 0.031721
0 0.164155 0.590008 0.079302 0.031721
0 0.164155 0.548771 0.079302 0.031721
0 0.164155 0.513878 0.079302 0.031721
0 0.164155 0.478192 0.079302 0.031721
0 0.164155 0.447264 0.079302 0.031721
0 0.164155 0.417129 0.079302 0.031721
0 0.164155 0.385408 0.079302 0.031721
0 0.164155 0.348136 0.079302 0.031721
0 0.164155 0.306899 0.079302 0.031721
0 0.164155 0.260111 0.079302 0.031721
0 0.164155 0.223632 0.079302 0.031721
0 0.206186 0.140365 0.031721 0.079302
0 0.246630 0.140365 0.031721 0.079302
0 0.285488 0.140365 0.031721 0.079302
0 0.325139 0.140365 0.031721 0.079302
0 0.360032 0.140365 0.031721 0.079302
0 0.395718 0.140365 0.031721 0.079302
0 0.429025 0.140365 0.031721 0.079302
0 0.464711 0.140365 0.031721 0.079302
0 0.518636 0.140365 0.031721 0.079302
0 0.549564 0.140365 0.031721 0.079302
0 0.582871 0.140365 0.031721 0.079302
0 0.616178 0.140365 0.031721 0.079302
0 0.650278 0.140365 0.031721 0.079302
0 0.699445 0.140365 0.031721 0.079302
0 0.739096 0.140365 0.031721 0.079302
0 0.781126 0.140365 0.031721 0.079302
0 0.859635 0.208565 0.079302 0.031721
0 0.859635 0.249802 0.079302 0.031721
0 0.859635 0.289453 0.079302 0.031721
0 0.859635 0.333862 0.079302 0.031721
0 0.859635 0.369548 0.079302 0.031721
0 0.859635 0.412371 0.079302 0.031721
0 0.859635 0.445678 0.079302 0.031721
0 0.859635 0.474227 0.079302 0.031721
0 0.859635 0.524980 0.079302 0.031721
0 0.859635 0.568596 0.079302 0.031721
0 0.859635 0.600317 0.079302 0.031721
0 0.859635 0.636796 0.079302 0.031721
0 0.859635 0.672482 0.079302 0.031721
0 0.859635 0.720063 0.079302 0.031721
0 0.859635 0.759715 0.079302 0.031721
0 0.859635 0.800952 0.079302 0.031721
0 0.784298 0.859635 0.031721 0.079302
0 0.740682 0.859635 0.031721 0.079302
0 0.701031 0.859635 0.031721 0.079302
0 0.664552 0.859635 0.031721 0.079302
0 0.628866 0.859635 0.031721 0.079302
0 0.594766 0.859635 0.031721 0.079302
0 0.560666 0.859635 0.031721 0.079302
0 0.521808 0.859635 0.031721 0.079302
0 0.478192 0.859635 0.031721 0.079302
0 0.444092 0.859635 0.031721 0.079302
0 0.410785 0.859635 0.031721 0.079302
0 0.363997 0.859635 0.031721 0.079302
0 0.326725 0.859635 0.031721 0.079302
0 0.287074 0.859635 0.031721 0.079302
0 0.246630 0.859635 0.031721 0.079302
0 0.208565 0.859635 0.031721 0.079302
0 0.140365 0.796987 0.079302 0.031721
0 0.140365 0.755749 0.079302 0.031721
0 0.140365 0.705789 0.079302 0.031721
0 0.140365 0.665345 0.079302 0.031721
0 0.140365 0.628073 0.079302 0.031721
0 0.140365 0.593180 0.079302 0.031721
0 0.140365 0.553529 0.079302 0.031721
0 0.140365 0.517050 0.079302 0.031721
0 0.140365 0.478985 0.079302 0.031721
0 0.140365 0.444885 0.079302 0.031721
0 0.140365 0.410785 0.079302 0.031721
0 0.140365 0.375099 0.079302 0.031721
0 0.140365 0.337827 0.079302 0.031721
0 0.140365 0.294211 0.079302 0.031721
0 0.140365 0.246630 0.079302 0.031721
0 0.140365 0.205393 0.079302 0.031721
