0 0.204600 0.137193 0.031721 0.079302
0 0.245044 0.137193 0.031721 0.079302
0 0.283902 0.137193 0.031721 0.079302
0 0.324346 0.137193 0.031721 0.079302
0 0.360032 0.137193 0.031721 0.079302
0 0.396511 0.137193 0.031721 0.079302
0 0.429025 0.137193 0.031721 0.079302
0 0.464711 0.137193 0.031721 0.079302
0 0.521015 0.137193 0.031721 0.079302
0 0.551943 0.137193 0.031721 0.079302
0 0.585250 0.137193 0.031721 0.079302
0 0.620143 0.137193 0.031721 0.079302
0 0.655036 0.137193 0.031721 0.079302
0 0.704996 0.137193 0.031721 0.079302
0 0.744647 0.137193 0.031721 0.079302
0 0.783505 0.137193 0.031721 0.079302
0 0.862807 0.199048 0.079302 0.031721
0 0.862807 0.238699 0.079302 0.031721
0 0.862807 0.278351 0.079302 0.031721
0 0.862807 0.322760 0.079302 0.031721
0 0.862807 0.357653 0.079302 0.031721
0 0.862807 0.402062 0.079302 0.031721
0 0.862807 0.434576 0.079302 0.031721
0 0.862807 0.466297 0.079302 0.031721
0 0.862807 0.517843 0.079302 0.031721
0 0.862807 0.557494 0.079302 0.031721
0 0.862807 0.590008 0.079302 0.031721
0 0.862807 0.626487 0.079302 0.031721
0 0.862807 0.663759 0.079302 0.031721
0 0.862807 0.711340 0.079302 0.031721
0 0.862807 0.751784 0.079302 0.031721
0 0.862807 0.791435 0.079302 0.031721
0 0.789056 0.862807 0.031721 0.079302
0 0.745440 0.862807 0.031721 0.079302
0 0.704203 0.862807 0.031721 0.079302
0 0.665345 0.862807 0.031721 0.079302
0 0.630452 0.862807 0.031721 0.079302
0 0.594766 0.862807 0.031721 0.079302
0 0.561459 0.862807 0.031721 0.079302
0 0.523394 0.862807 0.031721 0.079302
0 0.479778 0.862807 0.031721 0.079302
0 0.447264 0.862807 0.031721 0.079302
0 0.411578 0.862807 0.031721 0.079302
0 0.367169 0.862807 0.031721 0.079302
0 0.329104 0.862807 0.031721 0.079302
0 0.291832 0.862807 0.031721 0.079302
0 0.248216 0.862807 0.031721 0.079302
0 0.206186 0.862807 0.031721 0.079302
0 0.137193 0.795400 0.079302 0.031721
0 0.137193 0.754163 0.079302 0.031721
0 0.137193 0.707375 0.079302 0.031721
0 0.137193 0.674861 0.079302 0.031721
0 0.137193 0.623315 0.079302 0.031721
0 0.137193 0.585250 0.079302 0.031721
0 0.137193 0.549564 0.079302 0.031721
0 0.137193 0.513878 0.079302 0.031721
0 0.137193 0.472641 0.079302 0.031721
0 0.137193 0.435369 0.079302 0.031721
0 0.137193 0.401269 0.079302 0.031721
0 0.137193 0.367169 0.079302 0.031721
0 0.137193 0.333069 0.079302 0.031721
0 0.137193 0.290246 0.079302 0.031721
0 0.137193 0.239492 0.079302 0.031721
0 0.137193 0.199841 0.079302 0.031721
0 0.210944 0.146709 0.031721 0.079302
0 0.249802 0.146709 0.031721 0.079302
0 0.286281 0.146709 0.031721 0.079302
0 0.325139 0.146709 0.031721 0.079302
0 0.359239 0.146709 0.031721 0.079302
0 0.394132 0.146709 0.031721 0.079302
0 0.428232 0.146709 0.031721 0.079302
0 0.463125 0.146709 0.031721 0.079302
0 0.520222 0.146709 0.031721 0.079302
0 0.550357 0.146709 0.031721 0.079302
0 0.582078 0.146709 0.031721 0.079302
0 0.614592 0.146709 0.031721 0.079302
0 0.647105 0.146709 0.031721 0.079302
0 0.697859 0.146709 0.031721 0.079302
0 0.735131 0.146709 0.031721 0.079302
0 0.770817 0.146709 0.031721 0.079302
0 0.853291 0.203013 0.079302 0.031721
0 0.853291 0.241872 0.079302 0.031721
0 0.853291 0.279144 0.079302 0.031721
0 0.853291 0.323553 0.079302 0.031721
0 0.853291 0.356860 0.079302 0.031721
0 0.853291 0.402062 0.079302 0.031721
0 0.853291 0.432990 0.079302 0.031721
0 0.853291 0.463125 0.079302 0.031721
0 0.853291 0.516257 0.079302 0.031721
0 0.853291 0.556701 0.079302 0.031721
0 0.853291 0.587629 0.079302 0.031721
0 0.853291 0.621729 0.079302 0.031721
0 0.853291 0.658208 0.079302 0.031721
0 0.853291 0.706582 0.079302 0.031721
0 0.853291 0.745440 0.079302 0.031721
0 0.853291 0.782712 0.079302 0.031721
0 0.777954 0.853291 0.031721 0.079302
0 0.735924 0.853291 0.031721 0.079302
0 0.696273 0.853291 0.031721 0.079302
0 0.660587 0.853291 0.031721 0.079302
0 0.628866 0.853291 0.031721 0.079302
0 0.593973 0.853291 0.031721 0.079302
0 0.561459 0.853291 0.031721 0.079302
0 0.523394 0.853291 0.031721 0.079302
0 0.480571 0.853291 0.031721 0.079302
0 0.448057 0.853291 0.031721 0.079302
0 0.413164 0.853291 0.031721 0.079302
0 0.368755 0.853291 0.031721 0.079302
0 0.331483 0.853291 0.031721 0.079302
0 0.293418 0.853291 0.031721 0.079302
0 0.252181 0.853291 0.031721 0.079302
0 0.211737 0.853291 0.031721 0.079302
0 0.146709 0.785884 0.079302 0.031721
0 0.146709 0.746233 0.079302 0.031721
0 0.146709 0.693101 0.079302 0.031721
0 0.146709 0.654243 0.079302 0.031721
0 0.146709 0.616971 0.079302 0.031721
0 0.146709 0.580492 0.079302 0.031721
0 0.146709 0.544806 0.079302 0.031721
0 0.146709 0.509913 0.079302 0.031721
0 0.146709 0.463125 0.079302 0.031721
0 0.146709 0.433783 0.079302 0.031721
0 0.146709 0.400476 0.079302 0.031721
0 0.146709 0.368755 0.079302 0.031721
0 0.146709 0.335448 0.079302 0.031721
0 0.146709 0.292625 0.079302 0.031721
0 0.146709 0.242665 0.079302 0.031721
0 0.146709 0.204600 0.079302 0.031721
0 0.214116 0.151467 0.031721 0.079302
0 0.252181 0.151467 0.031721 0.079302
0 0.287867 0.151467 0.031721 0.079302
0 0.325932 0.151467 0.031721 0.079302
0 0.359239 0.151467 0.031721 0.079302
0 0.394132 0.151467 0.031721 0.079302
0 0.428232 0.151467 0.031721 0.079302
0 0.462331 0.151467 0.031721 0.079302
0 0.520222 0.151467 0.031721 0.079302
0 0.549564 0.151467 0.031721 0.079302
0 0.579699 0.151467 0.031721 0.079302
0 0.611420 0.151467 0.031721 0.079302
0 0.643140 0.151467 0.031721 0.079302
0 0.694687 0.151467 0.031721 0.079302
0 0.731166 0.151467 0.031721 0.079302
0 0.764473 0.151467 0.031721 0.079302
0 0.848533 0.204600 0.079302 0.031721
0 0.848533 0.242665 0.079302 0.031721
0 0.848533 0.279937 0.079302 0.031721
0 0.848533 0.323553 0.079302 0.031721
0 0.848533 0.356860 0.079302 0.031721
0 0.848533 0.401269 0.079302 0.031721
0 0.848533 0.432990 0.079302 0.031721
0 0.848533 0.461538 0.079302 0.031721
0 0.848533 0.516257 0.079302 0.031721
0 0.848533 0.556701 0.079302 0.031721
0 0.848533 0.586836 0.079302 0.031721
0 0.848533 0.620143 0.079302 0.031721
0 0.848533 0.655829 0.079302 0.031721
0 0.848533 0.703410 0.079302 0.031721
0 0.848533 0.742268 0.079302 0.031721
0 0.848533 0.778747 0.079302 0.031721
0 0.772403 0.848533 0.031721 0.079302
0 0.731959 0.848533 0.031721 0.079302
0 0.693101 0.848533 0.031721 0.079302
0 0.657415 0.848533 0.031721 0.079302
0 0.626487 0.848533 0.031721 0.079302
0 0.592387 0.848533 0.031721 0.079302
0 0.561459 0.848533 0.031721 0.079302
0 0.522601 0.848533 0.031721 0.079302
0 0.480571 0.848533 0.031721 0.079302
0 0.448850 0.848533 0.031721 0.079302
0 0.414750 0.848533 0.031721 0.079302
0 0.368755 0.848533 0.031721 0.079302
0 0.332276 0.848533 0.031721 0.079302
0 0.295004 0.848533 0.031721 0.079302
0 0.254560 0.848533 0.031721 0.079302
0 0.214909 0.848533 0.031721 0.079302
0 0.151467 0.781126 0.079302 0.031721
0 0.151467 0.743061 0.079302 0.031721
0 0.151467 0.689136 0.079302 0.031721
0 0.151467 0.650278 0.079302 0.031721
0 0.151467 0.614592 0.079302 0.031721
0 0.151467 0.578113 0.079302 0.031721
0 0.151467 0.543220 0.079302 0.031721
0 0.151467 0.508327 0.079302 0.031721
0 0.151467 0.468676 0.079302 0.031721
0 0.151467 0.432197 0.079302 0.031721
0 0.151467 0.400476 0.079302 0.031721
0 0.151467 0.368755 0.079302 0.031721
0 0.151467 0.336241 0.079302 0.031721
0 0.151467 0.295004 0.079302 0.031721
0 0.151467 0.244251 0.079302 0.031721
0 0.151467 0.206979 0.079302 0.031721
0 0.217288 0.156225 0.031721 0.079302
0 0.254560 0.156225 0.031721 0.079302
0 0.288660 0.156225 0.031721 0.079302
0 0.327518 0.156225 0.031721 0.079302
0 0.358446 0.156225 0.031721 0.079302
0 0.392546 0.156225 0.031721 0.079302
0 0.428232 0.156225 0.031721 0.079302
0 0.461538 0.156225 0.031721 0.079302
0 0.519429 0.156225 0.031721 0.079302
0 0.548771 0.156225 0.031721 0.079302
0 0.609040 0.156225 0.031721 0.079302
0 0.639175 0.156225 0.031721 0.079302
0 0.690722 0.156225 0.031721 0.079302
0 0.726408 0.156225 0.031721 0.079302
0 0.758921 0.156225 0.031721 0.079302
0 0.843775 0.206979 0.079302 0.031721
0 0.843775 0.244251 0.079302 0.031721
0 0.843775 0.279937 0.079302 0.031721
0 0.843775 0.323553 0.079302 0.031721
0 0.843775 0.355274 0.079302 0.031721
0 0.843775 0.401269 0.079302 0.031721
0 0.843775 0.431404 0.079302 0.031721
0 0.843775 0.460745 0.079302 0.031721
0 0.843775 0.515464 0.079302 0.031721
0 0.843775 0.555908 0.079302 0.031721
0 0.843775 0.585250 0.079302 0.031721
0 0.843775 0.617764 0.079302 0.031721
0 0.843775 0.652657 0.079302 0.031721
0 0.843775 0.701031 0.079302 0.031721
0 0.843775 0.739096 0.079302 0.031721
0 0.843775 0.773989 0.079302 0.031721
0 0.766852 0.843775 0.031721 0.079302
0 0.726408 0.843775 0.031721 0.079302
0 0.689136 0.843775 0.031721 0.079302
0 0.655036 0.843775 0.031721 0.079302
0 0.624901 0.843775 0.031721 0.079302
0 0.591594 0.843775 0.031721 0.079302
0 0.561459 0.843775 0.031721 0.079302
0 0.521808 0.843775 0.031721 0.079302
0 0.480571 0.843775 0.031721 0.079302
0 0.448850 0.843775 0.031721 0.079302
0 0.416336 0.843775 0.031721 0.079302
0 0.369548 0.843775 0.031721 0.079302
0 0.296590 0.843775 0.031721 0.079302
0 0.256146 0.843775 0.031721 0.079302
0 0.218081 0.843775 0.031721 0.079302
0 0.156225 0.776368 0.079302 0.031721
0 0.156225 0.739889 0.079302 0.031721
0 0.156225 0.683584 0.079302 0.031721
0 0.156225 0.647105 0.079302 0.031721
0 0.156225 0.612213 0.079302 0.031721
0 0.156225 0.576527 0.079302 0.031721
0 0.156225 0.540841 0.079302 0.031721
0 0.156225 0.506741 0.079302 0.031721
0 0.156225 0.467883 0.079302 0.031721
0 0.156225 0.431404 0.079302 0.031721
0 0.156225 0.400476 0.079302 0.031721
0 0.156225 0.369548 0.079302 0.031721
0 0.156225 0.337827 0.079302 0.031721
0 0.156225 0.291832 0.079302 0.031721
0 0.156225 0.245837 0.079302 0.031721
0 0.156225 0.210151 0.079302 0.031721
0 0.219667 0.160983 0.031721 0.079302
0 0.256146 0.160983 0.031721 0.079302
0 0.327518 0.160983 0.031721 0.079302
0 0.358446 0.160983 0.031721 0.079302
0 0.391753 0.160983 0.031721 0.079302
0 0.437748 0.160983 0.031721 0.079302
0 0.468676 0.160983 0.031721 0.079302
0 0.519429 0.160983 0.031721 0.079302
0 0.547978 0.160983 0.031721 0.079302
0 0.577320 0.160983 0.031721 0.079302
0 0.606661 0.160983 0.031721 0.079302
0 0.636003 0.160983 0.031721 0.079302
0 0.687550 0.160983 0.031721 0.079302
0 0.722443 0.160983 0.031721 0.079302
0 0.752577 0.160983 0.031721 0.079302
0 0.839017 0.209358 0.079302 0.031721
0 0.839017 0.245044 0.079302 0.031721
0 0.839017 0.280730 0.079302 0.031721
0 0.839017 0.323553 0.079302 0.031721
0 0.839017 0.355274 0.079302 0.031721
0 0.839017 0.401269 0.079302 0.031721
0 0.839017 0.429818 0.079302 0.031721
0 0.839017 0.459952 0.079302 0.031721
0 0.839017 0.515464 0.079302 0.031721
0 0.839017 0.555908 0.079302 0.031721
0 0.839017 0.585250 0.079302 0.031721
0 0.839017 0.616971 0.079302 0.031721
0 0.839017 0.650278 0.079302 0.031721
0 0.839017 0.698652 0.079302 0.031721
0 0.839017 0.735924 0.079302 0.031721
0 0.839017 0.770817 0.079302 0.031721
0 0.762094 0.839017 0.031721 0.079302
0 0.722443 0.839017 0.031721 0.079302
0 0.685170 0.839017 0.031721 0.079302
0 0.652657 0.839017 0.031721 0.079302
0 0.623315 0.839017 0.031721 0.079302
0 0.591594 0.839017 0.031721 0.079302
0 0.561459 0.839017 0.031721 0.079302
0 0.521808 0.839017 0.031721 0.079302
0 0.481364 0.839017 0.031721 0.079302
0 0.448850 0.839017 0.031721 0.079302
0 0.417129 0.839017 0.031721 0.079302
0 0.370341 0.839017 0.031721 0.079302
0 0.334655 0.839017 0.031721 0.079302
0 0.298176 0.839017 0.031721 0.079302
0 0.258525 0.839017 0.031721 0.079302
0 0.220460 0.839017 0.031721 0.079302
0 0.160983 0.773196 0.079302 0.031721
0 0.160983 0.735924 0.079302 0.031721
0 0.160983 0.679619 0.079302 0.031721
0 0.160983 0.643933 0.079302 0.031721
0 0.160983 0.609040 0.079302 0.031721
0 0.160983 0.574148 0.079302 0.031721
0 0.160983 0.539255 0.079302 0.031721
0 0.160983 0.504362 0.079302 0.031721
0 0.160983 0.466297 0.079302 0.031721
0 0.160983 0.430611 0.079302 0.031721
0 0.160983 0.399683 0.079302 0.031721
0 0.160983 0.369548 0.079302 0.031721
0 0.160983 0.338620 0.079302 0.031721
0 0.160983 0.297383 0.079302 0.031721
0 0.160983 0.247423 0.079302 0.031721
0 0.160983 0.212530 0.079302 0.031721
0 0.222839 0.165741 0.031721 0.079302
0 0.258525 0.165741 0.031721 0.079302
0 0.291832 0.165741 0.031721 0.079302
0 0.328311 0.165741 0.031721 0.079302
0 0.358446 0.165741 0.031721 0.079302
0 0.390960 0.165741 0.031721 0.079302
0 0.426646 0.165741 0.031721 0.079302
0 0.459952 0.165741 0.031721 0.079302
0 0.519429 0.165741 0.031721 0.079302
0 0.547185 0.165741 0.031721 0.079302
0 0.575734 0.165741 0.031721 0.079302
0 0.604282 0.165741 0.031721 0.079302
0 0.632038 0.165741 0.031721 0.079302
0 0.684377 0.165741 0.031721 0.079302
0 0.746233 0.165741 0.031721 0.079302
0 0.834259 0.246630 0.079302 0.031721
0 0.834259 0.280730 0.079302 0.031721
0 0.834259 0.324346 0.079302 0.031721
0 0.834259 0.354481 0.079302 0.031721
0 0.834259 0.401269 0.079302 0.031721
0 0.834259 0.429818 0.079302 0.031721
0 0.834259 0.458366 0.079302 0.031721
0 0.834259 0.515464 0.079302 0.031721
0 0.834259 0.555115 0.079302 0.031721
0 0.834259 0.615385 0.079302 0.031721
0 0.834259 0.647898 0.079302 0.031721
0 0.834259 0.697066 0.079302 0.031721
0 0.834259 0.733545 0.079302 0.031721
0 0.834259 0.766852 0.079302 0.031721
0 0.756542 0.834259 0.031721 0.079302
0 0.718477 0.834259 0.031721 0.079302
0 0.681998 0.834259 0.031721 0.079302
0 0.650278 0.834259 0.031721 0.079302
0 0.621729 0.834259 0.031721 0.079302
0 0.590801 0.834259 0.031721 0.079302
0 0.562252 0.834259 0.031721 0.079302
0 0.521015 0.834259 0.031721 0.079302
0 0.481364 0.834259 0.031721 0.079302
0 0.449643 0.834259 0.031721 0.079302
0 0.417922 0.834259 0.031721 0.079302
0 0.370341 0.834259 0.031721 0.079302
0 0.335448 0.834259 0.031721 0.079302
0 0.300555 0.834259 0.031721 0.079302
0 0.260904 0.834259 0.031721 0.079302
0 0.224425 0.834259 0.031721 0.079302
0 0.165741 0.768438 0.079302 0.031721
0 0.165741 0.731959 0.079302 0.031721
0 0.165741 0.674068 0.079302 0.031721
0 0.165741 0.639968 0.079302 0.031721
0 0.165741 0.606661 0.079302 0.031721
0 0.165741 0.571768 0.079302 0.031721
0 0.165741 0.536875 0.079302 0.031721
0 0.165741 0.502776 0.079302 0.031721
0 0.165741 0.458366 0.079302 0.031721
0 0.165741 0.429818 0.079302 0.031721
0 0.165741 0.399683 0.079302 0.031721
0 0.165741 0.370341 0.079302 0.031721
0 0.165741 0.339413 0.079302 0.031721
0 0.165741 0.298969 0.079302 0.031721
0 0.165741 0.249009 0.079302 0.031721
0 0.165741 0.214909 0.079302 0.031721
0 0.207772 0.141951 0.031721 0.079302
0 0.247423 0.141951 0.031721 0.079302
0 0.284695 0.141951 0.031721 0.079302
0 0.325139 0.141951 0.031721 0.079302
0 0.359239 0.141951 0.031721 0.079302
0 0.394925 0.141951 0.031721 0.079302
0 0.429025 0.141951 0.031721 0.079302
0 0.463918 0.141951 0.031721 0.079302
0 0.520222 0.141951 0.031721 0.079302
0 0.551943 0.141951 0.031721 0.079302
0 0.584457 0.141951 0.031721 0.079302
0 0.617764 0.141951 0.031721 0.079302
0 0.651864 0.141951 0.031721 0.079302
0 0.701824 0.141951 0.031721 0.079302
0 0.739889 0.141951 0.031721 0.079302
0 0.777161 0.141951 0.031721 0.079302
0 0.858049 0.200634 0.079302 0.031721
0 0.858049 0.240285 0.079302 0.031721
0 0.858049 0.278351 0.079302 0.031721
0 0.858049 0.322760 0.079302 0.031721
0 0.858049 0.356860 0.079302 0.031721
0 0.858049 0.401269 0.079302 0.031721
0 0.858049 0.433783 0.079302 0.031721
0 0.858049 0.464711 0.079302 0.031721
0 0.858049 0.517050 0.079302 0.031721
0 0.858049 0.556701 0.079302 0.031721
0 0.858049 0.588422 0.079302 0.031721
0 0.858049 0.623315 0.079302 0.031721
0 0.858049 0.660587 0.079302 0.031721
0 0.858049 0.708961 0.079302 0.031721
0 0.858049 0.748612 0.079302 0.031721
0 0.858049 0.786677 0.079302 0.031721
0 0.783505 0.858049 0.031721 0.079302
0 0.740682 0.858049 0.031721 0.079302
0 0.700238 0.858049 0.031721 0.079302
0 0.662966 0.858049 0.031721 0.079302
0 0.628866 0.858049 0.031721 0.079302
0 0.593973 0.858049 0.031721 0.079302
0 0.561459 0.858049 0.031721 0.079302
0 0.523394 0.858049 0.031721 0.079302
0 0.480571 0.858049 0.031721 0.079302
0 0.447264 0.858049 0.031721 0.079302
0 0.412371 0.858049 0.031721 0.079302
0 0.367962 0.858049 0.031721 0.079302
0 0.329897 0.858049 0.031721 0.079302
0 0.291039 0.858049 0.031721 0.079302
0 0.250595 0.858049 0.031721 0.079302
0 0.209358 0.858049 0.031721 0.079302
0 0.141951 0.790642 0.079302 0.031721
0 0.141951 0.750198 0.079302 0.031721
0 0.141951 0.698652 0.079302 0.031721
0 0.141951 0.658208 0.079302 0.031721
0 0.141951 0.582871 0.079302 0.031721
0 0.141951 0.547185 0.079302 0.031721
0 0.141951 0.511499 0.079302 0.031721
0 0.141951 0.471055 0.079302 0.031721
0 0.141951 0.433783 0.079302 0.031721
0 0.141951 0.401269 0.079302 0.031721
0 0.141951 0.367962 0.079302 0.031721
0 0.141951 0.334655 0.079302 0.031721
0 0.141951 0.291832 0.079302 0.031721
0 0.141951 0.241079 0.079302 0.031721
0 0.141951 0.202220 0.079302 0.031721
