0 0.202692 0.136184 0.031671 0.079177
0 0.244656 0.136184 0.031671 0.079177
0 0.284244 0.136184 0.031671 0.079177
0 0.324624 0.136184 0.031671 0.079177
0 0.361045 0.136184 0.031671 0.079177
0 0.396675 0.136184 0.031671 0.079177
0 0.429929 0.136184 0.031671 0.079177
0 0.466350 0.136184 0.031671 0.079177
0 0.517815 0.136184 0.031671 0.079177
0 0.548694 0.136184 0.031671 0.079177
0 0.581948 0.136184 0.031671 0.079177
0 0.616785 0.136184 0.031671 0.079177
0 0.652415 0.136184 0.031671 0.079177
0 0.700713 0.136184 0.031671 0.079177
0 0.741884 0.136184 0.031671 0.079177
0 0.782264 0.136184 0.031671 0.079177
0 0.863816 0.203484 0.079177 0.031671
0 0.863816 0.244656 0.079177 0.031671
0 0.863816 0.285036 0.079177 0.031671
0 0.863816 0.329375 0.079177 0.031671
0 0.863816 0.366587 0.079177 0.031671
0 0.863816 0.410926 0.079177 0.031671
0 0.863816 0.443389 0.079177 0.031671
0 0.863816 0.473476 0.079177 0.031671
0 0.863816 0.522565 0.079177 0.031671
0 0.863816 0.565321 0.079177 0.031671
0 0.863816 0.598575 0.079177 0.031671
0 0.863816 0.634996 0.079177 0.031671
0 0.863816 0.671417 0.079177 0.031671
0 0.863816 0.718923 0.079177 0.031671
0 0.863816 0.758511 0.079177 0.031671
0 0.863816 0.800475 0.079177 0.031671
0 0.790974 0.863816 0.031671 0.079177
0 0.748219 0.863816 0.031671 0.079177
0 0.705463 0.863816 0.031671 0.079177
0 0.666667 0.863816 0.031671 0.079177
0 0.630245 0.863816 0.031671 0.079177
0 0.593824 0.863816 0.031671 0.079177
0 0.558987 0.863816 0.031671 0.079177
0 0.521774 0.863816 0.031671 0.079177
0 0.478226 0.863816 0.031671 0.079177
0 0.443389 0.863816 0.031671 0.079177
0 0.409343 0.863816 0.031671 0.079177
0 0.363420 0.863816 0.031671 0.079177
0 0.325416 0.863816 0.031671 0.079177
0 0.285036 0.863816 0.031671 0.079177
0 0.243864 0.863816 0.031671 0.079177
0 0.204276 0.863816 0.031671 0.079177
0 0.136184 0.798892 0.079177 0.031671
0 0.136184 0.757720 0.079177 0.031671
0 0.136184 0.710214 0.079177 0.031671
0 0.136184 0.669042 0.079177 0.031671
0 0.136184 0.629454 0.079177 0.031671
0 0.136184 0.593824 0.079177 0.031671
0 0.136184 0.554236 0.079177 0.031671
0 0.136184 0.518606 0.079177 0.031671
0 0.136184 0.479018 0.079177 0.031671
0 0.136184 0.444181 0.079177 0.031671
0 0.136184 0.410135 0.079177 0.031671
0 0.136184 0.372922 0.079177 0.031671
0 0.136184 0.336500 0.079177 0.031671
0 0.136184 0.292162 0.079177 0.031671
0 0.136184 0.243864 0.079177 0.031671
0 0.136184 0.201900 0.079177 0.031671
0 0.209026 0.145685 0.031671 0.079177
0 0.249406 0.145685 0.031671 0.079177
0 0.287411 0.145685 0.031671 0.079177
0 0.325416 0.145685 0.031671 0.079177
0 0.361045 0.145685 0.031671 0.079177
0 0.394299 0.145685 0.031671 0.079177
0 0.429137 0.145685 0.031671 0.079177
0 0.464766 0.145685 0.031671 0.079177
0 0.517023 0.145685 0.031671 0.079177
0 0.545527 0.145685 0.031671 0.079177
0 0.577989 0.145685 0.031671 0.079177
0 0.610451 0.145685 0.031671 0.079177
0 0.643705 0.145685 0.031671 0.079177
0 0.692003 0.145685 0.031671 0.079177
0 0.730800 0.145685 0.031671 0.079177
0 0.769596 0.145685 0.031671 0.079177
0 0.854315 0.211401 0.079177 0.031671
0 0.854315 0.250198 0.079177 0.031671
0 0.854315 0.288994 0.079177 0.031671
0 0.854315 0.333333 0.079177 0.031671
0 0.854315 0.368963 0.079177 0.031671
0 0.854315 0.413302 0.079177 0.031671
0 0.854315 0.444972 0.079177 0.031671
0 0.854315 0.473476 0.079177 0.031671
0 0.854315 0.524149 0.079177 0.031671
0 0.854315 0.567696 0.079177 0.031671
0 0.854315 0.598575 0.079177 0.031671
0 0.854315 0.634204 0.079177 0.031671
0 0.854315 0.669042 0.079177 0.031671
0 0.854315 0.718131 0.079177 0.031671
0 0.854315 0.755344 0.079177 0.031671
0 0.854315 0.797308 0.079177 0.031671
0 0.779097 0.854315 0.031671 0.079177
0 0.738717 0.854315 0.031671 0.079177
0 0.697546 0.854315 0.031671 0.079177
0 0.661124 0.854315 0.031671 0.079177
0 0.627078 0.854315 0.031671 0.079177
0 0.592241 0.854315 0.031671 0.079177
0 0.558987 0.854315 0.031671 0.079177
0 0.520190 0.854315 0.031671 0.079177
0 0.477435 0.854315 0.031671 0.079177
0 0.443389 0.854315 0.031671 0.079177
0 0.410926 0.854315 0.031671 0.079177
0 0.363420 0.854315 0.031671 0.079177
0 0.326207 0.854315 0.031671 0.079177
0 0.287411 0.854315 0.031671 0.079177
0 0.247031 0.854315 0.031671 0.079177
0 0.209818 0.854315 0.031671 0.079177
0 0.145685 0.793349 0.079177 0.031671
0 0.145685 0.754553 0.079177 0.031671
0 0.145685 0.705463 0.079177 0.031671
0 0.145685 0.665083 0.079177 0.031671
0 0.145685 0.627870 0.079177 0.031671
0 0.145685 0.593824 0.079177 0.031671
0 0.145685 0.551861 0.079177 0.031671
0 0.145685 0.517815 0.079177 0.031671
0 0.145685 0.479810 0.079177 0.031671
0 0.145685 0.444972 0.079177 0.031671
0 0.145685 0.412510 0.079177 0.031671
0 0.145685 0.376089 0.079177 0.031671
0 0.145685 0.339667 0.079177 0.031671
0 0.145685 0.297704 0.079177 0.031671
0 0.145685 0.249406 0.079177 0.031671
0 0.145685 0.209026 0.079177 0.031671
0 0.211401 0.150435 0.031671 0.079177
0 0.251781 0.150435 0.031671 0.079177
0 0.288994 0.150435 0.031671 0.079177
0 0.326207 0.150435 0.031671 0.079177
0 0.393508 0.150435 0.031671 0.079177
0 0.429137 0.150435 0.031671 0.079177
0 0.463975 0.150435 0.031671 0.079177
0 0.516231 0.150435 0.031671 0.079177
0 0.544735 0.150435 0.031671 0.079177
0 0.576405 0.150435 0.031671 0.079177
0 0.607284 0.150435 0.031671 0.079177
0 0.638955 0.150435 0.031671 0.079177
0 0.688044 0.150435 0.031671 0.079177
0 0.726049 0.150435 0.031671 0.079177
0 0.761679 0.150435 0.031671 0.079177
0 0.849565 0.215360 0.079177 0.031671
0 0.849565 0.253365 0.079177 0.031671
0 0.849565 0.291370 0.079177 0.031671
0 0.849565 0.335709 0.079177 0.031671
0 0.849565 0.370546 0.079177 0.031671
0 0.849565 0.414885 0.079177 0.031671
0 0.849565 0.444972 0.079177 0.031671
0 0.849565 0.473476 0.079177 0.031671
0 0.849565 0.524941 0.079177 0.031671
0 0.849565 0.568488 0.079177 0.031671
0 0.849565 0.599367 0.079177 0.031671
0 0.849565 0.634204 0.079177 0.031671
0 0.849565 0.668250 0.079177 0.031671
0 0.849565 0.717340 0.079177 0.031671
0 0.849565 0.753761 0.079177 0.031671
0 0.849565 0.794933 0.079177 0.031671
0 0.773555 0.849565 0.031671 0.079177
0 0.734759 0.849565 0.031671 0.079177
0 0.692795 0.849565 0.031671 0.079177
0 0.658749 0.849565 0.031671 0.079177
0 0.625495 0.849565 0.031671 0.079177
0 0.590657 0.849565 0.031671 0.079177
0 0.558987 0.849565 0.031671 0.079177
0 0.519398 0.849565 0.031671 0.079177
0 0.477435 0.849565 0.031671 0.079177
0 0.443389 0.849565 0.031671 0.079177
0 0.410926 0.849565 0.031671 0.079177
0 0.363420 0.849565 0.031671 0.079177
0 0.326207 0.849565 0.031671 0.079177
0 0.288203 0.849565 0.031671 0.079177
0 0.248614 0.849565 0.031671 0.079177
0 0.212985 0.849565 0.031671 0.079177
0 0.150435 0.789390 0.079177 0.031671
0 0.150435 0.752177 0.079177 0.031671
0 0.150435 0.703088 0.079177 0.031671
0 0.150435 0.663500 0.079177 0.031671
0 0.150435 0.627078 0.079177 0.031671
0 0.150435 0.593032 0.079177 0.031671
0 0.150435 0.551861 0.079177 0.031671
0 0.150435 0.517023 0.079177 0.031671
0 0.150435 0.479810 0.079177 0.031671
0 0.150435 0.445764 0.079177 0.031671
0 0.150435 0.413302 0.079177 0.031671
0 0.150435 0.379256 0.079177 0.031671
0 0.150435 0.342835 0.079177 0.031671
0 0.150435 0.300871 0.079177 0.031671
0 0.150435 0.252573 0.079177 0.031671
0 0.150435 0.212985 0.079177 0.031671
0 0.213777 0.155186 0.031671 0.079177
0 0.253365 0.155186 0.031671 0.079177
0 0.290578 0.155186 0.031671 0.079177
0 0.326999 0.155186 0.031671 0.079177
0 0.361045 0.155186 0.031671 0.079177
0 0.392716 0.155186 0.031671 0.079177
0 0.429137 0.155186 0.031671 0.079177
0 0.463975 0.155186 0.031671 0.079177
0 0.515439 0.155186 0.031671 0.079177
0 0.574030 0.155186 0.031671 0.079177
0 0.604117 0.155186 0.031671 0.079177
0 0.634996 0.155186 0.031671 0.079177
0 0.684086 0.155186 0.031671 0.079177
0 0.721298 0.155186 0.031671 0.079177
0 0.756136 0.155186 0.031671 0.079177
0 0.844814 0.219319 0.079177 0.031671
0 0.844814 0.255740 0.079177 0.031671
0 0.844814 0.293745 0.079177 0.031671
0 0.844814 0.371338 0.079177 0.031671
0 0.844814 0.416469 0.079177 0.031671
0 0.844814 0.445764 0.079177 0.031671
0 0.844814 0.473476 0.079177 0.031671
0 0.844814 0.525732 0.079177 0.031671
0 0.844814 0.569279 0.079177 0.031671
0 0.844814 0.600158 0.079177 0.031671
0 0.844814 0.633413 0.079177 0.031671
0 0.844814 0.667458 0.079177 0.031671
0 0.844814 0.716548 0.079177 0.031671
0 0.844814 0.752177 0.079177 0.031671
0 0.844814 0.793349 0.079177 0.031671
0 0.767221 0.844814 0.031671 0.079177
0 0.730008 0.844814 0.031671 0.079177
0 0.688836 0.844814 0.031671 0.079177
0 0.655582 0.844814 0.031671 0.079177
0 0.623911 0.844814 0.031671 0.079177
0 0.589865 0.844814 0.031671 0.079177
0 0.558195 0.844814 0.031671 0.079177
0 0.518606 0.844814 0.031671 0.079177
0 0.476643 0.844814 0.031671 0.079177
0 0.443389 0.844814 0.031671 0.079177
0 0.411718 0.844814 0.031671 0.079177
0 0.363420 0.844814 0.031671 0.079177
0 0.326999 0.844814 0.031671 0.079177
0 0.288994 0.844814 0.031671 0.079177
0 0.250198 0.844814 0.031671 0.079177
0 0.215360 0.844814 0.031671 0.079177
0 0.155186 0.786223 0.079177 0.031671
0 0.155186 0.750594 0.079177 0.031671
0 0.155186 0.700713 0.079177 0.031671
0 0.155186 0.661916 0.079177 0.031671
0 0.155186 0.625495 0.079177 0.031671
0 0.155186 0.593032 0.079177 0.031671
0 0.155186 0.551069 0.079177 0.031671
0 0.155186 0.516231 0.079177 0.031671
0 0.155186 0.480602 0.079177 0.031671
0 0.155186 0.446556 0.079177 0.031671
0 0.155186 0.414885 0.079177 0.031671
0 0.155186 0.380839 0.079177 0.031671
0 0.155186 0.344418 0.079177 0.031671
0 0.155186 0.303246 0.079177 0.031671
0 0.155186 0.263658 0.079177 0.031671
0 0.155186 0.216152 0.079177 0.031671
0 0.216944 0.159937 0.031671 0.079177
0 0.256532 0.159937 0.031671 0.079177
0 0.291370 0.159937 0.031671 0.079177
0 0.327791 0.159937 0.031671 0.079177
0 0.361045 0.159937 0.031671 0.079177
0 0.391924 0.159937 0.031671 0.079177
0 0.428345 0.159937 0.031671 0.079177
0 0.463183 0.159937 0.031671 0.079177
0 0.542359 0.159937 0.031671 0.079177
0 0.571655 0.159937 0.031671 0.079177
0 0.600950 0.159937 0.031671 0.079177
0 0.631037 0.159937 0.031671 0.079177
0 0.680918 0.159937 0.031671 0.079177
0 0.715756 0.159937 0.031671 0.079177
0 0.750594 0.159937 0.031671 0.079177
0 0.840063 0.222486 0.079177 0.031671
0 0.840063 0.258907 0.079177 0.031671
0 0.840063 0.296120 0.079177 0.031671
0 0.840063 0.339667 0.079177 0.031671
0 0.840063 0.372130 0.079177 0.031671
0 0.840063 0.418052 0.079177 0.031671
0 0.840063 0.445764 0.079177 0.031671
0 0.840063 0.472684 0.079177 0.031671
0 0.840063 0.526524 0.079177 0.031671
0 0.840063 0.570071 0.079177 0.031671
0 0.840063 0.600158 0.079177 0.031671
0 0.840063 0.633413 0.079177 0.031671
0 0.840063 0.666667 0.079177 0.031671
0 0.840063 0.715756 0.079177 0.031671
0 0.840063 0.750594 0.079177 0.031671
0 0.840063 0.790974 0.079177 0.031671
0 0.760887 0.840063 0.031671 0.079177
0 0.725257 0.840063 0.031671 0.079177
0 0.684877 0.840063 0.031671 0.079177
0 0.653207 0.840063 0.031671 0.079177
0 0.621536 0.840063 0.031671 0.079177
0 0.589074 0.840063 0.031671 0.079177
0 0.558195 0.840063 0.031671 0.079177
0 0.518606 0.840063 0.031671 0.079177
0 0.476643 0.840063 0.031671 0.079177
0 0.443389 0.840063 0.031671 0.079177
0 0.412510 0.840063 0.031671 0.079177
0 0.363420 0.840063 0.031671 0.079177
0 0.326999 0.840063 0.031671 0.079177
0 0.290578 0.840063 0.031671 0.079177
0 0.251781 0.840063 0.031671 0.079177
0 0.217736 0.840063 0.031671 0.079177
0 0.159937 0.783056 0.079177 0.031671
0 0.159937 0.748219 0.079177 0.031671
0 0.159937 0.698337 0.079177 0.031671
0 0.159937 0.659541 0.079177 0.031671
0 0.159937 0.624703 0.079177 0.031671
0 0.159937 0.593032 0.079177 0.031671
0 0.159937 0.550277 0.079177 0.031671
0 0.159937 0.516231 0.079177 0.031671
0 0.159937 0.479810 0.079177 0.031671
0 0.159937 0.447348 0.079177 0.031671
0 0.159937 0.415677 0.079177 0.031671
0 0.159937 0.383215 0.079177 0.031671
0 0.159937 0.346002 0.079177 0.031671
0 0.159937 0.304830 0.079177 0.031671
0 0.159937 0.258116 0.079177 0.031671
0 0.159937 0.220111 0.079177 0.031671
0 0.220111 0.164687 0.031671 0.079177
0 0.258116 0.164687 0.031671 0.079177
0 0.292953 0.164687 0.031671 0.079177
0 0.328583 0.164687 0.031671 0.079177
0 0.361045 0.164687 0.031671 0.079177
0 0.391132 0.164687 0.031671 0.079177
0 0.428345 0.164687 0.031671 0.079177
0 0.463183 0.164687 0.031671 0.079177
0 0.515439 0.164687 0.031671 0.079177
0 0.540776 0.164687 0.031671 0.079177
0 0.598575 0.164687 0.031671 0.079177
0 0.627078 0.164687 0.031671 0.079177
0 0.676168 0.164687 0.031671 0.079177
0 0.711006 0.164687 0.031671 0.079177
0 0.743468 0.164687 0.031671 0.079177
0 0.835313 0.226445 0.079177 0.031671
0 0.835313 0.261283 0.079177 0.031671
0 0.835313 0.297704 0.079177 0.031671
0 0.835313 0.341251 0.079177 0.031671
0 0.835313 0.372922 0.079177 0.031671
0 0.835313 0.418844 0.079177 0.031671
0 0.835313 0.446556 0.079177 0.031671
0 0.835313 0.472684 0.079177 0.031671
0 0.835313 0.527316 0.079177 0.031671
0 0.835313 0.571655 0.079177 0.031671
0 0.835313 0.600158 0.079177 0.031671
0 0.835313 0.632621 0.079177 0.031671
0 0.835313 0.665083 0.079177 0.031671
0 0.835313 0.714964 0.079177 0.031671
0 0.835313 0.749010 0.079177 0.031671
0 0.756136 0.835313 0.031671 0.079177
0 0.720507 0.835313 0.031671 0.079177
0 0.680918 0.835313 0.031671 0.079177
0 0.650040 0.835313 0.031671 0.079177
0 0.619952 0.835313 0.031671 0.079177
0 0.588282 0.835313 0.031671 0.079177
0 0.558195 0.835313 0.031671 0.079177
0 0.517815 0.835313 0.031671 0.079177
0 0.476643 0.835313 0.031671 0.079177
0 0.443389 0.835313 0.031671 0.079177
0 0.413302 0.835313 0.031671 0.079177
0 0.363420 0.835313 0.031671 0.079177
0 0.327791 0.835313 0.031671 0.079177
0 0.291370 0.835313 0.031671 0.079177
0 0.254157 0.835313 0.031671 0.079177
0 0.220903 0.835313 0.031671 0.079177
0 0.164687 0.779889 0.079177 0.031671
0 0.164687 0.746635 0.079177 0.031671
0 0.164687 0.695962 0.079177 0.031671
0 0.164687 0.657957 0.079177 0.031671
0 0.164687 0.623120 0.079177 0.031671
0 0.164687 0.592241 0.079177 0.031671
0 0.164687 0.549485 0.079177 0.031671
0 0.164687 0.515439 0.079177 0.031671
0 0.164687 0.480602 0.079177 0.031671
0 0.164687 0.417260 0.079177 0.031671
0 0.164687 0.385590 0.079177 0.031671
0 0.164687 0.348377 0.079177 0.031671
0 0.164687 0.307997 0.079177 0.031671
0 0.164687 0.261283 0.079177 0.031671
0 0.164687 0.224070 0.079177 0.031671
0 0.205859 0.140934 0.031671 0.079177
0 0.247031 0.140934 0.031671 0.079177
0 0.285827 0.140934 0.031671 0.079177
0 0.324624 0.140934 0.031671 0.079177
0 0.361045 0.140934 0.031671 0.079177
0 0.395091 0.140934 0.031671 0.079177
0 0.429929 0.140934 0.031671 0.079177
0 0.466350 0.140934 0.031671 0.079177
0 0.517815 0.140934 0.031671 0.079177
0 0.547110 0.140934 0.031671 0.079177
0 0.579572 0.140934 0.031671 0.079177
0 0.613618 0.140934 0.031671 0.079177
0 0.648456 0.140934 0.031671 0.079177
0 0.695962 0.140934 0.031671 0.079177
0 0.736342 0.140934 0.031671 0.079177
0 0.775930 0.140934 0.031671 0.079177
0 0.859066 0.207443 0.079177 0.031671
0 0.859066 0.247031 0.079177 0.031671
0 0.859066 0.287411 0.079177 0.031671
0 0.859066 0.331750 0.079177 0.031671
0 0.859066 0.368171 0.079177 0.031671
0 0.859066 0.412510 0.079177 0.031671
0 0.859066 0.444181 0.079177 0.031671
0 0.859066 0.473476 0.079177 0.031671
0 0.859066 0.523357 0.079177 0.031671
0 0.859066 0.566112 0.079177 0.031671
0 0.859066 0.598575 0.079177 0.031671
0 0.859066 0.634204 0.079177 0.031671
0 0.859066 0.670625 0.079177 0.031671
0 0.859066 0.718131 0.079177 0.031671
0 0.859066 0.756928 0.079177 0.031671
0 0.859066 0.798892 0.079177 0.031671
0 0.785432 0.859066 0.031671 0.079177
0 0.743468 0.859066 0.031671 0.079177
0 0.701504 0.859066 0.031671 0.079177
0 0.664291 0.859066 0.031671 0.079177
0 0.628662 0.859066 0.031671 0.079177
0 0.593032 0.859066 0.031671 0.079177
0 0.559778 0.859066 0.031671 0.079177
0 0.520982 0.859066 0.031671 0.079177
0 0.477435 0.859066 0.031671 0.079177
0 0.443389 0.859066 0.031671 0.079177
0 0.410135 0.859066 0.031671 0.079177
0 0.363420 0.859066 0.031671 0.079177
0 0.325416 0.859066 0.031671 0.079177
0 0.285827 0.859066 0.031671 0.079177
0 0.245447 0.859066 0.031671 0.079177
0 0.206651 0.859066 0.031671 0.079177
0 0.140934 0.796516 0.079177 0.031671
0 0.140934 0.756136 0.079177 0.031671
0 0.140934 0.707838 0.079177 0.031671
0 0.140934 0.667458 0.079177 0.031671
0 0.140934 0.628662 0.079177 0.031671
0 0.140934 0.593824 0.079177 0.031671
0 0.140934 0.552652 0.079177 0.031671
0 0.140934 0.517815 0.079177 0.031671
0 0.140934 0.479018 0.079177 0.031671
0 0.140934 0.444972 0.079177 0.031671
0 0.140934 0.410926 0.079177 0.031671
0 0.140934 0.374505 0.079177 0.031671
0 0.140934 0.338084 0.079177 0.031671
0 0.140934 0.295329 0.079177 0.031671
0 0.140934 0.247031 0.079177 0.031671
0 0.140934 0.205067 0.079177 0.031671
