0 0.203013 0.136400 0.031721 0.079302
0 0.243458 0.136400 0.031721 0.079302
0 0.283109 0.136400 0.031721 0.079302
0 0.323553 0.136400 0.031721 0.079302
0 0.360032 0.136400 0.031721 0.079302
0 0.396511 0.136400 0.031721 0.079302
0 0.429818 0.136400 0.031721 0.079302
0 0.465504 0.136400 0.031721 0.079302
0 0.518636 0.136400 0.031721 0.079302
0 0.550357 0.136400 0.031721 0.079302
0 0.583664 0.136400 0.031721 0.079302
0 0.618557 0.136400 0.031721 0.079302
0 0.653450 0.136400 0.031721 0.079302
0 0.701824 0.136400 0.031721 0.079302
0 0.742268 0.136400 0.031721 0.079302
0 0.784298 0.136400 0.031721 0.079302
0 0.863600 0.203013 0.079302 0.031721
0 0.863600 0.244251 0.079302 0.031721
0 0.863600 0.284695 0.079302 0.031721
0 0.863600 0.329104 0.079302 0.031721
0 0.863600 0.366376 0.079302 0.031721
0 0.863600 0.409199 0.079302 0.031721
0 0.863600 0.442506 0.079302 0.031721
0 0.863600 0.472641 0.079302 0.031721
0 0.863600 0.521808 0.079302 0.031721
0 0.863600 0.564631 0.079302 0.031721
0 0.863600 0.597145 0.079302 0.031721
0 0.863600 0.634417 0.079302 0.031721
0 0.863600 0.670896 0.079302 0.031721
0 0.863600 0.718477 0.079302 0.031721
0 0.863600 0.758128 0.079302 0.031721
0 0.863600 0.800159 0.079302 0.031721
0 0.791435 0.863600 0.031721 0.079302
0 0.748612 0.863600 0.031721 0.079302
0 0.707375 0.863600 0.031721 0.079302
0 0.668517 0.863600 0.031721 0.079302
0 0.632831 0.863600 0.031721 0.079302
0 0.596352 0.863600 0.031721 0.079302
0 0.561459 0.863600 0.031721 0.079302
0 0.524187 0.863600 0.031721 0.079302
0 0.479778 0.863600 0.031721 0.079302
0 0.445678 0.863600 0.031721 0.079302
0 0.411578 0.863600 0.031721 0.079302
0 0.365583 0.863600 0.031721 0.079302
0 0.326725 0.863600 0.031721 0.079302
0 0.287074 0.863600 0.031721 0.079302
0 0.245044 0.863600 0.031721 0.079302
0 0.205393 0.863600 0.031721 0.079302
0 0.136400 0.798573 0.079302 0.031721
0 0.136400 0.758128 0.079302 0.031721
0 0.136400 0.707375 0.079302 0.031721
0 0.136400 0.667724 0.079302 0.031721
0 0.136400 0.628073 0.079302 0.031721
0 0.136400 0.592387 0.079302 0.031721
0 0.136400 0.552736 0.079302 0.031721
0 0.136400 0.517050 0.079302 0.031721
0 0.136400 0.477399 0.079302 0.031721
0 0.136400 0.442506 0.079302 0.031721
0 0.136400 0.408406 0.079302 0.031721
0 0.136400 0.372720 0.079302 0.031721
0 0.136400 0.336241 0.079302 0.031721
0 0.136400 0.292625 0.079302 0.031721
0 0.136400 0.244251 0.079302 0.031721
0 0.136400 0.202220 0.079302 0.031721
0 0.210151 0.145916 0.031721 0.079302
0 0.249009 0.145916 0.031721 0.079302
0 0.287074 0.145916 0.031721 0.079302
0 0.325139 0.145916 0.031721 0.079302
0 0.360825 0.145916 0.031721 0.079302
0 0.395718 0.145916 0.031721 0.079302
0 0.429025 0.145916 0.031721 0.079302
0 0.464711 0.145916 0.031721 0.079302
0 0.517843 0.145916 0.031721 0.079302
0 0.547978 0.145916 0.031721 0.079302
0 0.580492 0.145916 0.031721 0.079302
0 0.612213 0.145916 0.031721 0.079302
0 0.645519 0.145916 0.031721 0.079302
0 0.694687 0.145916 0.031721 0.079302
0 0.731166 0.145916 0.031721 0.079302
0 0.771610 0.145916 0.031721 0.079302
0 0.854084 0.210944 0.079302 0.031721
0 0.854084 0.249802 0.079302 0.031721
0 0.854084 0.287867 0.079302 0.031721
0 0.854084 0.333069 0.079302 0.031721
0 0.854084 0.367962 0.079302 0.031721
0 0.854084 0.411578 0.079302 0.031721
0 0.854084 0.443299 0.079302 0.031721
0 0.854084 0.471848 0.079302 0.031721
0 0.854084 0.522601 0.079302 0.031721
0 0.854084 0.566217 0.079302 0.031721
0 0.854084 0.597938 0.079302 0.031721
0 0.854084 0.632831 0.079302 0.031721
0 0.854084 0.668517 0.079302 0.031721
0 0.854084 0.716891 0.079302 0.031721
0 0.854084 0.754956 0.079302 0.031721
0 0.854084 0.795400 0.079302 0.031721
0 0.781126 0.854084 0.031721 0.079302
0 0.739889 0.854084 0.031721 0.079302
0 0.700238 0.854084 0.031721 0.079302
0 0.662966 0.854084 0.031721 0.079302
0 0.630452 0.854084 0.031721 0.079302
0 0.595559 0.854084 0.031721 0.079302
0 0.562252 0.854084 0.031721 0.079302
0 0.524187 0.854084 0.031721 0.079302
0 0.479778 0.854084 0.031721 0.079302
0 0.445678 0.854084 0.031721 0.079302
0 0.413957 0.854084 0.031721 0.079302
0 0.365583 0.854084 0.031721 0.079302
0 0.328311 0.854084 0.031721 0.079302
0 0.290246 0.854084 0.031721 0.079302
0 0.261697 0.854084 0.031721 0.079302
0 0.211737 0.854084 0.031721 0.079302
0 0.145916 0.792228 0.079302 0.031721
0 0.145916 0.753370 0.079302 0.031721
0 0.145916 0.701824 0.079302 0.031721
0 0.145916 0.662966 0.079302 0.031721
0 0.145916 0.625694 0.079302 0.031721
0 0.145916 0.590801 0.079302 0.031721
0 0.145916 0.550357 0.079302 0.031721
0 0.145916 0.515464 0.079302 0.031721
0 0.145916 0.476606 0.079302 0.031721
0 0.145916 0.443299 0.079302 0.031721
0 0.145916 0.410785 0.079302 0.031721
0 0.145916 0.376685 0.079302 0.031721
0 0.145916 0.340206 0.079302 0.031721
0 0.145916 0.297383 0.079302 0.031721
0 0.145916 0.249009 0.079302 0.031721
0 0.145916 0.209358 0.079302 0.031721
0 0.212530 0.150674 0.031721 0.079302
0 0.251388 0.150674 0.031721 0.079302
0 0.288660 0.150674 0.031721 0.079302
0 0.325932 0.150674 0.031721 0.079302
0 0.360825 0.150674 0.031721 0.079302
0 0.394925 0.150674 0.031721 0.079302
0 0.429025 0.150674 0.031721 0.079302
0 0.463918 0.150674 0.031721 0.079302
0 0.517050 0.150674 0.031721 0.079302
0 0.546392 0.150674 0.031721 0.079302
0 0.578113 0.150674 0.031721 0.079302
0 0.609833 0.150674 0.031721 0.079302
0 0.641554 0.150674 0.031721 0.079302
0 0.689929 0.150674 0.031721 0.079302
0 0.727201 0.150674 0.031721 0.079302
0 0.765266 0.150674 0.031721 0.079302
0 0.849326 0.214116 0.079302 0.031721
0 0.849326 0.252181 0.079302 0.031721
0 0.849326 0.289453 0.079302 0.031721
0 0.849326 0.333862 0.079302 0.031721
0 0.849326 0.368755 0.079302 0.031721
0 0.849326 0.412371 0.079302 0.031721
0 0.849326 0.443299 0.079302 0.031721
0 0.849326 0.471848 0.079302 0.031721
0 0.849326 0.523394 0.079302 0.031721
0 0.849326 0.567803 0.079302 0.031721
0 0.849326 0.597938 0.079302 0.031721
0 0.849326 0.632038 0.079302 0.031721
0 0.849326 0.666931 0.079302 0.031721
0 0.849326 0.716098 0.079302 0.031721
0 0.849326 0.754163 0.079302 0.031721
0 0.849326 0.793021 0.079302 0.031721
0 0.775575 0.849326 0.031721 0.079302
0 0.735924 0.849326 0.031721 0.079302
0 0.697066 0.849326 0.031721 0.079302
0 0.660587 0.849326 0.031721 0.079302
0 0.628866 0.849326 0.031721 0.079302
0 0.594766 0.849326 0.031721 0.079302
0 0.562252 0.849326 0.031721 0.079302
0 0.522601 0.849326 0.031721 0.079302
0 0.480571 0.849326 0.031721 0.079302
0 0.445678 0.849326 0.031721 0.079302
0 0.414750 0.849326 0.031721 0.079302
0 0.366376 0.849326 0.031721 0.079302
0 0.329104 0.849326 0.031721 0.079302
0 0.292625 0.849326 0.031721 0.079302
0 0.251388 0.849326 0.031721 0.079302
0 0.214909 0.849326 0.031721 0.079302
0 0.150674 0.789056 0.079302 0.031721
0 0.150674 0.751784 0.079302 0.031721
0 0.150674 0.697859 0.079302 0.031721
0 0.150674 0.660587 0.079302 0.031721
0 0.150674 0.624108 0.079302 0.031721
0 0.150674 0.590008 0.079302 0.031721
0 0.150674 0.549564 0.079302 0.031721
0 0.150674 0.514671 0.079302 0.031721
0 0.150674 0.476606 0.079302 0.031721
0 0.150674 0.444092 0.079302 0.031721
0 0.150674 0.411578 0.079302 0.031721
0 0.150674 0.378271 0.079302 0.031721
0 0.150674 0.341792 0.079302 0.031721
0 0.150674 0.299762 0.079302 0.031721
0 0.150674 0.251388 0.079302 0.031721
0 0.150674 0.213323 0.079302 0.031721
0 0.215702 0.155432 0.031721 0.079302
0 0.253767 0.155432 0.031721 0.079302
0 0.290246 0.155432 0.031721 0.079302
0 0.326725 0.155432 0.031721 0.079302
0 0.360032 0.155432 0.031721 0.079302
0 0.394132 0.155432 0.031721 0.079302
0 0.428232 0.155432 0.031721 0.079302
0 0.463918 0.155432 0.031721 0.079302
0 0.517050 0.155432 0.031721 0.079302
0 0.545599 0.155432 0.031721 0.079302
0 0.577320 0.155432 0.031721 0.079302
0 0.606661 0.155432 0.031721 0.079302
0 0.637589 0.155432 0.031721 0.079302
0 0.685964 0.155432 0.031721 0.079302
0 0.723236 0.155432 0.031721 0.079302
0 0.758921 0.155432 0.031721 0.079302
0 0.844568 0.217288 0.079302 0.031721
0 0.844568 0.254560 0.079302 0.031721
0 0.844568 0.291832 0.079302 0.031721
0 0.844568 0.336241 0.079302 0.031721
0 0.844568 0.370341 0.079302 0.031721
0 0.844568 0.413957 0.079302 0.031721
0 0.844568 0.471055 0.079302 0.031721
0 0.844568 0.524187 0.079302 0.031721
0 0.844568 0.568596 0.079302 0.031721
0 0.844568 0.597938 0.079302 0.031721
0 0.844568 0.631245 0.079302 0.031721
0 0.844568 0.666138 0.079302 0.031721
0 0.844568 0.715305 0.079302 0.031721
0 0.844568 0.751784 0.079302 0.031721
0 0.844568 0.790642 0.079302 0.031721
0 0.770817 0.844568 0.031721 0.079302
0 0.731959 0.844568 0.031721 0.079302
0 0.693101 0.844568 0.031721 0.079302
0 0.659001 0.844568 0.031721 0.079302
0 0.628073 0.844568 0.031721 0.079302
0 0.593973 0.844568 0.031721 0.079302
0 0.563045 0.844568 0.031721 0.079302
0 0.522601 0.844568 0.031721 0.079302
0 0.480571 0.844568 0.031721 0.079302
0 0.446471 0.844568 0.031721 0.079302
0 0.415543 0.844568 0.031721 0.079302
0 0.366376 0.844568 0.031721 0.079302
0 0.329897 0.844568 0.031721 0.079302
0 0.293418 0.844568 0.031721 0.079302
0 0.253767 0.844568 0.031721 0.079302
0 0.218081 0.844568 0.031721 0.079302
0 0.155432 0.785091 0.079302 0.031721
0 0.155432 0.749405 0.079302 0.031721
0 0.155432 0.695480 0.079302 0.031721
0 0.155432 0.658208 0.079302 0.031721
0 0.155432 0.621729 0.079302 0.031721
0 0.155432 0.589215 0.079302 0.031721
0 0.155432 0.547978 0.079302 0.031721
0 0.155432 0.513878 0.079302 0.031721
0 0.155432 0.476606 0.079302 0.031721
0 0.155432 0.444092 0.079302 0.031721
0 0.155432 0.412371 0.079302 0.031721
0 0.155432 0.379857 0.079302 0.031721
0 0.155432 0.343378 0.079302 0.031721
0 0.155432 0.301348 0.079302 0.031721
0 0.155432 0.253767 0.079302 0.031721
0 0.155432 0.215702 0.079302 0.031721
0 0.219667 0.160190 0.031721 0.079302
0 0.256146 0.160190 0.031721 0.079302
0 0.291832 0.160190 0.031721 0.079302
0 0.327518 0.160190 0.031721 0.079302
0 0.360825 0.160190 0.031721 0.079302
0 0.393339 0.160190 0.031721 0.079302
0 0.428232 0.160190 0.031721 0.079302
0 0.463125 0.160190 0.031721 0.079302
0 0.517050 0.160190 0.031721 0.079302
0 0.544013 0.160190 0.031721 0.079302
0 0.574941 0.160190 0.031721 0.079302
0 0.604282 0.160190 0.031721 0.079302
0 0.633624 0.160190 0.031721 0.079302
0 0.682791 0.160190 0.031721 0.079302
0 0.717684 0.160190 0.031721 0.079302
0 0.752577 0.160190 0.031721 0.079302
0 0.839810 0.221253 0.079302 0.031721
0 0.839810 0.256939 0.079302 0.031721
0 0.839810 0.293418 0.079302 0.031721
0 0.839810 0.337034 0.079302 0.031721
0 0.839810 0.371134 0.079302 0.031721
0 0.839810 0.414750 0.079302 0.031721
0 0.839810 0.444885 0.079302 0.031721
0 0.839810 0.471055 0.079302 0.031721
0 0.839810 0.524187 0.079302 0.031721
0 0.839810 0.568596 0.079302 0.031721
0 0.839810 0.597938 0.079302 0.031721
0 0.839810 0.630452 0.079302 0.031721
0 0.839810 0.664552 0.079302 0.031721
0 0.839810 0.750198 0.079302 0.031721
0 0.839810 0.787470 0.079302 0.031721
0 0.765266 0.839810 0.031721 0.079302
0 0.727994 0.839810 0.031721 0.079302
0 0.689929 0.839810 0.031721 0.079302
0 0.656622 0.839810 0.031721 0.079302
0 0.626487 0.839810 0.031721 0.079302
0 0.593973 0.839810 0.031721 0.079302
0 0.562252 0.839810 0.031721 0.079302
0 0.521808 0.839810 0.031721 0.079302
0 0.480571 0.839810 0.031721 0.079302
0 0.446471 0.839810 0.031721 0.079302
0 0.417129 0.839810 0.031721 0.079302
0 0.367169 0.839810 0.031721 0.079302
0 0.330690 0.839810 0.031721 0.079302
0 0.295797 0.839810 0.031721 0.079302
0 0.255353 0.839810 0.031721 0.079302
0 0.221253 0.839810 0.031721 0.079302
0 0.160190 0.781919 0.079302 0.031721
0 0.160190 0.747026 0.079302 0.031721
0 0.160190 0.692308 0.079302 0.031721
0 0.160190 0.656622 0.079302 0.031721
0 0.160190 0.620143 0.079302 0.031721
0 0.160190 0.588422 0.079302 0.031721
0 0.160190 0.547185 0.079302 0.031721
0 0.160190 0.513085 0.079302 0.031721
0 0.160190 0.476606 0.079302 0.031721
0 0.160190 0.444092 0.079302 0.031721
0 0.160190 0.413164 0.079302 0.031721
0 0.160190 0.380650 0.079302 0.031721
0 0.160190 0.345757 0.079302 0.031721
0 0.160190 0.303727 0.079302 0.031721
0 0.160190 0.256146 0.079302 0.031721
0 0.160190 0.219667 0.079302 0.031721
0 0.222839 0.164948 0.031721 0.079302
0 0.258525 0.164948 0.031721 0.079302
0 0.293418 0.164948 0.031721 0.079302
0 0.328311 0.164948 0.031721 0.079302
0 0.360825 0.164948 0.031721 0.079302
0 0.392546 0.164948 0.031721 0.079302
0 0.427439 0.164948 0.031721 0.079302
0 0.462331 0.164948 0.031721 0.079302
0 0.517050 0.164948 0.031721 0.079302
0 0.544013 0.164948 0.031721 0.079302
0 0.573354 0.164948 0.031721 0.079302
0 0.601903 0.164948 0.031721 0.079302
0 0.630452 0.164948 0.031721 0.079302
0 0.678826 0.164948 0.031721 0.079302
0 0.747026 0.164948 0.031721 0.079302
0 0.835052 0.224425 0.079302 0.031721
0 0.835052 0.259318 0.079302 0.031721
0 0.835052 0.338620 0.079302 0.031721
0 0.835052 0.371134 0.079302 0.031721
0 0.835052 0.415543 0.079302 0.031721
0 0.835052 0.444092 0.079302 0.031721
0 0.835052 0.471055 0.079302 0.031721
0 0.835052 0.528152 0.079302 0.031721
0 0.835052 0.570182 0.079302 0.031721
0 0.835052 0.597938 0.079302 0.031721
0 0.835052 0.630452 0.079302 0.031721
0 0.835052 0.785884 0.079302 0.031721
0 0.760508 0.835052 0.031721 0.079302
0 0.723236 0.835052 0.031721 0.079302
0 0.686757 0.835052 0.031721 0.079302
0 0.653450 0.835052 0.031721 0.079302
0 0.625694 0.835052 0.031721 0.079302
0 0.593180 0.835052 0.031721 0.079302
0 0.563045 0.835052 0.031721 0.079302
0 0.521808 0.835052 0.031721 0.079302
0 0.480571 0.835052 0.031721 0.079302
0 0.447264 0.835052 0.031721 0.079302
0 0.418715 0.835052 0.031721 0.079302
0 0.367169 0.835052 0.031721 0.079302
0 0.331483 0.835052 0.031721 0.079302
0 0.297383 0.835052 0.031721 0.079302
0 0.258525 0.835052 0.031721 0.079302
0 0.224425 0.835052 0.031721 0.079302
0 0.164948 0.778747 0.079302 0.031721
0 0.164948 0.744647 0.079302 0.031721
0 0.164948 0.689136 0.079302 0.031721
0 0.164948 0.654243 0.079302 0.031721
0 0.164948 0.619350 0.079302 0.031721
0 0.164948 0.587629 0.079302 0.031721
0 0.164948 0.545599 0.079302 0.031721
0 0.164948 0.512292 0.079302 0.031721
0 0.164948 0.476606 0.079302 0.031721
0 0.164948 0.444885 0.079302 0.031721
0 0.164948 0.413957 0.079302 0.031721
0 0.164948 0.383029 0.079302 0.031721
0 0.164948 0.347343 0.079302 0.031721
0 0.164948 0.305313 0.079302 0.031721
0 0.164948 0.258525 0.079302 0.031721
0 0.164948 0.222839 0.079302 0.031721
0 0.206186 0.141158 0.031721 0.079302
0 0.246630 0.141158 0.031721 0.079302
0 0.284695 0.141158 0.031721 0.079302
0 0.324346 0.141158 0.031721 0.079302
0 0.360032 0.141158 0.031721 0.079302
0 0.395718 0.141158 0.031721 0.079302
0 0.429025 0.141158 0.031721 0.079302
0 0.465504 0.141158 0.031721 0.079302
0 0.518636 0.141158 0.031721 0.079302
0 0.548771 0.141158 0.031721 0.079302
0 0.582078 0.141158 0.031721 0.079302
0 0.615385 0.141158 0.031721 0.079302
0 0.649485 0.141158 0.031721 0.079302
0 0.697859 0.141158 0.031721 0.079302
0 0.736717 0.141158 0.031721 0.079302
0 0.777954 0.141158 0.031721 0.079302
0 0.858842 0.206979 0.079302 0.031721
0 0.858842 0.246630 0.079302 0.031721
0 0.858842 0.286281 0.079302 0.031721
0 0.858842 0.330690 0.079302 0.031721
0 0.858842 0.367169 0.079302 0.031721
0 0.858842 0.409992 0.079302 0.031721
0 0.858842 0.443299 0.079302 0.031721
0 0.858842 0.471848 0.079302 0.031721
0 0.858842 0.521808 0.079302 0.031721
0 0.858842 0.565424 0.079302 0.031721
0 0.858842 0.597938 0.079302 0.031721
0 0.858842 0.633624 0.079302 0.031721
0 0.858842 0.669310 0.079302 0.031721
0 0.858842 0.717684 0.079302 0.031721
0 0.858842 0.757335 0.079302 0.031721
0 0.858842 0.797780 0.079302 0.031721
0 0.786677 0.858842 0.031721 0.079302
0 0.744647 0.858842 0.031721 0.079302
0 0.703410 0.858842 0.031721 0.079302
0 0.666138 0.858842 0.031721 0.079302
0 0.632038 0.858842 0.031721 0.079302
0 0.596352 0.858842 0.031721 0.079302
0 0.562252 0.858842 0.031721 0.079302
0 0.524187 0.858842 0.031721 0.079302
0 0.479778 0.858842 0.031721 0.079302
0 0.445678 0.858842 0.031721 0.079302
0 0.413164 0.858842 0.031721 0.079302
0 0.365583 0.858842 0.031721 0.079302
0 0.327518 0.858842 0.031721 0.079302
0 0.288660 0.858842 0.031721 0.079302
0 0.247423 0.858842 0.031721 0.079302
0 0.209358 0.858842 0.031721 0.079302
0 0.141158 0.795400 0.079302 0.031721
0 0.141158 0.755749 0.079302 0.031721
0 0.141158 0.704203 0.079302 0.031721
0 0.141158 0.665345 0.079302 0.031721
0 0.141158 0.626487 0.079302 0.031721
0 0.141158 0.591594 0.079302 0.031721
0 0.141158 0.551943 0.079302 0.031721
0 0.141158 0.516257 0.079302 0.031721
0 0.141158 0.477399 0.079302 0.031721
0 0.141158 0.443299 0.079302 0.031721
0 0.141158 0.409992 0.079302 0.031721
0 0.141158 0.374306 0.079302 0.031721
0 0.141158 0.338620 0.079302 0.031721
0 0.141158 0.295004 0.079302 0.031721
0 0.141158 0.246630 0.079302 0.031721
0 0.141158 0.206186 0.079302 0.031721
