0 0.193836 0.128143 0.032441 0.081103
0 0.237632 0.128143 0.032441 0.081103
0 0.277372 0.128143 0.032441 0.081103
0 0.318735 0.128143 0.032441 0.081103
0 0.356853 0.128143 0.032441 0.081103
0 0.393350 0.128143 0.032441 0.081103
0 0.425791 0.128143 0.032441 0.081103
0 0.463909 0.128143 0.032441 0.081103
0 0.519870 0.128143 0.032441 0.081103
0 0.550689 0.128143 0.032441 0.081103
0 0.584753 0.128143 0.032441 0.081103
0 0.620438 0.128143 0.032441 0.081103
0 0.656934 0.128143 0.032441 0.081103
0 0.707218 0.128143 0.032441 0.081103
0 0.747770 0.128143 0.032441 0.081103
0 0.790754 0.128143 0.032441 0.081103
0 0.871857 0.195458 0.081103 0.032441
0 0.871857 0.238443 0.081103 0.032441
0 0.871857 0.278183 0.081103 0.032441
0 0.871857 0.324412 0.081103 0.032441
0 0.871857 0.362530 0.081103 0.032441
0 0.871857 0.407137 0.081103 0.032441
0 0.871857 0.439578 0.081103 0.032441
0 0.871857 0.471208 0.081103 0.032441
0 0.871857 0.521492 0.081103 0.032441
0 0.871857 0.565288 0.081103 0.032441
0 0.871857 0.598540 0.081103 0.032441
0 0.871857 0.635848 0.081103 0.032441
0 0.871857 0.673966 0.081103 0.032441
0 0.871857 0.722628 0.081103 0.032441
0 0.871857 0.763179 0.081103 0.032441
0 0.871857 0.806164 0.081103 0.032441
0 0.798865 0.871857 0.032441 0.081103
0 0.753447 0.871857 0.032441 0.081103
0 0.712084 0.871857 0.032441 0.081103
0 0.671533 0.871857 0.032441 0.081103
0 0.635036 0.871857 0.032441 0.081103
0 0.598540 0.871857 0.032441 0.081103
0 0.562855 0.871857 0.032441 0.081103
0 0.524736 0.871857 0.032441 0.081103
0 0.479319 0.871857 0.032441 0.081103
0 0.444444 0.871857 0.032441 0.081103
0 0.408759 0.871857 0.032441 0.081103
0 0.362530 0.871857 0.032441 0.081103
0 0.322790 0.871857 0.032441 0.081103
0 0.282238 0.871857 0.032441 0.081103
0 0.239254 0.871857 0.032441 0.081103
0 0.197891 0.871857 0.032441 0.081103
0 0.128143 0.807786 0.081103 0.032441
0 0.128143 0.763179 0.081103 0.032441
0 0.128143 0.712895 0.081103 0.032441
0 0.128143 0.670722 0.081103 0.032441
0 0.128143 0.631792 0.081103 0.032441
0 0.128143 0.593674 0.081103 0.032441
0 0.128143 0.553933 0.081103 0.032441
0 0.128143 0.518248 0.081103 0.032441
0 0.128143 0.477697 0.081103 0.032441
0 0.128143 0.442011 0.081103 0.032441
0 0.128143 0.407137 0.081103 0.032441
0 0.128143 0.369830 0.081103 0.032441
0 0.128143 0.333333 0.081103 0.032441
0 0.128143 0.288727 0.081103 0.032441
0 0.128143 0.238443 0.081103 0.032441
0 0.128143 0.197080 0.081103 0.032441
0 0.199513 0.137875 0.032441 0.081103
0 0.243309 0.137875 0.032441 0.081103
0 0.281427 0.137875 0.032441 0.081103
0 0.320357 0.137875 0.032441 0.081103
0 0.356853 0.137875 0.032441 0.081103
0 0.391727 0.137875 0.032441 0.081103
0 0.424980 0.137875 0.032441 0.081103
0 0.463098 0.137875 0.032441 0.081103
0 0.519870 0.137875 0.032441 0.081103
0 0.549067 0.137875 0.032441 0.081103
0 0.581509 0.137875 0.032441 0.081103
0 0.614761 0.137875 0.032441 0.081103
0 0.648824 0.137875 0.032441 0.081103
0 0.699108 0.137875 0.032441 0.081103
0 0.738037 0.137875 0.032441 0.081103
0 0.778589 0.137875 0.032441 0.081103
0 0.862125 0.243309 0.081103 0.032441
0 0.862125 0.283049 0.081103 0.032441
0 0.862125 0.328467 0.081103 0.032441
0 0.862125 0.364152 0.081103 0.032441
0 0.862125 0.409570 0.081103 0.032441
0 0.862125 0.470397 0.081103 0.032441
0 0.862125 0.522303 0.081103 0.032441
0 0.862125 0.567721 0.081103 0.032441
0 0.862125 0.599351 0.081103 0.032441
0 0.862125 0.635036 0.081103 0.032441
0 0.862125 0.671533 0.081103 0.032441
0 0.862125 0.721006 0.081103 0.032441
0 0.862125 0.759935 0.081103 0.032441
0 0.862125 0.802109 0.081103 0.032441
0 0.787510 0.862125 0.032441 0.081103
0 0.743715 0.862125 0.032441 0.081103
0 0.704785 0.862125 0.032441 0.081103
0 0.666667 0.862125 0.032441 0.081103
0 0.631792 0.862125 0.032441 0.081103
0 0.597729 0.862125 0.032441 0.081103
0 0.563666 0.862125 0.032441 0.081103
0 0.523925 0.862125 0.032441 0.081103
0 0.479319 0.862125 0.032441 0.081103
0 0.444444 0.862125 0.032441 0.081103
0 0.411192 0.862125 0.032441 0.081103
0 0.362530 0.862125 0.032441 0.081103
0 0.324412 0.862125 0.032441 0.081103
0 0.285483 0.862125 0.032441 0.081103
0 0.244120 0.862125 0.032441 0.081103
0 0.204380 0.862125 0.032441 0.081103
0 0.137875 0.798054 0.081103 0.032441
0 0.137875 0.758313 0.081103 0.032441
0 0.137875 0.705596 0.081103 0.032441
0 0.137875 0.666667 0.081103 0.032441
0 0.137875 0.629359 0.081103 0.032441
0 0.137875 0.592863 0.081103 0.032441
0 0.137875 0.551500 0.081103 0.032441
0 0.137875 0.516626 0.081103 0.032441
0 0.137875 0.476886 0.081103 0.032441
0 0.137875 0.442822 0.081103 0.032441
0 0.137875 0.409570 0.081103 0.032441
0 0.137875 0.373885 0.081103 0.032441
0 0.137875 0.337388 0.081103 0.032441
0 0.137875 0.293593 0.081103 0.032441
0 0.137875 0.244120 0.081103 0.032441
0 0.137875 0.204380 0.081103 0.032441
0 0.202758 0.142741 0.032441 0.081103
0 0.245742 0.142741 0.032441 0.081103
0 0.282238 0.142741 0.032441 0.081103
0 0.321168 0.142741 0.032441 0.081103
0 0.356853 0.142741 0.032441 0.081103
0 0.390916 0.142741 0.032441 0.081103
0 0.424980 0.142741 0.032441 0.081103
0 0.462287 0.142741 0.032441 0.081103
0 0.519870 0.142741 0.032441 0.081103
0 0.548256 0.142741 0.032441 0.081103
0 0.579886 0.142741 0.032441 0.081103
0 0.611517 0.142741 0.032441 0.081103
0 0.644769 0.142741 0.032441 0.081103
0 0.695864 0.142741 0.032441 0.081103
0 0.733171 0.142741 0.032441 0.081103
0 0.772101 0.142741 0.032441 0.081103
0 0.857259 0.206813 0.081103 0.032441
0 0.857259 0.245742 0.081103 0.032441
0 0.857259 0.330089 0.081103 0.032441
0 0.857259 0.364964 0.081103 0.032441
0 0.857259 0.442011 0.081103 0.032441
0 0.857259 0.470397 0.081103 0.032441
0 0.857259 0.523114 0.081103 0.032441
0 0.857259 0.567721 0.081103 0.032441
0 0.857259 0.599351 0.081103 0.032441
0 0.857259 0.634225 0.081103 0.032441
0 0.857259 0.670722 0.081103 0.032441
0 0.857259 0.720195 0.081103 0.032441
0 0.857259 0.758313 0.081103 0.032441
0 0.857259 0.799676 0.081103 0.032441
0 0.782644 0.857259 0.032441 0.081103
0 0.740470 0.857259 0.032441 0.081103
0 0.701541 0.857259 0.032441 0.081103
0 0.665045 0.857259 0.032441 0.081103
0 0.630981 0.857259 0.032441 0.081103
0 0.596918 0.857259 0.032441 0.081103
0 0.562855 0.857259 0.032441 0.081103
0 0.523114 0.857259 0.032441 0.081103
0 0.479319 0.857259 0.032441 0.081103
0 0.444444 0.857259 0.032441 0.081103
0 0.412003 0.857259 0.032441 0.081103
0 0.363341 0.857259 0.032441 0.081103
0 0.326034 0.857259 0.032441 0.081103
0 0.287105 0.857259 0.032441 0.081103
0 0.245742 0.857259 0.032441 0.081103
0 0.207624 0.857259 0.032441 0.081103
0 0.142741 0.794809 0.081103 0.032441
0 0.142741 0.756691 0.081103 0.032441
0 0.142741 0.702352 0.081103 0.032441
0 0.142741 0.664234 0.081103 0.032441
0 0.142741 0.627737 0.081103 0.032441
0 0.142741 0.592052 0.081103 0.032441
0 0.142741 0.550689 0.081103 0.032441
0 0.142741 0.515815 0.081103 0.032441
0 0.142741 0.476886 0.081103 0.032441
0 0.142741 0.443633 0.081103 0.032441
0 0.142741 0.410381 0.081103 0.032441
0 0.142741 0.375507 0.081103 0.032441
0 0.142741 0.339822 0.081103 0.032441
0 0.142741 0.296026 0.081103 0.032441
0 0.142741 0.246553 0.081103 0.032441
0 0.142741 0.207624 0.081103 0.032441
0 0.206002 0.147607 0.032441 0.081103
0 0.248175 0.147607 0.032441 0.081103
0 0.283861 0.147607 0.032441 0.081103
0 0.321979 0.147607 0.032441 0.081103
0 0.357664 0.147607 0.032441 0.081103
0 0.390105 0.147607 0.032441 0.081103
0 0.424169 0.147607 0.032441 0.081103
0 0.461476 0.147607 0.032441 0.081103
0 0.546634 0.147607 0.032441 0.081103
0 0.577453 0.147607 0.032441 0.081103
0 0.609084 0.147607 0.032441 0.081103
0 0.640714 0.147607 0.032441 0.081103
0 0.691809 0.147607 0.032441 0.081103
0 0.728305 0.147607 0.032441 0.081103
0 0.765612 0.147607 0.032441 0.081103
0 0.852393 0.210057 0.081103 0.032441
0 0.852393 0.248986 0.081103 0.032441
0 0.852393 0.365775 0.081103 0.032441
0 0.852393 0.442011 0.081103 0.032441
0 0.852393 0.470397 0.081103 0.032441
0 0.852393 0.523114 0.081103 0.032441
0 0.852393 0.569343 0.081103 0.032441
0 0.852393 0.600162 0.081103 0.032441
0 0.852393 0.633414 0.081103 0.032441
0 0.852393 0.669911 0.081103 0.032441
0 0.852393 0.719384 0.081103 0.032441
0 0.852393 0.756691 0.081103 0.032441
0 0.852393 0.797242 0.081103 0.032441
0 0.776967 0.852393 0.032441 0.081103
0 0.735604 0.852393 0.032441 0.081103
0 0.698297 0.852393 0.032441 0.081103
0 0.662612 0.852393 0.032441 0.081103
0 0.629359 0.852393 0.032441 0.081103
0 0.596107 0.852393 0.032441 0.081103
0 0.562855 0.852393 0.032441 0.081103
0 0.522303 0.852393 0.032441 0.081103
0 0.479319 0.852393 0.032441 0.081103
0 0.445255 0.852393 0.032441 0.081103
0 0.412814 0.852393 0.032441 0.081103
0 0.364152 0.852393 0.032441 0.081103
0 0.326845 0.852393 0.032441 0.081103
0 0.288727 0.852393 0.032441 0.081103
0 0.248175 0.852393 0.032441 0.081103
0 0.211679 0.852393 0.032441 0.081103
0 0.147607 0.791565 0.081103 0.032441
0 0.147607 0.754258 0.081103 0.032441
0 0.147607 0.699108 0.081103 0.032441
0 0.147607 0.661800 0.081103 0.032441
0 0.147607 0.626926 0.081103 0.032441
0 0.147607 0.591241 0.081103 0.032441
0 0.147607 0.549067 0.081103 0.032441
0 0.147607 0.515004 0.081103 0.032441
0 0.147607 0.476886 0.081103 0.032441
0 0.147607 0.443633 0.081103 0.032441
0 0.147607 0.411192 0.081103 0.032441
0 0.147607 0.377940 0.081103 0.032441
0 0.147607 0.341444 0.081103 0.032441
0 0.147607 0.298459 0.081103 0.032441
0 0.147607 0.248986 0.081103 0.032441
0 0.147607 0.211679 0.081103 0.032441
0 0.209246 0.152474 0.032441 0.081103
0 0.250608 0.152474 0.032441 0.081103
0 0.285483 0.152474 0.032441 0.081103
0 0.322790 0.152474 0.032441 0.081103
0 0.356853 0.152474 0.032441 0.081103
0 0.389294 0.152474 0.032441 0.081103
0 0.424169 0.152474 0.032441 0.081103
0 0.461476 0.152474 0.032441 0.081103
0 0.518248 0.152474 0.032441 0.081103
0 0.545823 0.152474 0.032441 0.081103
0 0.575831 0.152474 0.032441 0.081103
0 0.606650 0.152474 0.032441 0.081103
0 0.638281 0.152474 0.032441 0.081103
0 0.688564 0.152474 0.032441 0.081103
0 0.724250 0.152474 0.032441 0.081103
0 0.759935 0.152474 0.032441 0.081103
0 0.847526 0.214112 0.081103 0.032441
0 0.847526 0.251419 0.081103 0.032441
0 0.847526 0.288727 0.081103 0.032441
0 0.847526 0.333333 0.081103 0.032441
0 0.847526 0.442011 0.081103 0.032441
0 0.847526 0.469586 0.081103 0.032441
0 0.847526 0.510949 0.081103 0.032441
0 0.847526 0.536091 0.081103 0.032441
0 0.847526 0.569343 0.081103 0.032441
0 0.847526 0.600162 0.081103 0.032441
0 0.847526 0.668289 0.081103 0.032441
0 0.847526 0.718573 0.081103 0.032441
0 0.847526 0.755069 0.081103 0.032441
0 0.847526 0.794809 0.081103 0.032441
0 0.771290 0.847526 0.032441 0.081103
0 0.730738 0.847526 0.032441 0.081103
0 0.693431 0.847526 0.032441 0.081103
0 0.660178 0.847526 0.032441 0.081103
0 0.627737 0.847526 0.032441 0.081103
0 0.596107 0.847526 0.032441 0.081103
0 0.563666 0.847526 0.032441 0.081103
0 0.522303 0.847526 0.032441 0.081103
0 0.480130 0.847526 0.032441 0.081103
0 0.446067 0.847526 0.032441 0.081103
0 0.414436 0.847526 0.032441 0.081103
0 0.364152 0.847526 0.032441 0.081103
0 0.328467 0.847526 0.032441 0.081103
0 0.291160 0.847526 0.032441 0.081103
0 0.250608 0.847526 0.032441 0.081103
0 0.214923 0.847526 0.032441 0.081103
0 0.152474 0.788321 0.081103 0.032441
0 0.152474 0.752636 0.081103 0.032441
0 0.152474 0.695864 0.081103 0.032441
0 0.152474 0.659367 0.081103 0.032441
0 0.152474 0.625304 0.081103 0.032441
0 0.152474 0.590430 0.081103 0.032441
0 0.152474 0.548256 0.081103 0.032441
0 0.152474 0.514193 0.081103 0.032441
0 0.152474 0.476075 0.081103 0.032441
0 0.152474 0.443633 0.081103 0.032441
0 0.152474 0.412003 0.081103 0.032441
0 0.152474 0.378751 0.081103 0.032441
0 0.152474 0.343877 0.081103 0.032441
0 0.152474 0.300892 0.081103 0.032441
0 0.152474 0.251419 0.081103 0.032441
0 0.152474 0.214923 0.081103 0.032441
0 0.212490 0.157340 0.032441 0.081103
0 0.253852 0.157340 0.032441 0.081103
0 0.287105 0.157340 0.032441 0.081103
0 0.324412 0.157340 0.032441 0.081103
0 0.356853 0.157340 0.032441 0.081103
0 0.389294 0.157340 0.032441 0.081103
0 0.424169 0.157340 0.032441 0.081103
0 0.460665 0.157340 0.032441 0.081103
0 0.518248 0.157340 0.032441 0.081103
0 0.545012 0.157340 0.032441 0.081103
0 0.574209 0.157340 0.032441 0.081103
0 0.604217 0.157340 0.032441 0.081103
0 0.634225 0.157340 0.032441 0.081103
0 0.685320 0.157340 0.032441 0.081103
0 0.719384 0.157340 0.032441 0.081103
0 0.754258 0.157340 0.032441 0.081103
0 0.842660 0.216545 0.081103 0.032441
0 0.842660 0.253852 0.081103 0.032441
0 0.842660 0.290349 0.081103 0.032441
0 0.842660 0.334955 0.081103 0.032441
0 0.842660 0.367397 0.081103 0.032441
0 0.842660 0.414436 0.081103 0.032441
0 0.842660 0.442011 0.081103 0.032441
0 0.842660 0.468775 0.081103 0.032441
0 0.842660 0.507705 0.081103 0.032441
0 0.842660 0.536902 0.081103 0.032441
0 0.842660 0.600162 0.081103 0.032441
0 0.842660 0.717762 0.081103 0.032441
0 0.842660 0.753447 0.081103 0.032441
0 0.842660 0.792376 0.081103 0.032441
0 0.725872 0.842660 0.032441 0.081103
0 0.690998 0.842660 0.032441 0.081103
0 0.657745 0.842660 0.032441 0.081103
0 0.626115 0.842660 0.032441 0.081103
0 0.595296 0.842660 0.032441 0.081103
0 0.563666 0.842660 0.032441 0.081103
0 0.521492 0.842660 0.032441 0.081103
0 0.480130 0.842660 0.032441 0.081103
0 0.446067 0.842660 0.032441 0.081103
0 0.415247 0.842660 0.032441 0.081103
0 0.365775 0.842660 0.032441 0.081103
0 0.329278 0.842660 0.032441 0.081103
0 0.292782 0.842660 0.032441 0.081103
0 0.253041 0.842660 0.032441 0.081103
0 0.218167 0.842660 0.032441 0.081103
0 0.157340 0.785077 0.081103 0.032441
0 0.157340 0.750203 0.081103 0.032441
0 0.157340 0.692620 0.081103 0.032441
0 0.157340 0.656934 0.081103 0.032441
0 0.157340 0.623682 0.081103 0.032441
0 0.157340 0.589619 0.081103 0.032441
0 0.157340 0.546634 0.081103 0.032441
0 0.157340 0.513382 0.081103 0.032441
0 0.157340 0.476075 0.081103 0.032441
0 0.157340 0.444444 0.081103 0.032441
0 0.157340 0.413625 0.081103 0.032441
0 0.157340 0.381184 0.081103 0.032441
0 0.157340 0.345499 0.081103 0.032441
0 0.157340 0.303325 0.081103 0.032441
0 0.157340 0.254663 0.081103 0.032441
0 0.157340 0.218978 0.081103 0.032441
0 0.196269 0.133009 0.032441 0.081103
0 0.240876 0.133009 0.032441 0.081103
0 0.279805 0.133009 0.032441 0.081103
0 0.319546 0.133009 0.032441 0.081103
0 0.356853 0.133009 0.032441 0.081103
0 0.392539 0.133009 0.032441 0.081103
0 0.425791 0.133009 0.032441 0.081103
0 0.463098 0.133009 0.032441 0.081103
0 0.519870 0.133009 0.032441 0.081103
0 0.549878 0.133009 0.032441 0.081103
0 0.583131 0.133009 0.032441 0.081103
0 0.617194 0.133009 0.032441 0.081103
0 0.652879 0.133009 0.032441 0.081103
0 0.703163 0.133009 0.032441 0.081103
0 0.742092 0.133009 0.032441 0.081103
0 0.785077 0.133009 0.032441 0.081103
0 0.866991 0.199513 0.081103 0.032441
0 0.866991 0.240876 0.081103 0.032441
0 0.866991 0.280616 0.081103 0.032441
0 0.866991 0.326034 0.081103 0.032441
0 0.866991 0.362530 0.081103 0.032441
0 0.866991 0.407948 0.081103 0.032441
0 0.866991 0.441200 0.081103 0.032441
0 0.866991 0.471208 0.081103 0.032441
0 0.866991 0.521492 0.081103 0.032441
0 0.866991 0.566099 0.081103 0.032441
0 0.866991 0.599351 0.081103 0.032441
0 0.866991 0.635036 0.081103 0.032441
0 0.866991 0.673155 0.081103 0.032441
0 0.866991 0.721817 0.081103 0.032441
0 0.866991 0.761557 0.081103 0.032441
0 0.866991 0.803731 0.081103 0.032441
0 0.793998 0.866991 0.032441 0.081103
0 0.749392 0.866991 0.032441 0.081103
0 0.708840 0.866991 0.032441 0.081103
0 0.669100 0.866991 0.032441 0.081103
0 0.633414 0.866991 0.032441 0.081103
0 0.597729 0.866991 0.032441 0.081103
0 0.562855 0.866991 0.032441 0.081103
0 0.523925 0.866991 0.032441 0.081103
0 0.479319 0.866991 0.032441 0.081103
0 0.444444 0.866991 0.032441 0.081103
0 0.410381 0.866991 0.032441 0.081103
0 0.362530 0.866991 0.032441 0.081103
0 0.323601 0.866991 0.032441 0.081103
0 0.283861 0.866991 0.032441 0.081103
0 0.241687 0.866991 0.032441 0.081103
0 0.201135 0.866991 0.032441 0.081103
0 0.133009 0.801298 0.081103 0.032441
0 0.133009 0.760746 0.081103 0.032441
0 0.133009 0.708840 0.081103 0.032441
0 0.133009 0.668289 0.081103 0.032441
0 0.133009 0.630981 0.081103 0.032441
0 0.133009 0.593674 0.081103 0.032441
0 0.133009 0.552311 0.081103 0.032441
0 0.133009 0.517437 0.081103 0.032441
0 0.133009 0.476886 0.081103 0.032441
0 0.133009 0.442822 0.081103 0.032441
0 0.133009 0.407948 0.081103 0.032441
0 0.133009 0.372263 0.081103 0.032441
0 0.133009 0.335766 0.081103 0.032441
0 0.133009 0.291160 0.081103 0.032441
0 0.133009 0.240876 0.081103 0.032441
0 0.133009 0.200324 0.081103 0.032441
