0 0.205813 0.139827 0.031422 0.078555
0 0.247447 0.139827 0.031422 0.078555
0 0.285939 0.139827 0.031422 0.078555
0 0.325216 0.139827 0.031422 0.078555
0 0.361351 0.139827 0.031422 0.078555
0 0.396701 0.139827 0.031422 0.078555
0 0.430479 0.139827 0.031422 0.078555
0 0.465829 0.139827 0.031422 0.078555
0 0.519246 0.139827 0.031422 0.078555
0 0.549882 0.139827 0.031422 0.078555
0 0.582875 0.139827 0.031422 0.078555
0 0.616654 0.139827 0.031422 0.078555
0 0.652003 0.139827 0.031422 0.078555
0 0.700707 0.139827 0.031422 0.078555
0 0.739984 0.139827 0.031422 0.078555
0 0.780833 0.139827 0.031422 0.078555
0 0.860173 0.207384 0.078555 0.031422
0 0.860173 0.287510 0.078555 0.031422
0 0.860173 0.331500 0.078555 0.031422
0 0.860173 0.368421 0.078555 0.031422
0 0.860173 0.412412 0.078555 0.031422
0 0.860173 0.445405 0.078555 0.031422
0 0.860173 0.474470 0.078555 0.031422
0 0.860173 0.523174 0.078555 0.031422
0 0.860173 0.566379 0.078555 0.031422
0 0.860173 0.598586 0.078555 0.031422
0 0.860173 0.633936 0.078555 0.031422
0 0.860173 0.670856 0.078555 0.031422
0 0.860173 0.717203 0.078555 0.031422
0 0.860173 0.757266 0.078555 0.031422
0 0.860173 0.798115 0.078555 0.031422
0 0.788688 0.860173 0.031422 0.078555
0 0.746269 0.860173 0.031422 0.078555
0 0.705420 0.860173 0.031422 0.078555
0 0.667714 0.860173 0.031422 0.078555
0 0.632364 0.860173 0.031422 0.078555
0 0.597015 0.860173 0.031422 0.078555
0 0.562451 0.860173 0.031422 0.078555
0 0.525530 0.860173 0.031422 0.078555
0 0.481540 0.860173 0.031422 0.078555
0 0.446976 0.860173 0.031422 0.078555
0 0.413983 0.860173 0.031422 0.078555
0 0.367636 0.860173 0.031422 0.078555
0 0.330715 0.860173 0.031422 0.078555
0 0.290652 0.860173 0.031422 0.078555
0 0.249804 0.860173 0.031422 0.078555
0 0.209741 0.860173 0.031422 0.078555
0 0.139827 0.795758 0.078555 0.031422
0 0.139827 0.754910 0.078555 0.031422
0 0.139827 0.705420 0.078555 0.031422
0 0.139827 0.664572 0.078555 0.031422
0 0.139827 0.626866 0.078555 0.031422
0 0.139827 0.590731 0.078555 0.031422
0 0.139827 0.551453 0.078555 0.031422
0 0.139827 0.516889 0.078555 0.031422
0 0.139827 0.476826 0.078555 0.031422
0 0.139827 0.442262 0.078555 0.031422
0 0.139827 0.409269 0.078555 0.031422
0 0.139827 0.373134 0.078555 0.031422
0 0.139827 0.337785 0.078555 0.031422
0 0.139827 0.293009 0.078555 0.031422
0 0.139827 0.245090 0.078555 0.031422
0 0.139827 0.204242 0.078555 0.031422
0 0.212883 0.149254 0.031422 0.078555
0 0.251375 0.149254 0.031422 0.078555
0 0.289081 0.149254 0.031422 0.078555
0 0.327573 0.149254 0.031422 0.078555
0 0.361351 0.149254 0.031422 0.078555
0 0.395130 0.149254 0.031422 0.078555
0 0.430479 0.149254 0.031422 0.078555
0 0.464258 0.149254 0.031422 0.078555
0 0.518460 0.149254 0.031422 0.078555
0 0.548311 0.149254 0.031422 0.078555
0 0.578947 0.149254 0.031422 0.078555
0 0.611155 0.149254 0.031422 0.078555
0 0.642577 0.149254 0.031422 0.078555
0 0.692852 0.149254 0.031422 0.078555
0 0.729772 0.149254 0.031422 0.078555
0 0.769049 0.149254 0.031422 0.078555
0 0.850746 0.214454 0.078555 0.031422
0 0.850746 0.253731 0.078555 0.031422
0 0.850746 0.291438 0.078555 0.031422
0 0.850746 0.334643 0.078555 0.031422
0 0.850746 0.369992 0.078555 0.031422
0 0.850746 0.414768 0.078555 0.031422
0 0.850746 0.446976 0.078555 0.031422
0 0.850746 0.474470 0.078555 0.031422
0 0.850746 0.524745 0.078555 0.031422
0 0.850746 0.568735 0.078555 0.031422
0 0.850746 0.599372 0.078555 0.031422
0 0.850746 0.633150 0.078555 0.031422
0 0.850746 0.668500 0.078555 0.031422
0 0.850746 0.715632 0.078555 0.031422
0 0.850746 0.754124 0.078555 0.031422
0 0.850746 0.793401 0.078555 0.031422
0 0.779262 0.850746 0.031422 0.078555
0 0.737628 0.850746 0.031422 0.078555
0 0.699136 0.850746 0.031422 0.078555
0 0.663786 0.850746 0.031422 0.078555
0 0.630008 0.850746 0.031422 0.078555
0 0.596229 0.850746 0.031422 0.078555
0 0.563236 0.850746 0.031422 0.078555
0 0.524745 0.850746 0.031422 0.078555
0 0.481540 0.850746 0.031422 0.078555
0 0.447761 0.850746 0.031422 0.078555
0 0.416339 0.850746 0.031422 0.078555
0 0.369207 0.850746 0.031422 0.078555
0 0.332286 0.850746 0.031422 0.078555
0 0.294580 0.850746 0.031422 0.078555
0 0.254517 0.850746 0.031422 0.078555
0 0.216811 0.850746 0.031422 0.078555
0 0.149254 0.789474 0.078555 0.031422
0 0.149254 0.750196 0.078555 0.031422
0 0.149254 0.700707 0.078555 0.031422
0 0.149254 0.659859 0.078555 0.031422
0 0.149254 0.624509 0.078555 0.031422
0 0.149254 0.589159 0.078555 0.031422
0 0.149254 0.549097 0.078555 0.031422
0 0.149254 0.515318 0.078555 0.031422
0 0.149254 0.476041 0.078555 0.031422
0 0.149254 0.443048 0.078555 0.031422
0 0.149254 0.410841 0.078555 0.031422
0 0.149254 0.376277 0.078555 0.031422
0 0.149254 0.340927 0.078555 0.031422
0 0.149254 0.291438 0.078555 0.031422
0 0.149254 0.250589 0.078555 0.031422
0 0.149254 0.211312 0.078555 0.031422
0 0.216025 0.153967 0.031422 0.078555
0 0.254517 0.153967 0.031422 0.078555
0 0.290652 0.153967 0.031422 0.078555
0 0.328358 0.153967 0.031422 0.078555
0 0.361351 0.153967 0.031422 0.078555
0 0.394344 0.153967 0.031422 0.078555
0 0.429694 0.153967 0.031422 0.078555
0 0.463472 0.153967 0.031422 0.078555
0 0.518460 0.153967 0.031422 0.078555
0 0.547526 0.153967 0.031422 0.078555
0 0.577376 0.153967 0.031422 0.078555
0 0.608013 0.153967 0.031422 0.078555
0 0.639434 0.153967 0.031422 0.078555
0 0.689709 0.153967 0.031422 0.078555
0 0.725059 0.153967 0.031422 0.078555
0 0.762765 0.153967 0.031422 0.078555
0 0.846033 0.218382 0.078555 0.031422
0 0.846033 0.256088 0.078555 0.031422
0 0.846033 0.293794 0.078555 0.031422
0 0.846033 0.336999 0.078555 0.031422
0 0.846033 0.370778 0.078555 0.031422
0 0.846033 0.416339 0.078555 0.031422
0 0.846033 0.446976 0.078555 0.031422
0 0.846033 0.474470 0.078555 0.031422
0 0.846033 0.524745 0.078555 0.031422
0 0.846033 0.568735 0.078555 0.031422
0 0.846033 0.598586 0.078555 0.031422
0 0.846033 0.633150 0.078555 0.031422
0 0.846033 0.666929 0.078555 0.031422
0 0.846033 0.715632 0.078555 0.031422
0 0.846033 0.752553 0.078555 0.031422
0 0.846033 0.791045 0.078555 0.031422
0 0.774548 0.846033 0.031422 0.078555
0 0.733700 0.846033 0.031422 0.078555
0 0.695994 0.846033 0.031422 0.078555
0 0.628437 0.846033 0.031422 0.078555
0 0.595444 0.846033 0.031422 0.078555
0 0.563236 0.846033 0.031422 0.078555
0 0.525530 0.846033 0.031422 0.078555
0 0.481540 0.846033 0.031422 0.078555
0 0.448547 0.846033 0.031422 0.078555
0 0.417125 0.846033 0.031422 0.078555
0 0.369207 0.846033 0.031422 0.078555
0 0.333071 0.846033 0.031422 0.078555
0 0.296151 0.846033 0.031422 0.078555
0 0.256874 0.846033 0.031422 0.078555
0 0.219953 0.846033 0.031422 0.078555
0 0.153967 0.786332 0.078555 0.031422
0 0.153967 0.747840 0.078555 0.031422
0 0.153967 0.696779 0.078555 0.031422
0 0.153967 0.622938 0.078555 0.031422
0 0.153967 0.588374 0.078555 0.031422
0 0.153967 0.548311 0.078555 0.031422
0 0.153967 0.514533 0.078555 0.031422
0 0.153967 0.476041 0.078555 0.031422
0 0.153967 0.443048 0.078555 0.031422
0 0.153967 0.410841 0.078555 0.031422
0 0.153967 0.377848 0.078555 0.031422
0 0.153967 0.342498 0.078555 0.031422
0 0.153967 0.300079 0.078555 0.031422
0 0.153967 0.252946 0.078555 0.031422
0 0.153967 0.215240 0.078555 0.031422
0 0.219953 0.158680 0.031422 0.078555
0 0.256874 0.158680 0.031422 0.078555
0 0.293009 0.158680 0.031422 0.078555
0 0.329144 0.158680 0.031422 0.078555
0 0.361351 0.158680 0.031422 0.078555
0 0.394344 0.158680 0.031422 0.078555
0 0.429694 0.158680 0.031422 0.078555
0 0.463472 0.158680 0.031422 0.078555
0 0.518460 0.158680 0.031422 0.078555
0 0.546740 0.158680 0.031422 0.078555
0 0.575805 0.158680 0.031422 0.078555
0 0.604870 0.158680 0.031422 0.078555
0 0.635507 0.158680 0.031422 0.078555
0 0.685782 0.158680 0.031422 0.078555
0 0.720346 0.158680 0.031422 0.078555
0 0.757266 0.158680 0.031422 0.078555
0 0.841320 0.221524 0.078555 0.031422
0 0.841320 0.259230 0.078555 0.031422
0 0.841320 0.295365 0.078555 0.031422
0 0.841320 0.338570 0.078555 0.031422
0 0.841320 0.371563 0.078555 0.031422
0 0.841320 0.417910 0.078555 0.031422
0 0.841320 0.447761 0.078555 0.031422
0 0.841320 0.473684 0.078555 0.031422
0 0.841320 0.525530 0.078555 0.031422
0 0.841320 0.569521 0.078555 0.031422
0 0.841320 0.599372 0.078555 0.031422
0 0.841320 0.632364 0.078555 0.031422
0 0.841320 0.665357 0.078555 0.031422
0 0.841320 0.714061 0.078555 0.031422
0 0.841320 0.750196 0.078555 0.031422
0 0.841320 0.788688 0.078555 0.031422
0 0.769049 0.841320 0.031422 0.078555
0 0.729772 0.841320 0.031422 0.078555
0 0.692852 0.841320 0.031422 0.078555
0 0.659859 0.841320 0.031422 0.078555
0 0.627651 0.841320 0.031422 0.078555
0 0.594658 0.841320 0.031422 0.078555
0 0.563236 0.841320 0.031422 0.078555
0 0.524745 0.841320 0.031422 0.078555
0 0.482325 0.841320 0.031422 0.078555
0 0.448547 0.841320 0.031422 0.078555
0 0.418696 0.841320 0.031422 0.078555
0 0.369207 0.841320 0.031422 0.078555
0 0.334643 0.841320 0.031422 0.078555
0 0.297722 0.841320 0.031422 0.078555
0 0.259230 0.841320 0.031422 0.078555
0 0.223881 0.841320 0.031422 0.078555
0 0.158680 0.783975 0.078555 0.031422
0 0.158680 0.746269 0.078555 0.031422
0 0.158680 0.693637 0.078555 0.031422
0 0.158680 0.655931 0.078555 0.031422
0 0.158680 0.620581 0.078555 0.031422
0 0.158680 0.587588 0.078555 0.031422
0 0.158680 0.546740 0.078555 0.031422
0 0.158680 0.513747 0.078555 0.031422
0 0.158680 0.475255 0.078555 0.031422
0 0.158680 0.412412 0.078555 0.031422
0 0.158680 0.344069 0.078555 0.031422
0 0.158680 0.302435 0.078555 0.031422
0 0.158680 0.255302 0.078555 0.031422
0 0.158680 0.217596 0.078555 0.031422
0 0.222310 0.163394 0.031422 0.078555
0 0.259230 0.163394 0.031422 0.078555
0 0.294580 0.163394 0.031422 0.078555
0 0.330715 0.163394 0.031422 0.078555
0 0.362137 0.163394 0.031422 0.078555
0 0.393559 0.163394 0.031422 0.078555
0 0.428908 0.163394 0.031422 0.078555
0 0.462687 0.163394 0.031422 0.078555
0 0.517675 0.163394 0.031422 0.078555
0 0.545954 0.163394 0.031422 0.078555
0 0.574234 0.163394 0.031422 0.078555
0 0.602514 0.163394 0.031422 0.078555
0 0.631579 0.163394 0.031422 0.078555
0 0.682639 0.163394 0.031422 0.078555
0 0.716418 0.163394 0.031422 0.078555
0 0.751767 0.163394 0.031422 0.078555
0 0.836606 0.225452 0.078555 0.031422
0 0.836606 0.261587 0.078555 0.031422
0 0.836606 0.296936 0.078555 0.031422
0 0.836606 0.340141 0.078555 0.031422
0 0.836606 0.372349 0.078555 0.031422
0 0.836606 0.418696 0.078555 0.031422
0 0.836606 0.447761 0.078555 0.031422
0 0.836606 0.473684 0.078555 0.031422
0 0.836606 0.526316 0.078555 0.031422
0 0.836606 0.571092 0.078555 0.031422
0 0.836606 0.599372 0.078555 0.031422
0 0.836606 0.631579 0.078555 0.031422
0 0.836606 0.664572 0.078555 0.031422
0 0.836606 0.713276 0.078555 0.031422
0 0.836606 0.748625 0.078555 0.031422
0 0.836606 0.786332 0.078555 0.031422
0 0.764336 0.836606 0.031422 0.078555
0 0.658288 0.836606 0.031422 0.078555
0 0.626080 0.836606 0.031422 0.078555
0 0.594658 0.836606 0.031422 0.078555
0 0.563236 0.836606 0.031422 0.078555
0 0.524745 0.836606 0.031422 0.078555
0 0.482325 0.836606 0.031422 0.078555
0 0.449332 0.836606 0.031422 0.078555
0 0.419482 0.836606 0.031422 0.078555
0 0.369992 0.836606 0.031422 0.078555
0 0.336214 0.836606 0.031422 0.078555
0 0.299293 0.836606 0.031422 0.078555
0 0.261587 0.836606 0.031422 0.078555
0 0.227023 0.836606 0.031422 0.078555
0 0.163394 0.780833 0.078555 0.031422
0 0.163394 0.743912 0.078555 0.031422
0 0.163394 0.691280 0.078555 0.031422
0 0.163394 0.654360 0.078555 0.031422
0 0.163394 0.619796 0.078555 0.031422
0 0.163394 0.586803 0.078555 0.031422
0 0.163394 0.545954 0.078555 0.031422
0 0.163394 0.512962 0.078555 0.031422
0 0.163394 0.475255 0.078555 0.031422
0 0.163394 0.443048 0.078555 0.031422
0 0.163394 0.412412 0.078555 0.031422
0 0.163394 0.380990 0.078555 0.031422
0 0.163394 0.345640 0.078555 0.031422
0 0.163394 0.304792 0.078555 0.031422
0 0.163394 0.257659 0.078555 0.031422
0 0.163394 0.221524 0.078555 0.031422
0 0.226237 0.168107 0.031422 0.078555
0 0.262372 0.168107 0.031422 0.078555
0 0.296151 0.168107 0.031422 0.078555
0 0.330715 0.168107 0.031422 0.078555
0 0.362137 0.168107 0.031422 0.078555
0 0.392773 0.168107 0.031422 0.078555
0 0.428908 0.168107 0.031422 0.078555
0 0.462687 0.168107 0.031422 0.078555
0 0.518460 0.168107 0.031422 0.078555
0 0.545169 0.168107 0.031422 0.078555
0 0.600157 0.168107 0.031422 0.078555
0 0.628437 0.168107 0.031422 0.078555
0 0.679497 0.168107 0.031422 0.078555
0 0.712490 0.168107 0.031422 0.078555
0 0.831893 0.228594 0.078555 0.031422
0 0.831893 0.263943 0.078555 0.031422
0 0.831893 0.298507 0.078555 0.031422
0 0.831893 0.341712 0.078555 0.031422
0 0.831893 0.373134 0.078555 0.031422
0 0.831893 0.419482 0.078555 0.031422
0 0.831893 0.448547 0.078555 0.031422
0 0.831893 0.472899 0.078555 0.031422
0 0.831893 0.527101 0.078555 0.031422
0 0.831893 0.571877 0.078555 0.031422
0 0.831893 0.599372 0.078555 0.031422
0 0.831893 0.630793 0.078555 0.031422
0 0.831893 0.663786 0.078555 0.031422
0 0.831893 0.712490 0.078555 0.031422
0 0.831893 0.747840 0.078555 0.031422
0 0.831893 0.783975 0.078555 0.031422
0 0.758837 0.831893 0.031422 0.078555
0 0.721131 0.831893 0.031422 0.078555
0 0.685782 0.831893 0.031422 0.078555
0 0.655931 0.831893 0.031422 0.078555
0 0.625295 0.831893 0.031422 0.078555
0 0.594658 0.831893 0.031422 0.078555
0 0.564022 0.831893 0.031422 0.078555
0 0.523959 0.831893 0.031422 0.078555
0 0.482325 0.831893 0.031422 0.078555
0 0.449332 0.831893 0.031422 0.078555
0 0.421053 0.831893 0.031422 0.078555
0 0.370778 0.831893 0.031422 0.078555
0 0.336999 0.831893 0.031422 0.078555
0 0.300864 0.831893 0.031422 0.078555
0 0.263158 0.831893 0.031422 0.078555
0 0.230951 0.831893 0.031422 0.078555
0 0.168107 0.777690 0.078555 0.031422
0 0.168107 0.741555 0.078555 0.031422
0 0.168107 0.688924 0.078555 0.031422
0 0.168107 0.652003 0.078555 0.031422
0 0.168107 0.618225 0.078555 0.031422
0 0.168107 0.586017 0.078555 0.031422
0 0.168107 0.544383 0.078555 0.031422
0 0.168107 0.512176 0.078555 0.031422
0 0.168107 0.474470 0.078555 0.031422
0 0.168107 0.443833 0.078555 0.031422
0 0.168107 0.413983 0.078555 0.031422
0 0.168107 0.382561 0.078555 0.031422
0 0.168107 0.347997 0.078555 0.031422
0 0.168107 0.307148 0.078555 0.031422
0 0.168107 0.260016 0.078555 0.031422
0 0.168107 0.225452 0.078555 0.031422
0 0.209741 0.144540 0.031422 0.078555
0 0.249804 0.144540 0.031422 0.078555
0 0.287510 0.144540 0.031422 0.078555
0 0.326787 0.144540 0.031422 0.078555
0 0.361351 0.144540 0.031422 0.078555
0 0.395915 0.144540 0.031422 0.078555
0 0.430479 0.144540 0.031422 0.078555
0 0.465043 0.144540 0.031422 0.078555
0 0.518460 0.144540 0.031422 0.078555
0 0.549097 0.144540 0.031422 0.078555
0 0.581304 0.144540 0.031422 0.078555
0 0.613511 0.144540 0.031422 0.078555
0 0.647290 0.144540 0.031422 0.078555
0 0.696779 0.144540 0.031422 0.078555
0 0.734485 0.144540 0.031422 0.078555
0 0.774548 0.144540 0.031422 0.078555
0 0.855460 0.211312 0.078555 0.031422
0 0.855460 0.251375 0.078555 0.031422
0 0.855460 0.289866 0.078555 0.031422
0 0.855460 0.333071 0.078555 0.031422
0 0.855460 0.369207 0.078555 0.031422
0 0.855460 0.413983 0.078555 0.031422
0 0.855460 0.446190 0.078555 0.031422
0 0.855460 0.474470 0.078555 0.031422
0 0.855460 0.523959 0.078555 0.031422
0 0.855460 0.567164 0.078555 0.031422
0 0.855460 0.598586 0.078555 0.031422
0 0.855460 0.633936 0.078555 0.031422
0 0.855460 0.669285 0.078555 0.031422
0 0.855460 0.716418 0.078555 0.031422
0 0.855460 0.755695 0.078555 0.031422
0 0.855460 0.795758 0.078555 0.031422
0 0.783975 0.855460 0.031422 0.078555
0 0.742341 0.855460 0.031422 0.078555
0 0.702278 0.855460 0.031422 0.078555
0 0.666143 0.855460 0.031422 0.078555
0 0.631579 0.855460 0.031422 0.078555
0 0.597015 0.855460 0.031422 0.078555
0 0.563236 0.855460 0.031422 0.078555
0 0.525530 0.855460 0.031422 0.078555
0 0.481540 0.855460 0.031422 0.078555
0 0.446976 0.855460 0.031422 0.078555
0 0.415554 0.855460 0.031422 0.078555
0 0.367636 0.855460 0.031422 0.078555
0 0.331500 0.855460 0.031422 0.078555
0 0.292223 0.855460 0.031422 0.078555
0 0.252160 0.855460 0.031422 0.078555
0 0.212883 0.855460 0.031422 0.078555
0 0.144540 0.792616 0.078555 0.031422
0 0.144540 0.752553 0.078555 0.031422
0 0.144540 0.703064 0.078555 0.031422
0 0.144540 0.662215 0.078555 0.031422
0 0.144540 0.625295 0.078555 0.031422
0 0.144540 0.589945 0.078555 0.031422
0 0.144540 0.549882 0.078555 0.031422
0 0.144540 0.516104 0.078555 0.031422
0 0.144540 0.476041 0.078555 0.031422
0 0.144540 0.443048 0.078555 0.031422
0 0.144540 0.410055 0.078555 0.031422
0 0.144540 0.374705 0.078555 0.031422
0 0.144540 0.338570 0.078555 0.031422
0 0.144540 0.296151 0.078555 0.031422
0 0.144540 0.247447 0.078555 0.031422
0 0.144540 0.208170 0.078555 0.031422
