0 0.196761 0.126316 0.032389 0.080972
0 0.238057 0.126316 0.032389 0.080972
0 0.279352 0.126316 0.032389 0.080972
0 0.319838 0.126316 0.032389 0.080972
0 0.357895 0.126316 0.032389 0.080972
0 0.393522 0.126316 0.032389 0.080972
0 0.428340 0.126316 0.032389 0.080972
0 0.464777 0.126316 0.032389 0.080972
0 0.520648 0.126316 0.032389 0.080972
0 0.552227 0.126316 0.032389 0.080972
0 0.587045 0.126316 0.032389 0.080972
0 0.621862 0.126316 0.032389 0.080972
0 0.659919 0.126316 0.032389 0.080972
0 0.708502 0.126316 0.032389 0.080972
0 0.749798 0.126316 0.032389 0.080972
0 0.793522 0.126316 0.032389 0.080972
0 0.873684 0.195951 0.080972 0.032389
0 0.873684 0.238866 0.080972 0.032389
0 0.873684 0.280162 0.080972 0.032389
0 0.873684 0.325506 0.080972 0.032389
0 0.873684 0.363563 0.080972 0.032389
0 0.873684 0.408097 0.080972 0.032389
0 0.873684 0.442915 0.080972 0.032389
0 0.873684 0.472874 0.080972 0.032389
0 0.873684 0.523077 0.080972 0.032389
0 0.873684 0.567611 0.080972 0.032389
0 0.873684 0.601619 0.080972 0.032389
0 0.873684 0.638057 0.080972 0.032389
0 0.873684 0.676923 0.080972 0.032389
0 0.873684 0.725506 0.080972 0.032389
0 0.873684 0.765992 0.080972 0.032389
0 0.873684 0.808907 0.080972 0.032389
0 0.800810 0.873684 0.032389 0.080972
0 0.755466 0.873684 0.032389 0.080972
0 0.711741 0.873684 0.032389 0.080972
0 0.672874 0.873684 0.032389 0.080972
0 0.636437 0.873684 0.032389 0.080972
0 0.599190 0.873684 0.032389 0.080972
0 0.564372 0.873684 0.032389 0.080972
0 0.524696 0.873684 0.032389 0.080972
0 0.480162 0.873684 0.032389 0.080972
0 0.443725 0.873684 0.032389 0.080972
0 0.409717 0.873684 0.032389 0.080972
0 0.361943 0.873684 0.032389 0.080972
0 0.323077 0.873684 0.032389 0.080972
0 0.281781 0.873684 0.032389 0.080972
0 0.239676 0.873684 0.032389 0.080972
0 0.199190 0.873684 0.032389 0.080972
0 0.126316 0.808097 0.080972 0.032389
0 0.126316 0.765182 0.080972 0.032389
0 0.126316 0.714170 0.080972 0.032389
0 0.126316 0.672065 0.080972 0.032389
0 0.126316 0.632389 0.080972 0.032389
0 0.126316 0.595142 0.080972 0.032389
0 0.126316 0.554656 0.080972 0.032389
0 0.126316 0.518219 0.080972 0.032389
0 0.126316 0.477733 0.080972 0.032389
0 0.126316 0.441296 0.080972 0.032389
0 0.126316 0.406478 0.080972 0.032389
0 0.126316 0.369231 0.080972 0.032389
0 0.126316 0.331174 0.080972 0.032389
0 0.126316 0.285830 0.080972 0.032389
0 0.126316 0.236437 0.080972 0.032389
0 0.126316 0.193522 0.080972 0.032389
0 0.203239 0.136032 0.032389 0.080972
0 0.242915 0.136032 0.032389 0.080972
0 0.282591 0.136032 0.032389 0.080972
0 0.321457 0.136032 0.032389 0.080972
0 0.357085 0.136032 0.032389 0.080972
0 0.391903 0.136032 0.032389 0.080972
0 0.427530 0.136032 0.032389 0.080972
0 0.463158 0.136032 0.032389 0.080972
0 0.519838 0.136032 0.032389 0.080972
0 0.549798 0.136032 0.032389 0.080972
0 0.583806 0.136032 0.032389 0.080972
0 0.615385 0.136032 0.032389 0.080972
0 0.650202 0.136032 0.032389 0.080972
0 0.701215 0.136032 0.032389 0.080972
0 0.740081 0.136032 0.032389 0.080972
0 0.781377 0.136032 0.032389 0.080972
0 0.863968 0.204049 0.080972 0.032389
0 0.863968 0.244534 0.080972 0.032389
0 0.863968 0.284211 0.080972 0.032389
0 0.863968 0.329555 0.080972 0.032389
0 0.863968 0.365992 0.080972 0.032389
0 0.863968 0.410526 0.080972 0.032389
0 0.863968 0.443725 0.080972 0.032389
0 0.863968 0.472065 0.080972 0.032389
0 0.863968 0.524696 0.080972 0.032389
0 0.863968 0.570040 0.080972 0.032389
0 0.863968 0.601619 0.080972 0.032389
0 0.863968 0.637247 0.080972 0.032389
0 0.863968 0.674494 0.080972 0.032389
0 0.863968 0.723887 0.080972 0.032389
0 0.863968 0.762753 0.080972 0.032389
0 0.863968 0.804049 0.080972 0.032389
0 0.790283 0.863968 0.032389 0.080972
0 0.746559 0.863968 0.032389 0.080972
0 0.705263 0.863968 0.032389 0.080972
0 0.668016 0.863968 0.032389 0.080972
0 0.634008 0.863968 0.032389 0.080972
0 0.598381 0.863968 0.032389 0.080972
0 0.564372 0.863968 0.032389 0.080972
0 0.523887 0.863968 0.032389 0.080972
0 0.480972 0.863968 0.032389 0.080972
0 0.445344 0.863968 0.032389 0.080972
0 0.412955 0.863968 0.032389 0.080972
0 0.363563 0.863968 0.032389 0.080972
0 0.325506 0.863968 0.032389 0.080972
0 0.285830 0.863968 0.032389 0.080972
0 0.244534 0.863968 0.032389 0.080972
0 0.206478 0.863968 0.032389 0.080972
0 0.136032 0.802429 0.080972 0.032389
0 0.136032 0.760324 0.080972 0.032389
0 0.136032 0.707692 0.080972 0.032389
0 0.136032 0.667206 0.080972 0.032389
0 0.136032 0.629960 0.080972 0.032389
0 0.136032 0.593522 0.080972 0.032389
0 0.136032 0.552227 0.080972 0.032389
0 0.136032 0.516599 0.080972 0.032389
0 0.136032 0.477733 0.080972 0.032389
0 0.136032 0.441296 0.080972 0.032389
0 0.136032 0.408097 0.080972 0.032389
0 0.136032 0.372470 0.080972 0.032389
0 0.136032 0.335223 0.080972 0.032389
0 0.136032 0.291498 0.080972 0.032389
0 0.136032 0.241296 0.080972 0.032389
0 0.136032 0.200810 0.080972 0.032389
0 0.206478 0.140891 0.032389 0.080972
0 0.246154 0.140891 0.032389 0.080972
0 0.284211 0.140891 0.032389 0.080972
0 0.322267 0.140891 0.032389 0.080972
0 0.357895 0.140891 0.032389 0.080972
0 0.391093 0.140891 0.032389 0.080972
0 0.427530 0.140891 0.032389 0.080972
0 0.463158 0.140891 0.032389 0.080972
0 0.519838 0.140891 0.032389 0.080972
0 0.548988 0.140891 0.032389 0.080972
0 0.581377 0.140891 0.032389 0.080972
0 0.612955 0.140891 0.032389 0.080972
0 0.646964 0.140891 0.032389 0.080972
0 0.697976 0.140891 0.032389 0.080972
0 0.734413 0.140891 0.032389 0.080972
0 0.775709 0.140891 0.032389 0.080972
0 0.859109 0.208097 0.080972 0.032389
0 0.859109 0.285830 0.080972 0.032389
0 0.859109 0.331174 0.080972 0.032389
0 0.859109 0.367611 0.080972 0.032389
0 0.859109 0.412146 0.080972 0.032389
0 0.859109 0.444534 0.080972 0.032389
0 0.859109 0.472065 0.080972 0.032389
0 0.859109 0.525506 0.080972 0.032389
0 0.859109 0.570850 0.080972 0.032389
0 0.859109 0.601619 0.080972 0.032389
0 0.859109 0.636437 0.080972 0.032389
0 0.859109 0.672874 0.080972 0.032389
0 0.859109 0.723077 0.080972 0.032389
0 0.859109 0.761134 0.080972 0.032389
0 0.859109 0.801619 0.080972 0.032389
0 0.785425 0.859109 0.032389 0.080972
0 0.742510 0.859109 0.032389 0.080972
0 0.702024 0.859109 0.032389 0.080972
0 0.665587 0.859109 0.032389 0.080972
0 0.632389 0.859109 0.032389 0.080972
0 0.598381 0.859109 0.032389 0.080972
0 0.564372 0.859109 0.032389 0.080972
0 0.523887 0.859109 0.032389 0.080972
0 0.480972 0.859109 0.032389 0.080972
0 0.445344 0.859109 0.032389 0.080972
0 0.413765 0.859109 0.032389 0.080972
0 0.364372 0.859109 0.032389 0.080972
0 0.326316 0.859109 0.032389 0.080972
0 0.288259 0.859109 0.032389 0.080972
0 0.246964 0.859109 0.032389 0.080972
0 0.210526 0.859109 0.032389 0.080972
0 0.140891 0.799190 0.080972 0.032389
0 0.140891 0.757085 0.080972 0.032389
0 0.140891 0.705263 0.080972 0.032389
0 0.140891 0.664777 0.080972 0.032389
0 0.140891 0.628340 0.080972 0.032389
0 0.140891 0.592713 0.080972 0.032389
0 0.140891 0.551417 0.080972 0.032389
0 0.140891 0.515789 0.080972 0.032389
0 0.140891 0.477733 0.080972 0.032389
0 0.140891 0.442105 0.080972 0.032389
0 0.140891 0.408907 0.080972 0.032389
0 0.140891 0.374089 0.080972 0.032389
0 0.140891 0.336842 0.080972 0.032389
0 0.140891 0.293117 0.080972 0.032389
0 0.140891 0.244534 0.080972 0.032389
0 0.140891 0.204049 0.080972 0.032389
0 0.209717 0.145749 0.032389 0.080972
0 0.248583 0.145749 0.032389 0.080972
0 0.286640 0.145749 0.032389 0.080972
0 0.323887 0.145749 0.032389 0.080972
0 0.357895 0.145749 0.032389 0.080972
0 0.391093 0.145749 0.032389 0.080972
0 0.434818 0.145749 0.032389 0.080972
0 0.519838 0.145749 0.032389 0.080972
0 0.579757 0.145749 0.032389 0.080972
0 0.610526 0.145749 0.032389 0.080972
0 0.770040 0.145749 0.032389 0.080972
0 0.854251 0.211336 0.080972 0.032389
0 0.854251 0.250202 0.080972 0.032389
0 0.854251 0.288259 0.080972 0.032389
0 0.854251 0.333603 0.080972 0.032389
0 0.854251 0.368421 0.080972 0.032389
0 0.854251 0.412955 0.080972 0.032389
0 0.854251 0.445344 0.080972 0.032389
0 0.854251 0.472065 0.080972 0.032389
0 0.854251 0.526316 0.080972 0.032389
0 0.854251 0.571660 0.080972 0.032389
0 0.854251 0.601619 0.080972 0.032389
0 0.854251 0.636437 0.080972 0.032389
0 0.854251 0.672065 0.080972 0.032389
0 0.854251 0.722267 0.080972 0.032389
0 0.854251 0.758704 0.080972 0.032389
0 0.854251 0.799190 0.080972 0.032389
0 0.778947 0.854251 0.032389 0.080972
0 0.737652 0.854251 0.032389 0.080972
0 0.698785 0.854251 0.032389 0.080972
0 0.663968 0.854251 0.032389 0.080972
0 0.631579 0.854251 0.032389 0.080972
0 0.597571 0.854251 0.032389 0.080972
0 0.523887 0.854251 0.032389 0.080972
0 0.481781 0.854251 0.032389 0.080972
0 0.446154 0.854251 0.032389 0.080972
0 0.414575 0.854251 0.032389 0.080972
0 0.364372 0.854251 0.032389 0.080972
0 0.327126 0.854251 0.032389 0.080972
0 0.289879 0.854251 0.032389 0.080972
0 0.249393 0.854251 0.032389 0.080972
0 0.213765 0.854251 0.032389 0.080972
0 0.145749 0.795951 0.080972 0.032389
0 0.145749 0.755466 0.080972 0.032389
0 0.145749 0.701215 0.080972 0.032389
0 0.145749 0.663158 0.080972 0.032389
0 0.145749 0.626721 0.080972 0.032389
0 0.145749 0.591903 0.080972 0.032389
0 0.145749 0.549798 0.080972 0.032389
0 0.145749 0.514980 0.080972 0.032389
0 0.145749 0.476923 0.080972 0.032389
0 0.145749 0.442105 0.080972 0.032389
0 0.145749 0.410526 0.080972 0.032389
0 0.145749 0.376518 0.080972 0.032389
0 0.145749 0.339271 0.080972 0.032389
0 0.145749 0.295547 0.080972 0.032389
0 0.145749 0.246964 0.080972 0.032389
0 0.145749 0.208097 0.080972 0.032389
0 0.212955 0.150607 0.032389 0.080972
0 0.251012 0.150607 0.032389 0.080972
0 0.287449 0.150607 0.032389 0.080972
0 0.323887 0.150607 0.032389 0.080972
0 0.357895 0.150607 0.032389 0.080972
0 0.390283 0.150607 0.032389 0.080972
0 0.426721 0.150607 0.032389 0.080972
0 0.470445 0.150607 0.032389 0.080972
0 0.519838 0.150607 0.032389 0.080972
0 0.638866 0.150607 0.032389 0.080972
0 0.849393 0.215385 0.080972 0.032389
0 0.849393 0.252632 0.080972 0.032389
0 0.849393 0.289879 0.080972 0.032389
0 0.849393 0.334413 0.080972 0.032389
0 0.849393 0.369231 0.080972 0.032389
0 0.849393 0.413765 0.080972 0.032389
0 0.849393 0.445344 0.080972 0.032389
0 0.849393 0.472065 0.080972 0.032389
0 0.849393 0.526316 0.080972 0.032389
0 0.849393 0.572470 0.080972 0.032389
0 0.849393 0.601619 0.080972 0.032389
0 0.849393 0.635628 0.080972 0.032389
0 0.849393 0.671255 0.080972 0.032389
0 0.849393 0.721457 0.080972 0.032389
0 0.849393 0.757895 0.080972 0.032389
0 0.849393 0.796761 0.080972 0.032389
0 0.775709 0.849393 0.032389 0.080972
0 0.734413 0.849393 0.032389 0.080972
0 0.695547 0.849393 0.032389 0.080972
0 0.662348 0.849393 0.032389 0.080972
0 0.629960 0.849393 0.032389 0.080972
0 0.596761 0.849393 0.032389 0.080972
0 0.565182 0.849393 0.032389 0.080972
0 0.523887 0.849393 0.032389 0.080972
0 0.446154 0.849393 0.032389 0.080972
0 0.416194 0.849393 0.032389 0.080972
0 0.364372 0.849393 0.032389 0.080972
0 0.328745 0.849393 0.032389 0.080972
0 0.291498 0.849393 0.032389 0.080972
0 0.251822 0.849393 0.032389 0.080972
0 0.217004 0.849393 0.032389 0.080972
0 0.150607 0.792713 0.080972 0.032389
0 0.150607 0.753036 0.080972 0.032389
0 0.150607 0.698785 0.080972 0.032389
0 0.150607 0.660729 0.080972 0.032389
0 0.150607 0.625101 0.080972 0.032389
0 0.150607 0.591093 0.080972 0.032389
0 0.150607 0.548988 0.080972 0.032389
0 0.150607 0.514170 0.080972 0.032389
0 0.150607 0.476923 0.080972 0.032389
0 0.150607 0.442105 0.080972 0.032389
0 0.150607 0.411336 0.080972 0.032389
0 0.150607 0.378138 0.080972 0.032389
0 0.150607 0.340891 0.080972 0.032389
0 0.150607 0.298785 0.080972 0.032389
0 0.150607 0.249393 0.080972 0.032389
0 0.150607 0.211336 0.080972 0.032389
0 0.216194 0.155466 0.032389 0.080972
0 0.253441 0.155466 0.032389 0.080972
0 0.289879 0.155466 0.032389 0.080972
0 0.324696 0.155466 0.032389 0.080972
0 0.389474 0.155466 0.032389 0.080972
0 0.425911 0.155466 0.032389 0.080972
0 0.460729 0.155466 0.032389 0.080972
0 0.546559 0.155466 0.032389 0.080972
0 0.635628 0.155466 0.032389 0.080972
0 0.687449 0.155466 0.032389 0.080972
0 0.757085 0.155466 0.032389 0.080972
0 0.844534 0.218623 0.080972 0.032389
0 0.844534 0.255870 0.080972 0.032389
0 0.844534 0.291498 0.080972 0.032389
0 0.844534 0.336032 0.080972 0.032389
0 0.844534 0.370040 0.080972 0.032389
0 0.844534 0.415385 0.080972 0.032389
0 0.844534 0.446154 0.080972 0.032389
0 0.844534 0.471255 0.080972 0.032389
0 0.844534 0.527126 0.080972 0.032389
0 0.844534 0.573279 0.080972 0.032389
0 0.844534 0.602429 0.080972 0.032389
0 0.844534 0.634818 0.080972 0.032389
0 0.844534 0.669636 0.080972 0.032389
0 0.844534 0.720648 0.080972 0.032389
0 0.844534 0.756275 0.080972 0.032389
0 0.844534 0.794332 0.080972 0.032389
0 0.770040 0.844534 0.032389 0.080972
0 0.730364 0.844534 0.032389 0.080972
0 0.692308 0.844534 0.032389 0.080972
0 0.659919 0.844534 0.032389 0.080972
0 0.629150 0.844534 0.032389 0.080972
0 0.596761 0.844534 0.032389 0.080972
0 0.565992 0.844534 0.032389 0.080972
0 0.523077 0.844534 0.032389 0.080972
0 0.481781 0.844534 0.032389 0.080972
0 0.446964 0.844534 0.032389 0.080972
0 0.417004 0.844534 0.032389 0.080972
0 0.365182 0.844534 0.032389 0.080972
0 0.329555 0.844534 0.032389 0.080972
0 0.293117 0.844534 0.032389 0.080972
0 0.254251 0.844534 0.032389 0.080972
0 0.221053 0.844534 0.032389 0.080972
0 0.155466 0.790283 0.080972 0.032389
0 0.155466 0.751417 0.080972 0.032389
0 0.155466 0.695547 0.080972 0.032389
0 0.155466 0.658300 0.080972 0.032389
0 0.155466 0.624291 0.080972 0.032389
0 0.155466 0.591093 0.080972 0.032389
0 0.155466 0.547368 0.080972 0.032389
0 0.155466 0.513360 0.080972 0.032389
0 0.155466 0.476923 0.080972 0.032389
0 0.155466 0.442915 0.080972 0.032389
0 0.155466 0.412146 0.080972 0.032389
0 0.155466 0.379757 0.080972 0.032389
0 0.155466 0.343320 0.080972 0.032389
0 0.155466 0.300405 0.080972 0.032389
0 0.155466 0.252632 0.080972 0.032389
0 0.155466 0.213765 0.080972 0.032389
0 0.200000 0.131174 0.032389 0.080972
0 0.241296 0.131174 0.032389 0.080972
0 0.280162 0.131174 0.032389 0.080972
0 0.320648 0.131174 0.032389 0.080972
0 0.357085 0.131174 0.032389 0.080972
0 0.392713 0.131174 0.032389 0.080972
0 0.427530 0.131174 0.032389 0.080972
0 0.463968 0.131174 0.032389 0.080972
0 0.520648 0.131174 0.032389 0.080972
0 0.551417 0.131174 0.032389 0.080972
0 0.585425 0.131174 0.032389 0.080972
0 0.618623 0.131174 0.032389 0.080972
0 0.705263 0.131174 0.032389 0.080972
0 0.744939 0.131174 0.032389 0.080972
0 0.787854 0.131174 0.032389 0.080972
0 0.868826 0.200000 0.080972 0.032389
0 0.868826 0.241296 0.080972 0.032389
0 0.868826 0.281781 0.080972 0.032389
0 0.868826 0.327935 0.080972 0.032389
0 0.868826 0.365182 0.080972 0.032389
0 0.868826 0.409717 0.080972 0.032389
0 0.868826 0.442915 0.080972 0.032389
0 0.868826 0.472874 0.080972 0.032389
0 0.868826 0.523887 0.080972 0.032389
0 0.868826 0.568421 0.080972 0.032389
0 0.868826 0.600810 0.080972 0.032389
0 0.868826 0.638057 0.080972 0.032389
0 0.868826 0.675304 0.080972 0.032389
0 0.868826 0.724696 0.080972 0.032389
0 0.868826 0.763563 0.080972 0.032389
0 0.868826 0.806478 0.080972 0.032389
0 0.795142 0.868826 0.032389 0.080972
0 0.751417 0.868826 0.032389 0.080972
0 0.708502 0.868826 0.032389 0.080972
0 0.670445 0.868826 0.032389 0.080972
0 0.634818 0.868826 0.032389 0.080972
0 0.598381 0.868826 0.032389 0.080972
0 0.563563 0.868826 0.032389 0.080972
0 0.525506 0.868826 0.032389 0.080972
0 0.480972 0.868826 0.032389 0.080972
0 0.444534 0.868826 0.032389 0.080972
0 0.411336 0.868826 0.032389 0.080972
0 0.363563 0.868826 0.032389 0.080972
0 0.323887 0.868826 0.032389 0.080972
0 0.284211 0.868826 0.032389 0.080972
0 0.241296 0.868826 0.032389 0.080972
0 0.202429 0.868826 0.032389 0.080972
0 0.131174 0.804858 0.080972 0.032389
0 0.131174 0.762753 0.080972 0.032389
0 0.131174 0.710931 0.080972 0.032389
0 0.131174 0.669636 0.080972 0.032389
0 0.131174 0.630769 0.080972 0.032389
0 0.131174 0.594332 0.080972 0.032389
0 0.131174 0.553036 0.080972 0.032389
0 0.131174 0.517409 0.080972 0.032389
0 0.131174 0.477733 0.080972 0.032389
0 0.131174 0.441296 0.080972 0.032389
0 0.131174 0.407287 0.080972 0.032389
0 0.131174 0.370850 0.080972 0.032389
0 0.131174 0.333603 0.080972 0.032389
0 0.131174 0.289069 0.080972 0.032389
0 0.131174 0.238866 0.080972 0.032389
0 0.131174 0.197571 0.080972 0.032389
