0 0.197080 0.126521 0.032441 0.081103
0 0.236010 0.126521 0.032441 0.081103
0 0.278994 0.126521 0.032441 0.081103
0 0.318735 0.126521 0.032441 0.081103
0 0.355231 0.126521 0.032441 0.081103
0 0.392539 0.126521 0.032441 0.081103
0 0.428224 0.126521 0.032441 0.081103
0 0.464720 0.126521 0.032441 0.081103
0 0.520681 0.126521 0.032441 0.081103
0 0.553122 0.126521 0.032441 0.081103
0 0.587997 0.126521 0.032441 0.081103
0 0.623682 0.126521 0.032441 0.081103
0 0.660178 0.126521 0.032441 0.081103
0 0.711273 0.126521 0.032441 0.081103
0 0.751825 0.126521 0.032441 0.081103
0 0.792376 0.126521 0.032441 0.081103
0 0.873479 0.189781 0.081103 0.032441
0 0.873479 0.230333 0.081103 0.032441
0 0.873479 0.271695 0.081103 0.032441
0 0.873479 0.316302 0.081103 0.032441
0 0.873479 0.351987 0.081103 0.032441
0 0.873479 0.397405 0.081103 0.032441
0 0.873479 0.430657 0.081103 0.032441
0 0.873479 0.463098 0.081103 0.032441
0 0.873479 0.515004 0.081103 0.032441
0 0.873479 0.554745 0.081103 0.032441
0 0.873479 0.587997 0.081103 0.032441
0 0.873479 0.625304 0.081103 0.032441
0 0.873479 0.665045 0.081103 0.032441
0 0.873479 0.714517 0.081103 0.032441
0 0.873479 0.756691 0.081103 0.032441
0 0.873479 0.799676 0.081103 0.032441
0 0.797242 0.873479 0.032441 0.081103
0 0.751825 0.873479 0.032441 0.081103
0 0.707218 0.873479 0.032441 0.081103
0 0.666667 0.873479 0.032441 0.081103
0 0.630170 0.873479 0.032441 0.081103
0 0.592863 0.873479 0.032441 0.081103
0 0.556367 0.873479 0.032441 0.081103
0 0.520681 0.873479 0.032441 0.081103
0 0.477697 0.873479 0.032441 0.081103
0 0.443633 0.873479 0.032441 0.081103
0 0.409570 0.873479 0.032441 0.081103
0 0.362530 0.873479 0.032441 0.081103
0 0.322790 0.873479 0.032441 0.081103
0 0.283049 0.873479 0.032441 0.081103
0 0.238443 0.873479 0.032441 0.081103
0 0.196269 0.873479 0.032441 0.081103
0 0.126521 0.802109 0.081103 0.032441
0 0.126521 0.759124 0.081103 0.032441
0 0.126521 0.707218 0.081103 0.032441
0 0.126521 0.664234 0.081103 0.032441
0 0.126521 0.625304 0.081103 0.032441
0 0.126521 0.587186 0.081103 0.032441
0 0.126521 0.549878 0.081103 0.032441
0 0.126521 0.516626 0.081103 0.032441
0 0.126521 0.471208 0.081103 0.032441
0 0.126521 0.432279 0.081103 0.032441
0 0.126521 0.397405 0.081103 0.032441
0 0.126521 0.361719 0.081103 0.032441
0 0.126521 0.330900 0.081103 0.032441
0 0.126521 0.283049 0.081103 0.032441
0 0.126521 0.231144 0.081103 0.032441
0 0.126521 0.188159 0.081103 0.032441
0 0.204380 0.136253 0.032441 0.081103
0 0.243309 0.136253 0.032441 0.081103
0 0.282238 0.136253 0.032441 0.081103
0 0.320357 0.136253 0.032441 0.081103
0 0.355231 0.136253 0.032441 0.081103
0 0.390916 0.136253 0.032441 0.081103
0 0.427413 0.136253 0.032441 0.081103
0 0.463098 0.136253 0.032441 0.081103
0 0.519870 0.136253 0.032441 0.081103
0 0.551500 0.136253 0.032441 0.081103
0 0.584753 0.136253 0.032441 0.081103
0 0.618005 0.136253 0.032441 0.081103
0 0.652879 0.136253 0.032441 0.081103
0 0.703974 0.136253 0.032441 0.081103
0 0.742092 0.136253 0.032441 0.081103
0 0.779400 0.136253 0.032441 0.081103
0 0.863747 0.193025 0.081103 0.032441
0 0.863747 0.232766 0.081103 0.032441
0 0.863747 0.271695 0.081103 0.032441
0 0.863747 0.316302 0.081103 0.032441
0 0.863747 0.351176 0.081103 0.032441
0 0.863747 0.396594 0.081103 0.032441
0 0.863747 0.428224 0.081103 0.032441
0 0.863747 0.459043 0.081103 0.032441
0 0.863747 0.512571 0.081103 0.032441
0 0.863747 0.553122 0.081103 0.032441
0 0.863747 0.584753 0.081103 0.032441
0 0.863747 0.620438 0.081103 0.032441
0 0.863747 0.656934 0.081103 0.032441
0 0.863747 0.708840 0.081103 0.032441
0 0.863747 0.747770 0.081103 0.032441
0 0.863747 0.789943 0.081103 0.032441
0 0.785888 0.863747 0.032441 0.081103
0 0.741281 0.863747 0.032441 0.081103
0 0.698297 0.863747 0.032441 0.081103
0 0.660178 0.863747 0.032441 0.081103
0 0.626115 0.863747 0.032441 0.081103
0 0.590430 0.863747 0.032441 0.081103
0 0.555556 0.863747 0.032441 0.081103
0 0.519059 0.863747 0.032441 0.081103
0 0.476886 0.863747 0.032441 0.081103
0 0.443633 0.863747 0.032441 0.081103
0 0.412003 0.863747 0.032441 0.081103
0 0.363341 0.863747 0.032441 0.081103
0 0.325223 0.863747 0.032441 0.081103
0 0.287105 0.863747 0.032441 0.081103
0 0.243309 0.863747 0.032441 0.081103
0 0.203569 0.863747 0.032441 0.081103
0 0.136253 0.793187 0.081103 0.032441
0 0.136253 0.751825 0.081103 0.032441
0 0.136253 0.696675 0.081103 0.032441
0 0.136253 0.656123 0.081103 0.032441
0 0.136253 0.618816 0.081103 0.032441
0 0.136253 0.583131 0.081103 0.032441
0 0.136253 0.545012 0.081103 0.032441
0 0.136253 0.508516 0.081103 0.032441
0 0.136253 0.467964 0.081103 0.032441
0 0.136253 0.429846 0.081103 0.032441
0 0.136253 0.396594 0.081103 0.032441
0 0.136253 0.361719 0.081103 0.032441
0 0.136253 0.329278 0.081103 0.032441
0 0.136253 0.285483 0.081103 0.032441
0 0.136253 0.232766 0.081103 0.032441
0 0.136253 0.192214 0.081103 0.032441
0 0.208435 0.141119 0.032441 0.081103
0 0.245742 0.141119 0.032441 0.081103
0 0.283861 0.141119 0.032441 0.081103
0 0.320357 0.141119 0.032441 0.081103
0 0.389294 0.141119 0.032441 0.081103
0 0.427413 0.141119 0.032441 0.081103
0 0.463098 0.141119 0.032441 0.081103
0 0.520681 0.141119 0.032441 0.081103
0 0.583131 0.141119 0.032441 0.081103
0 0.701541 0.141119 0.032441 0.081103
0 0.737226 0.141119 0.032441 0.081103
0 0.772912 0.141119 0.032441 0.081103
0 0.858881 0.195458 0.081103 0.032441
0 0.858881 0.233577 0.081103 0.032441
0 0.858881 0.272506 0.081103 0.032441
0 0.858881 0.316302 0.081103 0.032441
0 0.858881 0.350365 0.081103 0.032441
0 0.858881 0.395783 0.081103 0.032441
0 0.858881 0.427413 0.081103 0.032441
0 0.858881 0.457421 0.081103 0.032441
0 0.858881 0.511760 0.081103 0.032441
0 0.858881 0.551500 0.081103 0.032441
0 0.858881 0.583131 0.081103 0.032441
0 0.858881 0.617194 0.081103 0.032441
0 0.858881 0.653690 0.081103 0.032441
0 0.858881 0.705596 0.081103 0.032441
0 0.858881 0.744526 0.081103 0.032441
0 0.858881 0.785077 0.081103 0.032441
0 0.781022 0.858881 0.032441 0.081103
0 0.736415 0.858881 0.032441 0.081103
0 0.694242 0.858881 0.032441 0.081103
0 0.657745 0.858881 0.032441 0.081103
0 0.624493 0.858881 0.032441 0.081103
0 0.588808 0.858881 0.032441 0.081103
0 0.555556 0.858881 0.032441 0.081103
0 0.518248 0.858881 0.032441 0.081103
0 0.476886 0.858881 0.032441 0.081103
0 0.444444 0.858881 0.032441 0.081103
0 0.412814 0.858881 0.032441 0.081103
0 0.364964 0.858881 0.032441 0.081103
0 0.326034 0.858881 0.032441 0.081103
0 0.288727 0.858881 0.032441 0.081103
0 0.254663 0.858881 0.032441 0.081103
0 0.206002 0.858881 0.032441 0.081103
0 0.141119 0.788321 0.081103 0.032441
0 0.141119 0.747770 0.081103 0.032441
0 0.141119 0.690998 0.081103 0.032441
0 0.141119 0.652879 0.081103 0.032441
0 0.141119 0.615572 0.081103 0.032441
0 0.141119 0.580697 0.081103 0.032441
0 0.141119 0.542579 0.081103 0.032441
0 0.141119 0.506894 0.081103 0.032441
0 0.141119 0.467153 0.081103 0.032441
0 0.141119 0.429035 0.081103 0.032441
0 0.141119 0.395783 0.081103 0.032441
0 0.141119 0.361719 0.081103 0.032441
0 0.141119 0.330900 0.081103 0.032441
0 0.141119 0.287105 0.081103 0.032441
0 0.141119 0.234388 0.081103 0.032441
0 0.141119 0.193836 0.081103 0.032441
0 0.211679 0.145985 0.032441 0.081103
0 0.248175 0.145985 0.032441 0.081103
0 0.284672 0.145985 0.032441 0.081103
0 0.321168 0.145985 0.032441 0.081103
0 0.354420 0.145985 0.032441 0.081103
0 0.388483 0.145985 0.032441 0.081103
0 0.427413 0.145985 0.032441 0.081103
0 0.469586 0.145985 0.032441 0.081103
0 0.519870 0.145985 0.032441 0.081103
0 0.549067 0.145985 0.032441 0.081103
0 0.581509 0.145985 0.032441 0.081103
0 0.613139 0.145985 0.032441 0.081103
0 0.697486 0.145985 0.032441 0.081103
0 0.854015 0.197080 0.081103 0.032441
0 0.854015 0.235199 0.081103 0.032441
0 0.854015 0.272506 0.081103 0.032441
0 0.854015 0.316302 0.081103 0.032441
0 0.854015 0.348743 0.081103 0.032441
0 0.854015 0.395783 0.081103 0.032441
0 0.854015 0.426602 0.081103 0.032441
0 0.854015 0.455799 0.081103 0.032441
0 0.854015 0.510949 0.081103 0.032441
0 0.854015 0.550689 0.081103 0.032441
0 0.854015 0.582320 0.081103 0.032441
0 0.854015 0.614761 0.081103 0.032441
0 0.854015 0.650446 0.081103 0.032441
0 0.854015 0.703163 0.081103 0.032441
0 0.854015 0.740470 0.081103 0.032441
0 0.854015 0.781022 0.081103 0.032441
0 0.774534 0.854015 0.032441 0.081103
0 0.731549 0.854015 0.032441 0.081103
0 0.690187 0.854015 0.032441 0.081103
0 0.654501 0.854015 0.032441 0.081103
0 0.622871 0.854015 0.032441 0.081103
0 0.587997 0.854015 0.032441 0.081103
0 0.554745 0.854015 0.032441 0.081103
0 0.516626 0.854015 0.032441 0.081103
0 0.476886 0.854015 0.032441 0.081103
0 0.444444 0.854015 0.032441 0.081103
0 0.414436 0.854015 0.032441 0.081103
0 0.364964 0.854015 0.032441 0.081103
0 0.327656 0.854015 0.032441 0.081103
0 0.290349 0.854015 0.032441 0.081103
0 0.248175 0.854015 0.032441 0.081103
0 0.209246 0.854015 0.032441 0.081103
0 0.145985 0.784266 0.081103 0.032441
0 0.145985 0.744526 0.081103 0.032441
0 0.145985 0.686131 0.081103 0.032441
0 0.145985 0.648824 0.081103 0.032441
0 0.145985 0.613139 0.081103 0.032441
0 0.145985 0.578264 0.081103 0.032441
0 0.145985 0.540957 0.081103 0.032441
0 0.145985 0.504461 0.081103 0.032441
0 0.145985 0.465531 0.081103 0.032441
0 0.145985 0.428224 0.081103 0.032441
0 0.145985 0.395783 0.081103 0.032441
0 0.145985 0.361719 0.081103 0.032441
0 0.145985 0.331711 0.081103 0.032441
0 0.145985 0.287916 0.081103 0.032441
0 0.145985 0.236010 0.081103 0.032441
0 0.145985 0.196269 0.081103 0.032441
0 0.214923 0.150852 0.032441 0.081103
0 0.249797 0.150852 0.032441 0.081103
0 0.286294 0.150852 0.032441 0.081103
0 0.321979 0.150852 0.032441 0.081103
0 0.354420 0.150852 0.032441 0.081103
0 0.387672 0.150852 0.032441 0.081103
0 0.426602 0.150852 0.032441 0.081103
0 0.461476 0.150852 0.032441 0.081103
0 0.519059 0.150852 0.032441 0.081103
0 0.548256 0.150852 0.032441 0.081103
0 0.579886 0.150852 0.032441 0.081103
0 0.610706 0.150852 0.032441 0.081103
0 0.694242 0.150852 0.032441 0.081103
0 0.728305 0.150852 0.032441 0.081103
0 0.849148 0.199513 0.081103 0.032441
0 0.849148 0.236010 0.081103 0.032441
0 0.849148 0.272506 0.081103 0.032441
0 0.849148 0.316302 0.081103 0.032441
0 0.849148 0.348743 0.081103 0.032441
0 0.849148 0.394972 0.081103 0.032441
0 0.849148 0.424980 0.081103 0.032441
0 0.849148 0.454177 0.081103 0.032441
0 0.849148 0.510949 0.081103 0.032441
0 0.849148 0.550689 0.081103 0.032441
0 0.849148 0.579886 0.081103 0.032441
0 0.849148 0.613139 0.081103 0.032441
0 0.849148 0.647202 0.081103 0.032441
0 0.849148 0.699919 0.081103 0.032441
0 0.849148 0.736415 0.081103 0.032441
0 0.849148 0.776156 0.081103 0.032441
0 0.769667 0.849148 0.032441 0.081103
0 0.727494 0.849148 0.032441 0.081103
0 0.686131 0.849148 0.032441 0.081103
0 0.652068 0.849148 0.032441 0.081103
0 0.620438 0.849148 0.032441 0.081103
0 0.587186 0.849148 0.032441 0.081103
0 0.554745 0.849148 0.032441 0.081103
0 0.516626 0.849148 0.032441 0.081103
0 0.477697 0.849148 0.032441 0.081103
0 0.445255 0.849148 0.032441 0.081103
0 0.416058 0.849148 0.032441 0.081103
0 0.365775 0.849148 0.032441 0.081103
0 0.328467 0.849148 0.032441 0.081103
0 0.291971 0.849148 0.032441 0.081103
0 0.249797 0.849148 0.032441 0.081103
0 0.212490 0.849148 0.032441 0.081103
0 0.150852 0.780211 0.081103 0.032441
0 0.150852 0.741281 0.081103 0.032441
0 0.150852 0.682076 0.081103 0.032441
0 0.150852 0.644769 0.081103 0.032441
0 0.150852 0.609895 0.081103 0.032441
0 0.150852 0.575831 0.081103 0.032441
0 0.150852 0.538524 0.081103 0.032441
0 0.150852 0.502839 0.081103 0.032441
0 0.150852 0.463909 0.081103 0.032441
0 0.150852 0.426602 0.081103 0.032441
0 0.150852 0.395783 0.081103 0.032441
0 0.150852 0.362530 0.081103 0.032441
0 0.150852 0.333333 0.081103 0.032441
0 0.150852 0.289538 0.081103 0.032441
0 0.150852 0.237632 0.081103 0.032441
0 0.218978 0.155718 0.032441 0.081103
0 0.287916 0.155718 0.032441 0.081103
0 0.321979 0.155718 0.032441 0.081103
0 0.353609 0.155718 0.032441 0.081103
0 0.386861 0.155718 0.032441 0.081103
0 0.426602 0.155718 0.032441 0.081103
0 0.461476 0.155718 0.032441 0.081103
0 0.519059 0.155718 0.032441 0.081103
0 0.546634 0.155718 0.032441 0.081103
0 0.578264 0.155718 0.032441 0.081103
0 0.637470 0.155718 0.032441 0.081103
0 0.690187 0.155718 0.032441 0.081103
0 0.723439 0.155718 0.032441 0.081103
0 0.754258 0.155718 0.032441 0.081103
0 0.844282 0.236821 0.081103 0.032441
0 0.844282 0.272506 0.081103 0.032441
0 0.844282 0.317113 0.081103 0.032441
0 0.844282 0.347932 0.081103 0.032441
0 0.844282 0.394972 0.081103 0.032441
0 0.844282 0.424980 0.081103 0.032441
0 0.844282 0.453366 0.081103 0.032441
0 0.844282 0.510138 0.081103 0.032441
0 0.844282 0.549878 0.081103 0.032441
0 0.844282 0.579075 0.081103 0.032441
0 0.844282 0.610706 0.081103 0.032441
0 0.844282 0.643958 0.081103 0.032441
0 0.844282 0.697486 0.081103 0.032441
0 0.844282 0.733171 0.081103 0.032441
0 0.844282 0.772101 0.081103 0.032441
0 0.764801 0.844282 0.032441 0.081103
0 0.722628 0.844282 0.032441 0.081103
0 0.682076 0.844282 0.032441 0.081103
0 0.650446 0.844282 0.032441 0.081103
0 0.618816 0.844282 0.032441 0.081103
0 0.587186 0.844282 0.032441 0.081103
0 0.554745 0.844282 0.032441 0.081103
0 0.515815 0.844282 0.032441 0.081103
0 0.477697 0.844282 0.032441 0.081103
0 0.445255 0.844282 0.032441 0.081103
0 0.416869 0.844282 0.032441 0.081103
0 0.366586 0.844282 0.032441 0.081103
0 0.329278 0.844282 0.032441 0.081103
0 0.293593 0.844282 0.032441 0.081103
0 0.252230 0.844282 0.032441 0.081103
0 0.215734 0.844282 0.032441 0.081103
0 0.155718 0.776156 0.081103 0.032441
0 0.155718 0.738037 0.081103 0.032441
0 0.155718 0.677210 0.081103 0.032441
0 0.155718 0.641525 0.081103 0.032441
0 0.155718 0.607461 0.081103 0.032441
0 0.155718 0.573398 0.081103 0.032441
0 0.155718 0.536091 0.081103 0.032441
0 0.155718 0.500406 0.081103 0.032441
0 0.155718 0.463098 0.081103 0.032441
0 0.155718 0.425791 0.081103 0.032441
0 0.155718 0.394972 0.081103 0.032441
0 0.155718 0.362530 0.081103 0.032441
0 0.155718 0.334144 0.081103 0.032441
0 0.155718 0.290349 0.081103 0.032441
0 0.155718 0.238443 0.081103 0.032441
0 0.201135 0.131387 0.032441 0.081103
0 0.240876 0.131387 0.032441 0.081103
0 0.280616 0.131387 0.032441 0.081103
0 0.319546 0.131387 0.032441 0.081103
0 0.355231 0.131387 0.032441 0.081103
0 0.391727 0.131387 0.032441 0.081103
0 0.428224 0.131387 0.032441 0.081103
0 0.463909 0.131387 0.032441 0.081103
0 0.520681 0.131387 0.032441 0.081103
0 0.552311 0.131387 0.032441 0.081103
0 0.586375 0.131387 0.032441 0.081103
0 0.620438 0.131387 0.032441 0.081103
0 0.656934 0.131387 0.032441 0.081103
0 0.708029 0.131387 0.032441 0.081103
0 0.747770 0.131387 0.032441 0.081103
0 0.785077 0.131387 0.032441 0.081103
0 0.868613 0.191403 0.081103 0.032441
0 0.868613 0.231955 0.081103 0.032441
0 0.868613 0.271695 0.081103 0.032441
0 0.868613 0.316302 0.081103 0.032441
0 0.868613 0.351176 0.081103 0.032441
0 0.868613 0.396594 0.081103 0.032441
0 0.868613 0.429846 0.081103 0.032441
0 0.868613 0.460665 0.081103 0.032441
0 0.868613 0.514193 0.081103 0.032441
0 0.868613 0.553933 0.081103 0.032441
0 0.868613 0.586375 0.081103 0.032441
0 0.868613 0.622871 0.081103 0.032441
0 0.868613 0.660989 0.081103 0.032441
0 0.868613 0.712084 0.081103 0.032441
0 0.868613 0.752636 0.081103 0.032441
0 0.868613 0.795620 0.081103 0.032441
0 0.791565 0.868613 0.032441 0.081103
0 0.746148 0.868613 0.032441 0.081103
0 0.703163 0.868613 0.032441 0.081103
0 0.663423 0.868613 0.032441 0.081103
0 0.627737 0.868613 0.032441 0.081103
0 0.591241 0.868613 0.032441 0.081103
0 0.556367 0.868613 0.032441 0.081103
0 0.519870 0.868613 0.032441 0.081103
0 0.477697 0.868613 0.032441 0.081103
0 0.443633 0.868613 0.032441 0.081103
0 0.410381 0.868613 0.032441 0.081103
0 0.362530 0.868613 0.032441 0.081103
0 0.324412 0.868613 0.032441 0.081103
0 0.284672 0.868613 0.032441 0.081103
0 0.240876 0.868613 0.032441 0.081103
0 0.200324 0.868613 0.032441 0.081103
0 0.131387 0.807786 0.081103 0.032441
0 0.131387 0.756691 0.081103 0.032441
0 0.131387 0.701541 0.081103 0.032441
0 0.131387 0.660178 0.081103 0.032441
0 0.131387 0.621249 0.081103 0.032441
0 0.131387 0.584753 0.081103 0.032441
0 0.131387 0.547445 0.081103 0.032441
0 0.131387 0.510138 0.081103 0.032441
0 0.131387 0.469586 0.081103 0.032441
0 0.131387 0.430657 0.081103 0.032441
0 0.131387 0.397405 0.081103 0.032441
0 0.131387 0.360908 0.081103 0.032441
0 0.131387 0.328467 0.081103 0.032441
0 0.131387 0.283861 0.081103 0.032441
0 0.131387 0.231955 0.081103 0.032441
0 0.131387 0.189781 0.081103 0.032441
