0 0.192526 0.123477 0.032494 0.081235
0 0.236393 0.123477 0.032494 0.081235
0 0.276198 0.123477 0.032494 0.081235
0 0.316816 0.123477 0.032494 0.081235
0 0.354996 0.123477 0.032494 0.081235
0 0.392364 0.123477 0.032494 0.081235
0 0.428107 0.123477 0.032494 0.081235
0 0.465475 0.123477 0.032494 0.081235
0 0.521527 0.123477 0.032494 0.081235
0 0.554021 0.123477 0.032494 0.081235
0 0.588952 0.123477 0.032494 0.081235
0 0.625508 0.123477 0.032494 0.081235
0 0.662063 0.123477 0.032494 0.081235
0 0.713241 0.123477 0.032494 0.081235
0 0.753859 0.123477 0.032494 0.081235
0 0.796101 0.123477 0.032494 0.081235
0 0.876523 0.188465 0.081235 0.032494
0 0.876523 0.230707 0.081235 0.032494
0 0.876523 0.271324 0.081235 0.032494
0 0.876523 0.316003 0.081235 0.032494
0 0.876523 0.354184 0.081235 0.032494
0 0.876523 0.398863 0.081235 0.032494
0 0.876523 0.433794 0.081235 0.032494
0 0.876523 0.466288 0.081235 0.032494
0 0.876523 0.518278 0.081235 0.032494
0 0.876523 0.560520 0.081235 0.032494
0 0.876523 0.593826 0.081235 0.032494
0 0.876523 0.632006 0.081235 0.032494
0 0.876523 0.670187 0.081235 0.032494
0 0.876523 0.720552 0.081235 0.032494
0 0.876523 0.761982 0.081235 0.032494
0 0.876523 0.804224 0.081235 0.032494
0 0.801787 0.876523 0.032494 0.081235
0 0.755483 0.876523 0.032494 0.081235
0 0.711617 0.876523 0.032494 0.081235
0 0.668562 0.876523 0.032494 0.081235
0 0.632006 0.876523 0.032494 0.081235
0 0.597076 0.876523 0.032494 0.081235
0 0.561332 0.876523 0.032494 0.081235
0 0.523964 0.876523 0.032494 0.081235
0 0.477660 0.876523 0.032494 0.081235
0 0.442729 0.876523 0.032494 0.081235
0 0.407799 0.876523 0.032494 0.081235
0 0.360682 0.876523 0.032494 0.081235
0 0.320877 0.876523 0.032494 0.081235
0 0.279448 0.876523 0.032494 0.081235
0 0.235581 0.876523 0.032494 0.081235
0 0.193339 0.876523 0.032494 0.081235
0 0.123477 0.803412 0.081235 0.032494
0 0.123477 0.760357 0.081235 0.032494
0 0.123477 0.708367 0.081235 0.032494
0 0.123477 0.666125 0.081235 0.032494
0 0.123477 0.625508 0.081235 0.032494
0 0.123477 0.591389 0.081235 0.032494
0 0.123477 0.550772 0.081235 0.032494
0 0.123477 0.513404 0.081235 0.032494
0 0.123477 0.471974 0.081235 0.032494
0 0.123477 0.433794 0.081235 0.032494
0 0.123477 0.398050 0.081235 0.032494
0 0.123477 0.361495 0.081235 0.032494
0 0.123477 0.328188 0.081235 0.032494
0 0.123477 0.282697 0.081235 0.032494
0 0.123477 0.229894 0.081235 0.032494
0 0.123477 0.189277 0.081235 0.032494
0 0.199025 0.133225 0.032494 0.081235
0 0.241267 0.133225 0.032494 0.081235
0 0.279448 0.133225 0.032494 0.081235
0 0.318440 0.133225 0.032494 0.081235
0 0.354996 0.133225 0.032494 0.081235
0 0.389927 0.133225 0.032494 0.081235
0 0.427295 0.133225 0.032494 0.081235
0 0.463851 0.133225 0.032494 0.081235
0 0.520715 0.133225 0.032494 0.081235
0 0.551584 0.133225 0.032494 0.081235
0 0.585703 0.133225 0.032494 0.081235
0 0.619821 0.133225 0.032494 0.081235
0 0.654752 0.133225 0.032494 0.081235
0 0.705930 0.133225 0.032494 0.081235
0 0.744923 0.133225 0.032494 0.081235
0 0.783103 0.133225 0.032494 0.081235
0 0.866775 0.192526 0.081235 0.032494
0 0.866775 0.233956 0.081235 0.032494
0 0.866775 0.272136 0.081235 0.032494
0 0.866775 0.316816 0.081235 0.032494
0 0.866775 0.353371 0.081235 0.032494
0 0.866775 0.398863 0.081235 0.032494
0 0.866775 0.432169 0.081235 0.032494
0 0.866775 0.464663 0.081235 0.032494
0 0.866775 0.517465 0.081235 0.032494
0 0.866775 0.559708 0.081235 0.032494
0 0.866775 0.592201 0.081235 0.032494
0 0.866775 0.627945 0.081235 0.032494
0 0.866775 0.665313 0.081235 0.032494
0 0.866775 0.715678 0.081235 0.032494
0 0.866775 0.755483 0.081235 0.032494
0 0.866775 0.796101 0.081235 0.032494
0 0.792039 0.866775 0.032494 0.081235
0 0.745735 0.866775 0.032494 0.081235
0 0.703493 0.866775 0.032494 0.081235
0 0.662876 0.866775 0.032494 0.081235
0 0.628757 0.866775 0.032494 0.081235
0 0.595451 0.866775 0.032494 0.081235
0 0.561332 0.866775 0.032494 0.081235
0 0.523152 0.866775 0.032494 0.081235
0 0.478473 0.866775 0.032494 0.081235
0 0.443542 0.866775 0.032494 0.081235
0 0.409423 0.866775 0.032494 0.081235
0 0.362307 0.866775 0.032494 0.081235
0 0.323314 0.866775 0.032494 0.081235
0 0.282697 0.866775 0.032494 0.081235
0 0.240455 0.866775 0.032494 0.081235
0 0.199838 0.866775 0.032494 0.081235
0 0.133225 0.795288 0.081235 0.032494
0 0.133225 0.753859 0.081235 0.032494
0 0.133225 0.698619 0.081235 0.032494
0 0.133225 0.661251 0.081235 0.032494
0 0.133225 0.620634 0.081235 0.032494
0 0.133225 0.583266 0.081235 0.032494
0 0.133225 0.546710 0.081235 0.032494
0 0.133225 0.510154 0.081235 0.032494
0 0.133225 0.469537 0.081235 0.032494
0 0.133225 0.432169 0.081235 0.032494
0 0.133225 0.397238 0.081235 0.032494
0 0.133225 0.362307 0.081235 0.032494
0 0.133225 0.329001 0.081235 0.032494
0 0.133225 0.285946 0.081235 0.032494
0 0.133225 0.233144 0.081235 0.032494
0 0.133225 0.194963 0.081235 0.032494
0 0.202275 0.138099 0.032494 0.081235
0 0.244517 0.138099 0.032494 0.081235
0 0.281072 0.138099 0.032494 0.081235
0 0.319253 0.138099 0.032494 0.081235
0 0.389115 0.138099 0.032494 0.081235
0 0.427295 0.138099 0.032494 0.081235
0 0.551584 0.138099 0.032494 0.081235
0 0.584078 0.138099 0.032494 0.081235
0 0.616572 0.138099 0.032494 0.081235
0 0.650690 0.138099 0.032494 0.081235
0 0.702681 0.138099 0.032494 0.081235
0 0.740049 0.138099 0.032494 0.081235
0 0.776604 0.138099 0.032494 0.081235
0 0.861901 0.194151 0.081235 0.032494
0 0.861901 0.234768 0.081235 0.032494
0 0.861901 0.272949 0.081235 0.032494
0 0.861901 0.317628 0.081235 0.032494
0 0.861901 0.352559 0.081235 0.032494
0 0.861901 0.398863 0.081235 0.032494
0 0.861901 0.431357 0.081235 0.032494
0 0.861901 0.463038 0.081235 0.032494
0 0.861901 0.517465 0.081235 0.032494
0 0.861901 0.559708 0.081235 0.032494
0 0.861901 0.591389 0.081235 0.032494
0 0.861901 0.625508 0.081235 0.032494
0 0.861901 0.662876 0.081235 0.032494
0 0.861901 0.713241 0.081235 0.032494
0 0.861901 0.752234 0.081235 0.032494
0 0.861901 0.792039 0.081235 0.032494
0 0.786353 0.861901 0.032494 0.081235
0 0.740861 0.861901 0.032494 0.081235
0 0.699431 0.861901 0.032494 0.081235
0 0.659626 0.861901 0.032494 0.081235
0 0.627132 0.861901 0.032494 0.081235
0 0.594639 0.861901 0.032494 0.081235
0 0.561332 0.861901 0.032494 0.081235
0 0.522340 0.861901 0.032494 0.081235
0 0.478473 0.861901 0.032494 0.081235
0 0.443542 0.861901 0.032494 0.081235
0 0.411048 0.861901 0.032494 0.081235
0 0.362307 0.861901 0.032494 0.081235
0 0.324127 0.861901 0.032494 0.081235
0 0.285134 0.861901 0.032494 0.081235
0 0.242892 0.861901 0.032494 0.081235
0 0.202275 0.861901 0.032494 0.081235
0 0.138099 0.790414 0.081235 0.032494
0 0.138099 0.749797 0.081235 0.032494
0 0.138099 0.692933 0.081235 0.032494
0 0.138099 0.655565 0.081235 0.032494
0 0.138099 0.617384 0.081235 0.032494
0 0.138099 0.580829 0.081235 0.032494
0 0.138099 0.544273 0.081235 0.032494
0 0.138099 0.507717 0.081235 0.032494
0 0.138099 0.467912 0.081235 0.032494
0 0.138099 0.431357 0.081235 0.032494
0 0.138099 0.397238 0.081235 0.032494
0 0.138099 0.363119 0.081235 0.032494
0 0.138099 0.325751 0.081235 0.032494
0 0.138099 0.287571 0.081235 0.032494
0 0.138099 0.233956 0.081235 0.032494
0 0.138099 0.197400 0.081235 0.032494
0 0.195776 0.128351 0.032494 0.081235
0 0.238830 0.128351 0.032494 0.081235
0 0.277823 0.128351 0.032494 0.081235
0 0.317628 0.128351 0.032494 0.081235
0 0.354996 0.128351 0.032494 0.081235
0 0.390739 0.128351 0.032494 0.081235
0 0.428107 0.128351 0.032494 0.081235
0 0.464663 0.128351 0.032494 0.081235
0 0.521527 0.128351 0.032494 0.081235
0 0.552396 0.128351 0.032494 0.081235
0 0.587327 0.128351 0.032494 0.081235
0 0.622258 0.128351 0.032494 0.081235
0 0.658814 0.128351 0.032494 0.081235
0 0.709180 0.128351 0.032494 0.081235
0 0.749797 0.128351 0.032494 0.081235
0 0.789602 0.128351 0.032494 0.081235
0 0.871649 0.190089 0.081235 0.032494
0 0.871649 0.232331 0.081235 0.032494
0 0.871649 0.272136 0.081235 0.032494
0 0.871649 0.316816 0.081235 0.032494
0 0.871649 0.353371 0.081235 0.032494
0 0.871649 0.398863 0.081235 0.032494
0 0.871649 0.432981 0.081235 0.032494
0 0.871649 0.465475 0.081235 0.032494
0 0.871649 0.517465 0.081235 0.032494
0 0.871649 0.593014 0.081235 0.032494
0 0.871649 0.629569 0.081235 0.032494
0 0.871649 0.667750 0.081235 0.032494
0 0.871649 0.718115 0.081235 0.032494
0 0.871649 0.758733 0.081235 0.032494
0 0.871649 0.800162 0.081235 0.032494
0 0.796913 0.871649 0.032494 0.081235
0 0.749797 0.871649 0.032494 0.081235
0 0.707555 0.871649 0.032494 0.081235
0 0.666125 0.871649 0.032494 0.081235
0 0.630382 0.871649 0.032494 0.081235
0 0.596263 0.871649 0.032494 0.081235
0 0.561332 0.871649 0.032494 0.081235
0 0.523152 0.871649 0.032494 0.081235
0 0.477660 0.871649 0.032494 0.081235
0 0.443542 0.871649 0.032494 0.081235
0 0.408611 0.871649 0.032494 0.081235
0 0.361495 0.871649 0.032494 0.081235
0 0.322502 0.871649 0.032494 0.081235
0 0.281072 0.871649 0.032494 0.081235
0 0.238018 0.871649 0.032494 0.081235
0 0.196588 0.871649 0.032494 0.081235
0 0.128351 0.800162 0.081235 0.032494
0 0.128351 0.757920 0.081235 0.032494
0 0.128351 0.703493 0.081235 0.032494
0 0.128351 0.662063 0.081235 0.032494
0 0.128351 0.623883 0.081235 0.032494
0 0.128351 0.584890 0.081235 0.032494
0 0.128351 0.548335 0.081235 0.032494
0 0.128351 0.511779 0.081235 0.032494
0 0.128351 0.470349 0.081235 0.032494
0 0.128351 0.432981 0.081235 0.032494
0 0.128351 0.397238 0.081235 0.032494
0 0.128351 0.362307 0.081235 0.032494
0 0.128351 0.328188 0.081235 0.032494
0 0.128351 0.284322 0.081235 0.032494
0 0.128351 0.231519 0.081235 0.032494
0 0.128351 0.191714 0.081235 0.032494
