0 0.190709 0.120619 0.032600 0.081500
0 0.232274 0.120619 0.032600 0.081500
0 0.273839 0.120619 0.032600 0.081500
0 0.315403 0.120619 0.032600 0.081500
0 0.352893 0.120619 0.032600 0.081500
0 0.390383 0.120619 0.032600 0.081500
0 0.426243 0.120619 0.032600 0.081500
0 0.464548 0.120619 0.032600 0.081500
0 0.521597 0.120619 0.032600 0.081500
0 0.553382 0.120619 0.032600 0.081500
0 0.589242 0.120619 0.032600 0.081500
0 0.625917 0.120619 0.032600 0.081500
0 0.663407 0.120619 0.032600 0.081500
0 0.715566 0.120619 0.032600 0.081500
0 0.756316 0.120619 0.032600 0.081500
0 0.797881 0.120619 0.032600 0.081500
0 0.879381 0.185819 0.081500 0.032600
0 0.879381 0.228199 0.081500 0.032600
0 0.879381 0.268949 0.081500 0.032600
0 0.879381 0.313773 0.081500 0.032600
0 0.879381 0.352078 0.081500 0.032600
0 0.879381 0.396903 0.081500 0.032600
0 0.879381 0.431133 0.081500 0.032600
0 0.879381 0.463733 0.081500 0.032600
0 0.879381 0.517522 0.081500 0.032600
0 0.879381 0.559087 0.081500 0.032600
0 0.879381 0.593317 0.081500 0.032600
0 0.879381 0.631622 0.081500 0.032600
0 0.879381 0.670742 0.081500 0.032600
0 0.879381 0.721271 0.081500 0.032600
0 0.879381 0.763651 0.081500 0.032600
0 0.879381 0.806031 0.081500 0.032600
0 0.801141 0.879381 0.032600 0.081500
0 0.756316 0.879381 0.032600 0.081500
0 0.713121 0.879381 0.032600 0.081500
0 0.670742 0.879381 0.032600 0.081500
0 0.634067 0.879381 0.032600 0.081500
0 0.597392 0.879381 0.032600 0.081500
0 0.559902 0.879381 0.032600 0.081500
0 0.524042 0.879381 0.032600 0.081500
0 0.476773 0.879381 0.032600 0.081500
0 0.440913 0.879381 0.032600 0.081500
0 0.406683 0.879381 0.032600 0.081500
0 0.358598 0.879381 0.032600 0.081500
0 0.323553 0.879381 0.032600 0.081500
0 0.277099 0.879381 0.032600 0.081500
0 0.233089 0.879381 0.032600 0.081500
0 0.190709 0.879381 0.032600 0.081500
0 0.120619 0.806846 0.081500 0.032600
0 0.120619 0.763651 0.081500 0.032600
0 0.120619 0.709861 0.081500 0.032600
0 0.120619 0.666667 0.081500 0.032600
0 0.120619 0.626732 0.081500 0.032600
0 0.120619 0.588427 0.081500 0.032600
0 0.120619 0.550122 0.081500 0.032600
0 0.120619 0.513447 0.081500 0.032600
0 0.120619 0.471068 0.081500 0.032600
0 0.120619 0.431948 0.081500 0.032600
0 0.120619 0.396088 0.081500 0.032600
0 0.120619 0.361043 0.081500 0.032600
0 0.120619 0.328443 0.081500 0.032600
0 0.120619 0.281174 0.081500 0.032600
0 0.120619 0.227384 0.081500 0.032600
0 0.120619 0.185819 0.081500 0.032600
0 0.197229 0.130399 0.032600 0.081500
0 0.237164 0.130399 0.032600 0.081500
0 0.276284 0.130399 0.032600 0.081500
0 0.317033 0.130399 0.032600 0.081500
0 0.352893 0.130399 0.032600 0.081500
0 0.387938 0.130399 0.032600 0.081500
0 0.425428 0.130399 0.032600 0.081500
0 0.462918 0.130399 0.032600 0.081500
0 0.521597 0.130399 0.032600 0.081500
0 0.551752 0.130399 0.032600 0.081500
0 0.585982 0.130399 0.032600 0.081500
0 0.620212 0.130399 0.032600 0.081500
0 0.655257 0.130399 0.032600 0.081500
0 0.707416 0.130399 0.032600 0.081500
0 0.746536 0.130399 0.032600 0.081500
0 0.784841 0.130399 0.032600 0.081500
0 0.869601 0.189079 0.081500 0.032600
0 0.869601 0.229829 0.081500 0.032600
0 0.869601 0.269764 0.081500 0.032600
0 0.869601 0.314588 0.081500 0.032600
0 0.869601 0.350448 0.081500 0.032600
0 0.869601 0.396088 0.081500 0.032600
0 0.869601 0.428688 0.081500 0.032600
0 0.869601 0.461288 0.081500 0.032600
0 0.869601 0.516707 0.081500 0.032600
0 0.869601 0.557457 0.081500 0.032600
0 0.869601 0.590872 0.081500 0.032600
0 0.869601 0.626732 0.081500 0.032600
0 0.869601 0.665037 0.081500 0.032600
0 0.869601 0.715566 0.081500 0.032600
0 0.869601 0.756316 0.081500 0.032600
0 0.869601 0.796251 0.081500 0.032600
0 0.790546 0.869601 0.032600 0.081500
0 0.745721 0.869601 0.032600 0.081500
0 0.704971 0.869601 0.032600 0.081500
0 0.665852 0.869601 0.032600 0.081500
0 0.630807 0.869601 0.032600 0.081500
0 0.594947 0.869601 0.032600 0.081500
0 0.560717 0.869601 0.032600 0.081500
0 0.522412 0.869601 0.032600 0.081500
0 0.476773 0.869601 0.032600 0.081500
0 0.440913 0.869601 0.032600 0.081500
0 0.409128 0.869601 0.032600 0.081500
0 0.361043 0.869601 0.032600 0.081500
0 0.321108 0.869601 0.032600 0.081500
0 0.280359 0.869601 0.032600 0.081500
0 0.237979 0.869601 0.032600 0.081500
0 0.197229 0.869601 0.032600 0.081500
0 0.130399 0.797066 0.081500 0.032600
0 0.130399 0.755501 0.081500 0.032600
0 0.130399 0.700081 0.081500 0.032600
0 0.130399 0.659332 0.081500 0.032600
0 0.130399 0.621027 0.081500 0.032600
0 0.130399 0.584352 0.081500 0.032600
0 0.130399 0.546047 0.081500 0.032600
0 0.130399 0.509372 0.081500 0.032600
0 0.130399 0.467808 0.081500 0.032600
0 0.130399 0.429503 0.081500 0.032600
0 0.130399 0.395273 0.081500 0.032600
0 0.130399 0.361043 0.081500 0.032600
0 0.130399 0.327628 0.081500 0.032600
0 0.130399 0.283619 0.081500 0.032600
0 0.130399 0.229829 0.081500 0.032600
0 0.130399 0.191524 0.081500 0.032600
0 0.199674 0.135289 0.032600 0.081500
0 0.239609 0.135289 0.032600 0.081500
0 0.277914 0.135289 0.032600 0.081500
0 0.317033 0.135289 0.032600 0.081500
0 0.352078 0.135289 0.032600 0.081500
0 0.387123 0.135289 0.032600 0.081500
0 0.424613 0.135289 0.032600 0.081500
0 0.462103 0.135289 0.032600 0.081500
0 0.521597 0.135289 0.032600 0.081500
0 0.550937 0.135289 0.032600 0.081500
0 0.584352 0.135289 0.032600 0.081500
0 0.616952 0.135289 0.032600 0.081500
0 0.651997 0.135289 0.032600 0.081500
0 0.704156 0.135289 0.032600 0.081500
0 0.741646 0.135289 0.032600 0.081500
0 0.778321 0.135289 0.032600 0.081500
0 0.864711 0.191524 0.081500 0.032600
0 0.864711 0.231459 0.081500 0.032600
0 0.864711 0.269764 0.081500 0.032600
0 0.864711 0.314588 0.081500 0.032600
0 0.864711 0.350448 0.081500 0.032600
0 0.864711 0.396088 0.081500 0.032600
0 0.864711 0.427873 0.081500 0.032600
0 0.864711 0.459658 0.081500 0.032600
0 0.864711 0.515892 0.081500 0.032600
0 0.864711 0.556642 0.081500 0.032600
0 0.864711 0.589242 0.081500 0.032600
0 0.864711 0.624287 0.081500 0.032600
0 0.864711 0.661777 0.081500 0.032600
0 0.864711 0.713121 0.081500 0.032600
0 0.864711 0.752241 0.081500 0.032600
0 0.864711 0.791361 0.081500 0.032600
0 0.784841 0.864711 0.032600 0.081500
0 0.741646 0.864711 0.032600 0.081500
0 0.700081 0.864711 0.032600 0.081500
0 0.662592 0.864711 0.032600 0.081500
0 0.629177 0.864711 0.032600 0.081500
0 0.594132 0.864711 0.032600 0.081500
0 0.559902 0.864711 0.032600 0.081500
0 0.521597 0.864711 0.032600 0.081500
0 0.476773 0.864711 0.032600 0.081500
0 0.441728 0.864711 0.032600 0.081500
0 0.409943 0.864711 0.032600 0.081500
0 0.361043 0.864711 0.032600 0.081500
0 0.322738 0.864711 0.032600 0.081500
0 0.281989 0.864711 0.032600 0.081500
0 0.239609 0.864711 0.032600 0.081500
0 0.199674 0.864711 0.032600 0.081500
0 0.135289 0.792176 0.081500 0.032600
0 0.135289 0.752241 0.081500 0.032600
0 0.135289 0.696007 0.081500 0.032600
0 0.135289 0.654442 0.081500 0.032600
0 0.135289 0.618582 0.081500 0.032600
0 0.135289 0.581907 0.081500 0.032600
0 0.135289 0.543602 0.081500 0.032600
0 0.135289 0.507742 0.081500 0.032600
0 0.135289 0.466178 0.081500 0.032600
0 0.135289 0.428688 0.081500 0.032600
0 0.135289 0.395273 0.081500 0.032600
0 0.135289 0.361043 0.081500 0.032600
0 0.135289 0.329258 0.081500 0.032600
0 0.135289 0.285249 0.081500 0.032600
0 0.135289 0.230644 0.081500 0.032600
0 0.135289 0.193969 0.081500 0.032600
0 0.202934 0.140179 0.032600 0.081500
0 0.242054 0.140179 0.032600 0.081500
0 0.278729 0.140179 0.032600 0.081500
0 0.317033 0.140179 0.032600 0.081500
0 0.352078 0.140179 0.032600 0.081500
0 0.385493 0.140179 0.032600 0.081500
0 0.424613 0.140179 0.032600 0.081500
0 0.461288 0.140179 0.032600 0.081500
0 0.520782 0.140179 0.032600 0.081500
0 0.550122 0.140179 0.032600 0.081500
0 0.582722 0.140179 0.032600 0.081500
0 0.614507 0.140179 0.032600 0.081500
0 0.647922 0.140179 0.032600 0.081500
0 0.700896 0.140179 0.032600 0.081500
0 0.737571 0.140179 0.032600 0.081500
0 0.772616 0.140179 0.032600 0.081500
0 0.859821 0.193154 0.081500 0.032600
0 0.859821 0.270579 0.081500 0.032600
0 0.859821 0.315403 0.081500 0.032600
0 0.859821 0.349633 0.081500 0.032600
0 0.859821 0.396088 0.081500 0.032600
0 0.859821 0.427058 0.081500 0.032600
0 0.859821 0.458028 0.081500 0.032600
0 0.859821 0.515892 0.081500 0.032600
0 0.859821 0.556642 0.081500 0.032600
0 0.859821 0.588427 0.081500 0.032600
0 0.859821 0.622657 0.081500 0.032600
0 0.859821 0.658517 0.081500 0.032600
0 0.859821 0.710676 0.081500 0.032600
0 0.859821 0.748981 0.081500 0.032600
0 0.779136 0.859821 0.032600 0.081500
0 0.736756 0.859821 0.032600 0.081500
0 0.696007 0.859821 0.032600 0.081500
0 0.660147 0.859821 0.032600 0.081500
0 0.627547 0.859821 0.032600 0.081500
0 0.593317 0.859821 0.032600 0.081500
0 0.560717 0.859821 0.032600 0.081500
0 0.520782 0.859821 0.032600 0.081500
0 0.476773 0.859821 0.032600 0.081500
0 0.441728 0.859821 0.032600 0.081500
0 0.410758 0.859821 0.032600 0.081500
0 0.364303 0.859821 0.032600 0.081500
0 0.323553 0.859821 0.032600 0.081500
0 0.284434 0.859821 0.032600 0.081500
0 0.241239 0.859821 0.032600 0.081500
0 0.202934 0.859821 0.032600 0.081500
0 0.140179 0.787286 0.081500 0.032600
0 0.140179 0.748166 0.081500 0.032600
0 0.140179 0.691117 0.081500 0.032600
0 0.140179 0.651182 0.081500 0.032600
0 0.140179 0.616137 0.081500 0.032600
0 0.140179 0.580277 0.081500 0.032600
0 0.140179 0.541972 0.081500 0.032600
0 0.140179 0.505297 0.081500 0.032600
0 0.140179 0.464548 0.081500 0.032600
0 0.140179 0.427058 0.081500 0.032600
0 0.140179 0.394458 0.081500 0.032600
0 0.140179 0.361858 0.081500 0.032600
0 0.140179 0.330073 0.081500 0.032600
0 0.140179 0.286064 0.081500 0.032600
0 0.140179 0.232274 0.081500 0.032600
0 0.140179 0.197229 0.081500 0.032600
0 0.206194 0.145069 0.032600 0.081500
0 0.244499 0.145069 0.032600 0.081500
0 0.281174 0.145069 0.032600 0.081500
0 0.317848 0.145069 0.032600 0.081500
0 0.351263 0.145069 0.032600 0.081500
0 0.384678 0.145069 0.032600 0.081500
0 0.423798 0.145069 0.032600 0.081500
0 0.460473 0.145069 0.032600 0.081500
0 0.519967 0.145069 0.032600 0.081500
0 0.611247 0.145069 0.032600 0.081500
0 0.643847 0.145069 0.032600 0.081500
0 0.696822 0.145069 0.032600 0.081500
0 0.733496 0.145069 0.032600 0.081500
0 0.766096 0.145069 0.032600 0.081500
0 0.854931 0.270579 0.081500 0.032600
0 0.854931 0.315403 0.081500 0.032600
0 0.854931 0.349633 0.081500 0.032600
0 0.854931 0.426243 0.081500 0.032600
0 0.854931 0.464548 0.081500 0.032600
0 0.854931 0.515077 0.081500 0.032600
0 0.854931 0.556642 0.081500 0.032600
0 0.854931 0.621027 0.081500 0.032600
0 0.854931 0.708231 0.081500 0.032600
0 0.854931 0.745721 0.081500 0.032600
0 0.773431 0.854931 0.032600 0.081500
0 0.731866 0.854931 0.032600 0.081500
0 0.691932 0.854931 0.032600 0.081500
0 0.657702 0.854931 0.032600 0.081500
0 0.625917 0.854931 0.032600 0.081500
0 0.592502 0.854931 0.032600 0.081500
0 0.560717 0.854931 0.032600 0.081500
0 0.520782 0.854931 0.032600 0.081500
0 0.476773 0.854931 0.032600 0.081500
0 0.442543 0.854931 0.032600 0.081500
0 0.412388 0.854931 0.032600 0.081500
0 0.361858 0.854931 0.032600 0.081500
0 0.324368 0.854931 0.032600 0.081500
0 0.285249 0.854931 0.032600 0.081500
0 0.244499 0.854931 0.032600 0.081500
0 0.205379 0.854931 0.032600 0.081500
0 0.145069 0.783211 0.081500 0.032600
0 0.145069 0.744091 0.081500 0.032600
0 0.145069 0.686227 0.081500 0.032600
0 0.145069 0.647922 0.081500 0.032600
0 0.145069 0.612877 0.081500 0.032600
0 0.145069 0.577832 0.081500 0.032600
0 0.145069 0.539527 0.081500 0.032600
0 0.145069 0.503667 0.081500 0.032600
0 0.145069 0.462918 0.081500 0.032600
0 0.145069 0.426243 0.081500 0.032600
0 0.145069 0.394458 0.081500 0.032600
0 0.145069 0.361858 0.081500 0.032600
0 0.145069 0.330888 0.081500 0.032600
0 0.145069 0.287694 0.081500 0.032600
0 0.145069 0.233904 0.081500 0.032600
0 0.145069 0.199674 0.081500 0.032600
0 0.209454 0.149959 0.032600 0.081500
0 0.246944 0.149959 0.032600 0.081500
0 0.282804 0.149959 0.032600 0.081500
0 0.318663 0.149959 0.032600 0.081500
0 0.351263 0.149959 0.032600 0.081500
0 0.423798 0.149959 0.032600 0.081500
0 0.459658 0.149959 0.032600 0.081500
0 0.519967 0.149959 0.032600 0.081500
0 0.547677 0.149959 0.032600 0.081500
0 0.578647 0.149959 0.032600 0.081500
0 0.608802 0.149959 0.032600 0.081500
0 0.639772 0.149959 0.032600 0.081500
0 0.693562 0.149959 0.032600 0.081500
0 0.727791 0.149959 0.032600 0.081500
0 0.759576 0.149959 0.032600 0.081500
0 0.850041 0.234719 0.081500 0.032600
0 0.850041 0.315403 0.081500 0.032600
0 0.850041 0.348818 0.081500 0.032600
0 0.850041 0.462918 0.081500 0.032600
0 0.850041 0.515077 0.081500 0.032600
0 0.850041 0.555827 0.081500 0.032600
0 0.850041 0.618582 0.081500 0.032600
0 0.850041 0.653627 0.081500 0.032600
0 0.850041 0.742461 0.081500 0.032600
0 0.850041 0.778321 0.081500 0.032600
0 0.768541 0.850041 0.032600 0.081500
0 0.726976 0.850041 0.032600 0.081500
0 0.688672 0.850041 0.032600 0.081500
0 0.654442 0.850041 0.032600 0.081500
0 0.623472 0.850041 0.032600 0.081500
0 0.592502 0.850041 0.032600 0.081500
0 0.560717 0.850041 0.032600 0.081500
0 0.519967 0.850041 0.032600 0.081500
0 0.476773 0.850041 0.032600 0.081500
0 0.442543 0.850041 0.032600 0.081500
0 0.413203 0.850041 0.032600 0.081500
0 0.361858 0.850041 0.032600 0.081500
0 0.325183 0.850041 0.032600 0.081500
0 0.287694 0.850041 0.032600 0.081500
0 0.246129 0.850041 0.032600 0.081500
0 0.208639 0.850041 0.032600 0.081500
0 0.149959 0.778321 0.081500 0.032600
0 0.149959 0.740831 0.081500 0.032600
0 0.149959 0.682152 0.081500 0.032600
0 0.149959 0.643847 0.081500 0.032600
0 0.149959 0.610432 0.081500 0.032600
0 0.149959 0.576202 0.081500 0.032600
0 0.149959 0.537897 0.081500 0.032600
0 0.149959 0.502037 0.081500 0.032600
0 0.149959 0.462103 0.081500 0.032600
0 0.149959 0.425428 0.081500 0.032600
0 0.149959 0.393643 0.081500 0.032600
0 0.149959 0.362673 0.081500 0.032600
0 0.149959 0.331703 0.081500 0.032600
0 0.149959 0.289324 0.081500 0.032600
0 0.149959 0.235534 0.081500 0.032600
0 0.149959 0.202119 0.081500 0.032600
0 0.193969 0.125509 0.032600 0.081500
0 0.235534 0.125509 0.032600 0.081500
0 0.275469 0.125509 0.032600 0.081500
0 0.316218 0.125509 0.032600 0.081500
0 0.352893 0.125509 0.032600 0.081500
0 0.388753 0.125509 0.032600 0.081500
0 0.425428 0.125509 0.032600 0.081500
0 0.463733 0.125509 0.032600 0.081500
0 0.521597 0.125509 0.032600 0.081500
0 0.552567 0.125509 0.032600 0.081500
0 0.587612 0.125509 0.032600 0.081500
0 0.622657 0.125509 0.032600 0.081500
0 0.659332 0.125509 0.032600 0.081500
0 0.711491 0.125509 0.032600 0.081500
0 0.751426 0.125509 0.032600 0.081500
0 0.791361 0.125509 0.032600 0.081500
0 0.874491 0.187449 0.081500 0.032600
0 0.874491 0.229014 0.081500 0.032600
0 0.874491 0.269764 0.081500 0.032600
0 0.874491 0.314588 0.081500 0.032600
0 0.874491 0.351263 0.081500 0.032600
0 0.874491 0.396903 0.081500 0.032600
0 0.874491 0.430318 0.081500 0.032600
0 0.874491 0.462103 0.081500 0.032600
0 0.874491 0.516707 0.081500 0.032600
0 0.874491 0.558272 0.081500 0.032600
0 0.874491 0.591687 0.081500 0.032600
0 0.874491 0.629177 0.081500 0.032600
0 0.874491 0.668297 0.081500 0.032600
0 0.874491 0.718011 0.081500 0.032600
0 0.874491 0.759576 0.081500 0.032600
0 0.874491 0.800326 0.081500 0.032600
0 0.796251 0.874491 0.032600 0.081500
0 0.751426 0.874491 0.032600 0.081500
0 0.709046 0.874491 0.032600 0.081500
0 0.668297 0.874491 0.032600 0.081500
0 0.632437 0.874491 0.032600 0.081500
0 0.595762 0.874491 0.032600 0.081500
0 0.560717 0.874491 0.032600 0.081500
0 0.522412 0.874491 0.032600 0.081500
0 0.476773 0.874491 0.032600 0.081500
0 0.440913 0.874491 0.032600 0.081500
0 0.407498 0.874491 0.032600 0.081500
0 0.359413 0.874491 0.032600 0.081500
0 0.320293 0.874491 0.032600 0.081500
0 0.278729 0.874491 0.032600 0.081500
0 0.235534 0.874491 0.032600 0.081500
0 0.193969 0.874491 0.032600 0.081500
0 0.125509 0.801956 0.081500 0.032600
0 0.125509 0.759576 0.081500 0.032600
0 0.125509 0.705786 0.081500 0.032600
0 0.125509 0.662592 0.081500 0.032600
0 0.125509 0.624287 0.081500 0.032600
0 0.125509 0.585982 0.081500 0.032600
0 0.125509 0.548492 0.081500 0.032600
0 0.125509 0.511002 0.081500 0.032600
0 0.125509 0.469438 0.081500 0.032600
0 0.125509 0.430318 0.081500 0.032600
0 0.125509 0.395273 0.081500 0.032600
0 0.125509 0.360228 0.081500 0.032600
0 0.125509 0.326813 0.081500 0.032600
0 0.125509 0.281989 0.081500 0.032600
0 0.125509 0.255094 0.081500 0.032600
0 0.125509 0.228199 0.081500 0.032600
0 0.125509 0.189079 0.081500 0.032600
