0 0.185004 0.118174 0.032600 0.081500
0 0.227384 0.118174 0.032600 0.081500
0 0.269764 0.118174 0.032600 0.081500
0 0.310513 0.118174 0.032600 0.081500
0 0.348818 0.118174 0.032600 0.081500
0 0.386308 0.118174 0.032600 0.081500
0 0.422983 0.118174 0.032600 0.081500
0 0.462103 0.118174 0.032600 0.081500
0 0.520782 0.118174 0.032600 0.081500
0 0.553382 0.118174 0.032600 0.081500
0 0.588427 0.118174 0.032600 0.081500
0 0.624287 0.118174 0.032600 0.081500
0 0.663407 0.118174 0.032600 0.081500
0 0.714751 0.118174 0.032600 0.081500
0 0.757131 0.118174 0.032600 0.081500
0 0.797881 0.118174 0.032600 0.081500
0 0.881826 0.184189 0.081500 0.032600
0 0.881826 0.227384 0.081500 0.032600
0 0.881826 0.268134 0.081500 0.032600
0 0.881826 0.313773 0.081500 0.032600
0 0.881826 0.351263 0.081500 0.032600
0 0.881826 0.397718 0.081500 0.032600
0 0.881826 0.431948 0.081500 0.032600
0 0.881826 0.465363 0.081500 0.032600
0 0.881826 0.519152 0.081500 0.032600
0 0.881826 0.560717 0.081500 0.032600
0 0.881826 0.596577 0.081500 0.032600
0 0.881826 0.634067 0.081500 0.032600
0 0.881826 0.674002 0.081500 0.032600
0 0.881826 0.723716 0.081500 0.032600
0 0.881826 0.766911 0.081500 0.032600
0 0.881826 0.805216 0.081500 0.032600
0 0.797066 0.881826 0.032600 0.081500
0 0.752241 0.881826 0.032600 0.081500
0 0.709046 0.881826 0.032600 0.081500
0 0.669112 0.881826 0.032600 0.081500
0 0.632437 0.881826 0.032600 0.081500
0 0.594947 0.881826 0.032600 0.081500
0 0.559902 0.881826 0.032600 0.081500
0 0.519152 0.881826 0.032600 0.081500
0 0.475143 0.881826 0.032600 0.081500
0 0.439283 0.881826 0.032600 0.081500
0 0.405053 0.881826 0.032600 0.081500
0 0.356968 0.881826 0.032600 0.081500
0 0.316218 0.881826 0.032600 0.081500
0 0.275469 0.881826 0.032600 0.081500
0 0.231459 0.881826 0.032600 0.081500
0 0.188264 0.881826 0.032600 0.081500
0 0.118174 0.810106 0.081500 0.032600
0 0.118174 0.766096 0.081500 0.032600
0 0.118174 0.712306 0.081500 0.032600
0 0.118174 0.667482 0.081500 0.032600
0 0.118174 0.627547 0.081500 0.032600
0 0.118174 0.587612 0.081500 0.032600
0 0.118174 0.550122 0.081500 0.032600
0 0.118174 0.512632 0.081500 0.032600
0 0.118174 0.469438 0.081500 0.032600
0 0.118174 0.428688 0.081500 0.032600
0 0.118174 0.393643 0.081500 0.032600
0 0.118174 0.356968 0.081500 0.032600
0 0.118174 0.324368 0.081500 0.032600
0 0.118174 0.279544 0.081500 0.032600
0 0.118174 0.224939 0.081500 0.032600
0 0.118174 0.184189 0.081500 0.032600
0 0.190709 0.127954 0.032600 0.081500
0 0.231459 0.127954 0.032600 0.081500
0 0.271394 0.127954 0.032600 0.081500
0 0.309698 0.127954 0.032600 0.081500
0 0.347188 0.127954 0.032600 0.081500
0 0.383048 0.127954 0.032600 0.081500
0 0.421353 0.127954 0.032600 0.081500
0 0.460473 0.127954 0.032600 0.081500
0 0.519152 0.127954 0.032600 0.081500
0 0.550122 0.127954 0.032600 0.081500
0 0.584352 0.127954 0.032600 0.081500
0 0.618582 0.127954 0.032600 0.081500
0 0.654442 0.127954 0.032600 0.081500
0 0.707416 0.127954 0.032600 0.081500
0 0.746536 0.127954 0.032600 0.081500
0 0.783211 0.127954 0.032600 0.081500
0 0.872046 0.187449 0.081500 0.032600
0 0.872046 0.229014 0.081500 0.032600
0 0.872046 0.268134 0.081500 0.032600
0 0.872046 0.313773 0.081500 0.032600
0 0.872046 0.349633 0.081500 0.032600
0 0.872046 0.396088 0.081500 0.032600
0 0.872046 0.429503 0.081500 0.032600
0 0.872046 0.462103 0.081500 0.032600
0 0.872046 0.517522 0.081500 0.032600
0 0.872046 0.559902 0.081500 0.032600
0 0.872046 0.593317 0.081500 0.032600
0 0.872046 0.628362 0.081500 0.032600
0 0.872046 0.668297 0.081500 0.032600
0 0.872046 0.718011 0.081500 0.032600
0 0.872046 0.759576 0.081500 0.032600
0 0.872046 0.792991 0.081500 0.032600
0 0.784026 0.872046 0.032600 0.081500
0 0.741646 0.872046 0.032600 0.081500
0 0.699267 0.872046 0.032600 0.081500
0 0.663407 0.872046 0.032600 0.081500
0 0.628362 0.872046 0.032600 0.081500
0 0.593317 0.872046 0.032600 0.081500
0 0.559087 0.872046 0.032600 0.081500
0 0.517522 0.872046 0.032600 0.081500
0 0.474328 0.872046 0.032600 0.081500
0 0.439283 0.872046 0.032600 0.081500
0 0.405868 0.872046 0.032600 0.081500
0 0.356968 0.872046 0.032600 0.081500
0 0.318663 0.872046 0.032600 0.081500
0 0.278729 0.872046 0.032600 0.081500
0 0.234719 0.872046 0.032600 0.081500
0 0.193154 0.872046 0.032600 0.081500
0 0.127954 0.799511 0.081500 0.032600
0 0.127954 0.757946 0.081500 0.032600
0 0.127954 0.701711 0.081500 0.032600
0 0.127954 0.659332 0.081500 0.032600
0 0.127954 0.621027 0.081500 0.032600
0 0.127954 0.581907 0.081500 0.032600
0 0.127954 0.544417 0.081500 0.032600
0 0.127954 0.507742 0.081500 0.032600
0 0.127954 0.464548 0.081500 0.032600
0 0.127954 0.425428 0.081500 0.032600
0 0.127954 0.392013 0.081500 0.032600
0 0.127954 0.355338 0.081500 0.032600
0 0.127954 0.325183 0.081500 0.032600
0 0.127954 0.281174 0.081500 0.032600
0 0.127954 0.225754 0.081500 0.032600
0 0.127954 0.189079 0.081500 0.032600
0 0.193154 0.132844 0.032600 0.081500
0 0.233089 0.132844 0.032600 0.081500
0 0.272209 0.132844 0.032600 0.081500
0 0.310513 0.132844 0.032600 0.081500
0 0.346373 0.132844 0.032600 0.081500
0 0.382233 0.132844 0.032600 0.081500
0 0.420538 0.132844 0.032600 0.081500
0 0.459658 0.132844 0.032600 0.081500
0 0.519152 0.132844 0.032600 0.081500
0 0.548492 0.132844 0.032600 0.081500
0 0.581907 0.132844 0.032600 0.081500
0 0.615322 0.132844 0.032600 0.081500
0 0.649552 0.132844 0.032600 0.081500
0 0.702526 0.132844 0.032600 0.081500
0 0.740831 0.132844 0.032600 0.081500
0 0.776691 0.132844 0.032600 0.081500
0 0.867156 0.189079 0.081500 0.032600
0 0.867156 0.229014 0.081500 0.032600
0 0.867156 0.268134 0.081500 0.032600
0 0.867156 0.313773 0.081500 0.032600
0 0.867156 0.348818 0.081500 0.032600
0 0.867156 0.428688 0.081500 0.032600
0 0.867156 0.461288 0.081500 0.032600
0 0.867156 0.516707 0.081500 0.032600
0 0.867156 0.559087 0.081500 0.032600
0 0.867156 0.591687 0.081500 0.032600
0 0.867156 0.626732 0.081500 0.032600
0 0.867156 0.665037 0.081500 0.032600
0 0.867156 0.715566 0.081500 0.032600
0 0.867156 0.755501 0.081500 0.032600
0 0.867156 0.788101 0.081500 0.032600
0 0.779136 0.867156 0.032600 0.081500
0 0.736756 0.867156 0.032600 0.081500
0 0.694377 0.867156 0.032600 0.081500
0 0.660147 0.867156 0.032600 0.081500
0 0.626732 0.867156 0.032600 0.081500
0 0.592502 0.867156 0.032600 0.081500
0 0.559087 0.867156 0.032600 0.081500
0 0.517522 0.867156 0.032600 0.081500
0 0.475143 0.867156 0.032600 0.081500
0 0.439283 0.867156 0.032600 0.081500
0 0.406683 0.867156 0.032600 0.081500
0 0.356968 0.867156 0.032600 0.081500
0 0.318663 0.867156 0.032600 0.081500
0 0.280359 0.867156 0.032600 0.081500
0 0.237164 0.867156 0.032600 0.081500
0 0.208639 0.867156 0.032600 0.081500
0 0.132844 0.794621 0.081500 0.032600
0 0.132844 0.753056 0.081500 0.032600
0 0.132844 0.696007 0.081500 0.032600
0 0.132844 0.655257 0.081500 0.032600
0 0.132844 0.617767 0.081500 0.032600
0 0.132844 0.580277 0.081500 0.032600
0 0.132844 0.541972 0.081500 0.032600
0 0.132844 0.503667 0.081500 0.032600
0 0.132844 0.462918 0.081500 0.032600
0 0.132844 0.423798 0.081500 0.032600
0 0.132844 0.390383 0.081500 0.032600
0 0.132844 0.355338 0.081500 0.032600
0 0.132844 0.325183 0.081500 0.032600
0 0.132844 0.281989 0.081500 0.032600
0 0.132844 0.227384 0.081500 0.032600
0 0.132844 0.191524 0.081500 0.032600
0 0.195599 0.137734 0.032600 0.081500
0 0.234719 0.137734 0.032600 0.081500
0 0.273839 0.137734 0.032600 0.081500
0 0.310513 0.137734 0.032600 0.081500
0 0.346373 0.137734 0.032600 0.081500
0 0.380603 0.137734 0.032600 0.081500
0 0.419723 0.137734 0.032600 0.081500
0 0.458843 0.137734 0.032600 0.081500
0 0.518337 0.137734 0.032600 0.081500
0 0.547677 0.137734 0.032600 0.081500
0 0.579462 0.137734 0.032600 0.081500
0 0.612062 0.137734 0.032600 0.081500
0 0.645477 0.137734 0.032600 0.081500
0 0.698452 0.137734 0.032600 0.081500
0 0.735941 0.137734 0.032600 0.081500
0 0.769356 0.137734 0.032600 0.081500
0 0.862266 0.190709 0.081500 0.032600
0 0.862266 0.230644 0.081500 0.032600
0 0.862266 0.268134 0.081500 0.032600
0 0.862266 0.313773 0.081500 0.032600
0 0.862266 0.348003 0.081500 0.032600
0 0.862266 0.395273 0.081500 0.032600
0 0.862266 0.427058 0.081500 0.032600
0 0.862266 0.459658 0.081500 0.032600
0 0.862266 0.516707 0.081500 0.032600
0 0.862266 0.558272 0.081500 0.032600
0 0.862266 0.590872 0.081500 0.032600
0 0.862266 0.624287 0.081500 0.032600
0 0.862266 0.661777 0.081500 0.032600
0 0.862266 0.712306 0.081500 0.032600
0 0.862266 0.753056 0.081500 0.032600
0 0.862266 0.784026 0.081500 0.032600
0 0.772616 0.862266 0.032600 0.081500
0 0.731051 0.862266 0.032600 0.081500
0 0.690302 0.862266 0.032600 0.081500
0 0.656887 0.862266 0.032600 0.081500
0 0.625102 0.862266 0.032600 0.081500
0 0.591687 0.862266 0.032600 0.081500
0 0.559087 0.862266 0.032600 0.081500
0 0.516707 0.862266 0.032600 0.081500
0 0.474328 0.862266 0.032600 0.081500
0 0.440098 0.862266 0.032600 0.081500
0 0.407498 0.862266 0.032600 0.081500
0 0.357783 0.862266 0.032600 0.081500
0 0.320293 0.862266 0.032600 0.081500
0 0.281174 0.862266 0.032600 0.081500
0 0.238794 0.862266 0.032600 0.081500
0 0.198859 0.862266 0.032600 0.081500
0 0.137734 0.788916 0.081500 0.032600
0 0.137734 0.748981 0.081500 0.032600
0 0.137734 0.690302 0.081500 0.032600
0 0.137734 0.651182 0.081500 0.032600
0 0.137734 0.613692 0.081500 0.032600
0 0.137734 0.576202 0.081500 0.032600
0 0.137734 0.539527 0.081500 0.032600
0 0.137734 0.502037 0.081500 0.032600
0 0.137734 0.461288 0.081500 0.032600
0 0.137734 0.422168 0.081500 0.032600
0 0.137734 0.390383 0.081500 0.032600
0 0.137734 0.355338 0.081500 0.032600
0 0.137734 0.325998 0.081500 0.032600
0 0.137734 0.282804 0.081500 0.032600
0 0.137734 0.228199 0.081500 0.032600
0 0.137734 0.194784 0.081500 0.032600
0 0.198044 0.142624 0.032600 0.081500
0 0.237164 0.142624 0.032600 0.081500
0 0.274654 0.142624 0.032600 0.081500
0 0.310513 0.142624 0.032600 0.081500
0 0.345558 0.142624 0.032600 0.081500
0 0.379788 0.142624 0.032600 0.081500
0 0.418908 0.142624 0.032600 0.081500
0 0.458028 0.142624 0.032600 0.081500
0 0.546862 0.142624 0.032600 0.081500
0 0.577832 0.142624 0.032600 0.081500
0 0.608802 0.142624 0.032600 0.081500
0 0.641402 0.142624 0.032600 0.081500
0 0.695192 0.142624 0.032600 0.081500
0 0.731051 0.142624 0.032600 0.081500
0 0.762021 0.142624 0.032600 0.081500
0 0.857376 0.192339 0.081500 0.032600
0 0.857376 0.231459 0.081500 0.032600
0 0.857376 0.268134 0.081500 0.032600
0 0.857376 0.312958 0.081500 0.032600
0 0.857376 0.347188 0.081500 0.032600
0 0.857376 0.395273 0.081500 0.032600
0 0.857376 0.426243 0.081500 0.032600
0 0.857376 0.458028 0.081500 0.032600
0 0.857376 0.515892 0.081500 0.032600
0 0.857376 0.557457 0.081500 0.032600
0 0.857376 0.589242 0.081500 0.032600
0 0.857376 0.621842 0.081500 0.032600
0 0.857376 0.659332 0.081500 0.032600
0 0.857376 0.709861 0.081500 0.032600
0 0.857376 0.748981 0.081500 0.032600
0 0.857376 0.779136 0.081500 0.032600
0 0.766911 0.857376 0.032600 0.081500
0 0.726976 0.857376 0.032600 0.081500
0 0.687042 0.857376 0.032600 0.081500
0 0.654442 0.857376 0.032600 0.081500
0 0.624287 0.857376 0.032600 0.081500
0 0.590872 0.857376 0.032600 0.081500
0 0.559087 0.857376 0.032600 0.081500
0 0.515892 0.857376 0.032600 0.081500
0 0.474328 0.857376 0.032600 0.081500
0 0.440098 0.857376 0.032600 0.081500
0 0.409128 0.857376 0.032600 0.081500
0 0.357783 0.857376 0.032600 0.081500
0 0.321108 0.857376 0.032600 0.081500
0 0.282804 0.857376 0.032600 0.081500
0 0.240424 0.857376 0.032600 0.081500
0 0.201304 0.857376 0.032600 0.081500
0 0.142624 0.784026 0.081500 0.032600
0 0.142624 0.744906 0.081500 0.032600
0 0.142624 0.685412 0.081500 0.032600
0 0.142624 0.647922 0.081500 0.032600
0 0.142624 0.610432 0.081500 0.032600
0 0.142624 0.574572 0.081500 0.032600
0 0.142624 0.536267 0.081500 0.032600
0 0.142624 0.499593 0.081500 0.032600
0 0.142624 0.459658 0.081500 0.032600
0 0.142624 0.421353 0.081500 0.032600
0 0.142624 0.389568 0.081500 0.032600
0 0.142624 0.355338 0.081500 0.032600
0 0.142624 0.325998 0.081500 0.032600
0 0.142624 0.283619 0.081500 0.032600
0 0.142624 0.229014 0.081500 0.032600
0 0.142624 0.197229 0.081500 0.032600
0 0.187449 0.123064 0.032600 0.081500
0 0.229014 0.123064 0.032600 0.081500
0 0.270579 0.123064 0.032600 0.081500
0 0.310513 0.123064 0.032600 0.081500
0 0.347188 0.123064 0.032600 0.081500
0 0.385493 0.123064 0.032600 0.081500
0 0.422168 0.123064 0.032600 0.081500
0 0.461288 0.123064 0.032600 0.081500
0 0.519967 0.123064 0.032600 0.081500
0 0.552567 0.123064 0.032600 0.081500
0 0.585982 0.123064 0.032600 0.081500
0 0.621842 0.123064 0.032600 0.081500
0 0.658517 0.123064 0.032600 0.081500
0 0.710676 0.123064 0.032600 0.081500
0 0.751426 0.123064 0.032600 0.081500
0 0.790546 0.123064 0.032600 0.081500
0 0.876936 0.185819 0.081500 0.032600
0 0.876936 0.227384 0.081500 0.032600
0 0.876936 0.268134 0.081500 0.032600
0 0.876936 0.313773 0.081500 0.032600
0 0.876936 0.350448 0.081500 0.032600
0 0.876936 0.396903 0.081500 0.032600
0 0.876936 0.431133 0.081500 0.032600
0 0.876936 0.463733 0.081500 0.032600
0 0.876936 0.522412 0.081500 0.032600
0 0.876936 0.560717 0.081500 0.032600
0 0.876936 0.631622 0.081500 0.032600
0 0.876936 0.670742 0.081500 0.032600
0 0.876936 0.720456 0.081500 0.032600
0 0.876936 0.763651 0.081500 0.032600
0 0.876936 0.798696 0.081500 0.032600
0 0.789731 0.876936 0.032600 0.081500
0 0.747351 0.876936 0.032600 0.081500
0 0.702526 0.876936 0.032600 0.081500
0 0.665852 0.876936 0.032600 0.081500
0 0.630807 0.876936 0.032600 0.081500
0 0.594132 0.876936 0.032600 0.081500
0 0.559087 0.876936 0.032600 0.081500
0 0.518337 0.876936 0.032600 0.081500
0 0.475143 0.876936 0.032600 0.081500
0 0.439283 0.876936 0.032600 0.081500
0 0.405053 0.876936 0.032600 0.081500
0 0.356968 0.876936 0.032600 0.081500
0 0.317848 0.876936 0.032600 0.081500
0 0.277099 0.876936 0.032600 0.081500
0 0.233089 0.876936 0.032600 0.081500
0 0.190709 0.876936 0.032600 0.081500
0 0.123064 0.804401 0.081500 0.032600
0 0.123064 0.762021 0.081500 0.032600
0 0.123064 0.707416 0.081500 0.032600
0 0.123064 0.663407 0.081500 0.032600
0 0.123064 0.624287 0.081500 0.032600
0 0.123064 0.584352 0.081500 0.032600
0 0.123064 0.546862 0.081500 0.032600
0 0.123064 0.509372 0.081500 0.032600
0 0.123064 0.466993 0.081500 0.032600
0 0.123064 0.431948 0.081500 0.032600
0 0.123064 0.392828 0.081500 0.032600
0 0.123064 0.356153 0.081500 0.032600
0 0.123064 0.324368 0.081500 0.032600
0 0.123064 0.280359 0.081500 0.032600
0 0.123064 0.225754 0.081500 0.032600
0 0.123064 0.186634 0.081500 0.032600
