0 0.183889 0.116355 0.032547 0.081367
0 0.228641 0.116355 0.032547 0.081367
0 0.270952 0.116355 0.032547 0.081367
0 0.314076 0.116355 0.032547 0.081367
0 0.353133 0.116355 0.032547 0.081367
0 0.390561 0.116355 0.032547 0.081367
0 0.424736 0.116355 0.032547 0.081367
0 0.462978 0.116355 0.032547 0.081367
0 0.519121 0.116355 0.032547 0.081367
0 0.553295 0.116355 0.032547 0.081367
0 0.588283 0.116355 0.032547 0.081367
0 0.626526 0.116355 0.032547 0.081367
0 0.663954 0.116355 0.032547 0.081367
0 0.716843 0.116355 0.032547 0.081367
0 0.759154 0.116355 0.032547 0.081367
0 0.804719 0.116355 0.032547 0.081367
0 0.883645 0.192026 0.081367 0.032547
0 0.883645 0.235964 0.081367 0.032547
0 0.883645 0.279089 0.081367 0.032547
0 0.883645 0.325468 0.081367 0.032547
0 0.883645 0.365338 0.081367 0.032547
0 0.883645 0.411717 0.081367 0.032547
0 0.883645 0.445891 0.081367 0.032547
0 0.883645 0.477624 0.081367 0.032547
0 0.883645 0.528885 0.081367 0.032547
0 0.883645 0.575264 0.081367 0.032547
0 0.883645 0.609439 0.081367 0.032547
0 0.883645 0.647681 0.081367 0.032547
0 0.883645 0.685924 0.081367 0.032547
0 0.883645 0.822620 0.081367 0.032547
0 0.798210 0.883645 0.032547 0.081367
0 0.751831 0.883645 0.032547 0.081367
0 0.710334 0.883645 0.032547 0.081367
0 0.671277 0.883645 0.032547 0.081367
0 0.633849 0.883645 0.032547 0.081367
0 0.598047 0.883645 0.032547 0.081367
0 0.562246 0.883645 0.032547 0.081367
0 0.521562 0.883645 0.032547 0.081367
0 0.475183 0.883645 0.032547 0.081367
0 0.440195 0.883645 0.032547 0.081367
0 0.404394 0.883645 0.032547 0.081367
0 0.353133 0.883645 0.032547 0.081367
0 0.314890 0.883645 0.032547 0.081367
0 0.273393 0.883645 0.032547 0.081367
0 0.230269 0.883645 0.032547 0.081367
0 0.116355 0.820179 0.081367 0.032547
0 0.116355 0.777055 0.081367 0.032547
0 0.116355 0.724166 0.081367 0.032547
0 0.116355 0.681855 0.081367 0.032547
0 0.116355 0.641985 0.081367 0.032547
0 0.116355 0.604557 0.081367 0.032547
0 0.116355 0.558177 0.081367 0.032547
0 0.116355 0.521562 0.081367 0.032547
0 0.116355 0.482506 0.081367 0.032547
0 0.116355 0.446705 0.081367 0.032547
0 0.116355 0.410090 0.081367 0.032547
0 0.116355 0.371847 0.081367 0.032547
0 0.116355 0.331977 0.081367 0.032547
0 0.116355 0.279089 0.081367 0.032547
0 0.116355 0.234337 0.081367 0.032547
0 0.116355 0.191212 0.081367 0.032547
0 0.233523 0.126119 0.032547 0.081367
0 0.273393 0.126119 0.032547 0.081367
0 0.314890 0.126119 0.032547 0.081367
0 0.353133 0.126119 0.032547 0.081367
0 0.423922 0.126119 0.032547 0.081367
0 0.461351 0.126119 0.032547 0.081367
0 0.518308 0.126119 0.032547 0.081367
0 0.550041 0.126119 0.032547 0.081367
0 0.584215 0.126119 0.032547 0.081367
0 0.619203 0.126119 0.032547 0.081367
0 0.655004 0.126119 0.032547 0.081367
0 0.708706 0.126119 0.032547 0.081367
0 0.748576 0.126119 0.032547 0.081367
0 0.790073 0.126119 0.032547 0.081367
0 0.873881 0.200163 0.081367 0.032547
0 0.873881 0.242474 0.081367 0.032547
0 0.873881 0.283157 0.081367 0.032547
0 0.873881 0.330350 0.081367 0.032547
0 0.873881 0.368592 0.081367 0.032547
0 0.873881 0.414972 0.081367 0.032547
0 0.873881 0.476810 0.081367 0.032547
0 0.873881 0.530513 0.081367 0.032547
0 0.873881 0.577705 0.081367 0.032547
0 0.873881 0.611066 0.081367 0.032547
0 0.873881 0.647681 0.081367 0.032547
0 0.873881 0.684296 0.081367 0.032547
0 0.873881 0.734744 0.081367 0.032547
0 0.873881 0.774614 0.081367 0.032547
0 0.873881 0.819365 0.081367 0.032547
0 0.784378 0.873881 0.032547 0.081367
0 0.741253 0.873881 0.032547 0.081367
0 0.702197 0.873881 0.032547 0.081367
0 0.666395 0.873881 0.032547 0.081367
0 0.629780 0.873881 0.032547 0.081367
0 0.595606 0.873881 0.032547 0.081367
0 0.562246 0.873881 0.032547 0.081367
0 0.520749 0.873881 0.032547 0.081367
0 0.474369 0.873881 0.032547 0.081367
0 0.440195 0.873881 0.032547 0.081367
0 0.406835 0.873881 0.032547 0.081367
0 0.353133 0.873881 0.032547 0.081367
0 0.316517 0.873881 0.032547 0.081367
0 0.275834 0.873881 0.032547 0.081367
0 0.233523 0.873881 0.032547 0.081367
0 0.194467 0.873881 0.032547 0.081367
0 0.126119 0.814483 0.081367 0.032547
0 0.126119 0.772172 0.081367 0.032547
0 0.126119 0.719284 0.081367 0.032547
0 0.126119 0.678600 0.081367 0.032547
0 0.126119 0.640358 0.081367 0.032547
0 0.126119 0.604557 0.081367 0.032547
0 0.126119 0.559805 0.081367 0.032547
0 0.126119 0.524817 0.081367 0.032547
0 0.126119 0.482506 0.081367 0.032547
0 0.126119 0.448332 0.081367 0.032547
0 0.126119 0.413344 0.081367 0.032547
0 0.126119 0.376729 0.081367 0.032547
0 0.126119 0.336859 0.081367 0.032547
0 0.126119 0.292107 0.081367 0.032547
0 0.126119 0.240846 0.081367 0.032547
0 0.192026 0.131001 0.032547 0.081367
0 0.235964 0.131001 0.032547 0.081367
0 0.275020 0.131001 0.032547 0.081367
0 0.315704 0.131001 0.032547 0.081367
0 0.352319 0.131001 0.032547 0.081367
0 0.388120 0.131001 0.032547 0.081367
0 0.438568 0.131001 0.032547 0.081367
0 0.517494 0.131001 0.032547 0.081367
0 0.549227 0.131001 0.032547 0.081367
0 0.581774 0.131001 0.032547 0.081367
0 0.615948 0.131001 0.032547 0.081367
0 0.651749 0.131001 0.032547 0.081367
0 0.703824 0.131001 0.032547 0.081367
0 0.743694 0.131001 0.032547 0.081367
0 0.783564 0.131001 0.032547 0.081367
0 0.868999 0.204231 0.081367 0.032547
0 0.868999 0.245728 0.081367 0.032547
0 0.868999 0.285598 0.081367 0.032547
0 0.868999 0.369406 0.081367 0.032547
0 0.868999 0.417413 0.081367 0.032547
0 0.868999 0.449146 0.081367 0.032547
0 0.868999 0.476810 0.081367 0.032547
0 0.868999 0.531326 0.081367 0.032547
0 0.868999 0.578519 0.081367 0.032547
0 0.868999 0.611880 0.081367 0.032547
0 0.868999 0.647681 0.081367 0.032547
0 0.868999 0.734744 0.081367 0.032547
0 0.868999 0.773800 0.081367 0.032547
0 0.868999 0.816924 0.081367 0.032547
0 0.778682 0.868999 0.032547 0.081367
0 0.735557 0.868999 0.032547 0.081367
0 0.698129 0.868999 0.032547 0.081367
0 0.663954 0.868999 0.032547 0.081367
0 0.627339 0.868999 0.032547 0.081367
0 0.594793 0.868999 0.032547 0.081367
0 0.562246 0.868999 0.032547 0.081367
0 0.519935 0.868999 0.032547 0.081367
0 0.474369 0.868999 0.032547 0.081367
0 0.441009 0.868999 0.032547 0.081367
0 0.407648 0.868999 0.032547 0.081367
0 0.353133 0.868999 0.032547 0.081367
0 0.316517 0.868999 0.032547 0.081367
0 0.278275 0.868999 0.032547 0.081367
0 0.235964 0.868999 0.032547 0.081367
0 0.198535 0.868999 0.032547 0.081367
0 0.131001 0.811229 0.081367 0.032547
0 0.131001 0.770545 0.081367 0.032547
0 0.131001 0.716843 0.081367 0.032547
0 0.131001 0.676973 0.081367 0.032547
0 0.131001 0.639544 0.081367 0.032547
0 0.131001 0.604557 0.081367 0.032547
0 0.131001 0.559805 0.081367 0.032547
0 0.131001 0.524003 0.081367 0.032547
0 0.131001 0.480065 0.081367 0.032547
0 0.131001 0.449146 0.081367 0.032547
0 0.131001 0.414972 0.081367 0.032547
0 0.131001 0.378356 0.081367 0.032547
0 0.131001 0.339300 0.081367 0.032547
0 0.131001 0.295362 0.081367 0.032547
0 0.131001 0.243287 0.081367 0.032547
0 0.194467 0.135883 0.032547 0.081367
0 0.237592 0.135883 0.032547 0.081367
0 0.276648 0.135883 0.032547 0.081367
0 0.315704 0.135883 0.032547 0.081367
0 0.352319 0.135883 0.032547 0.081367
0 0.387307 0.135883 0.032547 0.081367
0 0.422295 0.135883 0.032547 0.081367
0 0.460537 0.135883 0.032547 0.081367
0 0.516680 0.135883 0.032547 0.081367
0 0.547600 0.135883 0.032547 0.081367
0 0.579333 0.135883 0.032547 0.081367
0 0.613507 0.135883 0.032547 0.081367
0 0.646054 0.135883 0.032547 0.081367
0 0.699756 0.135883 0.032547 0.081367
0 0.777055 0.135883 0.032547 0.081367
0 0.864117 0.208299 0.081367 0.032547
0 0.864117 0.248983 0.081367 0.032547
0 0.864117 0.288039 0.081367 0.032547
0 0.864117 0.335232 0.081367 0.032547
0 0.864117 0.371033 0.081367 0.032547
0 0.864117 0.418226 0.081367 0.032547
0 0.864117 0.449959 0.081367 0.032547
0 0.864117 0.477624 0.081367 0.032547
0 0.864117 0.532954 0.081367 0.032547
0 0.864117 0.580146 0.081367 0.032547
0 0.864117 0.611880 0.081367 0.032547
0 0.864117 0.647681 0.081367 0.032547
0 0.864117 0.682669 0.081367 0.032547
0 0.864117 0.733930 0.081367 0.032547
0 0.864117 0.772986 0.081367 0.032547
0 0.864117 0.815297 0.081367 0.032547
0 0.772172 0.864117 0.032547 0.081367
0 0.730675 0.864117 0.032547 0.081367
0 0.694060 0.864117 0.032547 0.081367
0 0.661513 0.864117 0.032547 0.081367
0 0.625712 0.864117 0.032547 0.081367
0 0.593979 0.864117 0.032547 0.081367
0 0.562246 0.864117 0.032547 0.081367
0 0.519121 0.864117 0.032547 0.081367
0 0.474369 0.864117 0.032547 0.081367
0 0.441009 0.864117 0.032547 0.081367
0 0.353133 0.864117 0.032547 0.081367
0 0.318145 0.864117 0.032547 0.081367
0 0.279089 0.864117 0.032547 0.081367
0 0.237592 0.864117 0.032547 0.081367
0 0.201790 0.864117 0.032547 0.081367
0 0.135883 0.807974 0.081367 0.032547
0 0.135883 0.715216 0.081367 0.032547
0 0.135883 0.675346 0.081367 0.032547
0 0.135883 0.637917 0.081367 0.032547
0 0.135883 0.603743 0.081367 0.032547
0 0.135883 0.558991 0.081367 0.032547
0 0.135883 0.524003 0.081367 0.032547
0 0.135883 0.483320 0.081367 0.032547
0 0.135883 0.449959 0.081367 0.032547
0 0.135883 0.416599 0.081367 0.032547
0 0.135883 0.380797 0.081367 0.032547
0 0.135883 0.342555 0.081367 0.032547
0 0.135883 0.298617 0.081367 0.032547
0 0.135883 0.247356 0.081367 0.032547
0 0.135883 0.208299 0.081367 0.032547
0 0.197722 0.140765 0.032547 0.081367
0 0.240033 0.140765 0.032547 0.081367
0 0.277461 0.140765 0.032547 0.081367
0 0.352319 0.140765 0.032547 0.081367
0 0.386493 0.140765 0.032547 0.081367
0 0.437754 0.140765 0.032547 0.081367
0 0.467860 0.140765 0.032547 0.081367
0 0.516680 0.140765 0.032547 0.081367
0 0.577705 0.140765 0.032547 0.081367
0 0.611066 0.140765 0.032547 0.081367
0 0.733116 0.140765 0.032547 0.081367
0 0.770545 0.140765 0.032547 0.081367
0 0.859235 0.212368 0.081367 0.032547
0 0.859235 0.251424 0.081367 0.032547
0 0.859235 0.290480 0.081367 0.032547
0 0.859235 0.336859 0.081367 0.032547
0 0.859235 0.371847 0.081367 0.032547
0 0.859235 0.419854 0.081367 0.032547
0 0.859235 0.450773 0.081367 0.032547
0 0.859235 0.477624 0.081367 0.032547
0 0.859235 0.533767 0.081367 0.032547
0 0.859235 0.581774 0.081367 0.032547
0 0.859235 0.646867 0.081367 0.032547
0 0.859235 0.681855 0.081367 0.032547
0 0.859235 0.733930 0.081367 0.032547
0 0.859235 0.771359 0.081367 0.032547
0 0.765663 0.859235 0.032547 0.081367
0 0.724980 0.859235 0.032547 0.081367
0 0.689992 0.859235 0.032547 0.081367
0 0.659072 0.859235 0.032547 0.081367
0 0.623271 0.859235 0.032547 0.081367
0 0.592352 0.859235 0.032547 0.081367
0 0.562246 0.859235 0.032547 0.081367
0 0.518308 0.859235 0.032547 0.081367
0 0.473556 0.859235 0.032547 0.081367
0 0.409276 0.859235 0.032547 0.081367
0 0.353133 0.859235 0.032547 0.081367
0 0.318959 0.859235 0.032547 0.081367
0 0.240033 0.859235 0.032547 0.081367
0 0.205045 0.859235 0.032547 0.081367
0 0.140765 0.805533 0.081367 0.032547
0 0.140765 0.767290 0.081367 0.032547
0 0.140765 0.711961 0.081367 0.032547
0 0.140765 0.673718 0.081367 0.032547
0 0.140765 0.637103 0.081367 0.032547
0 0.140765 0.602929 0.081367 0.032547
0 0.140765 0.558991 0.081367 0.032547
0 0.140765 0.523190 0.081367 0.032547
0 0.140765 0.484133 0.081367 0.032547
0 0.140765 0.418226 0.081367 0.032547
0 0.140765 0.383238 0.081367 0.032547
0 0.140765 0.344996 0.081367 0.032547
0 0.140765 0.301871 0.081367 0.032547
0 0.140765 0.250610 0.081367 0.032547
0 0.140765 0.212368 0.081367 0.032547
0 0.186330 0.121237 0.032547 0.081367
0 0.231082 0.121237 0.032547 0.081367
0 0.271766 0.121237 0.032547 0.081367
0 0.314076 0.121237 0.032547 0.081367
0 0.352319 0.121237 0.032547 0.081367
0 0.389748 0.121237 0.032547 0.081367
0 0.423922 0.121237 0.032547 0.081367
0 0.462164 0.121237 0.032547 0.081367
0 0.519121 0.121237 0.032547 0.081367
0 0.551668 0.121237 0.032547 0.081367
0 0.585842 0.121237 0.032547 0.081367
0 0.622457 0.121237 0.032547 0.081367
0 0.659886 0.121237 0.032547 0.081367
0 0.711961 0.121237 0.032547 0.081367
0 0.753458 0.121237 0.032547 0.081367
0 0.798210 0.121237 0.032547 0.081367
0 0.878763 0.196908 0.081367 0.032547
0 0.878763 0.239219 0.081367 0.032547
0 0.878763 0.280716 0.081367 0.032547
0 0.878763 0.327909 0.081367 0.032547
0 0.878763 0.366965 0.081367 0.032547
0 0.878763 0.413344 0.081367 0.032547
0 0.878763 0.447518 0.081367 0.032547
0 0.878763 0.476810 0.081367 0.032547
0 0.878763 0.529699 0.081367 0.032547
0 0.878763 0.576078 0.081367 0.032547
0 0.878763 0.610252 0.081367 0.032547
0 0.878763 0.647681 0.081367 0.032547
0 0.878763 0.685924 0.081367 0.032547
0 0.878763 0.735557 0.081367 0.032547
0 0.878763 0.776241 0.081367 0.032547
0 0.878763 0.820993 0.081367 0.032547
0 0.791701 0.878763 0.032547 0.081367
0 0.746135 0.878763 0.032547 0.081367
0 0.706265 0.878763 0.032547 0.081367
0 0.668836 0.878763 0.032547 0.081367
0 0.631408 0.878763 0.032547 0.081367
0 0.596420 0.878763 0.032547 0.081367
0 0.562246 0.878763 0.032547 0.081367
0 0.520749 0.878763 0.032547 0.081367
0 0.474369 0.878763 0.032547 0.081367
0 0.440195 0.878763 0.032547 0.081367
0 0.406021 0.878763 0.032547 0.081367
0 0.353133 0.878763 0.032547 0.081367
0 0.315704 0.878763 0.032547 0.081367
0 0.275020 0.878763 0.032547 0.081367
0 0.232710 0.878763 0.032547 0.081367
0 0.192026 0.878763 0.032547 0.081367
0 0.121237 0.816924 0.081367 0.032547
0 0.121237 0.773800 0.081367 0.032547
0 0.121237 0.721725 0.081367 0.032547
0 0.121237 0.680228 0.081367 0.032547
0 0.121237 0.641172 0.081367 0.032547
0 0.121237 0.604557 0.081367 0.032547
0 0.121237 0.561432 0.081367 0.032547
0 0.121237 0.524817 0.081367 0.032547
0 0.121237 0.482506 0.081367 0.032547
0 0.121237 0.447518 0.081367 0.032547
0 0.121237 0.411717 0.081367 0.032547
0 0.121237 0.374288 0.081367 0.032547
0 0.121237 0.334418 0.081367 0.032547
0 0.121237 0.288853 0.081367 0.032547
0 0.121237 0.237592 0.081367 0.032547
0 0.121237 0.195281 0.081367 0.032547
