0 0.202052 0.133386 0.031571 0.078927
0 0.233623 0.133386 0.031571 0.078927
0 0.282557 0.133386 0.031571 0.078927
0 0.323599 0.133386 0.031571 0.078927
0 0.359116 0.133386 0.031571 0.078927
0 0.394633 0.133386 0.031571 0.078927
0 0.430150 0.133386 0.031571 0.078927
0 0.466456 0.133386 0.031571 0.078927
0 0.521705 0.133386 0.031571 0.078927
0 0.553275 0.133386 0.031571 0.078927
0 0.587214 0.133386 0.031571 0.078927
0 0.622731 0.133386 0.031571 0.078927
0 0.659037 0.133386 0.031571 0.078927
0 0.708761 0.133386 0.031571 0.078927
0 0.749013 0.133386 0.031571 0.078927
0 0.788477 0.133386 0.031571 0.078927
0 0.866614 0.196527 0.078927 0.031571
0 0.866614 0.237569 0.078927 0.031571
0 0.866614 0.277822 0.078927 0.031571
0 0.866614 0.321231 0.078927 0.031571
0 0.866614 0.358327 0.078927 0.031571
0 0.866614 0.401736 0.078927 0.031571
0 0.866614 0.434886 0.078927 0.031571
0 0.866614 0.465667 0.078927 0.031571
0 0.866614 0.518548 0.078927 0.031571
0 0.866614 0.558800 0.078927 0.031571
0 0.866614 0.591949 0.078927 0.031571
0 0.866614 0.628256 0.078927 0.031571
0 0.866614 0.666140 0.078927 0.031571
0 0.866614 0.714286 0.078927 0.031571
0 0.866614 0.755328 0.078927 0.031571
0 0.866614 0.797948 0.078927 0.031571
0 0.793212 0.866614 0.031571 0.078927
0 0.748224 0.866614 0.031571 0.078927
0 0.706393 0.866614 0.031571 0.078927
0 0.666930 0.866614 0.031571 0.078927
0 0.631413 0.866614 0.031571 0.078927
0 0.595896 0.866614 0.031571 0.078927
0 0.561168 0.866614 0.031571 0.078927
0 0.524073 0.866614 0.031571 0.078927
0 0.479874 0.866614 0.031571 0.078927
0 0.445935 0.866614 0.031571 0.078927
0 0.411997 0.866614 0.031571 0.078927
0 0.364641 0.866614 0.031571 0.078927
0 0.326756 0.866614 0.031571 0.078927
0 0.286504 0.866614 0.031571 0.078927
0 0.244672 0.866614 0.031571 0.078927
0 0.202841 0.866614 0.031571 0.078927
0 0.133386 0.797159 0.078927 0.031571
0 0.133386 0.755328 0.078927 0.031571
0 0.133386 0.704815 0.078927 0.031571
0 0.133386 0.662194 0.078927 0.031571
0 0.133386 0.624309 0.078927 0.031571
0 0.133386 0.586425 0.078927 0.031571
0 0.133386 0.548540 0.078927 0.031571
0 0.133386 0.513812 0.078927 0.031571
0 0.133386 0.471981 0.078927 0.031571
0 0.133386 0.434886 0.078927 0.031571
0 0.133386 0.400158 0.078927 0.031571
0 0.133386 0.365430 0.078927 0.031571
0 0.133386 0.331492 0.078927 0.031571
0 0.133386 0.287293 0.078927 0.031571
0 0.133386 0.235201 0.078927 0.031571
0 0.133386 0.194949 0.078927 0.031571
0 0.208366 0.142857 0.031571 0.078927
0 0.247830 0.142857 0.031571 0.078927
0 0.284925 0.142857 0.031571 0.078927
0 0.324388 0.142857 0.031571 0.078927
0 0.359116 0.142857 0.031571 0.078927
0 0.393054 0.142857 0.031571 0.078927
0 0.429361 0.142857 0.031571 0.078927
0 0.465667 0.142857 0.031571 0.078927
0 0.521705 0.142857 0.031571 0.078927
0 0.551697 0.142857 0.031571 0.078927
0 0.584057 0.142857 0.031571 0.078927
0 0.617206 0.142857 0.031571 0.078927
0 0.651144 0.142857 0.031571 0.078927
0 0.701657 0.142857 0.031571 0.078927
0 0.741121 0.142857 0.031571 0.078927
0 0.777427 0.142857 0.031571 0.078927
0 0.857143 0.200474 0.078927 0.031571
0 0.857143 0.239937 0.078927 0.031571
0 0.857143 0.278611 0.078927 0.031571
0 0.857143 0.322021 0.078927 0.031571
0 0.857143 0.357537 0.078927 0.031571
0 0.857143 0.401736 0.078927 0.031571
0 0.857143 0.433307 0.078927 0.031571
0 0.857143 0.463299 0.078927 0.031571
0 0.857143 0.517758 0.078927 0.031571
0 0.857143 0.558011 0.078927 0.031571
0 0.857143 0.589582 0.078927 0.031571
0 0.857143 0.625099 0.078927 0.031571
0 0.857143 0.660616 0.078927 0.031571
0 0.857143 0.709550 0.078927 0.031571
0 0.857143 0.749013 0.078927 0.031571
0 0.782952 0.857143 0.031571 0.078927
0 0.739542 0.857143 0.031571 0.078927
0 0.699290 0.857143 0.031571 0.078927
0 0.662194 0.857143 0.031571 0.078927
0 0.628256 0.857143 0.031571 0.078927
0 0.594317 0.857143 0.031571 0.078927
0 0.561168 0.857143 0.031571 0.078927
0 0.523283 0.857143 0.031571 0.078927
0 0.479874 0.857143 0.031571 0.078927
0 0.445935 0.857143 0.031571 0.078927
0 0.414365 0.857143 0.031571 0.078927
0 0.366219 0.857143 0.031571 0.078927
0 0.329124 0.857143 0.031571 0.078927
0 0.290450 0.857143 0.031571 0.078927
0 0.248619 0.857143 0.031571 0.078927
0 0.209155 0.857143 0.031571 0.078927
0 0.142857 0.789266 0.078927 0.031571
0 0.142857 0.748224 0.078927 0.031571
0 0.142857 0.695343 0.078927 0.031571
0 0.142857 0.655091 0.078927 0.031571
0 0.142857 0.617995 0.078927 0.031571
0 0.142857 0.581689 0.078927 0.031571
0 0.142857 0.544594 0.078927 0.031571
0 0.142857 0.509866 0.078927 0.031571
0 0.142857 0.469613 0.078927 0.031571
0 0.142857 0.433307 0.078927 0.031571
0 0.142857 0.400158 0.078927 0.031571
0 0.142857 0.366219 0.078927 0.031571
0 0.142857 0.328335 0.078927 0.031571
0 0.142857 0.289661 0.078927 0.031571
0 0.250197 0.147593 0.031571 0.078927
0 0.285714 0.147593 0.031571 0.078927
0 0.325178 0.147593 0.031571 0.078927
0 0.358327 0.147593 0.031571 0.078927
0 0.391476 0.147593 0.031571 0.078927
0 0.429361 0.147593 0.031571 0.078927
0 0.464878 0.147593 0.031571 0.078927
0 0.520916 0.147593 0.031571 0.078927
0 0.550908 0.147593 0.031571 0.078927
0 0.582478 0.147593 0.031571 0.078927
0 0.614838 0.147593 0.031571 0.078927
0 0.647987 0.147593 0.031571 0.078927
0 0.698500 0.147593 0.031571 0.078927
0 0.735596 0.147593 0.031571 0.078927
0 0.771113 0.147593 0.031571 0.078927
0 0.852407 0.241515 0.078927 0.031571
0 0.852407 0.278611 0.078927 0.031571
0 0.852407 0.322021 0.078927 0.031571
0 0.852407 0.356748 0.078927 0.031571
0 0.852407 0.401736 0.078927 0.031571
0 0.852407 0.432518 0.078927 0.031571
0 0.852407 0.461721 0.078927 0.031571
0 0.852407 0.517758 0.078927 0.031571
0 0.852407 0.558011 0.078927 0.031571
0 0.852407 0.588792 0.078927 0.031571
0 0.852407 0.622731 0.078927 0.031571
0 0.852407 0.658248 0.078927 0.031571
0 0.852407 0.707972 0.078927 0.031571
0 0.852407 0.746646 0.078927 0.031571
0 0.852407 0.786898 0.078927 0.031571
0 0.778216 0.852407 0.031571 0.078927
0 0.734807 0.852407 0.031571 0.078927
0 0.695343 0.852407 0.031571 0.078927
0 0.660616 0.852407 0.031571 0.078927
0 0.626677 0.852407 0.031571 0.078927
0 0.593528 0.852407 0.031571 0.078927
0 0.561168 0.852407 0.031571 0.078927
0 0.522494 0.852407 0.031571 0.078927
0 0.480663 0.852407 0.031571 0.078927
0 0.446725 0.852407 0.031571 0.078927
0 0.415154 0.852407 0.031571 0.078927
0 0.367009 0.852407 0.031571 0.078927
0 0.330702 0.852407 0.031571 0.078927
0 0.292028 0.852407 0.031571 0.078927
0 0.251776 0.852407 0.031571 0.078927
0 0.211523 0.852407 0.031571 0.078927
0 0.147593 0.784530 0.078927 0.031571
0 0.147593 0.691397 0.078927 0.031571
0 0.147593 0.651144 0.078927 0.031571
0 0.147593 0.615627 0.078927 0.031571
0 0.147593 0.580110 0.078927 0.031571
0 0.147593 0.539069 0.078927 0.031571
0 0.147593 0.502762 0.078927 0.031571
0 0.147593 0.468824 0.078927 0.031571
0 0.147593 0.432518 0.078927 0.031571
0 0.147593 0.400158 0.078927 0.031571
0 0.147593 0.367009 0.078927 0.031571
0 0.147593 0.329124 0.078927 0.031571
0 0.147593 0.290450 0.078927 0.031571
0 0.147593 0.239148 0.078927 0.031571
0 0.147593 0.201263 0.078927 0.031571
0 0.215470 0.152328 0.031571 0.078927
0 0.252565 0.152328 0.031571 0.078927
0 0.288082 0.152328 0.031571 0.078927
0 0.325967 0.152328 0.031571 0.078927
0 0.358327 0.152328 0.031571 0.078927
0 0.428571 0.152328 0.031571 0.078927
0 0.464088 0.152328 0.031571 0.078927
0 0.520916 0.152328 0.031571 0.078927
0 0.550118 0.152328 0.031571 0.078927
0 0.580900 0.152328 0.031571 0.078927
0 0.612470 0.152328 0.031571 0.078927
0 0.695343 0.152328 0.031571 0.078927
0 0.731650 0.152328 0.031571 0.078927
0 0.765588 0.152328 0.031571 0.078927
0 0.847672 0.205209 0.078927 0.031571
0 0.847672 0.242305 0.078927 0.031571
0 0.847672 0.279400 0.078927 0.031571
0 0.847672 0.322810 0.078927 0.031571
0 0.847672 0.355959 0.078927 0.031571
0 0.847672 0.401736 0.078927 0.031571
0 0.847672 0.431728 0.078927 0.031571
0 0.847672 0.460142 0.078927 0.031571
0 0.847672 0.517758 0.078927 0.031571
0 0.847672 0.557222 0.078927 0.031571
0 0.847672 0.587214 0.078927 0.031571
0 0.847672 0.621942 0.078927 0.031571
0 0.847672 0.655091 0.078927 0.031571
0 0.847672 0.706393 0.078927 0.031571
0 0.847672 0.743489 0.078927 0.031571
0 0.847672 0.782952 0.078927 0.031571
0 0.772691 0.847672 0.031571 0.078927
0 0.730071 0.847672 0.031571 0.078927
0 0.692186 0.847672 0.031571 0.078927
0 0.657459 0.847672 0.031571 0.078927
0 0.625099 0.847672 0.031571 0.078927
0 0.593528 0.847672 0.031571 0.078927
0 0.561168 0.847672 0.031571 0.078927
0 0.522494 0.847672 0.031571 0.078927
0 0.480663 0.847672 0.031571 0.078927
0 0.447514 0.847672 0.031571 0.078927
0 0.415943 0.847672 0.031571 0.078927
0 0.367798 0.847672 0.031571 0.078927
0 0.331492 0.847672 0.031571 0.078927
0 0.293607 0.847672 0.031571 0.078927
0 0.215470 0.847672 0.031571 0.078927
0 0.152328 0.780584 0.078927 0.031571
0 0.152328 0.741121 0.078927 0.031571
0 0.152328 0.685872 0.078927 0.031571
0 0.152328 0.647987 0.078927 0.031571
0 0.152328 0.612470 0.078927 0.031571
0 0.152328 0.577743 0.078927 0.031571
0 0.152328 0.537490 0.078927 0.031571
0 0.152328 0.506709 0.078927 0.031571
0 0.152328 0.467245 0.078927 0.031571
0 0.152328 0.431728 0.078927 0.031571
0 0.152328 0.399369 0.078927 0.031571
0 0.152328 0.367009 0.078927 0.031571
0 0.152328 0.334649 0.078927 0.031571
0 0.152328 0.287293 0.078927 0.031571
0 0.152328 0.239937 0.078927 0.031571
0 0.218627 0.157064 0.031571 0.078927
0 0.254933 0.157064 0.031571 0.078927
0 0.288871 0.157064 0.031571 0.078927
0 0.326756 0.157064 0.031571 0.078927
0 0.358327 0.157064 0.031571 0.078927
0 0.389897 0.157064 0.031571 0.078927
0 0.427782 0.157064 0.031571 0.078927
0 0.464088 0.157064 0.031571 0.078927
0 0.520916 0.157064 0.031571 0.078927
0 0.549329 0.157064 0.031571 0.078927
0 0.579321 0.157064 0.031571 0.078927
0 0.609313 0.157064 0.031571 0.078927
0 0.640884 0.157064 0.031571 0.078927
0 0.692186 0.157064 0.031571 0.078927
0 0.727703 0.157064 0.031571 0.078927
0 0.759274 0.157064 0.031571 0.078927
0 0.842936 0.206788 0.078927 0.031571
0 0.842936 0.243883 0.078927 0.031571
0 0.842936 0.279400 0.078927 0.031571
0 0.842936 0.322810 0.078927 0.031571
0 0.842936 0.355959 0.078927 0.031571
0 0.842936 0.401736 0.078927 0.031571
0 0.842936 0.430939 0.078927 0.031571
0 0.842936 0.458564 0.078927 0.031571
0 0.842936 0.517758 0.078927 0.031571
0 0.842936 0.557222 0.078927 0.031571
0 0.842936 0.620363 0.078927 0.031571
0 0.842936 0.653512 0.078927 0.031571
0 0.842936 0.704025 0.078927 0.031571
0 0.842936 0.740331 0.078927 0.031571
0 0.842936 0.778216 0.078927 0.031571
0 0.767167 0.842936 0.031571 0.078927
0 0.725335 0.842936 0.031571 0.078927
0 0.689029 0.842936 0.031571 0.078927
0 0.655880 0.842936 0.031571 0.078927
0 0.624309 0.842936 0.031571 0.078927
0 0.592739 0.842936 0.031571 0.078927
0 0.561957 0.842936 0.031571 0.078927
0 0.522494 0.842936 0.031571 0.078927
0 0.447514 0.842936 0.031571 0.078927
0 0.367798 0.842936 0.031571 0.078927
0 0.333070 0.842936 0.031571 0.078927
0 0.295975 0.842936 0.031571 0.078927
0 0.254933 0.842936 0.031571 0.078927
0 0.217837 0.842936 0.031571 0.078927
0 0.157064 0.776638 0.078927 0.031571
0 0.157064 0.737964 0.078927 0.031571
0 0.157064 0.681926 0.078927 0.031571
0 0.157064 0.644041 0.078927 0.031571
0 0.157064 0.610103 0.078927 0.031571
0 0.157064 0.576164 0.078927 0.031571
0 0.157064 0.535122 0.078927 0.031571
0 0.157064 0.505130 0.078927 0.031571
0 0.157064 0.466456 0.078927 0.031571
0 0.157064 0.430939 0.078927 0.031571
0 0.157064 0.367798 0.078927 0.031571
0 0.157064 0.331492 0.078927 0.031571
0 0.157064 0.293607 0.078927 0.031571
0 0.157064 0.240726 0.078927 0.031571
0 0.221784 0.161800 0.031571 0.078927
0 0.257301 0.161800 0.031571 0.078927
0 0.290450 0.161800 0.031571 0.078927
0 0.326756 0.161800 0.031571 0.078927
0 0.358327 0.161800 0.031571 0.078927
0 0.389108 0.161800 0.031571 0.078927
0 0.437253 0.161800 0.031571 0.078927
0 0.463299 0.161800 0.031571 0.078927
0 0.520916 0.161800 0.031571 0.078927
0 0.548540 0.161800 0.031571 0.078927
0 0.576953 0.161800 0.031571 0.078927
0 0.606946 0.161800 0.031571 0.078927
0 0.637727 0.161800 0.031571 0.078927
0 0.688240 0.161800 0.031571 0.078927
0 0.722968 0.161800 0.031571 0.078927
0 0.754538 0.161800 0.031571 0.078927
0 0.838200 0.209155 0.078927 0.031571
0 0.838200 0.244672 0.078927 0.031571
0 0.838200 0.280189 0.078927 0.031571
0 0.838200 0.323599 0.078927 0.031571
0 0.838200 0.355959 0.078927 0.031571
0 0.838200 0.401736 0.078927 0.031571
0 0.838200 0.430150 0.078927 0.031571
0 0.838200 0.458564 0.078927 0.031571
0 0.838200 0.517758 0.078927 0.031571
0 0.838200 0.557222 0.078927 0.031571
0 0.838200 0.586425 0.078927 0.031571
0 0.838200 0.618785 0.078927 0.031571
0 0.838200 0.651144 0.078927 0.031571
0 0.838200 0.701657 0.078927 0.031571
0 0.838200 0.737964 0.078927 0.031571
0 0.838200 0.775059 0.078927 0.031571
0 0.763220 0.838200 0.031571 0.078927
0 0.721389 0.838200 0.031571 0.078927
0 0.685872 0.838200 0.031571 0.078927
0 0.653512 0.838200 0.031571 0.078927
0 0.623520 0.838200 0.031571 0.078927
0 0.592739 0.838200 0.031571 0.078927
0 0.481452 0.838200 0.031571 0.078927
0 0.448303 0.838200 0.031571 0.078927
0 0.418311 0.838200 0.031571 0.078927
0 0.297553 0.838200 0.031571 0.078927
0 0.257301 0.838200 0.031571 0.078927
0 0.220994 0.838200 0.031571 0.078927
0 0.161800 0.771902 0.078927 0.031571
0 0.161800 0.734807 0.078927 0.031571
0 0.161800 0.677190 0.078927 0.031571
0 0.161800 0.608524 0.078927 0.031571
0 0.161800 0.537490 0.078927 0.031571
0 0.161800 0.502762 0.078927 0.031571
0 0.161800 0.465667 0.078927 0.031571
0 0.161800 0.430150 0.078927 0.031571
0 0.161800 0.399369 0.078927 0.031571
0 0.161800 0.368587 0.078927 0.031571
0 0.161800 0.337017 0.078927 0.031571
0 0.161800 0.281768 0.078927 0.031571
0 0.161800 0.242305 0.078927 0.031571
0 0.161800 0.208366 0.078927 0.031571
0 0.205209 0.138122 0.031571 0.078927
0 0.245462 0.138122 0.031571 0.078927
0 0.283346 0.138122 0.031571 0.078927
0 0.323599 0.138122 0.031571 0.078927
0 0.359116 0.138122 0.031571 0.078927
0 0.393844 0.138122 0.031571 0.078927
0 0.429361 0.138122 0.031571 0.078927
0 0.465667 0.138122 0.031571 0.078927
0 0.521705 0.138122 0.031571 0.078927
0 0.552486 0.138122 0.031571 0.078927
0 0.585635 0.138122 0.031571 0.078927
0 0.620363 0.138122 0.031571 0.078927
0 0.655091 0.138122 0.031571 0.078927
0 0.704815 0.138122 0.031571 0.078927
0 0.745067 0.138122 0.031571 0.078927
0 0.782952 0.138122 0.031571 0.078927
0 0.861878 0.198895 0.078927 0.031571
0 0.861878 0.239148 0.078927 0.031571
0 0.861878 0.277822 0.078927 0.031571
0 0.861878 0.322021 0.078927 0.031571
0 0.861878 0.357537 0.078927 0.031571
0 0.861878 0.401736 0.078927 0.031571
0 0.861878 0.434096 0.078927 0.031571
0 0.861878 0.464088 0.078927 0.031571
0 0.861878 0.518548 0.078927 0.031571
0 0.861878 0.558800 0.078927 0.031571
0 0.861878 0.590371 0.078927 0.031571
0 0.861878 0.626677 0.078927 0.031571
0 0.861878 0.662983 0.078927 0.031571
0 0.861878 0.711918 0.078927 0.031571
0 0.861878 0.752170 0.078927 0.031571
0 0.861878 0.794002 0.078927 0.031571
0 0.788477 0.861878 0.031571 0.078927
0 0.743489 0.861878 0.031571 0.078927
0 0.703236 0.861878 0.031571 0.078927
0 0.664562 0.861878 0.031571 0.078927
0 0.629834 0.861878 0.031571 0.078927
0 0.595107 0.861878 0.031571 0.078927
0 0.561168 0.861878 0.031571 0.078927
0 0.523283 0.861878 0.031571 0.078927
0 0.479874 0.861878 0.031571 0.078927
0 0.445935 0.861878 0.031571 0.078927
0 0.412786 0.861878 0.031571 0.078927
0 0.365430 0.861878 0.031571 0.078927
0 0.327545 0.861878 0.031571 0.078927
0 0.288082 0.861878 0.031571 0.078927
0 0.247040 0.861878 0.031571 0.078927
0 0.205998 0.861878 0.031571 0.078927
0 0.138122 0.793212 0.078927 0.031571
0 0.138122 0.751381 0.078927 0.031571
0 0.138122 0.700079 0.078927 0.031571
0 0.138122 0.658248 0.078927 0.031571
0 0.138122 0.620363 0.078927 0.031571
0 0.138122 0.584057 0.078927 0.031571
0 0.138122 0.546961 0.078927 0.031571
0 0.138122 0.511444 0.078927 0.031571
0 0.138122 0.470403 0.078927 0.031571
0 0.138122 0.434096 0.078927 0.031571
0 0.138122 0.400158 0.078927 0.031571
0 0.138122 0.366219 0.078927 0.031571
0 0.138122 0.331492 0.078927 0.031571
0 0.138122 0.288082 0.078927 0.031571
0 0.138122 0.236780 0.078927 0.031571
0 0.138122 0.197316 0.078927 0.031571
