0 0.196669 0.130056 0.031721 0.079302
0 0.238699 0.130056 0.031721 0.079302
0 0.279144 0.130056 0.031721 0.079302
0 0.319588 0.130056 0.031721 0.079302
0 0.356860 0.130056 0.031721 0.079302
0 0.394132 0.130056 0.031721 0.079302
0 0.428232 0.130056 0.031721 0.079302
0 0.463918 0.130056 0.031721 0.079302
0 0.520222 0.130056 0.031721 0.079302
0 0.552736 0.130056 0.031721 0.079302
0 0.586836 0.130056 0.031721 0.079302
0 0.621729 0.130056 0.031721 0.079302
0 0.659001 0.130056 0.031721 0.079302
0 0.709754 0.130056 0.031721 0.079302
0 0.750198 0.130056 0.031721 0.079302
0 0.791435 0.130056 0.031721 0.079302
0 0.869944 0.194290 0.079302 0.031721
0 0.869944 0.236320 0.079302 0.031721
0 0.869944 0.275971 0.079302 0.031721
0 0.869944 0.321174 0.079302 0.031721
0 0.869944 0.357653 0.079302 0.031721
0 0.869944 0.402062 0.079302 0.031721
0 0.869944 0.435369 0.079302 0.031721
0 0.869944 0.467090 0.079302 0.031721
0 0.869944 0.518636 0.079302 0.031721
0 0.869944 0.559873 0.079302 0.031721
0 0.869944 0.593973 0.079302 0.031721
0 0.869944 0.630452 0.079302 0.031721
0 0.869944 0.668517 0.079302 0.031721
0 0.869944 0.716891 0.079302 0.031721
0 0.869944 0.757335 0.079302 0.031721
0 0.869944 0.799366 0.079302 0.031721
0 0.795400 0.869944 0.031721 0.079302
0 0.750198 0.869944 0.031721 0.079302
0 0.708168 0.869944 0.031721 0.079302
0 0.669310 0.869944 0.031721 0.079302
0 0.632038 0.869944 0.031721 0.079302
0 0.596352 0.869944 0.031721 0.079302
0 0.561459 0.869944 0.031721 0.079302
0 0.524187 0.869944 0.031721 0.079302
0 0.478985 0.869944 0.031721 0.079302
0 0.444885 0.869944 0.031721 0.079302
0 0.410785 0.869944 0.031721 0.079302
0 0.363204 0.869944 0.031721 0.079302
0 0.325139 0.869944 0.031721 0.079302
0 0.283902 0.869944 0.031721 0.079302
0 0.241872 0.869944 0.031721 0.079302
0 0.199841 0.869944 0.031721 0.079302
0 0.130056 0.799366 0.079302 0.031721
0 0.130056 0.758128 0.079302 0.031721
0 0.130056 0.705789 0.079302 0.031721
0 0.130056 0.664552 0.079302 0.031721
0 0.130056 0.624108 0.079302 0.031721
0 0.130056 0.586836 0.079302 0.031721
0 0.130056 0.550357 0.079302 0.031721
0 0.130056 0.513878 0.079302 0.031721
0 0.130056 0.472641 0.079302 0.031721
0 0.130056 0.435369 0.079302 0.031721
0 0.130056 0.400476 0.079302 0.031721
0 0.130056 0.365583 0.079302 0.031721
0 0.130056 0.331483 0.079302 0.031721
0 0.130056 0.287074 0.079302 0.031721
0 0.130056 0.234734 0.079302 0.031721
0 0.130056 0.195083 0.079302 0.031721
0 0.203013 0.139572 0.031721 0.079302
0 0.244251 0.139572 0.031721 0.079302
0 0.282316 0.139572 0.031721 0.079302
0 0.321174 0.139572 0.031721 0.079302
0 0.356860 0.139572 0.031721 0.079302
0 0.392546 0.139572 0.031721 0.079302
0 0.428232 0.139572 0.031721 0.079302
0 0.462331 0.139572 0.031721 0.079302
0 0.520222 0.139572 0.031721 0.079302
0 0.551150 0.139572 0.031721 0.079302
0 0.583664 0.139572 0.031721 0.079302
0 0.616178 0.139572 0.031721 0.079302
0 0.651071 0.139572 0.031721 0.079302
0 0.703410 0.139572 0.031721 0.079302
0 0.741475 0.139572 0.031721 0.079302
0 0.779540 0.139572 0.031721 0.079302
0 0.860428 0.198255 0.079302 0.031721
0 0.860428 0.238699 0.079302 0.031721
0 0.860428 0.278351 0.079302 0.031721
0 0.860428 0.321967 0.079302 0.031721
0 0.860428 0.357653 0.079302 0.031721
0 0.860428 0.402062 0.079302 0.031721
0 0.860428 0.434576 0.079302 0.031721
0 0.860428 0.464711 0.079302 0.031721
0 0.860428 0.519429 0.079302 0.031721
0 0.860428 0.559873 0.079302 0.031721
0 0.860428 0.591594 0.079302 0.031721
0 0.860428 0.626487 0.079302 0.031721
0 0.860428 0.663759 0.079302 0.031721
0 0.860428 0.712926 0.079302 0.031721
0 0.860428 0.751784 0.079302 0.031721
0 0.860428 0.791435 0.079302 0.031721
0 0.784298 0.860428 0.031721 0.079302
0 0.740682 0.860428 0.031721 0.079302
0 0.700238 0.860428 0.031721 0.079302
0 0.664552 0.860428 0.031721 0.079302
0 0.628866 0.860428 0.031721 0.079302
0 0.594766 0.860428 0.031721 0.079302
0 0.562252 0.860428 0.031721 0.079302
0 0.523394 0.860428 0.031721 0.079302
0 0.479778 0.860428 0.031721 0.079302
0 0.445678 0.860428 0.031721 0.079302
0 0.412371 0.860428 0.031721 0.079302
0 0.363997 0.860428 0.031721 0.079302
0 0.327518 0.860428 0.031721 0.079302
0 0.287074 0.860428 0.031721 0.079302
0 0.245837 0.860428 0.031721 0.079302
0 0.206186 0.860428 0.031721 0.079302
0 0.139572 0.790642 0.079302 0.031721
0 0.139572 0.750991 0.079302 0.031721
0 0.139572 0.696273 0.079302 0.031721
0 0.139572 0.656622 0.079302 0.031721
0 0.139572 0.618557 0.079302 0.031721
0 0.139572 0.582871 0.079302 0.031721
0 0.139572 0.545599 0.079302 0.031721
0 0.139572 0.510706 0.079302 0.031721
0 0.139572 0.470262 0.079302 0.031721
0 0.139572 0.433783 0.079302 0.031721
0 0.139572 0.366376 0.079302 0.031721
0 0.139572 0.333862 0.079302 0.031721
0 0.139572 0.290246 0.079302 0.031721
0 0.139572 0.237906 0.079302 0.031721
0 0.206186 0.144330 0.031721 0.079302
0 0.245837 0.144330 0.031721 0.079302
0 0.283902 0.144330 0.031721 0.079302
0 0.321967 0.144330 0.031721 0.079302
0 0.356860 0.144330 0.031721 0.079302
0 0.390960 0.144330 0.031721 0.079302
0 0.427439 0.144330 0.031721 0.079302
0 0.461538 0.144330 0.031721 0.079302
0 0.519429 0.144330 0.031721 0.079302
0 0.549564 0.144330 0.031721 0.079302
0 0.581285 0.144330 0.031721 0.079302
0 0.613006 0.144330 0.031721 0.079302
0 0.647898 0.144330 0.031721 0.079302
0 0.700238 0.144330 0.031721 0.079302
0 0.737510 0.144330 0.031721 0.079302
0 0.773196 0.144330 0.031721 0.079302
0 0.855670 0.200634 0.079302 0.031721
0 0.855670 0.240285 0.079302 0.031721
0 0.855670 0.278351 0.079302 0.031721
0 0.855670 0.321967 0.079302 0.031721
0 0.855670 0.356860 0.079302 0.031721
0 0.855670 0.402855 0.079302 0.031721
0 0.855670 0.433783 0.079302 0.031721
0 0.855670 0.463918 0.079302 0.031721
0 0.855670 0.519429 0.079302 0.031721
0 0.855670 0.559873 0.079302 0.031721
0 0.855670 0.591594 0.079302 0.031721
0 0.855670 0.624901 0.079302 0.031721
0 0.855670 0.661380 0.079302 0.031721
0 0.855670 0.710547 0.079302 0.031721
0 0.855670 0.748612 0.079302 0.031721
0 0.855670 0.788263 0.079302 0.031721
0 0.778747 0.855670 0.031721 0.079302
0 0.735131 0.855670 0.031721 0.079302
0 0.696273 0.855670 0.031721 0.079302
0 0.661380 0.855670 0.031721 0.079302
0 0.626487 0.855670 0.031721 0.079302
0 0.594766 0.855670 0.031721 0.079302
0 0.561459 0.855670 0.031721 0.079302
0 0.522601 0.855670 0.031721 0.079302
0 0.478985 0.855670 0.031721 0.079302
0 0.445678 0.855670 0.031721 0.079302
0 0.414750 0.855670 0.031721 0.079302
0 0.364790 0.855670 0.031721 0.079302
0 0.329104 0.855670 0.031721 0.079302
0 0.289453 0.855670 0.031721 0.079302
0 0.248216 0.855670 0.031721 0.079302
0 0.144330 0.785884 0.079302 0.031721
0 0.144330 0.747819 0.079302 0.031721
0 0.144330 0.691515 0.079302 0.031721
0 0.144330 0.653450 0.079302 0.031721
0 0.144330 0.616971 0.079302 0.031721
0 0.144330 0.580492 0.079302 0.031721
0 0.144330 0.544806 0.079302 0.031721
0 0.144330 0.509913 0.079302 0.031721
0 0.144330 0.468676 0.079302 0.031721
0 0.144330 0.432990 0.079302 0.031721
0 0.144330 0.400476 0.079302 0.031721
0 0.144330 0.367169 0.079302 0.031721
0 0.144330 0.335448 0.079302 0.031721
0 0.144330 0.291832 0.079302 0.031721
0 0.144330 0.240285 0.079302 0.031721
0 0.144330 0.203013 0.079302 0.031721
0 0.209358 0.149088 0.031721 0.079302
0 0.322760 0.149088 0.031721 0.079302
0 0.356860 0.149088 0.031721 0.079302
0 0.390960 0.149088 0.031721 0.079302
0 0.426646 0.149088 0.031721 0.079302
0 0.460745 0.149088 0.031721 0.079302
0 0.519429 0.149088 0.031721 0.079302
0 0.548771 0.149088 0.031721 0.079302
0 0.580492 0.149088 0.031721 0.079302
0 0.610626 0.149088 0.031721 0.079302
0 0.643933 0.149088 0.031721 0.079302
0 0.697066 0.149088 0.031721 0.079302
0 0.732752 0.149088 0.031721 0.079302
0 0.767645 0.149088 0.031721 0.079302
0 0.850912 0.202220 0.079302 0.031721
0 0.850912 0.241872 0.079302 0.031721
0 0.850912 0.279144 0.079302 0.031721
0 0.850912 0.322760 0.079302 0.031721
0 0.850912 0.356860 0.079302 0.031721
0 0.850912 0.402855 0.079302 0.031721
0 0.850912 0.432990 0.079302 0.031721
0 0.850912 0.462331 0.079302 0.031721
0 0.850912 0.518636 0.079302 0.031721
0 0.850912 0.559873 0.079302 0.031721
0 0.850912 0.590801 0.079302 0.031721
0 0.850912 0.624108 0.079302 0.031721
0 0.850912 0.659001 0.079302 0.031721
0 0.850912 0.708961 0.079302 0.031721
0 0.850912 0.746233 0.079302 0.031721
0 0.850912 0.784298 0.079302 0.031721
0 0.773196 0.850912 0.031721 0.079302
0 0.730373 0.850912 0.031721 0.079302
0 0.692308 0.850912 0.031721 0.079302
0 0.659001 0.850912 0.031721 0.079302
0 0.624901 0.850912 0.031721 0.079302
0 0.593973 0.850912 0.031721 0.079302
0 0.562252 0.850912 0.031721 0.079302
0 0.521808 0.850912 0.031721 0.079302
0 0.478985 0.850912 0.031721 0.079302
0 0.445678 0.850912 0.031721 0.079302
0 0.414750 0.850912 0.031721 0.079302
0 0.365583 0.850912 0.031721 0.079302
0 0.329104 0.850912 0.031721 0.079302
0 0.249802 0.850912 0.031721 0.079302
0 0.211737 0.850912 0.031721 0.079302
0 0.149088 0.781919 0.079302 0.031721
0 0.149088 0.743854 0.079302 0.031721
0 0.149088 0.686757 0.079302 0.031721
0 0.149088 0.649485 0.079302 0.031721
0 0.149088 0.614592 0.079302 0.031721
0 0.149088 0.578906 0.079302 0.031721
0 0.149088 0.542427 0.079302 0.031721
0 0.149088 0.508327 0.079302 0.031721
0 0.149088 0.468676 0.079302 0.031721
0 0.149088 0.432197 0.079302 0.031721
0 0.149088 0.400476 0.079302 0.031721
0 0.149088 0.367962 0.079302 0.031721
0 0.149088 0.337034 0.079302 0.031721
0 0.149088 0.288660 0.079302 0.031721
0 0.149088 0.241872 0.079302 0.031721
0 0.149088 0.206186 0.079302 0.031721
0 0.212530 0.153846 0.031721 0.079302
0 0.250595 0.153846 0.031721 0.079302
0 0.286281 0.153846 0.031721 0.079302
0 0.322760 0.153846 0.031721 0.079302
0 0.390167 0.153846 0.031721 0.079302
0 0.426646 0.153846 0.031721 0.079302
0 0.459952 0.153846 0.031721 0.079302
0 0.578906 0.153846 0.031721 0.079302
0 0.608247 0.153846 0.031721 0.079302
0 0.640761 0.153846 0.031721 0.079302
0 0.693894 0.153846 0.031721 0.079302
0 0.728787 0.153846 0.031721 0.079302
0 0.761301 0.153846 0.031721 0.079302
0 0.846154 0.204600 0.079302 0.031721
0 0.846154 0.243458 0.079302 0.031721
0 0.846154 0.279937 0.079302 0.031721
0 0.846154 0.323553 0.079302 0.031721
0 0.846154 0.356860 0.079302 0.031721
0 0.846154 0.402855 0.079302 0.031721
0 0.846154 0.432990 0.079302 0.031721
0 0.846154 0.461538 0.079302 0.031721
0 0.846154 0.518636 0.079302 0.031721
0 0.846154 0.559873 0.079302 0.031721
0 0.846154 0.590008 0.079302 0.031721
0 0.846154 0.622522 0.079302 0.031721
0 0.846154 0.656622 0.079302 0.031721
0 0.846154 0.707375 0.079302 0.031721
0 0.846154 0.743854 0.079302 0.031721
0 0.846154 0.780333 0.079302 0.031721
0 0.767645 0.846154 0.031721 0.079302
0 0.725615 0.846154 0.031721 0.079302
0 0.689136 0.846154 0.031721 0.079302
0 0.656622 0.846154 0.031721 0.079302
0 0.623315 0.846154 0.031721 0.079302
0 0.593180 0.846154 0.031721 0.079302
0 0.562252 0.846154 0.031721 0.079302
0 0.521015 0.846154 0.031721 0.079302
0 0.478985 0.846154 0.031721 0.079302
0 0.446471 0.846154 0.031721 0.079302
0 0.416336 0.846154 0.031721 0.079302
0 0.365583 0.846154 0.031721 0.079302
0 0.330690 0.846154 0.031721 0.079302
0 0.292625 0.846154 0.031721 0.079302
0 0.252181 0.846154 0.031721 0.079302
0 0.214909 0.846154 0.031721 0.079302
0 0.153846 0.777954 0.079302 0.031721
0 0.153846 0.741475 0.079302 0.031721
0 0.153846 0.681998 0.079302 0.031721
0 0.153846 0.611420 0.079302 0.031721
0 0.153846 0.576527 0.079302 0.031721
0 0.153846 0.540841 0.079302 0.031721
0 0.153846 0.506741 0.079302 0.031721
0 0.153846 0.467090 0.079302 0.031721
0 0.153846 0.432197 0.079302 0.031721
0 0.153846 0.400476 0.079302 0.031721
0 0.153846 0.368755 0.079302 0.031721
0 0.153846 0.337827 0.079302 0.031721
0 0.153846 0.295797 0.079302 0.031721
0 0.153846 0.243458 0.079302 0.031721
0 0.153846 0.208565 0.079302 0.031721
0 0.215702 0.158604 0.031721 0.079302
0 0.252974 0.158604 0.031721 0.079302
0 0.287867 0.158604 0.031721 0.079302
0 0.323553 0.158604 0.031721 0.079302
0 0.356860 0.158604 0.031721 0.079302
0 0.389374 0.158604 0.031721 0.079302
0 0.426646 0.158604 0.031721 0.079302
0 0.459159 0.158604 0.031721 0.079302
0 0.519429 0.158604 0.031721 0.079302
0 0.576527 0.158604 0.031721 0.079302
0 0.605868 0.158604 0.031721 0.079302
0 0.690722 0.158604 0.031721 0.079302
0 0.724822 0.158604 0.031721 0.079302
0 0.754956 0.158604 0.031721 0.079302
0 0.841396 0.245044 0.079302 0.031721
0 0.841396 0.280730 0.079302 0.031721
0 0.841396 0.324346 0.079302 0.031721
0 0.841396 0.356860 0.079302 0.031721
0 0.841396 0.460745 0.079302 0.031721
0 0.841396 0.518636 0.079302 0.031721
0 0.841396 0.559873 0.079302 0.031721
0 0.841396 0.590008 0.079302 0.031721
0 0.841396 0.655036 0.079302 0.031721
0 0.841396 0.704996 0.079302 0.031721
0 0.841396 0.741475 0.079302 0.031721
0 0.841396 0.777161 0.079302 0.031721
0 0.762094 0.841396 0.031721 0.079302
0 0.721649 0.841396 0.031721 0.079302
0 0.685170 0.841396 0.031721 0.079302
0 0.654243 0.841396 0.031721 0.079302
0 0.621729 0.841396 0.031721 0.079302
0 0.593180 0.841396 0.031721 0.079302
0 0.562252 0.841396 0.031721 0.079302
0 0.516257 0.841396 0.031721 0.079302
0 0.479778 0.841396 0.031721 0.079302
0 0.447264 0.841396 0.031721 0.079302
0 0.417129 0.841396 0.031721 0.079302
0 0.366376 0.841396 0.031721 0.079302
0 0.332276 0.841396 0.031721 0.079302
0 0.295004 0.841396 0.031721 0.079302
0 0.254560 0.841396 0.031721 0.079302
0 0.218081 0.841396 0.031721 0.079302
0 0.158604 0.773989 0.079302 0.031721
0 0.158604 0.737510 0.079302 0.031721
0 0.158604 0.678033 0.079302 0.031721
0 0.158604 0.643140 0.079302 0.031721
0 0.158604 0.609040 0.079302 0.031721
0 0.158604 0.574941 0.079302 0.031721
0 0.158604 0.539255 0.079302 0.031721
0 0.158604 0.466297 0.079302 0.031721
0 0.158604 0.431404 0.079302 0.031721
0 0.158604 0.400476 0.079302 0.031721
0 0.158604 0.369548 0.079302 0.031721
0 0.158604 0.339413 0.079302 0.031721
0 0.158604 0.297383 0.079302 0.031721
0 0.158604 0.245044 0.079302 0.031721
0 0.158604 0.211737 0.079302 0.031721
0 0.199841 0.134814 0.031721 0.079302
0 0.241079 0.134814 0.031721 0.079302
0 0.280730 0.134814 0.031721 0.079302
0 0.320381 0.134814 0.031721 0.079302
0 0.357653 0.134814 0.031721 0.079302
0 0.393339 0.134814 0.031721 0.079302
0 0.428232 0.134814 0.031721 0.079302
0 0.463125 0.134814 0.031721 0.079302
0 0.520222 0.134814 0.031721 0.079302
0 0.551943 0.134814 0.031721 0.079302
0 0.584457 0.134814 0.031721 0.079302
0 0.619350 0.134814 0.031721 0.079302
0 0.655036 0.134814 0.031721 0.079302
0 0.706582 0.134814 0.031721 0.079302
0 0.745440 0.134814 0.031721 0.079302
0 0.785091 0.134814 0.031721 0.079302
0 0.865186 0.195876 0.079302 0.031721
0 0.865186 0.237113 0.079302 0.031721
0 0.865186 0.277557 0.079302 0.031721
0 0.865186 0.321174 0.079302 0.031721
0 0.865186 0.357653 0.079302 0.031721
0 0.865186 0.402062 0.079302 0.031721
0 0.865186 0.434576 0.079302 0.031721
0 0.865186 0.465504 0.079302 0.031721
0 0.865186 0.519429 0.079302 0.031721
0 0.865186 0.559873 0.079302 0.031721
0 0.865186 0.592387 0.079302 0.031721
0 0.865186 0.628866 0.079302 0.031721
0 0.865186 0.666138 0.079302 0.031721
0 0.865186 0.754163 0.079302 0.031721
0 0.865186 0.795400 0.079302 0.031721
0 0.789849 0.865186 0.031721 0.079302
0 0.744647 0.865186 0.031721 0.079302
0 0.704203 0.865186 0.031721 0.079302
0 0.666931 0.865186 0.031721 0.079302
0 0.630452 0.865186 0.031721 0.079302
0 0.596352 0.865186 0.031721 0.079302
0 0.561459 0.865186 0.031721 0.079302
0 0.523394 0.865186 0.031721 0.079302
0 0.478985 0.865186 0.031721 0.079302
0 0.444885 0.865186 0.031721 0.079302
0 0.411578 0.865186 0.031721 0.079302
0 0.363997 0.865186 0.031721 0.079302
0 0.325932 0.865186 0.031721 0.079302
0 0.285488 0.865186 0.031721 0.079302
0 0.243458 0.865186 0.031721 0.079302
0 0.203013 0.865186 0.031721 0.079302
0 0.134814 0.794607 0.079302 0.031721
0 0.134814 0.754163 0.079302 0.031721
0 0.134814 0.700238 0.079302 0.031721
0 0.134814 0.660587 0.079302 0.031721
0 0.134814 0.620936 0.079302 0.031721
0 0.134814 0.584457 0.079302 0.031721
0 0.134814 0.547978 0.079302 0.031721
0 0.134814 0.513085 0.079302 0.031721
0 0.134814 0.471848 0.079302 0.031721
0 0.134814 0.434576 0.079302 0.031721
0 0.134814 0.400476 0.079302 0.031721
0 0.134814 0.365583 0.079302 0.031721
0 0.134814 0.332276 0.079302 0.031721
0 0.134814 0.288660 0.079302 0.031721
0 0.134814 0.236320 0.079302 0.031721
0 0.134814 0.197462 0.079302 0.031721
