0 0.193136 0.126895 0.031923 0.079808
0 0.235435 0.126895 0.031923 0.079808
0 0.276137 0.126895 0.031923 0.079808
0 0.318436 0.126895 0.031923 0.079808
0 0.355148 0.126895 0.031923 0.079808
0 0.393456 0.126895 0.031923 0.079808
0 0.426177 0.126895 0.031923 0.079808
0 0.464485 0.126895 0.031923 0.079808
0 0.519553 0.126895 0.031923 0.079808
0 0.552275 0.126895 0.031923 0.079808
0 0.588188 0.126895 0.031923 0.079808
0 0.624102 0.126895 0.031923 0.079808
0 0.661612 0.126895 0.031923 0.079808
0 0.711891 0.126895 0.031923 0.079808
0 0.752594 0.126895 0.031923 0.079808
0 0.795690 0.126895 0.031923 0.079808
0 0.873105 0.192338 0.079808 0.031923
0 0.873105 0.234637 0.079808 0.031923
0 0.873105 0.274541 0.079808 0.031923
0 0.873105 0.319234 0.079808 0.031923
0 0.873105 0.355946 0.079808 0.031923
0 0.873105 0.400638 0.079808 0.031923
0 0.873105 0.434956 0.079808 0.031923
0 0.873105 0.466879 0.079808 0.031923
0 0.873105 0.518755 0.079808 0.031923
0 0.873105 0.559457 0.079808 0.031923
0 0.873105 0.592977 0.079808 0.031923
0 0.873105 0.630487 0.079808 0.031923
0 0.873105 0.668795 0.079808 0.031923
0 0.873105 0.718276 0.079808 0.031923
0 0.873105 0.759777 0.079808 0.031923
0 0.873105 0.800479 0.079808 0.031923
0 0.794892 0.873105 0.031923 0.079808
0 0.750200 0.873105 0.031923 0.079808
0 0.707103 0.873105 0.031923 0.079808
0 0.667199 0.873105 0.031923 0.079808
0 0.632083 0.873105 0.031923 0.079808
0 0.596169 0.873105 0.031923 0.079808
0 0.560255 0.873105 0.031923 0.079808
0 0.521947 0.873105 0.031923 0.079808
0 0.477255 0.873105 0.031923 0.079808
0 0.442937 0.873105 0.031923 0.079808
0 0.407023 0.873105 0.031923 0.079808
0 0.360734 0.873105 0.031923 0.079808
0 0.321628 0.873105 0.031923 0.079808
0 0.280128 0.873105 0.031923 0.079808
0 0.237829 0.873105 0.031923 0.079808
0 0.195531 0.873105 0.031923 0.079808
0 0.126895 0.801277 0.079808 0.031923
0 0.126895 0.759777 0.079808 0.031923
0 0.126895 0.707103 0.079808 0.031923
0 0.126895 0.664804 0.079808 0.031923
0 0.126895 0.625698 0.079808 0.031923
0 0.126895 0.586592 0.079808 0.031923
0 0.126895 0.550678 0.079808 0.031923
0 0.126895 0.513966 0.079808 0.031923
0 0.126895 0.472466 0.079808 0.031923
0 0.126895 0.434956 0.079808 0.031923
0 0.126895 0.399042 0.079808 0.031923
0 0.126895 0.363128 0.079808 0.031923
0 0.126895 0.329609 0.079808 0.031923
0 0.126895 0.286512 0.079808 0.031923
0 0.126895 0.234637 0.079808 0.031923
0 0.126895 0.194733 0.079808 0.031923
0 0.198723 0.136472 0.031923 0.079808
0 0.239425 0.136472 0.031923 0.079808
0 0.278532 0.136472 0.031923 0.079808
0 0.319234 0.136472 0.031923 0.079808
0 0.354350 0.136472 0.031923 0.079808
0 0.425379 0.136472 0.031923 0.079808
0 0.462889 0.136472 0.031923 0.079808
0 0.519553 0.136472 0.031923 0.079808
0 0.550678 0.136472 0.031923 0.079808
0 0.584996 0.136472 0.031923 0.079808
0 0.618516 0.136472 0.031923 0.079808
0 0.653631 0.136472 0.031923 0.079808
0 0.705507 0.136472 0.031923 0.079808
0 0.743815 0.136472 0.031923 0.079808
0 0.783719 0.136472 0.031923 0.079808
0 0.863528 0.197127 0.079808 0.031923
0 0.863528 0.237031 0.079808 0.031923
0 0.863528 0.276137 0.079808 0.031923
0 0.863528 0.320830 0.079808 0.031923
0 0.863528 0.355148 0.079808 0.031923
0 0.863528 0.400638 0.079808 0.031923
0 0.863528 0.434158 0.079808 0.031923
0 0.863528 0.464485 0.079808 0.031923
0 0.863528 0.518755 0.079808 0.031923
0 0.863528 0.558659 0.079808 0.031923
0 0.863528 0.590583 0.079808 0.031923
0 0.863528 0.626496 0.079808 0.031923
0 0.863528 0.664006 0.079808 0.031923
0 0.863528 0.713488 0.079808 0.031923
0 0.863528 0.752594 0.079808 0.031923
0 0.863528 0.792498 0.079808 0.031923
0 0.783719 0.863528 0.031923 0.079808
0 0.740623 0.863528 0.031923 0.079808
0 0.698324 0.863528 0.031923 0.079808
0 0.661612 0.863528 0.031923 0.079808
0 0.628093 0.863528 0.031923 0.079808
0 0.594573 0.863528 0.031923 0.079808
0 0.561053 0.863528 0.031923 0.079808
0 0.520351 0.863528 0.031923 0.079808
0 0.477255 0.863528 0.031923 0.079808
0 0.443735 0.863528 0.031923 0.079808
0 0.409417 0.863528 0.031923 0.079808
0 0.361532 0.863528 0.031923 0.079808
0 0.324022 0.863528 0.031923 0.079808
0 0.284118 0.863528 0.031923 0.079808
0 0.241820 0.863528 0.031923 0.079808
0 0.201915 0.863528 0.031923 0.079808
0 0.136472 0.791700 0.079808 0.031923
0 0.136472 0.752594 0.079808 0.031923
0 0.136472 0.696728 0.079808 0.031923
0 0.136472 0.657622 0.079808 0.031923
0 0.136472 0.620112 0.079808 0.031923
0 0.136472 0.582602 0.079808 0.031923
0 0.136472 0.546688 0.079808 0.031923
0 0.136472 0.510774 0.079808 0.031923
0 0.136472 0.470072 0.079808 0.031923
0 0.136472 0.432562 0.079808 0.031923
0 0.136472 0.398244 0.079808 0.031923
0 0.136472 0.363927 0.079808 0.031923
0 0.136472 0.331205 0.079808 0.031923
0 0.136472 0.288907 0.079808 0.031923
0 0.136472 0.237031 0.079808 0.031923
0 0.136472 0.207502 0.079808 0.031923
0 0.201117 0.141261 0.031923 0.079808
0 0.241820 0.141261 0.031923 0.079808
0 0.280128 0.141261 0.031923 0.079808
0 0.320032 0.141261 0.031923 0.079808
0 0.354350 0.141261 0.031923 0.079808
0 0.390263 0.141261 0.031923 0.079808
0 0.425379 0.141261 0.031923 0.079808
0 0.461293 0.141261 0.031923 0.079808
0 0.518755 0.141261 0.031923 0.079808
0 0.549880 0.141261 0.031923 0.079808
0 0.583400 0.141261 0.031923 0.079808
0 0.615323 0.141261 0.031923 0.079808
0 0.650439 0.141261 0.031923 0.079808
0 0.701516 0.141261 0.031923 0.079808
0 0.739026 0.141261 0.031923 0.079808
0 0.777334 0.141261 0.031923 0.079808
0 0.858739 0.199521 0.079808 0.031923
0 0.858739 0.238627 0.079808 0.031923
0 0.858739 0.276137 0.079808 0.031923
0 0.858739 0.320830 0.079808 0.031923
0 0.858739 0.355148 0.079808 0.031923
0 0.858739 0.400638 0.079808 0.031923
0 0.858739 0.433360 0.079808 0.031923
0 0.858739 0.463687 0.079808 0.031923
0 0.858739 0.518755 0.079808 0.031923
0 0.858739 0.589785 0.079808 0.031923
0 0.858739 0.624900 0.079808 0.031923
0 0.858739 0.661612 0.079808 0.031923
0 0.858739 0.711093 0.079808 0.031923
0 0.858739 0.749401 0.079808 0.031923
0 0.858739 0.787709 0.079808 0.031923
0 0.777334 0.858739 0.031923 0.079808
0 0.735036 0.858739 0.031923 0.079808
0 0.694334 0.858739 0.031923 0.079808
0 0.658420 0.858739 0.031923 0.079808
0 0.626496 0.858739 0.031923 0.079808
0 0.593775 0.858739 0.031923 0.079808
0 0.561053 0.858739 0.031923 0.079808
0 0.519553 0.858739 0.031923 0.079808
0 0.477255 0.858739 0.031923 0.079808
0 0.443735 0.858739 0.031923 0.079808
0 0.410215 0.858739 0.031923 0.079808
0 0.362330 0.858739 0.031923 0.079808
0 0.325619 0.858739 0.031923 0.079808
0 0.285714 0.858739 0.031923 0.079808
0 0.244214 0.858739 0.031923 0.079808
0 0.206704 0.858739 0.031923 0.079808
0 0.141261 0.787709 0.079808 0.031923
0 0.141261 0.749401 0.079808 0.031923
0 0.141261 0.692737 0.079808 0.031923
0 0.141261 0.655227 0.079808 0.031923
0 0.141261 0.617717 0.079808 0.031923
0 0.141261 0.580208 0.079808 0.031923
0 0.141261 0.544294 0.079808 0.031923
0 0.141261 0.509178 0.079808 0.031923
0 0.141261 0.468476 0.079808 0.031923
0 0.141261 0.431764 0.079808 0.031923
0 0.141261 0.397446 0.079808 0.031923
0 0.141261 0.363927 0.079808 0.031923
0 0.141261 0.332003 0.079808 0.031923
0 0.141261 0.290503 0.079808 0.031923
0 0.141261 0.238627 0.079808 0.031923
0 0.141261 0.202713 0.079808 0.031923
0 0.204310 0.146049 0.031923 0.079808
0 0.243416 0.146049 0.031923 0.079808
0 0.280926 0.146049 0.031923 0.079808
0 0.320032 0.146049 0.031923 0.079808
0 0.354350 0.146049 0.031923 0.079808
0 0.388667 0.146049 0.031923 0.079808
0 0.424581 0.146049 0.031923 0.079808
0 0.460495 0.146049 0.031923 0.079808
0 0.518755 0.146049 0.031923 0.079808
0 0.549082 0.146049 0.031923 0.079808
0 0.581006 0.146049 0.031923 0.079808
0 0.612929 0.146049 0.031923 0.079808
0 0.646449 0.146049 0.031923 0.079808
0 0.698324 0.146049 0.031923 0.079808
0 0.734238 0.146049 0.031923 0.079808
0 0.771748 0.146049 0.031923 0.079808
0 0.853951 0.201117 0.079808 0.031923
0 0.853951 0.239425 0.079808 0.031923
0 0.853951 0.276935 0.079808 0.031923
0 0.853951 0.321628 0.079808 0.031923
0 0.853951 0.355148 0.079808 0.031923
0 0.853951 0.401437 0.079808 0.031923
0 0.853951 0.432562 0.079808 0.031923
0 0.853951 0.462889 0.079808 0.031923
0 0.853951 0.517957 0.079808 0.031923
0 0.853951 0.557861 0.079808 0.031923
0 0.853951 0.588986 0.079808 0.031923
0 0.853951 0.623304 0.079808 0.031923
0 0.853951 0.658420 0.079808 0.031923
0 0.853951 0.708699 0.079808 0.031923
0 0.853951 0.747007 0.079808 0.031923
0 0.853951 0.783719 0.079808 0.031923
0 0.771748 0.853951 0.031923 0.079808
0 0.730247 0.853951 0.031923 0.079808
0 0.690343 0.853951 0.031923 0.079808
0 0.655227 0.853951 0.031923 0.079808
0 0.624900 0.853951 0.031923 0.079808
0 0.592977 0.853951 0.031923 0.079808
0 0.560255 0.853951 0.031923 0.079808
0 0.518755 0.853951 0.031923 0.079808
0 0.478053 0.853951 0.031923 0.079808
0 0.443735 0.853951 0.031923 0.079808
0 0.411812 0.853951 0.031923 0.079808
0 0.362330 0.853951 0.031923 0.079808
0 0.325619 0.853951 0.031923 0.079808
0 0.287310 0.853951 0.031923 0.079808
0 0.245810 0.853951 0.031923 0.079808
0 0.208300 0.853951 0.031923 0.079808
0 0.146049 0.783719 0.079808 0.031923
0 0.146049 0.745411 0.079808 0.031923
0 0.146049 0.687949 0.079808 0.031923
0 0.146049 0.651237 0.079808 0.031923
0 0.146049 0.614525 0.079808 0.031923
0 0.146049 0.578611 0.079808 0.031923
0 0.146049 0.542698 0.079808 0.031923
0 0.146049 0.506784 0.079808 0.031923
0 0.146049 0.466879 0.079808 0.031923
0 0.146049 0.430168 0.079808 0.031923
0 0.146049 0.396648 0.079808 0.031923
0 0.146049 0.363927 0.079808 0.031923
0 0.146049 0.332801 0.079808 0.031923
0 0.146049 0.292099 0.079808 0.031923
0 0.146049 0.240223 0.079808 0.031923
0 0.146049 0.205108 0.079808 0.031923
0 0.245012 0.150838 0.031923 0.079808
0 0.282522 0.150838 0.031923 0.079808
0 0.320830 0.150838 0.031923 0.079808
0 0.353551 0.150838 0.031923 0.079808
0 0.387869 0.150838 0.031923 0.079808
0 0.423783 0.150838 0.031923 0.079808
0 0.459697 0.150838 0.031923 0.079808
0 0.517957 0.150838 0.031923 0.079808
0 0.547486 0.150838 0.031923 0.079808
0 0.580208 0.150838 0.031923 0.079808
0 0.609737 0.150838 0.031923 0.079808
0 0.643256 0.150838 0.031923 0.079808
0 0.695132 0.150838 0.031923 0.079808
0 0.730247 0.150838 0.031923 0.079808
0 0.766959 0.150838 0.031923 0.079808
0 0.849162 0.202713 0.079808 0.031923
0 0.849162 0.241022 0.079808 0.031923
0 0.849162 0.277733 0.079808 0.031923
0 0.849162 0.322426 0.079808 0.031923
0 0.849162 0.354350 0.079808 0.031923
0 0.849162 0.401437 0.079808 0.031923
0 0.849162 0.431764 0.079808 0.031923
0 0.849162 0.462091 0.079808 0.031923
0 0.849162 0.517957 0.079808 0.031923
0 0.849162 0.557861 0.079808 0.031923
0 0.849162 0.588188 0.079808 0.031923
0 0.849162 0.621708 0.079808 0.031923
0 0.849162 0.656824 0.079808 0.031923
0 0.849162 0.706305 0.079808 0.031923
0 0.849162 0.743815 0.079808 0.031923
0 0.849162 0.780527 0.079808 0.031923
0 0.765363 0.849162 0.031923 0.079808
0 0.724661 0.849162 0.031923 0.079808
0 0.686353 0.849162 0.031923 0.079808
0 0.652833 0.849162 0.031923 0.079808
0 0.623304 0.849162 0.031923 0.079808
0 0.592179 0.849162 0.031923 0.079808
0 0.561053 0.849162 0.031923 0.079808
0 0.518755 0.849162 0.031923 0.079808
0 0.478053 0.849162 0.031923 0.079808
0 0.444533 0.849162 0.031923 0.079808
0 0.412610 0.849162 0.031923 0.079808
0 0.363128 0.849162 0.031923 0.079808
0 0.327215 0.849162 0.031923 0.079808
0 0.289705 0.849162 0.031923 0.079808
0 0.248204 0.849162 0.031923 0.079808
0 0.212291 0.849162 0.031923 0.079808
0 0.150838 0.778132 0.079808 0.031923
0 0.150838 0.742219 0.079808 0.031923
0 0.150838 0.682362 0.079808 0.031923
0 0.150838 0.647247 0.079808 0.031923
0 0.150838 0.612131 0.079808 0.031923
0 0.150838 0.576217 0.079808 0.031923
0 0.150838 0.540303 0.079808 0.031923
0 0.150838 0.505188 0.079808 0.031923
0 0.150838 0.466081 0.079808 0.031923
0 0.150838 0.429370 0.079808 0.031923
0 0.150838 0.396648 0.079808 0.031923
0 0.150838 0.363927 0.079808 0.031923
0 0.150838 0.333599 0.079808 0.031923
0 0.150838 0.293695 0.079808 0.031923
0 0.150838 0.241022 0.079808 0.031923
0 0.150838 0.208300 0.079808 0.031923
0 0.247406 0.155626 0.031923 0.079808
0 0.283320 0.155626 0.031923 0.079808
0 0.321628 0.155626 0.031923 0.079808
0 0.352753 0.155626 0.031923 0.079808
0 0.387071 0.155626 0.031923 0.079808
0 0.422985 0.155626 0.031923 0.079808
0 0.459697 0.155626 0.031923 0.079808
0 0.517957 0.155626 0.031923 0.079808
0 0.545890 0.155626 0.031923 0.079808
0 0.577813 0.155626 0.031923 0.079808
0 0.607342 0.155626 0.031923 0.079808
0 0.639266 0.155626 0.031923 0.079808
0 0.691141 0.155626 0.031923 0.079808
0 0.725459 0.155626 0.031923 0.079808
0 0.759777 0.155626 0.031923 0.079808
0 0.844374 0.205906 0.079808 0.031923
0 0.844374 0.242618 0.079808 0.031923
0 0.844374 0.278532 0.079808 0.031923
0 0.844374 0.322426 0.079808 0.031923
0 0.844374 0.354350 0.079808 0.031923
0 0.844374 0.401437 0.079808 0.031923
0 0.844374 0.431764 0.079808 0.031923
0 0.844374 0.460495 0.079808 0.031923
0 0.844374 0.518755 0.079808 0.031923
0 0.844374 0.557861 0.079808 0.031923
0 0.844374 0.587390 0.079808 0.031923
0 0.844374 0.620112 0.079808 0.031923
0 0.844374 0.704709 0.079808 0.031923
0 0.844374 0.740623 0.079808 0.031923
0 0.844374 0.776536 0.079808 0.031923
0 0.760575 0.844374 0.031923 0.079808
0 0.720670 0.844374 0.031923 0.079808
0 0.683160 0.844374 0.031923 0.079808
0 0.650439 0.844374 0.031923 0.079808
0 0.621708 0.844374 0.031923 0.079808
0 0.591381 0.844374 0.031923 0.079808
0 0.561053 0.844374 0.031923 0.079808
0 0.517957 0.844374 0.031923 0.079808
0 0.478053 0.844374 0.031923 0.079808
0 0.444533 0.844374 0.031923 0.079808
0 0.414206 0.844374 0.031923 0.079808
0 0.363927 0.844374 0.031923 0.079808
0 0.328811 0.844374 0.031923 0.079808
0 0.290503 0.844374 0.031923 0.079808
0 0.249800 0.844374 0.031923 0.079808
0 0.215483 0.844374 0.031923 0.079808
0 0.155626 0.774940 0.079808 0.031923
0 0.155626 0.739026 0.079808 0.031923
0 0.155626 0.678372 0.079808 0.031923
0 0.155626 0.644054 0.079808 0.031923
0 0.155626 0.609737 0.079808 0.031923
0 0.155626 0.574621 0.079808 0.031923
0 0.155626 0.538707 0.079808 0.031923
0 0.155626 0.503591 0.079808 0.031923
0 0.155626 0.464485 0.079808 0.031923
0 0.155626 0.428571 0.079808 0.031923
0 0.155626 0.395850 0.079808 0.031923
0 0.155626 0.364725 0.079808 0.031923
0 0.155626 0.334397 0.079808 0.031923
0 0.155626 0.295291 0.079808 0.031923
0 0.155626 0.242618 0.079808 0.031923
0 0.155626 0.210694 0.079808 0.031923
0 0.195531 0.131684 0.031923 0.079808
0 0.237031 0.131684 0.031923 0.079808
0 0.277733 0.131684 0.031923 0.079808
0 0.319234 0.131684 0.031923 0.079808
0 0.355148 0.131684 0.031923 0.079808
0 0.391860 0.131684 0.031923 0.079808
0 0.426177 0.131684 0.031923 0.079808
0 0.462889 0.131684 0.031923 0.079808
0 0.520351 0.131684 0.031923 0.079808
0 0.552275 0.131684 0.031923 0.079808
0 0.586592 0.131684 0.031923 0.079808
0 0.620910 0.131684 0.031923 0.079808
0 0.658420 0.131684 0.031923 0.079808
0 0.707901 0.131684 0.031923 0.079808
0 0.747805 0.131684 0.031923 0.079808
0 0.790104 0.131684 0.031923 0.079808
0 0.868316 0.194733 0.079808 0.031923
0 0.868316 0.235435 0.079808 0.031923
0 0.868316 0.275339 0.079808 0.031923
0 0.868316 0.319234 0.079808 0.031923
0 0.868316 0.355946 0.079808 0.031923
0 0.868316 0.400638 0.079808 0.031923
0 0.868316 0.434158 0.079808 0.031923
0 0.868316 0.466081 0.079808 0.031923
0 0.868316 0.518755 0.079808 0.031923
0 0.868316 0.558659 0.079808 0.031923
0 0.868316 0.592179 0.079808 0.031923
0 0.868316 0.628093 0.079808 0.031923
0 0.868316 0.666401 0.079808 0.031923
0 0.868316 0.715882 0.079808 0.031923
0 0.868316 0.755786 0.079808 0.031923
0 0.868316 0.796488 0.079808 0.031923
0 0.788508 0.868316 0.031923 0.079808
0 0.745411 0.868316 0.031923 0.079808
0 0.703113 0.868316 0.031923 0.079808
0 0.664006 0.868316 0.031923 0.079808
0 0.629689 0.868316 0.031923 0.079808
0 0.595371 0.868316 0.031923 0.079808
0 0.560255 0.868316 0.031923 0.079808
0 0.520351 0.868316 0.031923 0.079808
0 0.477255 0.868316 0.031923 0.079808
0 0.442937 0.868316 0.031923 0.079808
0 0.407821 0.868316 0.031923 0.079808
0 0.361532 0.868316 0.031923 0.079808
0 0.322426 0.868316 0.031923 0.079808
0 0.281724 0.868316 0.031923 0.079808
0 0.239425 0.868316 0.031923 0.079808
0 0.198723 0.868316 0.031923 0.079808
0 0.131684 0.796488 0.079808 0.031923
0 0.131684 0.755786 0.079808 0.031923
0 0.131684 0.701516 0.079808 0.031923
0 0.131684 0.660814 0.079808 0.031923
0 0.131684 0.623304 0.079808 0.031923
0 0.131684 0.584996 0.079808 0.031923
0 0.131684 0.548284 0.079808 0.031923
0 0.131684 0.512370 0.079808 0.031923
0 0.131684 0.470870 0.079808 0.031923
0 0.131684 0.433360 0.079808 0.031923
0 0.131684 0.398244 0.079808 0.031923
0 0.131684 0.363128 0.079808 0.031923
0 0.131684 0.330407 0.079808 0.031923
0 0.131684 0.288109 0.079808 0.031923
0 0.131684 0.235435 0.079808 0.031923
0 0.131684 0.197127 0.079808 0.031923
