0 0.188151 0.124099 0.032026 0.080064
0 0.231385 0.124099 0.032026 0.080064
0 0.272218 0.124099 0.032026 0.080064
0 0.313851 0.124099 0.032026 0.080064
0 0.351481 0.124099 0.032026 0.080064
0 0.389111 0.124099 0.032026 0.080064
0 0.421938 0.124099 0.032026 0.080064
0 0.460368 0.124099 0.032026 0.080064
0 0.516413 0.124099 0.032026 0.080064
0 0.549239 0.124099 0.032026 0.080064
0 0.583667 0.124099 0.032026 0.080064
0 0.621297 0.124099 0.032026 0.080064
0 0.658927 0.124099 0.032026 0.080064
0 0.710168 0.124099 0.032026 0.080064
0 0.751001 0.124099 0.032026 0.080064
0 0.793435 0.124099 0.032026 0.080064
0 0.875901 0.188151 0.080064 0.032026
0 0.875901 0.230584 0.080064 0.032026
0 0.875901 0.270616 0.080064 0.032026
0 0.875901 0.314652 0.080064 0.032026
0 0.875901 0.352282 0.080064 0.032026
0 0.875901 0.396317 0.080064 0.032026
0 0.875901 0.429944 0.080064 0.032026
0 0.875901 0.463571 0.080064 0.032026
0 0.875901 0.515612 0.080064 0.032026
0 0.875901 0.555645 0.080064 0.032026
0 0.875901 0.590072 0.080064 0.032026
0 0.875901 0.626101 0.080064 0.032026
0 0.875901 0.664532 0.080064 0.032026
0 0.875901 0.715773 0.080064 0.032026
0 0.875901 0.756605 0.080064 0.032026
0 0.875901 0.799039 0.080064 0.032026
0 0.791833 0.875901 0.032026 0.080064
0 0.746998 0.875901 0.032026 0.080064
0 0.703763 0.875901 0.032026 0.080064
0 0.664532 0.875901 0.032026 0.080064
0 0.626902 0.875901 0.032026 0.080064
0 0.590072 0.875901 0.032026 0.080064
0 0.555645 0.875901 0.032026 0.080064
0 0.518815 0.875901 0.032026 0.080064
0 0.472378 0.875901 0.032026 0.080064
0 0.437150 0.875901 0.032026 0.080064
0 0.404323 0.875901 0.032026 0.080064
0 0.355484 0.875901 0.032026 0.080064
0 0.317854 0.875901 0.032026 0.080064
0 0.276221 0.875901 0.032026 0.080064
0 0.232186 0.875901 0.032026 0.080064
0 0.190552 0.875901 0.032026 0.080064
0 0.124099 0.800641 0.080064 0.032026
0 0.124099 0.758207 0.080064 0.032026
0 0.124099 0.702962 0.080064 0.032026
0 0.124099 0.662130 0.080064 0.032026
0 0.124099 0.622898 0.080064 0.032026
0 0.124099 0.583667 0.080064 0.032026
0 0.124099 0.546837 0.080064 0.032026
0 0.124099 0.509207 0.080064 0.032026
0 0.124099 0.466773 0.080064 0.032026
0 0.124099 0.428343 0.080064 0.032026
0 0.124099 0.392314 0.080064 0.032026
0 0.124099 0.356285 0.080064 0.032026
0 0.124099 0.320256 0.080064 0.032026
0 0.124099 0.279424 0.080064 0.032026
0 0.124099 0.223379 0.080064 0.032026
0 0.124099 0.184147 0.080064 0.032026
0 0.192154 0.133707 0.032026 0.080064
0 0.234588 0.133707 0.032026 0.080064
0 0.313851 0.133707 0.032026 0.080064
0 0.349079 0.133707 0.032026 0.080064
0 0.385108 0.133707 0.032026 0.080064
0 0.419536 0.133707 0.032026 0.080064
0 0.457166 0.133707 0.032026 0.080064
0 0.514011 0.133707 0.032026 0.080064
0 0.546037 0.133707 0.032026 0.080064
0 0.578863 0.133707 0.032026 0.080064
0 0.614892 0.133707 0.032026 0.080064
0 0.649319 0.133707 0.032026 0.080064
0 0.701361 0.133707 0.032026 0.080064
0 0.739792 0.133707 0.032026 0.080064
0 0.778223 0.133707 0.032026 0.080064
0 0.866293 0.191353 0.080064 0.032026
0 0.866293 0.232186 0.080064 0.032026
0 0.866293 0.270616 0.080064 0.032026
0 0.866293 0.314652 0.080064 0.032026
0 0.866293 0.349880 0.080064 0.032026
0 0.866293 0.394716 0.080064 0.032026
0 0.866293 0.426741 0.080064 0.032026
0 0.866293 0.461169 0.080064 0.032026
0 0.866293 0.513211 0.080064 0.032026
0 0.866293 0.586869 0.080064 0.032026
0 0.866293 0.621297 0.080064 0.032026
0 0.866293 0.658127 0.080064 0.032026
0 0.866293 0.709367 0.080064 0.032026
0 0.866293 0.750200 0.080064 0.032026
0 0.866293 0.789432 0.080064 0.032026
0 0.777422 0.866293 0.032026 0.080064
0 0.734187 0.866293 0.032026 0.080064
0 0.693355 0.866293 0.032026 0.080064
0 0.658127 0.866293 0.032026 0.080064
0 0.621297 0.866293 0.032026 0.080064
0 0.587670 0.866293 0.032026 0.080064
0 0.554043 0.866293 0.032026 0.080064
0 0.516413 0.866293 0.032026 0.080064
0 0.470777 0.866293 0.032026 0.080064
0 0.436349 0.866293 0.032026 0.080064
0 0.405124 0.866293 0.032026 0.080064
0 0.354684 0.866293 0.032026 0.080064
0 0.317854 0.866293 0.032026 0.080064
0 0.277822 0.866293 0.032026 0.080064
0 0.235388 0.866293 0.032026 0.080064
0 0.195356 0.866293 0.032026 0.080064
0 0.133707 0.789432 0.080064 0.032026
0 0.133707 0.749400 0.080064 0.032026
0 0.133707 0.691753 0.080064 0.032026
0 0.133707 0.654123 0.080064 0.032026
0 0.133707 0.614892 0.080064 0.032026
0 0.133707 0.578863 0.080064 0.032026
0 0.133707 0.542034 0.080064 0.032026
0 0.133707 0.504404 0.080064 0.032026
0 0.133707 0.463571 0.080064 0.032026
0 0.133707 0.424339 0.080064 0.032026
0 0.133707 0.390713 0.080064 0.032026
0 0.133707 0.355484 0.080064 0.032026
0 0.133707 0.324259 0.080064 0.032026
0 0.133707 0.280224 0.080064 0.032026
0 0.133707 0.223379 0.080064 0.032026
0 0.133707 0.187350 0.080064 0.032026
0 0.193755 0.138511 0.032026 0.080064
0 0.235388 0.138511 0.032026 0.080064
0 0.273819 0.138511 0.032026 0.080064
0 0.313851 0.138511 0.032026 0.080064
0 0.349079 0.138511 0.032026 0.080064
0 0.384307 0.138511 0.032026 0.080064
0 0.418735 0.138511 0.032026 0.080064
0 0.465973 0.138511 0.032026 0.080064
0 0.513211 0.138511 0.032026 0.080064
0 0.544436 0.138511 0.032026 0.080064
0 0.576461 0.138511 0.032026 0.080064
0 0.610889 0.138511 0.032026 0.080064
0 0.644516 0.138511 0.032026 0.080064
0 0.696557 0.138511 0.032026 0.080064
0 0.734187 0.138511 0.032026 0.080064
0 0.771017 0.138511 0.032026 0.080064
0 0.861489 0.192954 0.080064 0.032026
0 0.861489 0.233787 0.080064 0.032026
0 0.861489 0.270616 0.080064 0.032026
0 0.861489 0.313851 0.080064 0.032026
0 0.861489 0.349079 0.080064 0.032026
0 0.861489 0.393915 0.080064 0.032026
0 0.861489 0.425941 0.080064 0.032026
0 0.861489 0.459568 0.080064 0.032026
0 0.861489 0.512410 0.080064 0.032026
0 0.861489 0.553243 0.080064 0.032026
0 0.861489 0.586069 0.080064 0.032026
0 0.861489 0.618895 0.080064 0.032026
0 0.861489 0.654924 0.080064 0.032026
0 0.861489 0.706966 0.080064 0.032026
0 0.861489 0.745396 0.080064 0.032026
0 0.861489 0.784628 0.080064 0.032026
0 0.770216 0.861489 0.032026 0.080064
0 0.728583 0.861489 0.032026 0.080064
0 0.688551 0.861489 0.032026 0.080064
0 0.654924 0.861489 0.032026 0.080064
0 0.618895 0.861489 0.032026 0.080064
0 0.585268 0.861489 0.032026 0.080064
0 0.554043 0.861489 0.032026 0.080064
0 0.514812 0.861489 0.032026 0.080064
0 0.470777 0.861489 0.032026 0.080064
0 0.436349 0.861489 0.032026 0.080064
0 0.405124 0.861489 0.032026 0.080064
0 0.354684 0.861489 0.032026 0.080064
0 0.318655 0.861489 0.032026 0.080064
0 0.279424 0.861489 0.032026 0.080064
0 0.236990 0.861489 0.032026 0.080064
0 0.198559 0.861489 0.032026 0.080064
0 0.138511 0.784628 0.080064 0.032026
0 0.138511 0.745396 0.080064 0.032026
0 0.138511 0.686950 0.080064 0.032026
0 0.138511 0.650120 0.080064 0.032026
0 0.138511 0.613291 0.080064 0.032026
0 0.138511 0.576461 0.080064 0.032026
0 0.138511 0.539632 0.080064 0.032026
0 0.138511 0.502002 0.080064 0.032026
0 0.138511 0.461169 0.080064 0.032026
0 0.138511 0.423539 0.080064 0.032026
0 0.138511 0.390713 0.080064 0.032026
0 0.138511 0.355484 0.080064 0.032026
0 0.138511 0.325060 0.080064 0.032026
0 0.138511 0.281025 0.080064 0.032026
0 0.138511 0.224179 0.080064 0.032026
0 0.138511 0.188951 0.080064 0.032026
0 0.195356 0.143315 0.032026 0.080064
0 0.236990 0.143315 0.032026 0.080064
0 0.348279 0.143315 0.032026 0.080064
0 0.382706 0.143315 0.032026 0.080064
0 0.417134 0.143315 0.032026 0.080064
0 0.454764 0.143315 0.032026 0.080064
0 0.543635 0.143315 0.032026 0.080064
0 0.574860 0.143315 0.032026 0.080064
0 0.607686 0.143315 0.032026 0.080064
0 0.639712 0.143315 0.032026 0.080064
0 0.693355 0.143315 0.032026 0.080064
0 0.729384 0.143315 0.032026 0.080064
0 0.763811 0.143315 0.032026 0.080064
0 0.856685 0.194556 0.080064 0.032026
0 0.856685 0.234588 0.080064 0.032026
0 0.856685 0.270616 0.080064 0.032026
0 0.856685 0.313851 0.080064 0.032026
0 0.856685 0.348279 0.080064 0.032026
0 0.856685 0.393915 0.080064 0.032026
0 0.856685 0.424339 0.080064 0.032026
0 0.856685 0.458767 0.080064 0.032026
0 0.856685 0.511609 0.080064 0.032026
0 0.856685 0.552442 0.080064 0.032026
0 0.856685 0.584468 0.080064 0.032026
0 0.856685 0.617294 0.080064 0.032026
0 0.856685 0.652522 0.080064 0.032026
0 0.856685 0.704564 0.080064 0.032026
0 0.856685 0.742194 0.080064 0.032026
0 0.856685 0.780624 0.080064 0.032026
0 0.763811 0.856685 0.032026 0.080064
0 0.722978 0.856685 0.032026 0.080064
0 0.684548 0.856685 0.032026 0.080064
0 0.651721 0.856685 0.032026 0.080064
0 0.616493 0.856685 0.032026 0.080064
0 0.584468 0.856685 0.032026 0.080064
0 0.553243 0.856685 0.032026 0.080064
0 0.514812 0.856685 0.032026 0.080064
0 0.469976 0.856685 0.032026 0.080064
0 0.436349 0.856685 0.032026 0.080064
0 0.406725 0.856685 0.032026 0.080064
0 0.354684 0.856685 0.032026 0.080064
0 0.319456 0.856685 0.032026 0.080064
0 0.280224 0.856685 0.032026 0.080064
0 0.238591 0.856685 0.032026 0.080064
0 0.200160 0.856685 0.032026 0.080064
0 0.143315 0.779023 0.080064 0.032026
0 0.143315 0.741393 0.080064 0.032026
0 0.143315 0.681345 0.080064 0.032026
0 0.143315 0.646117 0.080064 0.032026
0 0.143315 0.609287 0.080064 0.032026
0 0.143315 0.574059 0.080064 0.032026
0 0.143315 0.537230 0.080064 0.032026
0 0.143315 0.499600 0.080064 0.032026
0 0.143315 0.459568 0.080064 0.032026
0 0.143315 0.421938 0.080064 0.032026
0 0.143315 0.389912 0.080064 0.032026
0 0.143315 0.355484 0.080064 0.032026
0 0.143315 0.325060 0.080064 0.032026
0 0.143315 0.282626 0.080064 0.032026
0 0.143315 0.224980 0.080064 0.032026
0 0.143315 0.191353 0.080064 0.032026
0 0.197758 0.148118 0.032026 0.080064
0 0.274620 0.148118 0.032026 0.080064
0 0.314652 0.148118 0.032026 0.080064
0 0.347478 0.148118 0.032026 0.080064
0 0.381105 0.148118 0.032026 0.080064
0 0.416333 0.148118 0.032026 0.080064
0 0.463571 0.148118 0.032026 0.080064
0 0.512410 0.148118 0.032026 0.080064
0 0.572458 0.148118 0.032026 0.080064
0 0.604484 0.148118 0.032026 0.080064
0 0.635709 0.148118 0.032026 0.080064
0 0.688551 0.148118 0.032026 0.080064
0 0.757406 0.148118 0.032026 0.080064
0 0.851882 0.196157 0.080064 0.032026
0 0.851882 0.235388 0.080064 0.032026
0 0.851882 0.270616 0.080064 0.032026
0 0.851882 0.313851 0.080064 0.032026
0 0.851882 0.347478 0.080064 0.032026
0 0.851882 0.393114 0.080064 0.032026
0 0.851882 0.423539 0.080064 0.032026
0 0.851882 0.457166 0.080064 0.032026
0 0.851882 0.511609 0.080064 0.032026
0 0.851882 0.551641 0.080064 0.032026
0 0.851882 0.582866 0.080064 0.032026
0 0.851882 0.615693 0.080064 0.032026
0 0.851882 0.649319 0.080064 0.032026
0 0.851882 0.702162 0.080064 0.032026
0 0.851882 0.738991 0.080064 0.032026
0 0.851882 0.775020 0.080064 0.032026
0 0.756605 0.851882 0.032026 0.080064
0 0.717374 0.851882 0.032026 0.080064
0 0.679744 0.851882 0.032026 0.080064
0 0.648519 0.851882 0.032026 0.080064
0 0.614892 0.851882 0.032026 0.080064
0 0.582866 0.851882 0.032026 0.080064
0 0.552442 0.851882 0.032026 0.080064
0 0.514011 0.851882 0.032026 0.080064
0 0.469175 0.851882 0.032026 0.080064
0 0.435548 0.851882 0.032026 0.080064
0 0.406725 0.851882 0.032026 0.080064
0 0.354684 0.851882 0.032026 0.080064
0 0.281025 0.851882 0.032026 0.080064
0 0.202562 0.851882 0.032026 0.080064
0 0.148118 0.774219 0.080064 0.032026
0 0.148118 0.737390 0.080064 0.032026
0 0.148118 0.676541 0.080064 0.032026
0 0.148118 0.642114 0.080064 0.032026
0 0.148118 0.606886 0.080064 0.032026
0 0.148118 0.571657 0.080064 0.032026
0 0.148118 0.534828 0.080064 0.032026
0 0.148118 0.497998 0.080064 0.032026
0 0.148118 0.457966 0.080064 0.032026
0 0.148118 0.421137 0.080064 0.032026
0 0.148118 0.389111 0.080064 0.032026
0 0.148118 0.355484 0.080064 0.032026
0 0.148118 0.325861 0.080064 0.032026
0 0.148118 0.282626 0.080064 0.032026
0 0.148118 0.226581 0.080064 0.032026
0 0.200961 0.152922 0.032026 0.080064
0 0.239392 0.152922 0.032026 0.080064
0 0.275420 0.152922 0.032026 0.080064
0 0.313851 0.152922 0.032026 0.080064
0 0.380304 0.152922 0.032026 0.080064
0 0.415532 0.152922 0.032026 0.080064
0 0.511609 0.152922 0.032026 0.080064
0 0.540432 0.152922 0.032026 0.080064
0 0.570056 0.152922 0.032026 0.080064
0 0.632506 0.152922 0.032026 0.080064
0 0.685348 0.152922 0.032026 0.080064
0 0.718975 0.152922 0.032026 0.080064
0 0.751001 0.152922 0.032026 0.080064
0 0.847078 0.236189 0.080064 0.032026
0 0.847078 0.270616 0.080064 0.032026
0 0.847078 0.313851 0.080064 0.032026
0 0.847078 0.346677 0.080064 0.032026
0 0.847078 0.392314 0.080064 0.032026
0 0.847078 0.422738 0.080064 0.032026
0 0.847078 0.455564 0.080064 0.032026
0 0.847078 0.510809 0.080064 0.032026
0 0.847078 0.551641 0.080064 0.032026
0 0.847078 0.582066 0.080064 0.032026
0 0.847078 0.613291 0.080064 0.032026
0 0.847078 0.646117 0.080064 0.032026
0 0.847078 0.699760 0.080064 0.032026
0 0.847078 0.771817 0.080064 0.032026
0 0.751001 0.847078 0.032026 0.080064
0 0.712570 0.847078 0.032026 0.080064
0 0.675741 0.847078 0.032026 0.080064
0 0.646117 0.847078 0.032026 0.080064
0 0.613291 0.847078 0.032026 0.080064
0 0.582066 0.847078 0.032026 0.080064
0 0.552442 0.847078 0.032026 0.080064
0 0.469175 0.847078 0.032026 0.080064
0 0.435548 0.847078 0.032026 0.080064
0 0.407526 0.847078 0.032026 0.080064
0 0.354684 0.847078 0.032026 0.080064
0 0.320256 0.847078 0.032026 0.080064
0 0.282626 0.847078 0.032026 0.080064
0 0.240993 0.847078 0.032026 0.080064
0 0.204964 0.847078 0.032026 0.080064
0 0.152922 0.769416 0.080064 0.032026
0 0.152922 0.733387 0.080064 0.032026
0 0.152922 0.671737 0.080064 0.032026
0 0.152922 0.638911 0.080064 0.032026
0 0.152922 0.603683 0.080064 0.032026
0 0.152922 0.532426 0.080064 0.032026
0 0.152922 0.495596 0.080064 0.032026
0 0.152922 0.457166 0.080064 0.032026
0 0.152922 0.420336 0.080064 0.032026
0 0.152922 0.389111 0.080064 0.032026
0 0.152922 0.356285 0.080064 0.032026
0 0.152922 0.326661 0.080064 0.032026
0 0.152922 0.283427 0.080064 0.032026
0 0.152922 0.227382 0.080064 0.032026
0 0.189752 0.128903 0.032026 0.080064
0 0.232186 0.128903 0.032026 0.080064
0 0.272218 0.128903 0.032026 0.080064
0 0.313851 0.128903 0.032026 0.080064
0 0.350681 0.128903 0.032026 0.080064
0 0.386709 0.128903 0.032026 0.080064
0 0.420336 0.128903 0.032026 0.080064
0 0.458767 0.128903 0.032026 0.080064
0 0.515612 0.128903 0.032026 0.080064
0 0.547638 0.128903 0.032026 0.080064
0 0.581265 0.128903 0.032026 0.080064
0 0.618094 0.128903 0.032026 0.080064
0 0.654123 0.128903 0.032026 0.080064
0 0.705364 0.128903 0.032026 0.080064
0 0.745396 0.128903 0.032026 0.080064
0 0.786229 0.128903 0.032026 0.080064
0 0.871097 0.190552 0.080064 0.032026
0 0.871097 0.231385 0.080064 0.032026
0 0.871097 0.270616 0.080064 0.032026
0 0.871097 0.314652 0.080064 0.032026
0 0.871097 0.395516 0.080064 0.032026
0 0.871097 0.428343 0.080064 0.032026
0 0.871097 0.462770 0.080064 0.032026
0 0.871097 0.514011 0.080064 0.032026
0 0.871097 0.554844 0.080064 0.032026
0 0.871097 0.588471 0.080064 0.032026
0 0.871097 0.623699 0.080064 0.032026
0 0.871097 0.660528 0.080064 0.032026
0 0.871097 0.712570 0.080064 0.032026
0 0.871097 0.793435 0.080064 0.032026
0 0.784628 0.871097 0.032026 0.080064
0 0.739792 0.871097 0.032026 0.080064
0 0.698959 0.871097 0.032026 0.080064
0 0.661329 0.871097 0.032026 0.080064
0 0.624500 0.871097 0.032026 0.080064
0 0.588471 0.871097 0.032026 0.080064
0 0.554844 0.871097 0.032026 0.080064
0 0.517214 0.871097 0.032026 0.080064
0 0.471577 0.871097 0.032026 0.080064
0 0.437150 0.871097 0.032026 0.080064
0 0.404323 0.871097 0.032026 0.080064
0 0.355484 0.871097 0.032026 0.080064
0 0.317054 0.871097 0.032026 0.080064
0 0.277022 0.871097 0.032026 0.080064
0 0.233787 0.871097 0.032026 0.080064
0 0.192954 0.871097 0.032026 0.080064
0 0.128903 0.794235 0.080064 0.032026
0 0.128903 0.753403 0.080064 0.032026
0 0.128903 0.697358 0.080064 0.032026
0 0.128903 0.657326 0.080064 0.032026
0 0.128903 0.618895 0.080064 0.032026
0 0.128903 0.581265 0.080064 0.032026
0 0.128903 0.544436 0.080064 0.032026
0 0.128903 0.506005 0.080064 0.032026
0 0.128903 0.464371 0.080064 0.032026
0 0.128903 0.425941 0.080064 0.032026
0 0.128903 0.391513 0.080064 0.032026
0 0.128903 0.324259 0.080064 0.032026
0 0.128903 0.280224 0.080064 0.032026
0 0.128903 0.223379 0.080064 0.032026
0 0.128903 0.185749 0.080064 0.032026
