0 0.195635 0.126920 0.032336 0.080841
0 0.238480 0.126920 0.032336 0.080841
0 0.278901 0.126920 0.032336 0.080841
0 0.319321 0.126920 0.032336 0.080841
0 0.357316 0.126920 0.032336 0.080841
0 0.393694 0.126920 0.032336 0.080841
0 0.428456 0.126920 0.032336 0.080841
0 0.465643 0.126920 0.032336 0.080841
0 0.520614 0.126920 0.032336 0.080841
0 0.552142 0.126920 0.032336 0.080841
0 0.585287 0.126920 0.032336 0.080841
0 0.620049 0.126920 0.032336 0.080841
0 0.656427 0.126920 0.032336 0.080841
0 0.706548 0.126920 0.032336 0.080841
0 0.747777 0.126920 0.032336 0.080841
0 0.789814 0.126920 0.032336 0.080841
0 0.873080 0.195635 0.080841 0.032336
0 0.873080 0.237672 0.080841 0.032336
0 0.873080 0.279709 0.080841 0.032336
0 0.873080 0.325788 0.080841 0.032336
0 0.873080 0.363783 0.080841 0.032336
0 0.873080 0.409863 0.080841 0.032336
0 0.873080 0.443816 0.080841 0.032336
0 0.873080 0.472918 0.080841 0.032336
0 0.873080 0.523848 0.080841 0.032336
0 0.873080 0.568310 0.080841 0.032336
0 0.873080 0.602264 0.080841 0.032336
0 0.873080 0.639450 0.080841 0.032336
0 0.873080 0.676637 0.080841 0.032336
0 0.873080 0.725141 0.080841 0.032336
0 0.873080 0.765562 0.080841 0.032336
0 0.873080 0.809216 0.080841 0.032336
0 0.797898 0.873080 0.032336 0.080841
0 0.751819 0.873080 0.032336 0.080841
0 0.710590 0.873080 0.032336 0.080841
0 0.670170 0.873080 0.032336 0.080841
0 0.633791 0.873080 0.032336 0.080841
0 0.598222 0.873080 0.032336 0.080841
0 0.561843 0.873080 0.032336 0.080841
0 0.521423 0.873080 0.032336 0.080841
0 0.477769 0.873080 0.032336 0.080841
0 0.440582 0.873080 0.032336 0.080841
0 0.407437 0.873080 0.032336 0.080841
0 0.360550 0.873080 0.032336 0.080841
0 0.324980 0.873080 0.032336 0.080841
0 0.282134 0.873080 0.032336 0.080841
0 0.241714 0.873080 0.032336 0.080841
0 0.198060 0.873080 0.032336 0.080841
0 0.126920 0.805982 0.080841 0.032336
0 0.126920 0.763137 0.080841 0.032336
0 0.126920 0.712207 0.080841 0.032336
0 0.126920 0.670978 0.080841 0.032336
0 0.126920 0.632175 0.080841 0.032336
0 0.126920 0.595796 0.080841 0.032336
0 0.126920 0.554568 0.080841 0.032336
0 0.126920 0.518998 0.080841 0.032336
0 0.126920 0.479386 0.080841 0.032336
0 0.126920 0.443816 0.080841 0.032336
0 0.126920 0.408246 0.080841 0.032336
0 0.126920 0.371059 0.080841 0.032336
0 0.126920 0.332255 0.080841 0.032336
0 0.126920 0.288601 0.080841 0.032336
0 0.126920 0.238480 0.080841 0.032336
0 0.126920 0.195635 0.080841 0.032336
0 0.201293 0.136621 0.032336 0.080841
0 0.242522 0.136621 0.032336 0.080841
0 0.282134 0.136621 0.032336 0.080841
0 0.320129 0.136621 0.032336 0.080841
0 0.356508 0.136621 0.032336 0.080841
0 0.391269 0.136621 0.032336 0.080841
0 0.428456 0.136621 0.032336 0.080841
0 0.463217 0.136621 0.032336 0.080841
0 0.518998 0.136621 0.032336 0.080841
0 0.549717 0.136621 0.032336 0.080841
0 0.581245 0.136621 0.032336 0.080841
0 0.613581 0.136621 0.032336 0.080841
0 0.648343 0.136621 0.032336 0.080841
0 0.738076 0.136621 0.032336 0.080841
0 0.776880 0.136621 0.032336 0.080841
0 0.863379 0.203719 0.080841 0.032336
0 0.863379 0.244139 0.080841 0.032336
0 0.863379 0.284559 0.080841 0.032336
0 0.863379 0.329830 0.080841 0.032336
0 0.863379 0.367017 0.080841 0.032336
0 0.863379 0.413096 0.080841 0.032336
0 0.863379 0.445432 0.080841 0.032336
0 0.863379 0.472918 0.080841 0.032336
0 0.863379 0.525465 0.080841 0.032336
0 0.863379 0.570736 0.080841 0.032336
0 0.863379 0.603072 0.080841 0.032336
0 0.863379 0.638642 0.080841 0.032336
0 0.863379 0.675020 0.080841 0.032336
0 0.863379 0.724333 0.080841 0.032336
0 0.863379 0.763137 0.080841 0.032336
0 0.863379 0.805174 0.080841 0.032336
0 0.785772 0.863379 0.032336 0.080841
0 0.742118 0.863379 0.032336 0.080841
0 0.703314 0.863379 0.032336 0.080841
0 0.664511 0.863379 0.032336 0.080841
0 0.630558 0.863379 0.032336 0.080841
0 0.595796 0.863379 0.032336 0.080841
0 0.561843 0.863379 0.032336 0.080841
0 0.520614 0.863379 0.032336 0.080841
0 0.476960 0.863379 0.032336 0.080841
0 0.440582 0.863379 0.032336 0.080841
0 0.409054 0.863379 0.032336 0.080841
0 0.362167 0.863379 0.032336 0.080841
0 0.324980 0.863379 0.032336 0.080841
0 0.285368 0.863379 0.032336 0.080841
0 0.246564 0.863379 0.032336 0.080841
0 0.205335 0.863379 0.032336 0.080841
0 0.136621 0.798707 0.080841 0.032336
0 0.136621 0.758286 0.080841 0.032336
0 0.136621 0.705740 0.080841 0.032336
0 0.136621 0.666936 0.080841 0.032336
0 0.136621 0.629749 0.080841 0.032336
0 0.136621 0.594988 0.080841 0.032336
0 0.136621 0.552951 0.080841 0.032336
0 0.136621 0.518189 0.080841 0.032336
0 0.136621 0.480194 0.080841 0.032336
0 0.136621 0.445432 0.080841 0.032336
0 0.136621 0.411479 0.080841 0.032336
0 0.136621 0.375909 0.080841 0.032336
0 0.136621 0.337914 0.080841 0.032336
0 0.136621 0.295069 0.080841 0.032336
0 0.136621 0.244947 0.080841 0.032336
0 0.136621 0.203719 0.080841 0.032336
0 0.204527 0.141471 0.032336 0.080841
0 0.245756 0.141471 0.032336 0.080841
0 0.282943 0.141471 0.032336 0.080841
0 0.321746 0.141471 0.032336 0.080841
0 0.356508 0.141471 0.032336 0.080841
0 0.390461 0.141471 0.032336 0.080841
0 0.427648 0.141471 0.032336 0.080841
0 0.462409 0.141471 0.032336 0.080841
0 0.518998 0.141471 0.032336 0.080841
0 0.579628 0.141471 0.032336 0.080841
0 0.611156 0.141471 0.032336 0.080841
0 0.644301 0.141471 0.032336 0.080841
0 0.694422 0.141471 0.032336 0.080841
0 0.733226 0.141471 0.032336 0.080841
0 0.769604 0.141471 0.032336 0.080841
0 0.858529 0.207761 0.080841 0.032336
0 0.858529 0.248181 0.080841 0.032336
0 0.858529 0.286985 0.080841 0.032336
0 0.858529 0.333064 0.080841 0.032336
0 0.858529 0.368634 0.080841 0.032336
0 0.858529 0.414713 0.080841 0.032336
0 0.858529 0.446241 0.080841 0.032336
0 0.858529 0.472918 0.080841 0.032336
0 0.858529 0.527082 0.080841 0.032336
0 0.858529 0.572352 0.080841 0.032336
0 0.858529 0.603880 0.080841 0.032336
0 0.858529 0.638642 0.080841 0.032336
0 0.858529 0.674212 0.080841 0.032336
0 0.858529 0.761520 0.080841 0.032336
0 0.858529 0.803557 0.080841 0.032336
0 0.779305 0.858529 0.032336 0.080841
0 0.737268 0.858529 0.032336 0.080841
0 0.698464 0.858529 0.032336 0.080841
0 0.662086 0.858529 0.032336 0.080841
0 0.629749 0.858529 0.032336 0.080841
0 0.595796 0.858529 0.032336 0.080841
0 0.561843 0.858529 0.032336 0.080841
0 0.519806 0.858529 0.032336 0.080841
0 0.477769 0.858529 0.032336 0.080841
0 0.440582 0.858529 0.032336 0.080841
0 0.409863 0.858529 0.032336 0.080841
0 0.362167 0.858529 0.032336 0.080841
0 0.324980 0.858529 0.032336 0.080841
0 0.287793 0.858529 0.032336 0.080841
0 0.248989 0.858529 0.032336 0.080841
0 0.208569 0.858529 0.032336 0.080841
0 0.141471 0.796281 0.080841 0.032336
0 0.141471 0.755861 0.080841 0.032336
0 0.141471 0.702506 0.080841 0.032336
0 0.141471 0.664511 0.080841 0.032336
0 0.141471 0.628133 0.080841 0.032336
0 0.141471 0.594179 0.080841 0.032336
0 0.141471 0.552142 0.080841 0.032336
0 0.141471 0.517381 0.080841 0.032336
0 0.141471 0.480194 0.080841 0.032336
0 0.141471 0.446241 0.080841 0.032336
0 0.141471 0.413096 0.080841 0.032336
0 0.141471 0.377526 0.080841 0.032336
0 0.141471 0.339531 0.080841 0.032336
0 0.141471 0.298302 0.080841 0.032336
0 0.141471 0.248181 0.080841 0.032336
0 0.141471 0.207761 0.080841 0.032336
0 0.206952 0.146322 0.032336 0.080841
0 0.247373 0.146322 0.032336 0.080841
0 0.284559 0.146322 0.032336 0.080841
0 0.321746 0.146322 0.032336 0.080841
0 0.357316 0.146322 0.032336 0.080841
0 0.389652 0.146322 0.032336 0.080841
0 0.427648 0.146322 0.032336 0.080841
0 0.462409 0.146322 0.032336 0.080841
0 0.518189 0.146322 0.032336 0.080841
0 0.547292 0.146322 0.032336 0.080841
0 0.578011 0.146322 0.032336 0.080841
0 0.607922 0.146322 0.032336 0.080841
0 0.639450 0.146322 0.032336 0.080841
0 0.690380 0.146322 0.032336 0.080841
0 0.728375 0.146322 0.032336 0.080841
0 0.763137 0.146322 0.032336 0.080841
0 0.853678 0.288601 0.080841 0.032336
0 0.853678 0.335489 0.080841 0.032336
0 0.853678 0.416330 0.080841 0.032336
0 0.853678 0.447049 0.080841 0.032336
0 0.853678 0.478577 0.080841 0.032336
0 0.853678 0.527890 0.080841 0.032336
0 0.853678 0.573969 0.080841 0.032336
0 0.853678 0.603880 0.080841 0.032336
0 0.853678 0.673403 0.080841 0.032336
0 0.853678 0.723525 0.080841 0.032336
0 0.853678 0.759903 0.080841 0.032336
0 0.853678 0.801132 0.080841 0.032336
0 0.773646 0.853678 0.032336 0.080841
0 0.732417 0.853678 0.032336 0.080841
0 0.694422 0.853678 0.032336 0.080841
0 0.658852 0.853678 0.032336 0.080841
0 0.628133 0.853678 0.032336 0.080841
0 0.594988 0.853678 0.032336 0.080841
0 0.561843 0.853678 0.032336 0.080841
0 0.518998 0.853678 0.032336 0.080841
0 0.476960 0.853678 0.032336 0.080841
0 0.441390 0.853678 0.032336 0.080841
0 0.410671 0.853678 0.032336 0.080841
0 0.362167 0.853678 0.032336 0.080841
0 0.326597 0.853678 0.032336 0.080841
0 0.289410 0.853678 0.032336 0.080841
0 0.251415 0.853678 0.032336 0.080841
0 0.211803 0.853678 0.032336 0.080841
0 0.146322 0.792239 0.080841 0.032336
0 0.146322 0.753436 0.080841 0.032336
0 0.146322 0.698464 0.080841 0.032336
0 0.146322 0.662086 0.080841 0.032336
0 0.146322 0.626516 0.080841 0.032336
0 0.146322 0.594179 0.080841 0.032336
0 0.146322 0.551334 0.080841 0.032336
0 0.146322 0.517381 0.080841 0.032336
0 0.146322 0.481002 0.080841 0.032336
0 0.146322 0.447049 0.080841 0.032336
0 0.146322 0.414713 0.080841 0.032336
0 0.146322 0.379143 0.080841 0.032336
0 0.146322 0.342765 0.080841 0.032336
0 0.146322 0.299919 0.080841 0.032336
0 0.146322 0.251415 0.080841 0.032336
0 0.146322 0.210994 0.080841 0.032336
0 0.210186 0.151172 0.032336 0.080841
0 0.249798 0.151172 0.032336 0.080841
0 0.286176 0.151172 0.032336 0.080841
0 0.323363 0.151172 0.032336 0.080841
0 0.356508 0.151172 0.032336 0.080841
0 0.388844 0.151172 0.032336 0.080841
0 0.426839 0.151172 0.032336 0.080841
0 0.461601 0.151172 0.032336 0.080841
0 0.518189 0.151172 0.032336 0.080841
0 0.546483 0.151172 0.032336 0.080841
0 0.576395 0.151172 0.032336 0.080841
0 0.605497 0.151172 0.032336 0.080841
0 0.636217 0.151172 0.032336 0.080841
0 0.686338 0.151172 0.032336 0.080841
0 0.723525 0.151172 0.032336 0.080841
0 0.757478 0.151172 0.032336 0.080841
0 0.848828 0.215036 0.080841 0.032336
0 0.848828 0.253032 0.080841 0.032336
0 0.848828 0.291027 0.080841 0.032336
0 0.848828 0.337106 0.080841 0.032336
0 0.848828 0.370251 0.080841 0.032336
0 0.848828 0.417947 0.080841 0.032336
0 0.848828 0.472918 0.080841 0.032336
0 0.848828 0.527890 0.080841 0.032336
0 0.848828 0.574778 0.080841 0.032336
0 0.848828 0.604689 0.080841 0.032336
0 0.848828 0.637833 0.080841 0.032336
0 0.848828 0.722716 0.080841 0.032336
0 0.848828 0.759095 0.080841 0.032336
0 0.767987 0.848828 0.032336 0.080841
0 0.727567 0.848828 0.032336 0.080841
0 0.689572 0.848828 0.032336 0.080841
0 0.656427 0.848828 0.032336 0.080841
0 0.625707 0.848828 0.032336 0.080841
0 0.594179 0.848828 0.032336 0.080841
0 0.561843 0.848828 0.032336 0.080841
0 0.518189 0.848828 0.032336 0.080841
0 0.477769 0.848828 0.032336 0.080841
0 0.441390 0.848828 0.032336 0.080841
0 0.411479 0.848828 0.032336 0.080841
0 0.362975 0.848828 0.032336 0.080841
0 0.327405 0.848828 0.032336 0.080841
0 0.291027 0.848828 0.032336 0.080841
0 0.253032 0.848828 0.032336 0.080841
0 0.215845 0.848828 0.032336 0.080841
0 0.151172 0.789006 0.080841 0.032336
0 0.151172 0.751011 0.080841 0.032336
0 0.151172 0.695230 0.080841 0.032336
0 0.151172 0.659660 0.080841 0.032336
0 0.151172 0.624899 0.080841 0.032336
0 0.151172 0.593371 0.080841 0.032336
0 0.151172 0.550525 0.080841 0.032336
0 0.151172 0.516572 0.080841 0.032336
0 0.151172 0.481002 0.080841 0.032336
0 0.151172 0.447858 0.080841 0.032336
0 0.151172 0.416330 0.080841 0.032336
0 0.151172 0.381568 0.080841 0.032336
0 0.151172 0.344382 0.080841 0.032336
0 0.151172 0.303961 0.080841 0.032336
0 0.151172 0.253840 0.080841 0.032336
0 0.151172 0.215036 0.080841 0.032336
0 0.212611 0.156023 0.032336 0.080841
0 0.252223 0.156023 0.032336 0.080841
0 0.356508 0.156023 0.032336 0.080841
0 0.388036 0.156023 0.032336 0.080841
0 0.426839 0.156023 0.032336 0.080841
0 0.461601 0.156023 0.032336 0.080841
0 0.518189 0.156023 0.032336 0.080841
0 0.573969 0.156023 0.032336 0.080841
0 0.602264 0.156023 0.032336 0.080841
0 0.683104 0.156023 0.032336 0.080841
0 0.718674 0.156023 0.032336 0.080841
0 0.751011 0.156023 0.032336 0.080841
0 0.843977 0.255457 0.080841 0.032336
0 0.843977 0.292643 0.080841 0.032336
0 0.843977 0.338723 0.080841 0.032336
0 0.843977 0.371059 0.080841 0.032336
0 0.843977 0.418755 0.080841 0.032336
0 0.843977 0.448666 0.080841 0.032336
0 0.843977 0.473727 0.080841 0.032336
0 0.843977 0.529507 0.080841 0.032336
0 0.843977 0.575586 0.080841 0.032336
0 0.843977 0.604689 0.080841 0.032336
0 0.843977 0.637833 0.080841 0.032336
0 0.843977 0.670978 0.080841 0.032336
0 0.843977 0.721908 0.080841 0.032336
0 0.843977 0.757478 0.080841 0.032336
0 0.762328 0.843977 0.032336 0.080841
0 0.722716 0.843977 0.032336 0.080841
0 0.687146 0.843977 0.032336 0.080841
0 0.654002 0.843977 0.032336 0.080841
0 0.624899 0.843977 0.032336 0.080841
0 0.593371 0.843977 0.032336 0.080841
0 0.561843 0.843977 0.032336 0.080841
0 0.517381 0.843977 0.032336 0.080841
0 0.477769 0.843977 0.032336 0.080841
0 0.441390 0.843977 0.032336 0.080841
0 0.412288 0.843977 0.032336 0.080841
0 0.362975 0.843977 0.032336 0.080841
0 0.328213 0.843977 0.032336 0.080841
0 0.293452 0.843977 0.032336 0.080841
0 0.255457 0.843977 0.032336 0.080841
0 0.219078 0.843977 0.032336 0.080841
0 0.156023 0.785772 0.080841 0.032336
0 0.156023 0.748585 0.080841 0.032336
0 0.156023 0.692805 0.080841 0.032336
0 0.156023 0.657235 0.080841 0.032336
0 0.156023 0.623282 0.080841 0.032336
0 0.156023 0.592563 0.080841 0.032336
0 0.156023 0.549717 0.080841 0.032336
0 0.156023 0.516572 0.080841 0.032336
0 0.156023 0.481811 0.080841 0.032336
0 0.156023 0.447858 0.080841 0.032336
0 0.156023 0.417138 0.080841 0.032336
0 0.156023 0.383994 0.080841 0.032336
0 0.156023 0.347615 0.080841 0.032336
0 0.156023 0.306386 0.080841 0.032336
0 0.156023 0.257882 0.080841 0.032336
0 0.156023 0.219078 0.080841 0.032336
0 0.198060 0.131770 0.032336 0.080841
0 0.240905 0.131770 0.032336 0.080841
0 0.280517 0.131770 0.032336 0.080841
0 0.320129 0.131770 0.032336 0.080841
0 0.357316 0.131770 0.032336 0.080841
0 0.392078 0.131770 0.032336 0.080841
0 0.428456 0.131770 0.032336 0.080841
0 0.464026 0.131770 0.032336 0.080841
0 0.519806 0.131770 0.032336 0.080841
0 0.550525 0.131770 0.032336 0.080841
0 0.582862 0.131770 0.032336 0.080841
0 0.616815 0.131770 0.032336 0.080841
0 0.652385 0.131770 0.032336 0.080841
0 0.702506 0.131770 0.032336 0.080841
0 0.742926 0.131770 0.032336 0.080841
0 0.783347 0.131770 0.032336 0.080841
0 0.868230 0.199677 0.080841 0.032336
0 0.868230 0.240905 0.080841 0.032336
0 0.868230 0.282134 0.080841 0.032336
0 0.868230 0.328213 0.080841 0.032336
0 0.868230 0.365400 0.080841 0.032336
0 0.868230 0.411479 0.080841 0.032336
0 0.868230 0.444624 0.080841 0.032336
0 0.868230 0.472918 0.080841 0.032336
0 0.868230 0.524656 0.080841 0.032336
0 0.868230 0.569927 0.080841 0.032336
0 0.868230 0.602264 0.080841 0.032336
0 0.868230 0.638642 0.080841 0.032336
0 0.868230 0.675829 0.080841 0.032336
0 0.868230 0.724333 0.080841 0.032336
0 0.868230 0.763945 0.080841 0.032336
0 0.868230 0.807599 0.080841 0.032336
0 0.791431 0.868230 0.032336 0.080841
0 0.747777 0.868230 0.032336 0.080841
0 0.706548 0.868230 0.032336 0.080841
0 0.666936 0.868230 0.032336 0.080841
0 0.632175 0.868230 0.032336 0.080841
0 0.597413 0.868230 0.032336 0.080841
0 0.561035 0.868230 0.032336 0.080841
0 0.520614 0.868230 0.032336 0.080841
0 0.476960 0.868230 0.032336 0.080841
0 0.440582 0.868230 0.032336 0.080841
0 0.410671 0.868230 0.032336 0.080841
0 0.362167 0.868230 0.032336 0.080841
0 0.323363 0.868230 0.032336 0.080841
0 0.283751 0.868230 0.032336 0.080841
0 0.244139 0.868230 0.032336 0.080841
0 0.200485 0.868230 0.032336 0.080841
0 0.131770 0.801940 0.080841 0.032336
0 0.131770 0.760711 0.080841 0.032336
0 0.131770 0.708973 0.080841 0.032336
0 0.131770 0.669361 0.080841 0.032336
0 0.131770 0.630558 0.080841 0.032336
0 0.131770 0.594988 0.080841 0.032336
0 0.131770 0.553759 0.080841 0.032336
0 0.131770 0.518998 0.080841 0.032336
0 0.131770 0.479386 0.080841 0.032336
0 0.131770 0.444624 0.080841 0.032336
0 0.131770 0.409863 0.080841 0.032336
0 0.131770 0.372676 0.080841 0.032336
0 0.131770 0.334681 0.080841 0.032336
0 0.131770 0.291835 0.080841 0.032336
0 0.131770 0.240905 0.080841 0.032336
0 0.131770 0.198868 0.080841 0.032336
